0.35897435897435903
0.41860465116279066
0.3809523809523809
0.45833333333333326
0.41860465116279066
0.4090909090909091
0.5098039215686274
0.3809523809523809
0.4
0.43999999999999995
0.46808510638297873
0.5217391304347827
0.4285714285714285
0.32558139534883723
0.3829787234042553
0.5652173913043479
0.5454545454545455
0.3902439024390244
0.4285714285714285
0.5116279069767441
0.5306122448979592
0.4545454545454545
0.32558139534883723
0.3913043478260869
0.4
0.3809523809523809
0.43478260869565216
0.5365853658536585
0.3673469387755102
0.3809523809523809
0.5333333333333333
0.43478260869565216
0.4
0.47619047619047616
0.46808510638297873
0.43478260869565216
0.45000000000000007
0.3181818181818182
0.42553191489361697
0.4651162790697674
0.3809523809523809
0.4166666666666667
0.5
0.5106382978723405
0.3829787234042553
0.4
0.43478260869565216
0.4090909090909091
0.45833333333333326
0.37837837837837834
0.4444444444444444
0.4888888888888889
0.5333333333333333
0.43478260869565216
0.4897959183673469
0.3902439024390244
0.46808510638297873
0.33333333333333337
0.4444444444444444
0.41509433962264153
0.36363636363636365
0.35
0.4166666666666667
0.4090909090909091
0.608695652173913
0.4166666666666667
0.3809523809523809
0.33333333333333337
0.48
0.36363636363636365
0.33333333333333337
0.5199999999999999
0.45833333333333326
0.4
0.37499999999999994
0.4
0.4
0.5217391304347827
0.4090909090909091
0.35
0.5
0.42553191489361697
0.4090909090909091
0.4651162790697674
0.3913043478260869
0.47058823529411764
0.4878048780487804
0.44897959183673464
0.46808510638297873
0.43478260869565216
0.47826086956521735
0.5
0.32432432432432434
0.5416666666666666
0.5306122448979592
0.4081632653061224
0.4545454545454545
0.47826086956521735
0.4
0.3555555555555555
0.4090909090909091
0.47826086956521735
0.5333333333333333
0.4651162790697674
0.32558139534883723
0.37209302325581395
0.4888888888888889
0.42553191489361697
0.4444444444444445
0.4444444444444444
0.5
0.4651162790697674
0.43478260869565216
0.35
0.47826086956521735
0.48
0.45000000000000007
0.43902439024390244
0.4878048780487804
0.34146341463414637
0.4
0.4545454545454545
0.4166666666666667
0.41025641025641024
0.4444444444444444
0.34146341463414637
0.5306122448979592
0.5777777777777778
0.43902439024390244
0.4
0.37209302325581395
0.5333333333333333
0.5
0.47826086956521735
0.5
0.46808510638297873
0.4878048780487804
0.5581395348837209
0.32558139534883723
0.33333333333333337
0.47619047619047616
0.4545454545454545
0.5199999999999999
0.35
0.4545454545454545
0.4545454545454545
0.4444444444444444
0.46808510638297873
0.43902439024390244
0.42553191489361697
0.45833333333333326
0.4285714285714285
0.43478260869565216
0.5217391304347827
0.3902439024390244
0.4285714285714285
0.3555555555555555
0.5714285714285714
0.3555555555555555
0.5106382978723405
0.45833333333333326
0.4444444444444444
0.4888888888888889
0.3809523809523809
0.47619047619047616
0.5333333333333333
0.4444444444444444
0.48
0.25
0.4827586206896552
0.4878048780487804
0.4074074074074074
0.5333333333333333
0.4
0.41860465116279066
0.5531914893617021
0.4545454545454545
0.47058823529411764
0.47826086956521735
0.4545454545454545
0.37837837837837834
0.36000000000000004
0.5581395348837209
0.47826086956521735
0.42553191489361697
0.4166666666666667
0.41860465116279066
0.4285714285714285
0.5199999999999999
0.5777777777777778
0.625
0.5098039215686274
0.3555555555555555
0.4444444444444444
0.41860465116279066
0.43478260869565216
0.5098039215686274
0.5454545454545455
0.47826086956521735
0.4615384615384615
0.4545454545454545
0.42553191489361697
0.4651162790697674
0.48
0.3809523809523809
0.4651162790697674
0.28571428571428575
0.45000000000000007
0.4444444444444444
0.3809523809523809
0.5777777777777778
0.4545454545454545
0.3404255319148936
0.5
0.5283018867924527
0.32558139534883723
0.5116279069767441
0.4
0.28
0.36363636363636365
0.4888888888888889
0.4285714285714285
0.47619047619047616
0.6037735849056605
0.43478260869565216
0.47619047619047616
0.5116279069767441
0.3555555555555555
0.4545454545454545
0.4897959183673469
0.3913043478260869
0.3404255319148936
0.3913043478260869
0.4
0.4888888888888889
0.43902439024390244
0.5714285714285714
0.4888888888888889
0.4444444444444444
0.3478260869565218
0.42553191489361697
0.37209302325581395
0.4
0.5333333333333333
0.47826086956521735
0.3809523809523809
0.4528301886792453
0.47619047619047616
0.4545454545454545
0.5217391304347827
0.4888888888888889
0.4285714285714285
0.41025641025641024
0.3809523809523809
0.4878048780487804
0.5957446808510638
0.30769230769230765
0.5306122448979592
0.5
0.37209302325581395
0.5217391304347827
0.5116279069767441
0.4651162790697674
0.5
0.36363636363636365
0.4545454545454545
0.3137254901960784
0.41860465116279066
0.4888888888888889
0.4545454545454545
0.4444444444444444
0.41860465116279066
0.5238095238095238
0.45833333333333326
0.4651162790697674
0.33333333333333337
0.3809523809523809
0.5
0.5
0.4285714285714285
0.5333333333333333
0.4651162790697674
0.5
0.43902439024390244
0.5652173913043479
0.33333333333333337
0.4
0.4444444444444444
0.3913043478260869
0.36363636363636365
0.5454545454545455
0.5217391304347827
0.4444444444444445
0.5116279069767441
0.47826086956521735
0.3913043478260869
0.5581395348837209
0.37499999999999994
0.46808510638297873
0.3673469387755102
0.42553191489361697
0.5
0.4444444444444444
0.45833333333333326
0.3913043478260869
0.41860465116279066
0.5116279069767441
0.4081632653061224
0.4285714285714285
0.44897959183673464
0.4444444444444444
0.4897959183673469
0.5333333333333333
0.45833333333333326
0.46808510638297873
0.35897435897435903
0.4444444444444444
0.3673469387755102
0.2702702702702703
0.4285714285714285
0.4545454545454545
0.47826086956521735
0.3404255319148936
0.4897959183673469
0.3829787234042553
0.4888888888888889
0.32432432432432434
0.4166666666666667
0.5
0.43999999999999995
0.4444444444444444
0.4090909090909091
0.5
0.5106382978723405
0.47619047619047616
0.4
0.31111111111111117
0.3809523809523809
0.4
0.45833333333333326
0.5454545454545455
0.5333333333333333
0.47826086956521735
0.3555555555555555
0.4651162790697674
0.5490196078431373
0.56
0.43478260869565216
0.42553191489361697
0.42553191489361697
0.4166666666666667
0.4081632653061224
0.4444444444444444
0.5490196078431373
0.4651162790697674
0.4
0.47619047619047616
0.4444444444444444
0.43999999999999995
0.5714285714285714
0.5454545454545455
0.43902439024390244
0.4878048780487804
0.4166666666666667
0.4166666666666667
0.4166666666666667
0.35897435897435903
0.4
0.36363636363636365
0.5
0.4651162790697674
0.5416666666666666
0.4545454545454545
0.4444444444444444
0.5116279069767441
0.5652173913043479
0.5116279069767441
0.42553191489361697
0.35
0.3902439024390244
0.5660377358490566
0.3404255319148936
0.46808510638297873
0.43478260869565216
0.37499999999999994
0.43902439024390244
0.31578947368421056
0.588235294117647
0.5
0.4081632653061224
0.4888888888888889
0.4090909090909091
0.48
0.33333333333333337
0.5199999999999999
0.4444444444444444
0.42553191489361697
0.4545454545454545
0.4090909090909091
0.4444444444444444
0.5116279069767441
0.3829787234042553
0.34146341463414637
0.3913043478260869
0.5
0.45833333333333326
0.37209302325581395
0.5
0.45833333333333326
0.49056603773584906
0.4651162790697674
0.46808510638297873
0.16666666666666669
0.4090909090909091
0.5333333333333333
0.47826086956521735
0.4285714285714285
0.4615384615384615
0.43478260869565216
0.44897959183673464
0.46808510638297873
0.47826086956521735
0.44897959183673464
0.4285714285714285
0.5416666666666666
0.3555555555555555
0.33333333333333337
0.32558139534883723
0.5
0.35
0.5238095238095238
0.4897959183673469
0.41860465116279066
0.5106382978723405
0.3913043478260869
0.45833333333333326
0.4090909090909091
0.5
0.4081632653061224
0.43478260869565216
0.3902439024390244
0.5283018867924527
0.4166666666666667
0.3684210526315789
0.2631578947368421
0.3913043478260869
0.43478260869565216
0.4285714285714285
0.35
0.28571428571428575
0.41860465116279066
0.32432432432432434
0.44897959183673464
0.43478260869565216
0.4545454545454545
0.3478260869565218
0.4
0.4285714285714285
0.4166666666666667
0.39215686274509803
0.33333333333333337
0.44897959183673464
0.4888888888888889
0.3913043478260869
0.3809523809523809
0.4444444444444444
0.5
0.4090909090909091
0.34146341463414637
0.5106382978723405
0.4
0.5652173913043479
0.41025641025641024
0.35897435897435903
0.47826086956521735
0.326530612244898
0.32558139534883723
0.42553191489361697
0.5
0.35
0.4090909090909091
0.4
0.42553191489361697
0.31578947368421056
0.5
0.45833333333333326
0.3181818181818182
0.45833333333333326
0.4888888888888889
0.4081632653061224
0.44897959183673464
0.45833333333333326
0.47058823529411764
0.47826086956521735
0.43478260869565216
0.5
0.5384615384615385
0.4615384615384615
0.5217391304347827
0.46808510638297873
