0.6428571428571429
0.7272727272727273
0.8571428571428571
0.6666666666666666
0.6
0.8571428571428571
0.5294117647058824
1.0
0.6470588235294118
0.8
0.8571428571428571
0.8
1.0
0.6923076923076923
1.0
0.7777777777777778
0.9166666666666666
0.8888888888888888
0.75
0.8181818181818182
0.8235294117647058
1.0
0.875
0.7647058823529411
0.8
1.0
1.0
0.8888888888888888
1.0
0.5714285714285714
0.6666666666666666
0.6
0.8333333333333334
0.75
0.9230769230769231
0.6470588235294118
0.75
0.875
0.7333333333333333
0.7894736842105263
0.7333333333333333
0.75
0.8333333333333334
0.5555555555555556
0.5454545454545454
0.8181818181818182
0.9166666666666666
0.8095238095238095
1.0
0.5882352941176471
0.7272727272727273
0.7333333333333333
0.5833333333333334
0.9166666666666666
0.6
0.625
0.75
0.75
0.7272727272727273
0.9
0.875
0.8333333333333334
1.0
0.7368421052631579
0.7272727272727273
0.875
0.75
0.8571428571428571
0.6666666666666666
1.0
0.7333333333333333
0.8181818181818182
0.7333333333333333
0.8888888888888888
1.0
0.75
0.8333333333333334
0.7222222222222222
0.7
0.7647058823529411
0.875
0.7272727272727273
0.8333333333333334
0.875
0.7857142857142857
0.7
0.8
0.8
0.8571428571428571
0.75
0.8125
0.7058823529411765
0.7777777777777778
0.8571428571428571
0.6923076923076923
0.875
0.9
0.625
0.5
1.0
0.9166666666666666
0.7333333333333333
0.6923076923076923
0.8
0.6
0.7142857142857143
0.875
0.5789473684210527
0.8181818181818182
0.75
0.5714285714285714
0.8571428571428571
0.5
0.6363636363636364
0.875
0.7857142857142857
0.9230769230769231
0.8571428571428571
1.0
0.8333333333333334
0.8888888888888888
0.7142857142857143
0.7222222222222222
0.7142857142857143
0.8333333333333334
0.8125
0.5833333333333334
0.8888888888888888
0.6086956521739131
0.8181818181818182
0.6666666666666666
0.8333333333333334
0.75
0.875
0.6428571428571429
0.8125
0.9230769230769231
0.6428571428571429
0.9230769230769231
0.8
0.8888888888888888
1.0
0.5294117647058824
0.8181818181818182
0.7857142857142857
0.75
1.0
0.625
0.8333333333333334
0.875
0.7692307692307693
0.7894736842105263
0.6923076923076923
0.9090909090909091
0.875
0.875
1.0
0.5833333333333334
0.8125
1.0
0.9090909090909091
0.5333333333333333
0.75
0.8571428571428571
0.9285714285714286
0.875
0.7142857142857143
0.9
0.7333333333333333
0.7857142857142857
0.7058823529411765
1.0
0.75
0.8
1.0
0.9
0.6666666666666666
0.9166666666666666
0.8461538461538461
0.75
0.6666666666666666
0.8235294117647058
0.5789473684210527
0.8571428571428571
0.9090909090909091
0.75
0.9
0.7777777777777778
0.8125
0.5714285714285714
0.5625
0.6666666666666666
0.8125
0.6470588235294118
0.75
0.65
0.6666666666666666
0.8333333333333334
0.8181818181818182
0.8333333333333334
1.0
1.0
0.6111111111111112
0.7857142857142857
0.7333333333333333
0.75
0.6470588235294118
1.0
0.7272727272727273
0.9166666666666666
0.9166666666666666
0.9090909090909091
0.6
0.5384615384615384
1.0
0.75
0.8181818181818182
0.7272727272727273
0.8571428571428571
0.6923076923076923
0.8666666666666667
0.7777777777777778
0.9090909090909091
0.8
1.0
0.8181818181818182
0.6
0.6666666666666666
0.9285714285714286
0.625
0.7857142857142857
1.0
0.625
0.5714285714285714
0.8666666666666667
0.6470588235294118
0.8181818181818182
0.9166666666666666
0.9230769230769231
0.7142857142857143
0.7692307692307693
0.6666666666666666
0.9166666666666666
0.8421052631578947
0.6875
0.7777777777777778
0.9
0.8
0.8235294117647058
0.8571428571428571
0.75
0.5333333333333333
0.6428571428571429
0.75
0.8
0.75
0.7142857142857143
0.6666666666666666
0.8181818181818182
0.7777777777777778
0.8666666666666667
0.8666666666666667
0.7
0.8571428571428571
0.7692307692307693
0.8461538461538461
0.7272727272727273
0.9166666666666666
0.6875
0.75
0.8888888888888888
0.8888888888888888
0.8888888888888888
0.8333333333333334
0.6470588235294118
0.5555555555555556
0.7272727272727273
0.8
1.0
0.7142857142857143
0.7692307692307693
0.875
0.9333333333333333
1.0
0.8888888888888888
0.9166666666666666
0.5882352941176471
0.7692307692307693
0.9166666666666666
0.8333333333333334
0.7692307692307693
0.75
0.6666666666666666
0.9
0.8461538461538461
0.7692307692307693
0.5333333333333333
0.7333333333333333
0.9166666666666666
0.7777777777777778
0.9166666666666666
0.6923076923076923
0.7142857142857143
0.8333333333333334
0.5384615384615384
0.8888888888888888
0.75
0.8571428571428571
0.6153846153846154
0.6153846153846154
0.9166666666666666
0.7894736842105263
0.8823529411764706
1.0
0.6666666666666666
0.5238095238095238
0.7692307692307693
0.7272727272727273
0.75
0.7142857142857143
0.8571428571428571
0.7
0.6666666666666666
0.8125
0.8571428571428571
0.8666666666666667
0.625
0.7692307692307693
0.8333333333333334
0.75
0.9285714285714286
0.7142857142857143
0.8823529411764706
1.0
0.6153846153846154
1.0
0.875
0.9
0.8333333333333334
0.6666666666666666
0.7333333333333333
1.0
0.7272727272727273
0.8
0.8333333333333334
0.8125
0.7777777777777778
0.7
0.8461538461538461
0.8333333333333334
0.9
0.8181818181818182
0.75
0.6923076923076923
0.6666666666666666
0.7647058823529411
0.625
0.7333333333333333
0.8461538461538461
0.8333333333333334
0.8
0.6666666666666666
0.5
0.8333333333333334
0.6
0.7
0.5714285714285714
0.875
0.8
0.7692307692307693
0.8
0.9285714285714286
0.9333333333333333
0.8888888888888888
0.8461538461538461
0.7692307692307693
1.0
0.9166666666666666
1.0
0.7142857142857143
0.8333333333333334
0.9
0.8888888888888888
0.9
0.7272727272727273
0.8
0.7777777777777778
1.0
0.5454545454545454
0.7272727272727273
0.7272727272727273
0.9090909090909091
0.6153846153846154
0.8
0.8461538461538461
0.6666666666666666
0.8571428571428571
1.0
0.7692307692307693
0.9333333333333333
0.8571428571428571
0.7142857142857143
0.7
0.8181818181818182
0.7894736842105263
0.7692307692307693
0.75
0.8571428571428571
0.8888888888888888
0.9285714285714286
0.6666666666666666
0.8888888888888888
1.0
0.6842105263157895
0.8461538461538461
0.7647058823529411
0.8666666666666667
0.7222222222222222
0.8125
0.8181818181818182
0.875
1.0
0.6923076923076923
0.7142857142857143
0.7692307692307693
0.8235294117647058
0.4444444444444444
0.7
0.5454545454545454
0.7272727272727273
0.7142857142857143
0.9090909090909091
0.7058823529411765
0.8461538461538461
0.6842105263157895
0.9
0.8181818181818182
0.6153846153846154
0.6153846153846154
0.7777777777777778
0.9230769230769231
0.875
0.9
1.0
0.7857142857142857
0.8
0.9285714285714286
0.46153846153846156
1.0
0.75
0.875
0.7692307692307693
0.7058823529411765
0.9
0.9230769230769231
0.5789473684210527
0.6666666666666666
0.9230769230769231
0.75
0.75
0.7222222222222222
0.8
0.5384615384615384
0.75
0.8333333333333334
0.7647058823529411
0.5714285714285714
0.6923076923076923
0.5555555555555556
1.0
0.875
1.0
0.6666666666666666
0.8125
0.75
0.7857142857142857
0.6666666666666666
0.5625
0.9333333333333333
0.7857142857142857
0.6666666666666666
1.0
0.8181818181818182
0.8333333333333334
0.8461538461538461
0.8
0.6666666666666666
0.8888888888888888
0.6
0.6153846153846154
0.8333333333333334
0.6
0.6111111111111112
0.9285714285714286
0.8181818181818182
1.0
0.6
0.6111111111111112
1.0
0.9090909090909091
