0.31578947368421056
0.4081632653061224
0.5306122448979592
0.3829787234042553
0.47826086956521735
0.4651162790697674
0.44897959183673464
0.5116279069767441
0.3902439024390244
0.4
0.3809523809523809
0.6521739130434783
0.3902439024390244
0.4888888888888889
0.47826086956521735
0.45833333333333326
0.5116279069767441
0.37499999999999994
0.4090909090909091
0.4
0.5416666666666666
0.37499999999999994
0.4444444444444444
0.48
0.4090909090909091
0.36363636363636365
0.42553191489361697
0.47826086956521735
0.5116279069767441
0.41025641025641024
0.42553191489361697
0.47619047619047616
0.36363636363636365
0.47619047619047616
0.3555555555555555
0.5116279069767441
0.46808510638297873
0.37209302325581395
0.3478260869565218
0.4
0.5
0.5306122448979592
0.5333333333333333
0.41860465116279066
0.43478260869565216
0.5581395348837209
0.5116279069767441
0.45000000000000007
0.4444444444444444
0.41860465116279066
0.47826086956521735
0.47826086956521735
0.5116279069767441
0.43902439024390244
0.4444444444444444
0.44897959183673464
0.34146341463414637
0.43902439024390244
0.4090909090909091
0.47058823529411764
0.5106382978723405
0.41025641025641024
0.37499999999999994
0.5217391304347827
0.4912280701754386
0.5106382978723405
0.32432432432432434
0.4444444444444444
0.5106382978723405
0.41860465116279066
0.3809523809523809
0.5416666666666666
0.34146341463414637
0.35
0.4888888888888889
0.3404255319148936
0.44897959183673464
0.5531914893617021
0.4166666666666667
0.3902439024390244
0.47826086956521735
0.5957446808510638
0.3902439024390244
0.4615384615384615
0.4
0.42553191489361697
0.4444444444444444
0.5416666666666666
0.4545454545454545
0.5106382978723405
0.4285714285714285
0.43902439024390244
0.4651162790697674
0.45833333333333326
0.5714285714285714
0.5333333333333333
0.3555555555555555
0.32558139534883723
0.35
0.4545454545454545
0.4545454545454545
0.41860465116279066
0.5238095238095238
0.37499999999999994
0.3902439024390244
0.2439024390243902
0.5217391304347827
0.43478260869565216
0.5106382978723405
0.37499999999999994
0.5116279069767441
0.4444444444444444
0.41860465116279066
0.37209302325581395
0.3809523809523809
0.5357142857142857
0.4
0.4888888888888889
0.3181818181818182
0.47826086956521735
0.3809523809523809
0.43478260869565216
0.625
0.45000000000000007
0.4444444444444444
0.42553191489361697
0.5531914893617021
0.5531914893617021
0.5116279069767441
0.41025641025641024
0.4651162790697674
0.43478260869565216
0.46808510638297873
0.3
0.46808510638297873
0.3913043478260869
0.4285714285714285
0.5106382978723405
0.37209302325581395
0.4
0.44897959183673464
0.3913043478260869
0.3829787234042553
0.32432432432432434
0.4878048780487804
0.44897959183673464
0.47826086956521735
0.4444444444444444
0.3913043478260869
0.3902439024390244
0.5
0.43902439024390244
0.43478260869565216
0.4878048780487804
0.35897435897435903
0.5454545454545455
0.4615384615384615
0.56
0.4
0.4528301886792453
0.5454545454545455
0.5416666666666666
0.4444444444444444
0.4
0.47826086956521735
0.36363636363636365
0.4090909090909091
0.42553191489361697
0.35897435897435903
0.36000000000000004
0.3809523809523809
0.33333333333333337
0.45833333333333326
0.36363636363636365
0.4545454545454545
0.47058823529411764
0.3913043478260869
0.3673469387755102
0.4444444444444444
0.37209302325581395
0.4090909090909091
0.3829787234042553
0.3809523809523809
0.5531914893617021
0.43478260869565216
0.43478260869565216
0.4090909090909091
0.5238095238095238
0.5
0.4090909090909091
0.5777777777777778
0.46808510638297873
0.3555555555555555
0.3809523809523809
0.4888888888888889
0.44897959183673464
0.5531914893617021
0.33333333333333337
0.5106382978723405
0.37209302325581395
0.4313725490196078
0.4444444444444444
0.41860465116279066
0.4
0.34146341463414637
0.5
0.36363636363636365
0.43478260869565216
0.43902439024390244
0.4
0.5531914893617021
0.4651162790697674
0.4888888888888889
0.36000000000000004
0.47058823529411764
0.4
0.3829787234042553
0.45000000000000007
0.4090909090909091
0.42553191489361697
0.5116279069767441
0.4545454545454545
0.4166666666666667
0.4
0.44897959183673464
0.4210526315789474
0.41860465116279066
0.4210526315789474
0.4888888888888889
0.44897959183673464
0.3404255319148936
0.27272727272727276
0.3181818181818182
0.5333333333333333
0.5106382978723405
0.5217391304347827
0.43478260869565216
0.4
0.34146341463414637
0.35897435897435903
0.27272727272727276
0.3809523809523809
0.45833333333333326
0.3913043478260869
0.5
0.3
0.5
0.5106382978723405
0.4285714285714285
0.5531914893617021
0.4166666666666667
0.47619047619047616
0.4888888888888889
0.4651162790697674
0.4
0.48
0.43478260869565216
0.5
0.4090909090909091
0.5217391304347827
0.5
0.4545454545454545
0.4444444444444444
0.4444444444444444
0.5116279069767441
0.4545454545454545
0.4090909090909091
0.5217391304347827
0.5490196078431373
0.47826086956521735
0.45833333333333326
0.3
0.3913043478260869
0.3902439024390244
0.5
0.47826086956521735
0.34146341463414637
0.4545454545454545
0.44897959183673464
0.4545454545454545
0.5199999999999999
0.5116279069767441
0.5957446808510638
0.5199999999999999
0.48
0.423076923076923
0.4
0.5
0.37499999999999994
0.4444444444444444
0.6037735849056605
0.43999999999999995
0.5217391304347827
0.5454545454545455
0.3181818181818182
0.4897959183673469
0.4090909090909091
0.5
0.5454545454545455
0.4888888888888889
0.33333333333333337
0.35897435897435903
0.4444444444444444
0.4444444444444444
0.36363636363636365
0.3809523809523809
0.46808510638297873
0.5531914893617021
0.4090909090909091
0.36000000000000004
0.5
0.5199999999999999
0.47826086956521735
0.36363636363636365
0.4545454545454545
0.3902439024390244
0.44897959183673464
0.4090909090909091
0.5238095238095238
0.4
0.5531914893617021
0.41860465116279066
0.5217391304347827
0.3902439024390244
0.3913043478260869
0.5
0.4090909090909091
0.44897959183673464
0.4285714285714285
0.5454545454545455
0.5199999999999999
0.36363636363636365
0.3809523809523809
0.4897959183673469
0.5217391304347827
0.37837837837837834
0.2564102564102564
0.36363636363636365
0.5
0.45833333333333326
0.45000000000000007
0.44897959183673464
0.4285714285714285
0.4545454545454545
0.5416666666666666
0.4651162790697674
0.47058823529411764
0.5660377358490566
0.5217391304347827
0.5106382978723405
0.4651162790697674
0.4545454545454545
0.4888888888888889
0.4615384615384615
0.4651162790697674
0.4
0.43478260869565216
0.31111111111111117
0.5098039215686274
0.4
0.423076923076923
0.4285714285714285
0.41025641025641024
0.5333333333333333
0.5777777777777778
0.43478260869565216
0.5116279069767441
0.41025641025641024
0.32558139534883723
0.2978723404255319
0.29268292682926833
0.4545454545454545
0.4878048780487804
0.3846153846153846
0.5238095238095238
0.5199999999999999
0.46808510638297873
0.37209302325581395
0.4888888888888889
0.47826086956521735
0.46808510638297873
0.5106382978723405
0.5306122448979592
0.5116279069767441
0.5238095238095238
0.4615384615384615
0.37209302325581395
0.5283018867924527
0.37209302325581395
0.45833333333333326
0.43478260869565216
0.41860465116279066
0.5
0.3902439024390244
0.43999999999999995
0.4897959183673469
0.4090909090909091
0.4444444444444444
0.27272727272727276
0.5116279069767441
0.44897959183673464
0.5454545454545455
0.4444444444444444
0.4888888888888889
0.5531914893617021
0.4615384615384615
0.5
0.45000000000000007
0.4
0.4081632653061224
0.5333333333333333
0.43478260869565216
0.27272727272727276
0.43902439024390244
0.4313725490196078
0.5106382978723405
0.48
0.3902439024390244
0.5
0.4081632653061224
0.43999999999999995
0.4
0.5106382978723405
0.5416666666666666
0.3913043478260869
0.31111111111111117
0.3809523809523809
0.43902439024390244
0.44897959183673464
0.3478260869565218
0.4
0.5833333333333334
0.37499999999999994
0.4090909090909091
0.45833333333333326
0.4444444444444444
0.4545454545454545
0.33333333333333337
0.326530612244898
0.3809523809523809
0.3673469387755102
0.5306122448979592
0.44897959183673464
0.4090909090909091
0.33333333333333337
0.3913043478260869
0.5106382978723405
0.3773584905660377
0.4545454545454545
0.4313725490196078
0.4888888888888889
0.34146341463414637
0.5
0.3902439024390244
0.3555555555555555
0.4878048780487804
0.5116279069767441
0.3829787234042553
0.47826086956521735
0.4166666666666667
0.4888888888888889
0.4545454545454545
0.5217391304347827
0.47619047619047616
0.35897435897435903
0.48
0.46808510638297873
0.4545454545454545
0.42553191489361697
0.5454545454545455
0.43902439024390244
0.3773584905660377
0.30769230769230765
0.35897435897435903
0.4545454545454545
0.4878048780487804
0.3809523809523809
0.36363636363636365
0.5
0.3684210526315789
0.4651162790697674
0.4090909090909091
0.4285714285714285
0.34146341463414637
0.47619047619047616
0.35
0.47826086956521735
0.5909090909090909
0.4888888888888889
0.5116279069767441
0.5454545454545455
0.4545454545454545
0.47058823529411764
0.5
0.4090909090909091
0.4545454545454545
0.56
0.5384615384615385
0.4090909090909091
0.46808510638297873
