0.8
0.6666666666666666
0.5666666666666667
0.7
0.6333333333333333
0.6666666666666666
0.6333333333333333
0.6333333333333333
0.7333333333333333
0.7333333333333333
0.7333333333333333
0.5
0.7333333333333333
0.6333333333333333
0.6333333333333333
0.6333333333333333
0.6333333333333333
0.7
0.7
0.7333333333333333
0.5666666666666667
0.7
0.6666666666666666
0.6
0.7
0.7333333333333333
0.6666666666666666
0.6333333333333333
0.6333333333333333
0.7333333333333333
0.6666666666666666
0.6666666666666666
0.7333333333333333
0.6666666666666666
0.7333333333333333
0.6333333333333333
0.6333333333333333
0.7333333333333333
0.7333333333333333
0.7
0.6333333333333333
0.5666666666666667
0.6
0.7
0.6666666666666666
0.6
0.6333333333333333
0.7
0.6666666666666666
0.7
0.6333333333333333
0.6333333333333333
0.6333333333333333
0.7
0.6666666666666666
0.6333333333333333
0.7666666666666667
0.7
0.7
0.6
0.6
0.7333333333333333
0.7
0.6
0.5333333333333333
0.6
0.8
0.6666666666666666
0.6
0.7
0.7333333333333333
0.5666666666666667
0.7666666666666667
0.7666666666666667
0.6333333333333333
0.7333333333333333
0.6333333333333333
0.5666666666666667
0.6666666666666666
0.7333333333333333
0.6333333333333333
0.5333333333333333
0.7333333333333333
0.6
0.7333333333333333
0.6666666666666666
0.6666666666666666
0.5666666666666667
0.6666666666666666
0.6
0.7
0.7
0.6666666666666666
0.6333333333333333
0.5333333333333333
0.6
0.7333333333333333
0.7666666666666667
0.7666666666666667
0.6666666666666666
0.6666666666666666
0.7
0.6333333333333333
0.7
0.7333333333333333
0.8333333333333334
0.6
0.6666666666666666
0.6
0.7
0.6333333333333333
0.6666666666666666
0.7
0.7333333333333333
0.7333333333333333
0.5
0.7333333333333333
0.6333333333333333
0.7666666666666667
0.6333333333333333
0.7333333333333333
0.6666666666666666
0.5
0.7
0.6666666666666666
0.6666666666666666
0.5666666666666667
0.5666666666666667
0.6333333333333333
0.7333333333333333
0.6666666666666666
0.6666666666666666
0.6333333333333333
0.8
0.6333333333333333
0.7
0.7
0.6
0.7333333333333333
0.6666666666666666
0.6333333333333333
0.7
0.7
0.8
0.6666666666666666
0.6333333333333333
0.6333333333333333
0.6666666666666666
0.7
0.7333333333333333
0.6333333333333333
0.7
0.6666666666666666
0.6666666666666666
0.7666666666666667
0.6
0.7
0.5333333333333333
0.7
0.6
0.6
0.5666666666666667
0.6666666666666666
0.7
0.6333333333333333
0.7333333333333333
0.7
0.6666666666666666
0.7666666666666667
0.7
0.7333333333333333
0.7333333333333333
0.6333333333333333
0.7333333333333333
0.6666666666666666
0.6
0.7
0.7
0.6666666666666666
0.7333333333333333
0.7
0.7
0.7333333333333333
0.5666666666666667
0.6666666666666666
0.6666666666666666
0.7
0.6333333333333333
0.6333333333333333
0.7
0.5666666666666667
0.6333333333333333
0.7333333333333333
0.7333333333333333
0.6333333333333333
0.6333333333333333
0.5666666666666667
0.7666666666666667
0.6
0.7333333333333333
0.6333333333333333
0.6666666666666666
0.7
0.7
0.7666666666666667
0.6333333333333333
0.7333333333333333
0.6666666666666666
0.7
0.7
0.5666666666666667
0.6666666666666666
0.6333333333333333
0.7
0.6
0.7
0.7
0.7
0.7
0.6666666666666666
0.6333333333333333
0.6666666666666666
0.6666666666666666
0.6666666666666666
0.6333333333333333
0.7333333333333333
0.7
0.7333333333333333
0.6333333333333333
0.6333333333333333
0.7333333333333333
0.8
0.7666666666666667
0.6
0.6
0.6
0.6666666666666666
0.7
0.7666666666666667
0.7666666666666667
0.8
0.7333333333333333
0.6333333333333333
0.7
0.6333333333333333
0.8
0.6333333333333333
0.6
0.7
0.5666666666666667
0.6666666666666666
0.6666666666666666
0.6333333333333333
0.6666666666666666
0.7
0.6
0.6666666666666666
0.5666666666666667
0.7
0.6
0.5333333333333333
0.6666666666666666
0.6666666666666666
0.6666666666666666
0.6333333333333333
0.6666666666666666
0.7
0.6
0.5333333333333333
0.6333333333333333
0.6333333333333333
0.8
0.7
0.7333333333333333
0.6333333333333333
0.6333333333333333
0.7666666666666667
0.6666666666666666
0.6333333333333333
0.6666666666666666
0.5666666666666667
0.6333333333333333
0.5333333333333333
0.5666666666666667
0.6
0.6333333333333333
0.7333333333333333
0.6333333333333333
0.7
0.6666666666666666
0.4666666666666667
0.6333333333333333
0.6
0.6
0.7666666666666667
0.6
0.7
0.6
0.6
0.6333333333333333
0.7666666666666667
0.7666666666666667
0.6666666666666666
0.6666666666666666
0.7333333333333333
0.7333333333333333
0.6333333333333333
0.5666666666666667
0.7
0.7
0.6666666666666666
0.5666666666666667
0.6333333333333333
0.7333333333333333
0.6666666666666666
0.7333333333333333
0.6333333333333333
0.7
0.6333333333333333
0.7
0.5666666666666667
0.7
0.6
0.7333333333333333
0.7
0.6333333333333333
0.7
0.6333333333333333
0.7
0.6
0.5666666666666667
0.7333333333333333
0.7333333333333333
0.6
0.6
0.7666666666666667
0.8333333333333334
0.7333333333333333
0.6333333333333333
0.6333333333333333
0.7
0.6333333333333333
0.7
0.6666666666666666
0.5666666666666667
0.6666666666666666
0.6
0.5
0.6
0.6
0.6666666666666666
0.6666666666666666
0.6333333333333333
0.6
0.6666666666666666
0.7
0.6666666666666666
0.7666666666666667
0.5666666666666667
0.7
0.6333333333333333
0.7
0.7333333333333333
0.6
0.5666666666666667
0.6666666666666666
0.6333333333333333
0.7333333333333333
0.7666666666666667
0.7666666666666667
0.8
0.6666666666666666
0.6666666666666666
0.6666666666666666
0.6333333333333333
0.5666666666666667
0.6333333333333333
0.7333333333333333
0.6333333333333333
0.6333333333333333
0.6333333333333333
0.6
0.5666666666666667
0.6333333333333333
0.6333333333333333
0.7
0.7333333333333333
0.5333333333333333
0.7333333333333333
0.6333333333333333
0.6666666666666666
0.7
0.6
0.7333333333333333
0.6333333333333333
0.6
0.7
0.6666666666666666
0.8
0.6333333333333333
0.6333333333333333
0.6
0.6666666666666666
0.6333333333333333
0.5666666666666667
0.6
0.6333333333333333
0.7
0.7
0.6666666666666666
0.6
0.6666666666666666
0.8
0.7
0.6333333333333333
0.6
0.6
0.7333333333333333
0.6333333333333333
0.6666666666666666
0.6333333333333333
0.7
0.6
0.5666666666666667
0.7
0.7666666666666667
0.7333333333333333
0.7
0.6333333333333333
0.7333333333333333
0.6666666666666666
0.5333333333333333
0.7
0.7
0.6333333333333333
0.6666666666666666
0.6666666666666666
0.7666666666666667
0.7333333333333333
0.7333333333333333
0.7
0.5666666666666667
0.6333333333333333
0.7
0.7666666666666667
0.7
0.6
0.6666666666666666
0.6666666666666666
0.6333333333333333
0.6333333333333333
0.7666666666666667
0.6333333333333333
0.7333333333333333
0.7333333333333333
0.6666666666666666
0.6333333333333333
0.7
0.6333333333333333
0.6666666666666666
0.6333333333333333
0.6666666666666666
0.6
0.6666666666666666
0.7666666666666667
0.6
0.6333333333333333
0.6666666666666666
0.6666666666666666
0.6
0.7
0.6666666666666666
0.8
0.7666666666666667
0.6666666666666666
0.6666666666666666
0.7333333333333333
0.7333333333333333
0.5666666666666667
0.7666666666666667
0.6666666666666666
0.7
0.7
0.7666666666666667
0.6666666666666666
0.7666666666666667
0.6333333333333333
0.5666666666666667
0.6333333333333333
0.6333333333333333
0.6
0.6666666666666666
0.6
0.6333333333333333
0.7
0.6666666666666666
0.5333333333333333
0.5333333333333333
0.7
0.6333333333333333
