0.23095495969944171
0.18056631239170387
0.30623084958189817
0.2543837270446039
0.21955257366785597
0.23756442500750358
0.22013753523657215
0.18661110759557095
0.20636910650938042
0.21991673375927806
0.1900296182174853
0.2680527863319241
0.17960410125229637
0.2077743369881495
0.19693443120011866
0.1712875313299149
0.18219516518814818
0.25686448608469153
0.20885984039918068
0.19926186962240094
0.22900355714542808
0.18843453258712228
0.19074424691525887
0.19282968128305902
0.22421067315533277
0.18043780634978565
0.1935852316262938
0.22921563228330882
0.20941526313622022
0.2493320657549916
0.2227770340913784
0.23482887894070661
0.20828376602203685
0.27717306839326106
0.18219213358347597
0.16950675614375305
0.25426743915895317
0.17286006309554655
0.20643020456115058
0.20550426989958678
0.17937738612033627
0.20624770054252461
0.19328253780097984
0.15676209942427807
0.23099274187845945
0.28364418059329705
0.19781220344319575
0.25443282192413247
0.23741076365936928
0.21679495038783964
0.1946724962836275
0.15578120863896125
0.21727220546472883
0.19147634406256303
0.18203355790512737
0.2527829047733315
0.20645327598218122
0.24475218738135018
0.1814725998930975
0.22731310427180265
0.17952215529190646
0.23974794095511306
0.22636307154411844
0.21747341375033738
0.16789209657330267
0.2371725435488453
0.21089353334340796
0.21591499243375512
0.2188448001770698
0.16242195857363892
0.22770558906004112
0.2027590373590374
0.31739732251352887
0.20666908300451117
0.1812415952723184
0.20935053011857122
0.19782999901289222
0.21104739686293827
0.2917915264692401
0.2652814616987782
0.2330271114588055
0.196342765962069
0.2136043639380659
0.175150672391979
0.22247907041425663
0.2399321428443541
0.16458982562353736
0.17598210290454716
0.20723798917459413
0.23708296389019282
0.25196315466209973
0.19705797033004901
0.3390207317771884
0.17699356736714153
0.20195042958200854
0.259564645037519
0.20912219215774025
0.2336933096061457
0.16112596536656065
0.20601929429571922
0.18474633427422377
0.19021738148326647
0.2593605110297097
0.21081368059122296
0.2835457333988994
0.17453082580200224
0.17015741863844408
0.31626095119494646
0.2107159210573362
0.23249206568065445
0.23297594727475296
0.18665530012987636
0.28832518014850983
0.18404367552644094
0.3050259881104744
0.44023935547631793
0.18379891240205337
0.2256339384272742
0.22690171483571464
0.2369059347877082
0.20747480911762764
0.20382601145450854
0.19071660618355513
0.20705314922864776
0.1996609167235789
0.22712237931426835
0.19839959203934698
0.23410815835084287
0.261404247104766
0.2118455655316369
0.24412689605854085
0.19734960650927036
0.19779567787486962
0.17282441492314699
0.24820715584514047
0.2526726117678607
0.16081512427435096
0.17468802722784696
0.2461603308305221
0.19281917127415912
0.20895767323928835
0.2059820001585257
0.22728428653850552
0.18386994173943036
0.24572811132455846
0.20252687466942856
0.20806681932291005
0.22550488126991264
0.22418171624523842
0.18781721644772498
0.22609420268058103
0.16643236141229034
0.19378077646554845
0.18948823819131871
0.18692914450141387
0.24094666774134338
0.18406220184344252
0.20573560192994783
0.1918745353824596
0.1791325540933237
0.25519043182343604
0.24700565597403146
0.18340924552294804
0.1989186287000254
0.20878614677034074
0.20709307590717294
0.33457832563665535
0.23652220957807948
0.22851328831647055
0.2194705252492618
0.20394129804069835
0.17859303467035678
0.2523462800567219
0.20680253593731607
0.24104368115214078
0.2219583554400981
0.23916587058386587
0.17640503676217964
0.17272348853351074
0.17083895820257256
0.18266257002920927
0.19989333106980167
0.20827895965302343
0.1943039342498696
0.2205838891058799
0.18345232404165768
0.17063420172291185
0.1878186848542314
0.18861699195343262
0.26089961780086945
0.21254064657679408
0.21721295529866957
0.19135089047943515
0.17913852362874044
0.16046015750915552
0.1853319670304598
0.1904014529014529
0.20293719981143915
0.18509898003118128
0.16649932610718926
0.28249344134732596
0.1709486691487827
0.2173091565461043
0.19779261951177193
0.24573207440820072
0.20489478919700002
0.191435578594025
0.20301442821689905
0.17923196184167464
0.21863713960751496
0.1709267527500134
0.2174933056210278
0.20609829096917293
0.1923177057377421
0.2383427632583757
0.2386121230657483
0.1835154631751049
0.16618577252163602
0.24462108333615173
0.23270327203989452
0.21010955447412555
0.23371534313635262
0.19943118261392084
0.2219007774328005
0.18958801089783736
0.19009733299692094
0.1619967230917995
0.20731387858829037
0.20435925419118695
0.1807702335074262
0.2516410456932892
0.29049724807767735
0.16409726482622822
0.2149254326460337
0.18121266089326282
0.2002725743724353
0.17610201674792345
0.25733677972879376
0.21626678684849385
0.16436415941458343
0.21908260404055002
0.19099295857019088
0.19921849948268736
0.2252538648107708
0.18259991184860494
0.19530304000905313
0.17966453604024762
0.20989682579440683
0.17595214808804202
0.2240158713880342
0.1847185535585449
0.23332923170745243
0.18316427104098337
0.2022553475851187
0.16352101812816552
0.19503213858699703
0.22289797331461048
0.21790662342629447
0.21645851113874368
0.3435750418469312
0.20051422998390447
0.1900733926558672
0.19634775694133752
0.20454889134633358
0.20654607997958616
0.20717852158449715
0.19686854015624594
0.19967704243553935
0.20994601755810693
0.2478752534235045
0.18249332189165887
0.22742386149844818
0.20135263265899636
0.18040672283346457
0.23410618293557175
0.1759646588396274
0.19622178102508359
0.21516833783433684
0.18939987103765524
0.3016696624564833
0.1991841707485387
0.193186317639216
0.28378442132982734
0.19957308261239498
0.28884523739559104
0.22723968827095617
0.24351233613780227
0.2436840042208037
0.24762264296238612
0.19757008877611348
0.18441276832109887
0.21084391682744966
0.21920373600787046
0.2174443656635058
0.19871399789814848
0.2068087451981016
0.21872588372588375
0.18577546341263085
0.23200423621455793
0.2509105338544388
0.23111419004190897
0.2640026419993491
0.18601431866649257
0.18311574949250356
0.18101822811500407
0.24761249134814858
0.22326901293359347
0.19985052770944348
0.2031679165282352
0.25716776655049234
0.2225678215631126
0.2100190682702177
0.17448123210826758
0.22364679702302426
0.20569081370549225
0.22256419094930585
0.21100559707127725
0.18037859095938905
0.2858658978041395
0.3042644592644592
0.17932918256549826
0.2207909115303296
0.18826047335883023
0.17039633335639398
0.2020882557831944
0.20657001462264532
0.19432657977373427
0.19123543138208646
0.22070961897866428
0.19265246577196166
0.19777401340962844
0.2655701124871322
0.16919338229753278
0.1761948176813984
0.19031868667031668
0.20397927540665717
0.22016289359357016
0.2320916913716613
0.15775471792592435
0.22516517614438744
0.21372253068041733
0.2228573654829468
0.2087540792011207
0.16832089799579814
0.1802718393719726
0.18387617138614398
0.2274756183771529
0.26792803815131594
0.24947110938639452
0.17790904206959607
0.2236153337124479
0.21640382707756892
0.17354687113293465
0.20710557491245854
0.19964333646192553
0.22755721652239358
0.19948105524982715
0.19183933421233615
0.25089981412826834
0.21441965413715294
0.2043534985251042
0.30947180215315706
0.3082477020259965
0.23719499922416612
0.1939086002897571
0.1903652044795656
0.20636847808960557
0.21739082293719966
0.23867821505364856
0.24451627771043372
0.1860934369210375
0.3002461219495252
0.22487366883673626
0.23794874980977274
0.1529889309344792
0.21042830326875078
0.24290823621499844
0.22769291844563155
0.2138563357998251
0.22315891779430042
0.28014817686396076
0.21833269933966462
0.1791451923983789
0.1621805202432222
0.22976710888934054
0.19455063794597896
0.21496008443389578
0.2547731476239126
0.19474863340691373
0.224728992210461
0.20404376986442202
0.1739875389535416
0.17335966209308679
0.19694471564465138
0.19805324302336424
0.22954813940531815
0.1683123408473709
0.2273875263742205
0.17179862051253375
0.3076726141287707
0.25375839220062574
0.2095549117963994
0.24200027837387142
0.24856033145440776
0.20496656712025801
0.20056140373513986
0.2669698597092245
0.19928636499744143
0.2645763272102677
0.18548660871798153
0.187398172332222
0.22320804780215048
0.1745061695860108
0.1809137063644973
0.20067298134250572
0.1947100022987174
0.18847702741063144
0.17810630836068647
0.2274953632657695
0.25436442701177475
0.17911064148448222
0.22794488082193276
0.17407070875258548
0.2178956889478068
0.19994107006966702
0.15470566979041556
0.1918114414376977
0.3029985417573503
0.23968430064206026
0.18129427648130675
0.19975723438352638
0.219378780285455
0.24244774627009547
0.23462679329527159
0.18415346062751556
0.17832921656297018
0.17836050710302956
0.28795473976013414
0.273276584051142
0.2527108920799709
0.16614500719904873
0.21794688700472375
0.25041928156310245
0.21028558214695958
0.22438463152181723
0.19456546152168294
0.2015082287818941
0.22199810340214593
0.19946007569795976
0.2275499233173085
0.28349795591814464
0.25486864705329104
0.20722506741927174
0.26320074462804643
0.20252300379060265
0.19168929526372985
0.17758444876334387
0.20319291168138554
0.18983180437112987
0.2228425184917388
0.23965917854321217
0.302129477800526
0.163349586333784
0.2067570328178217
0.22387730882117118
0.2071962518025183
0.19585756863989096
0.20001498274159663
0.2007336044046262
0.27795465675813646
0.19964559736938253
0.19754211452038034
0.21652528379887268
0.17335206335567077
0.18981494858592574
0.20435731705433405
0.24237925240664965
0.19433029869549232
0.2717649755575917
0.23011966006634563
0.19181780045901334
0.1873839096959155
0.18524259372521493
0.1711355717571905
0.26609516830218677
0.169332283217845
0.22345617642257515
0.1860781880113888
0.2319939176944008
0.1863208136666905
0.22173321980101482
0.2093690357551703
0.1985215567707288
0.22170143293829792
0.2495496947098007
0.18720871030438468
0.16371921408708048
0.2107367028125967
0.19172095304261824
0.21170157055057523
