0.5084745762711865
0.47619047619047616
0.5142857142857143
0.46875
0.40625
0.35294117647058826
0.4347826086956522
0.5483870967741935
0.3636363636363636
0.4067796610169491
0.4210526315789474
0.4666666666666667
0.4307692307692308
0.47058823529411764
0.4
0.5263157894736842
0.5614035087719299
0.47619047619047616
0.45901639344262296
0.4615384615384615
0.4615384615384615
0.45454545454545453
0.5245901639344263
0.5483870967741935
0.509090909090909
0.5161290322580646
0.47619047619047616
0.4827586206896552
0.44067796610169496
0.5614035087719299
0.4411764705882353
0.325
0.509090909090909
0.4727272727272728
0.41666666666666663
0.47058823529411764
0.4307692307692308
0.4507042253521127
0.3888888888888889
0.41935483870967744
0.4477611940298507
0.4074074074074074
0.5
0.4109589041095891
0.4912280701754386
0.4838709677419355
0.4347826086956522
0.40963855421686746
0.4477611940298507
0.44067796610169496
0.43243243243243246
0.5454545454545454
0.4918032786885246
0.4838709677419355
0.509090909090909
0.4307692307692308
0.3943661971830986
0.45901639344262296
0.35897435897435903
0.4615384615384615
0.5666666666666667
0.41935483870967744
0.41935483870967744
0.45901639344262296
0.42857142857142855
0.4615384615384615
0.45901639344262296
0.4923076923076923
0.4727272727272728
0.4109589041095891
0.4444444444444445
0.49056603773584906
0.4109589041095891
0.47619047619047616
0.4571428571428572
0.4571428571428572
0.4666666666666667
0.45454545454545453
0.5
0.4912280701754386
0.4507042253521127
0.4838709677419355
0.5384615384615385
0.47457627118644075
0.42424242424242425
0.41666666666666663
0.35714285714285715
0.4477611940298507
0.4307692307692308
0.4411764705882353
0.509090909090909
0.5614035087719299
0.4126984126984127
0.4571428571428572
0.41558441558441556
0.5263157894736842
0.43333333333333335
0.5172413793103449
0.5
0.4923076923076923
0.4666666666666667
0.4411764705882353
0.5283018867924527
0.3888888888888889
0.4912280701754386
0.4444444444444445
0.47457627118644075
0.3943661971830986
0.4923076923076923
0.509090909090909
0.46875
0.37037037037037035
0.43243243243243246
0.4482758620689655
0.47619047619047616
0.5454545454545454
0.5555555555555556
0.507936507936508
0.5
0.4307692307692308
0.45901639344262296
0.4918032786885246
0.3823529411764707
0.47619047619047616
0.40625
0.47457627118644075
0.42424242424242425
0.5263157894736842
0.4262295081967213
0.3777777777777777
0.4923076923076923
0.4444444444444445
0.5614035087719299
0.41935483870967744
0.507936507936508
0.6153846153846153
0.45161290322580644
0.42666666666666675
0.3835616438356165
0.5517241379310344
0.42424242424242425
0.39344262295081966
0.4
0.5
0.5084745762711865
0.37500000000000006
0.43749999999999994
0.37681159420289856
0.48571428571428565
0.4411764705882353
0.53125
0.45901639344262296
0.43749999999999994
0.4615384615384615
0.47619047619047616
0.4912280701754386
0.5333333333333333
0.5172413793103449
0.45454545454545453
0.4571428571428572
0.43749999999999994
0.4814814814814815
0.45901639344262296
0.4137931034482759
0.4
0.47457627118644075
0.43333333333333335
0.4528301886792453
0.4262295081967213
0.5
0.4313725490196078
0.4528301886792453
0.5660377358490566
0.47058823529411764
0.5263157894736842
0.5283018867924527
0.47368421052631576
0.507936507936508
0.5
0.4848484848484848
0.5423728813559322
0.4307692307692308
0.5333333333333333
0.5084745762711865
0.5
0.4126984126984127
0.4571428571428572
0.5555555555555556
0.5614035087719299
0.463768115942029
0.47619047619047616
0.4918032786885246
0.53125
0.41935483870967744
0.5185185185185186
0.3880597014925374
0.46875
0.4126984126984127
0.40625
0.45901639344262296
0.5423728813559322
0.47058823529411764
0.4126984126984127
0.39344262295081966
0.5084745762711865
0.576271186440678
0.44067796610169496
0.523076923076923
0.45161290322580644
0.4477611940298507
0.37333333333333335
0.4571428571428572
0.4507042253521127
0.4
0.417910447761194
0.4666666666666667
0.45161290322580644
0.40625
0.5306122448979592
0.5084745762711865
0.40625
0.463768115942029
0.4109589041095891
0.5666666666666667
0.5084745762711865
0.4000000000000001
0.5666666666666667
0.4912280701754386
0.4307692307692308
0.4727272727272728
0.43749999999999994
0.4347826086956522
0.4666666666666667
0.42424242424242425
0.5245901639344263
0.42666666666666675
0.45901639344262296
0.46875
0.47457627118644075
0.43333333333333335
0.463768115942029
0.45454545454545453
0.4912280701754386
0.5396825396825397
0.46875
0.43902439024390244
0.576923076923077
0.42857142857142855
0.43749999999999994
0.4
0.5283018867924527
0.5396825396825397
0.3582089552238806
0.48571428571428565
0.3636363636363636
0.37499999999999994
0.4722222222222222
0.5714285714285714
0.4210526315789474
0.41935483870967744
0.5333333333333333
0.5625
0.5396825396825397
0.4
0.5294117647058824
0.4
0.45901639344262296
0.4838709677419355
0.5357142857142857
0.47058823529411764
0.40579710144927544
0.41935483870967744
0.4444444444444445
0.45454545454545453
0.456140350877193
0.4411764705882353
0.4444444444444445
0.4571428571428572
0.5384615384615385
0.3823529411764707
0.5614035087719299
0.5245901639344263
0.463768115942029
0.45161290322580644
0.5357142857142857
0.44067796610169496
0.4838709677419355
0.47619047619047616
0.5964912280701755
0.5
0.4137931034482759
0.507936507936508
0.5660377358490566
0.4126984126984127
0.4533333333333333
0.42424242424242425
0.5185185185185186
0.463768115942029
0.39393939393939387
0.40625
0.4444444444444445
0.5161290322580646
0.38961038961038963
0.4848484848484848
0.4848484848484848
0.5185185185185186
0.5423728813559322
0.5333333333333333
0.38961038961038963
0.42424242424242425
0.5245901639344263
0.41666666666666663
0.5070422535211268
0.44067796610169496
0.5161290322580646
0.36585365853658536
0.5333333333333333
0.43749999999999994
0.4307692307692308
0.44067796610169496
0.4307692307692308
0.5151515151515152
0.4838709677419355
0.37681159420289856
0.4067796610169491
0.5333333333333333
0.4727272727272728
0.47887323943661975
0.5245901639344263
0.5
0.5
0.4615384615384615
0.509090909090909
0.4262295081967213
0.576271186440678
0.4615384615384615
0.5490196078431373
0.49056603773584906
0.4307692307692308
0.43749999999999994
0.5818181818181818
0.47761194029850745
0.4827586206896552
0.5
0.456140350877193
0.4411764705882353
0.41935483870967744
0.5199999999999999
0.5454545454545454
0.46875
0.47058823529411764
0.5925925925925926
0.4473684210526315
0.49056603773584906
0.4507042253521127
0.3823529411764707
0.47619047619047616
0.4411764705882353
0.3492063492063492
0.3835616438356165
0.4
0.576923076923077
0.5517241379310344
0.4444444444444444
0.4
0.417910447761194
0.507936507936508
0.4117647058823529
0.4444444444444445
0.46875
0.4642857142857143
0.46875
0.4444444444444444
0.43333333333333335
0.45901639344262296
0.4912280701754386
0.4109589041095891
0.417910447761194
0.42857142857142855
0.456140350877193
0.5
0.41463414634146345
0.5490196078431373
0.5185185185185186
0.53125
0.3888888888888889
0.4444444444444445
0.45161290322580644
0.46875
0.45454545454545453
0.36619718309859156
0.5333333333333333
0.3943661971830986
0.5185185185185186
0.5084745762711865
0.43333333333333335
0.6037735849056605
0.5172413793103449
0.4
0.42424242424242425
0.5423728813559322
0.5423728813559322
0.5263157894736842
0.5
0.39534883720930225
0.45901639344262296
0.5614035087719299
0.4615384615384615
0.3880597014925374
0.4827586206896552
0.5806451612903225
0.4444444444444444
0.5185185185185186
0.4827586206896552
0.5901639344262295
0.4666666666666667
0.45454545454545453
0.4571428571428572
0.34375
0.47058823529411764
0.4262295081967213
0.47457627118644075
0.4
0.41935483870967744
0.5357142857142857
0.45161290322580644
0.4918032786885246
0.4411764705882353
0.42424242424242425
0.5
0.45901639344262296
0.4444444444444445
0.509090909090909
0.4307692307692308
0.4210526315789474
0.45454545454545453
0.5
0.417910447761194
0.4262295081967213
0.576271186440678
0.4225352112676056
0.38961038961038963
0.4918032786885246
0.4262295081967213
0.4918032786885246
0.4117647058823529
0.588235294117647
0.5490196078431373
0.4307692307692308
0.5333333333333333
0.5490196078431373
0.4838709677419355
0.463768115942029
0.4307692307692308
0.43333333333333335
0.43037974683544306
0.4225352112676056
0.4615384615384615
0.44067796610169496
0.4444444444444445
0.5555555555555556
0.4444444444444445
0.4827586206896552
0.4477611940298507
0.456140350877193
0.47619047619047616
0.47058823529411764
0.4307692307692308
0.4
0.4666666666666667
0.46875
0.47058823529411764
0.49315068493150693
0.47619047619047616
0.4
0.47457627118644075
0.5306122448979592
0.49056603773584906
0.5714285714285715
0.456140350877193
0.47619047619047616
0.4727272727272728
0.5517241379310344
0.40540540540540543
0.3888888888888889
0.5333333333333333
0.5357142857142857
0.45161290322580644
0.4137931034482759
0.5263157894736842
0.507936507936508
0.4347826086956522
0.35616438356164387
0.5818181818181818
0.4210526315789474
0.47457627118644075
0.5245901639344263
0.4347826086956522
0.47457627118644075
0.5333333333333333
