0.2558139534883721
0.1724137931034483
0.2631578947368421
0.21739130434782608
0.15789473684210525
0.2558139534883721
0.20454545454545456
0.1509433962264151
0.16
0.19047619047619047
0.14814814814814814
0.32142857142857145
0.19117647058823528
0.20967741935483872
0.20930232558139536
0.17073170731707318
0.1875
0.21428571428571427
0.22727272727272727
0.2
0.18
0.15254237288135594
0.2
0.15384615384615385
0.2
0.13114754098360656
0.20930232558139536
0.1951219512195122
0.2153846153846154
0.20689655172413793
0.24444444444444444
0.2391304347826087
0.17777777777777778
0.3448275862068966
0.1791044776119403
0.14473684210526316
0.1891891891891892
0.15730337078651685
0.19047619047619047
0.20689655172413793
0.15942028985507245
0.25806451612903225
0.1746031746031746
0.08571428571428572
0.20454545454545456
0.22857142857142856
0.21153846153846154
0.1917808219178082
0.24324324324324326
0.19607843137254902
0.15517241379310345
0.136986301369863
0.23076923076923078
0.1388888888888889
0.14893617021276595
0.2112676056338028
0.18
0.2
0.1724137931034483
0.125
0.1864406779661017
0.22580645161290322
0.13157894736842105
0.24528301886792453
0.13636363636363635
0.2631578947368421
0.16071428571428573
0.10344827586206896
0.17777777777777778
0.1375
0.2037037037037037
0.17307692307692307
0.275
0.22857142857142856
0.1746031746031746
0.2125
0.18518518518518517
0.22535211267605634
0.1875
0.21428571428571427
0.16326530612244897
0.208955223880597
0.1791044776119403
0.17142857142857143
0.22641509433962265
0.18461538461538463
0.14492753623188406
0.1694915254237288
0.17142857142857143
0.18518518518518517
0.32432432432432434
0.1323529411764706
0.4230769230769231
0.1724137931034483
0.1891891891891892
0.24324324324324326
0.20833333333333334
0.18518518518518517
0.12727272727272726
0.15254237288135594
0.16666666666666666
0.175
0.2553191489361702
0.225
0.22641509433962265
0.1875
0.12698412698412698
0.25
0.14285714285714285
0.25862068965517243
0.20689655172413793
0.13559322033898305
0.2708333333333333
0.18
0.3
0.4444444444444444
0.16279069767441862
0.21739130434782608
0.18181818181818182
0.20689655172413793
0.22857142857142856
0.2
0.16666666666666666
0.20408163265306123
0.2
0.22727272727272727
0.11627906976744186
0.23214285714285715
0.20634920634920634
0.203125
0.23636363636363636
0.1836734693877551
0.19047619047619047
0.14285714285714285
0.2857142857142857
0.25806451612903225
0.15254237288135594
0.15254237288135594
0.275
0.2
0.19047619047619047
0.2
0.15
0.15789473684210525
0.19607843137254902
0.16666666666666666
0.11290322580645161
0.2727272727272727
0.23809523809523808
0.16883116883116883
0.2413793103448276
0.140625
0.15714285714285714
0.18867924528301888
0.17543859649122806
0.20454545454545456
0.12962962962962962
0.17391304347826086
0.17391304347826086
0.17333333333333334
0.25
0.18309859154929578
0.16393442622950818
0.17307692307692307
0.21951219512195122
0.16363636363636364
0.32432432432432434
0.29411764705882354
0.2702702702702703
0.21052631578947367
0.22033898305084745
0.14634146341463414
0.22727272727272727
0.23076923076923078
0.3103448275862069
0.18518518518518517
0.3076923076923077
0.17142857142857143
0.16470588235294117
0.17142857142857143
0.19047619047619047
0.2222222222222222
0.1956521739130435
0.2037037037037037
0.1935483870967742
0.15384615384615385
0.16393442622950818
0.15517241379310345
0.1694915254237288
0.35294117647058826
0.203125
0.16666666666666666
0.2037037037037037
0.15492957746478872
0.1111111111111111
0.14516129032258066
0.21621621621621623
0.20833333333333334
0.16666666666666666
0.15384615384615385
0.23076923076923078
0.14516129032258066
0.2
0.16129032258064516
0.2702702702702703
0.17647058823529413
0.17543859649122806
0.2
0.14634146341463414
0.15714285714285714
0.1509433962264151
0.1388888888888889
0.24324324324324326
0.175
0.19718309859154928
0.21739130434782608
0.18309859154929578
0.11627906976744186
0.2972972972972973
0.1956521739130435
0.22
0.18181818181818182
0.21568627450980393
0.23333333333333334
0.18055555555555555
0.15
0.13157894736842105
0.18461538461538463
0.23076923076923078
0.17105263157894737
0.175
0.22727272727272727
0.1276595744680851
0.13513513513513514
0.15384615384615385
0.19298245614035087
0.1724137931034483
0.23076923076923078
0.25
0.1111111111111111
0.16326530612244897
0.16176470588235295
0.19230769230769232
0.1643835616438356
0.1590909090909091
0.19298245614035087
0.1935483870967742
0.1509433962264151
0.14084507042253522
0.23214285714285715
0.14705882352941177
0.22727272727272727
0.17307692307692307
0.2127659574468085
0.1206896551724138
0.19047619047619047
0.23255813953488372
0.21875
0.1875
0.6923076923076923
0.19736842105263158
0.19117647058823528
0.19298245614035087
0.2054794520547945
0.2
0.22033898305084745
0.1774193548387097
0.16666666666666666
0.21212121212121213
0.20833333333333334
0.1232876712328767
0.1774193548387097
0.2127659574468085
0.1694915254237288
0.18518518518518517
0.15217391304347827
0.21428571428571427
0.21428571428571427
0.16071428571428573
0.30303030303030304
0.1836734693877551
0.16417910447761194
0.2857142857142857
0.21052631578947367
0.25
0.19444444444444445
0.2
0.24
0.25
0.15384615384615385
0.18055555555555555
0.2
0.24242424242424243
0.2028985507246377
0.14473684210526316
0.16901408450704225
0.20454545454545456
0.1864406779661017
0.22
0.29411764705882354
0.23529411764705882
0.22
0.18055555555555555
0.18333333333333332
0.1791044776119403
0.24324324324324326
0.18518518518518517
0.16393442622950818
0.1774193548387097
0.208955223880597
0.2222222222222222
0.19696969696969696
0.125
0.26666666666666666
0.21428571428571427
0.25
0.21428571428571427
0.11290322580645161
0.2777777777777778
0.3333333333333333
0.15789473684210525
0.21739130434782608
0.16666666666666666
0.10869565217391304
0.21428571428571427
0.20967741935483872
0.2037037037037037
0.16071428571428573
0.20588235294117646
0.16216216216216217
0.10606060606060606
0.26666666666666666
0.13953488372093023
0.14473684210526316
0.16666666666666666
0.19298245614035087
0.22641509433962265
0.17543859649122806
0.11594202898550725
0.2028985507246377
0.19047619047619047
0.14
0.16326530612244897
0.14705882352941177
0.16326530612244897
0.16666666666666666
0.17142857142857143
0.20754716981132076
0.35294117647058826
0.1780821917808219
0.16129032258064516
0.21153846153846154
0.15217391304347827
0.19444444444444445
0.18604651162790697
0.22641509433962265
0.20408163265306123
0.16393442622950818
0.2
0.1774193548387097
0.18867924528301888
0.3448275862068966
0.2926829268292683
0.21568627450980393
0.16279069767441862
0.15555555555555556
0.10714285714285714
0.16279069767441862
0.26
0.2391304347826087
0.1774193548387097
0.24528301886792453
0.21739130434782608
0.32142857142857145
0.1111111111111111
0.21052631578947367
0.28125
0.2564102564102564
0.2857142857142857
0.17543859649122806
0.2564102564102564
0.2558139534883721
0.16279069767441862
0.13559322033898305
0.20754716981132076
0.17647058823529413
0.1320754716981132
0.3142857142857143
0.2
0.22
0.13043478260869565
0.1509433962264151
0.14583333333333334
0.23809523809523808
0.2033898305084746
0.2
0.1346153846153846
0.13043478260869565
0.140625
0.3333333333333333
0.21951219512195122
0.21739130434782608
0.23076923076923078
0.23076923076923078
0.1836734693877551
0.21052631578947367
0.3333333333333333
0.1518987341772152
0.19047619047619047
0.16279069767441862
0.20512820512820512
0.18
0.18181818181818182
0.17567567567567569
0.20408163265306123
0.21621621621621623
0.17721518987341772
0.16666666666666666
0.25925925925925924
0.2926829268292683
0.17391304347826086
0.1951219512195122
0.1320754716981132
0.22448979591836735
0.10869565217391304
0.11688311688311688
0.17543859649122806
0.3333333333333333
0.20270270270270271
0.14285714285714285
0.1509433962264151
0.30434782608695654
0.21428571428571427
0.20454545454545456
0.16129032258064516
0.17073170731707318
0.15
0.2
0.21568627450980393
0.21739130434782608
0.16666666666666666
0.2
0.2727272727272727
0.17777777777777778
0.21666666666666667
0.21568627450980393
0.12698412698412698
0.2413793103448276
0.16363636363636364
0.1724137931034483
0.30434782608695654
0.26
0.17105263157894737
0.24444444444444444
0.21052631578947367
0.2
0.12962962962962962
0.17307692307692307
0.1780821917808219
0.1836734693877551
0.23809523809523808
0.2608695652173913
0.17391304347826086
0.2037037037037037
0.2
0.1794871794871795
0.1896551724137931
0.2
0.13725490196078433
0.20833333333333334
0.2
0.1794871794871795
0.24561403508771928
0.16279069767441862
0.1590909090909091
0.23809523809523808
0.26666666666666666
0.16901408450704225
0.3142857142857143
0.20754716981132076
0.15625
0.17142857142857143
0.21875
0.17647058823529413
0.2702702702702703
0.12903225806451613
0.15555555555555556
0.17333333333333334
0.21212121212121213
0.09615384615384616
0.22950819672131148
0.18
0.18604651162790697
0.20408163265306123
0.3225806451612903
0.19607843137254902
0.0784313725490196
0.2
0.16279069767441862
0.2
