0.7413888888888889
0.7538888888888889
0.7568055555555556
0.7751388888888888
0.7605555555555555
0.7274999999999999
0.7102777777777778
0.7529166666666667
0.7519444444444445
0.8084722222222223
0.7783333333333333
0.7963888888888889
0.7286111111111111
0.7552777777777777
0.7430555555555556
0.7429166666666667
0.7858333333333334
0.7073611111111111
0.7555555555555555
0.7865277777777778
0.8077777777777777
0.7822222222222223
0.7316666666666667
0.7680555555555555
0.8173611111111111
0.6913888888888889
0.7519444444444444
0.742638888888889
0.7725000000000001
0.7687500000000002
0.7761111111111111
0.7277777777777779
0.7337499999999999
0.7740277777777779
0.7365277777777778
0.7541666666666667
0.8161111111111111
0.7397222222222223
0.7013888888888888
0.7704166666666666
0.7218055555555556
0.7583333333333333
0.778611111111111
0.7215277777777778
0.7516666666666667
0.8175
0.7477777777777778
0.7747222222222222
0.7855555555555556
0.7290277777777777
0.7318055555555554
0.7643055555555556
0.7847222222222222
0.7141666666666667
0.7638888888888888
0.7737499999999999
0.7280555555555555
0.8075
0.7327777777777778
0.7605555555555555
0.7833333333333333
0.7697222222222223
0.7081944444444445
0.7981944444444444
0.7598611111111111
0.7941666666666667
0.7711111111111112
0.7463888888888889
0.7665277777777778
0.7881944444444444
0.8116666666666666
0.763888888888889
0.8009722222222222
0.7972222222222223
0.7095833333333333
0.7209722222222222
0.7419444444444444
0.7625000000000001
0.7761111111111111
0.7459722222222223
0.8148611111111111
0.7588888888888888
0.6597222222222223
0.7815277777777778
0.7949999999999999
0.7752777777777777
0.7794444444444445
0.7591666666666667
0.8134722222222223
0.7913888888888889
0.7558333333333334
0.7749999999999999
0.7681944444444445
0.7675
0.7780555555555556
0.701388888888889
0.78
0.8111111111111111
0.7427777777777778
0.7618055555555555
0.7988888888888889
0.7648611111111111
0.7479166666666667
0.7561111111111112
0.7638888888888888
0.7358333333333333
0.7755555555555556
0.7754166666666668
0.7486111111111111
0.7594444444444445
0.7352777777777777
0.8016666666666666
0.7293055555555557
0.7455555555555555
0.7580555555555556
0.7352777777777777
0.7441666666666668
0.7597222222222222
0.7361111111111112
0.7033333333333334
0.7356944444444444
0.7424999999999999
0.731111111111111
0.7641666666666667
0.7876388888888889
0.7641666666666668
0.7165277777777778
0.7372222222222223
0.7525000000000001
0.736111111111111
0.7590277777777777
0.7768055555555555
0.7508333333333334
0.7586111111111111
0.7798611111111111
0.7493055555555556
0.7566666666666667
0.7791666666666667
0.7397222222222223
0.7908333333333334
0.7236111111111111
0.7122222222222223
0.7523611111111111
0.7870833333333334
0.7644444444444444
0.7579166666666667
0.7544444444444445
0.7855555555555556
0.6875
0.8
0.758888888888889
0.7227777777777777
0.7294444444444445
0.6908333333333333
0.7688888888888888
0.7683333333333333
0.7729166666666667
0.7805555555555557
0.7023611111111111
0.7127777777777777
0.7563888888888889
0.7858333333333334
0.7579166666666667
0.7497222222222223
0.7766666666666667
0.763888888888889
0.795138888888889
0.7716666666666666
0.8147222222222222
0.8222222222222223
0.7366666666666667
0.7498611111111111
0.7368055555555556
0.7538888888888888
0.8119444444444445
0.7450000000000001
0.7601388888888889
0.7754166666666668
0.7369444444444445
0.6877777777777778
0.7094444444444444
0.7512500000000001
0.742361111111111
0.7811111111111112
0.7811111111111111
0.7648611111111111
0.7902777777777777
0.7679166666666667
0.7769444444444444
0.7702777777777777
0.7724999999999999
0.7556944444444444
0.7127777777777777
0.7516666666666667
0.7983333333333333
0.6827777777777777
0.7608333333333333
0.7758333333333334
0.7741666666666668
0.7847222222222223
0.6958333333333333
0.7681944444444444
0.7793055555555556
0.8140277777777778
0.7530555555555556
0.7908333333333334
0.7547222222222223
0.7963888888888888
0.7536111111111111
0.7575
0.755
0.8375
0.7280555555555556
0.7566666666666667
0.7230555555555556
0.7883333333333333
0.7597222222222223
0.7488888888888888
0.7636111111111111
0.7815277777777778
0.7575000000000001
0.7534722222222222
0.7855555555555556
0.7331944444444445
0.7731944444444444
0.7755555555555557
0.7525
0.7947222222222223
0.7327777777777778
0.7691666666666667
0.7718055555555556
0.7852777777777779
0.6920833333333333
0.7423611111111111
0.7366666666666667
0.7711111111111111
0.7311111111111112
0.6994444444444445
0.7500000000000001
0.8011111111111111
0.7866666666666666
0.7675
0.7980555555555556
0.7222222222222222
0.8052777777777778
0.7104166666666667
0.7913888888888889
0.7566666666666668
0.7558333333333332
0.7906944444444444
0.80375
0.7602777777777778
0.7374999999999999
0.8137500000000001
0.7275
0.7945833333333333
0.8033333333333333
0.7744444444444445
0.7601388888888888
0.7565277777777778
0.7623611111111112
0.7755555555555556
0.7850000000000001
0.7413888888888889
0.7738888888888888
0.800138888888889
0.7862499999999999
0.7840277777777778
0.7251388888888889
0.7656944444444445
0.7975
0.7377777777777778
0.7013888888888888
0.7661111111111111
0.76125
0.7619444444444444
0.6661111111111111
0.7945833333333333
0.6973611111111112
0.8072222222222222
0.7627777777777778
0.720138888888889
0.79
0.7802777777777777
0.7734722222222222
0.7594444444444444
0.7727777777777778
0.7844444444444444
0.7481944444444444
0.8244444444444445
0.7586111111111111
0.7579166666666666
0.7472222222222222
0.7872222222222223
0.826388888888889
0.7461111111111111
0.7831944444444444
0.7608333333333334
0.7820833333333334
0.7388888888888889
0.7261111111111112
0.7619444444444444
0.7579166666666667
0.7963888888888889
0.7405555555555555
0.7423611111111111
0.7545833333333334
0.8305555555555556
0.7825
0.6945833333333334
0.8190277777777777
0.7729166666666667
0.7816666666666668
0.7833333333333333
0.7288888888888889
0.795138888888889
0.7479166666666667
0.7994444444444445
0.8222222222222223
0.7761111111111112
0.7798611111111111
0.7672222222222222
0.7120833333333334
0.7505555555555555
0.7943055555555555
0.7055555555555556
0.7947222222222222
0.74875
0.7388888888888889
0.7605555555555555
0.8230555555555555
0.7455555555555555
0.8113888888888889
0.78
0.7847222222222222
0.7483333333333334
0.7547222222222223
0.7475
0.7745833333333334
0.7468055555555556
0.7165277777777779
0.7786111111111111
0.7863888888888889
0.7897222222222222
0.7486111111111111
0.8238888888888889
0.7
0.763611111111111
0.7941666666666666
0.7705555555555555
0.7794444444444445
0.7738888888888888
0.7036111111111112
0.6908333333333333
0.7451388888888889
0.7886111111111112
0.7758333333333334
0.6849999999999999
0.8161111111111111
0.7611111111111111
0.7065277777777778
0.7827777777777778
0.7654166666666666
0.7777777777777778
0.7773611111111111
0.7236111111111111
0.7215277777777778
0.7993055555555555
0.6891666666666668
0.7379166666666667
0.8109722222222222
0.7419444444444444
0.8105555555555556
0.7563888888888889
0.7829166666666666
0.7477777777777778
0.8009722222222222
0.7183333333333334
0.7615277777777778
0.7927777777777778
0.7494444444444445
0.8102777777777778
0.8022222222222222
0.8055555555555556
0.7808333333333333
0.8305555555555556
0.7516666666666667
0.72375
0.7899999999999999
0.7423611111111111
0.7947222222222222
0.7386111111111111
0.7481944444444445
0.7850000000000001
0.7405555555555556
0.7538888888888889
0.7822222222222223
0.7552777777777777
0.7613888888888889
0.7663888888888889
0.7608333333333334
0.7405555555555556
0.7416666666666667
0.7658333333333333
0.7844444444444445
0.7802777777777777
0.8316666666666667
0.7719444444444444
0.7904166666666668
0.7915277777777778
0.7720833333333333
0.7604166666666666
0.7675
0.8222222222222222
0.7308333333333332
0.805
0.7108333333333333
0.7445833333333333
0.7938888888888889
0.7354166666666666
0.7388888888888889
0.7383333333333334
0.8015277777777778
0.7391666666666667
0.7861111111111111
0.7716666666666666
0.6927777777777777
0.7879166666666667
0.7658333333333334
0.6725
0.7755555555555556
0.7883333333333333
0.6695833333333333
0.8302777777777777
0.7122222222222222
0.8036111111111112
0.7558333333333334
0.716388888888889
0.7477777777777778
0.7516666666666667
0.6869444444444445
0.7530555555555556
0.7018055555555556
0.7329166666666667
0.7652777777777778
0.7641666666666667
0.7511111111111112
0.7294444444444445
0.7759722222222222
0.7461111111111111
0.7263888888888889
0.7383333333333334
0.785
0.8088888888888889
0.7594444444444445
0.7883333333333333
0.7441666666666666
0.7466666666666667
0.7966666666666666
0.7619444444444444
0.7930555555555555
0.7588888888888888
0.7719444444444444
0.7677777777777779
0.7966666666666666
0.7461111111111111
0.7702777777777777
0.7408333333333333
0.7659722222222222
0.7733333333333333
0.784861111111111
0.7479166666666668
0.6948611111111112
0.79375
0.7470833333333333
0.8280555555555557
0.7956944444444445
0.7941666666666667
0.7469444444444444
0.78125
0.8091666666666667
0.6669444444444445
0.741388888888889
0.7033333333333333
0.7515277777777778
0.778888888888889
0.7544444444444445
0.7736111111111111
0.7491666666666666
0.8075000000000001
0.7620833333333333
0.7861111111111111
0.7659722222222222
0.7712500000000001
0.7708333333333334
0.7387500000000001
0.7447222222222222
0.7793055555555556
0.7969444444444445
0.7372222222222222
