0.2769230769230769
0.13559322033898305
0.11764705882352941
0.10169491525423728
0.26666666666666666
0.09523809523809525
0.25
0.25
0.14285714285714288
0.15094339622641512
0.12
0.1818181818181818
0.1904761904761905
0.22950819672131148
0.18750000000000003
0.2181818181818182
0.23529411764705882
0.10344827586206898
0.23333333333333334
0.07547169811320756
0.26229508196721313
0.26229508196721313
0.2191780821917808
0.20689655172413796
0.29032258064516125
0.2105263157894737
0.16393442622950818
0.18750000000000003
0.1090909090909091
0.03773584905660378
0.19354838709677422
0.2545454545454545
0.0634920634920635
0.22580645161290322
0.2711864406779661
0.2580645161290323
0.10000000000000002
0.22950819672131148
0.2105263157894737
0.13333333333333333
0.15873015873015872
0.26865671641791045
0.06557377049180328
0.0689655172413793
0.09230769230769231
0.16666666666666666
0.07142857142857144
0.21874999999999997
0.23076923076923075
0.253968253968254
0.32786885245901637
0.126984126984127
0.2318840579710145
0.10000000000000002
0.15384615384615383
0.1851851851851852
0.2105263157894737
0.16949152542372883
0.19354838709677422
0.14285714285714288
0.1904761904761905
0.16393442622950818
0.3
0.1971830985915493
0.26666666666666666
0.14285714285714288
0.13333333333333333
0.22950819672131148
0.2545454545454545
0.2456140350877193
0.18750000000000003
0.20338983050847456
0.3611111111111111
0.2413793103448276
0.2580645161290323
0.26229508196721313
0.23728813559322037
0.15094339622641512
0.1379310344827586
0.3137254901960784
0.26229508196721313
0.13333333333333333
0.2727272727272727
0.3333333333333333
0.253968253968254
0.26229508196721313
0.23728813559322037
0.2758620689655172
0.22641509433962265
0.16666666666666666
0.07142857142857144
0.208955223880597
0.13333333333333333
0.28571428571428564
0.07017543859649124
0.16666666666666666
0.10344827586206898
0.25
0.2727272727272727
0.18461538461538463
0.14545454545454545
0.21428571428571427
0.28571428571428575
0.26865671641791045
0.09836065573770492
0.17857142857142855
0.18867924528301885
0.2571428571428572
0.2580645161290323
0.23728813559322037
0.17241379310344826
0.12903225806451615
0.2222222222222222
0.16393442622950818
0.23529411764705882
0.17857142857142855
0.19672131147540983
0.26229508196721313
0.17857142857142855
0.11320754716981132
0.13333333333333333
0.2692307692307693
0.29411764705882354
0.2413793103448276
0.26229508196721313
0.15873015873015872
0.2424242424242424
0.1818181818181818
0.23333333333333334
0.29032258064516125
0.2424242424242424
0.2962962962962963
0.03508771929824562
0.25
0.0
0.2456140350877193
0.1568627450980392
0.16949152542372883
0.253968253968254
0.17241379310344826
0.2592592592592593
0.11538461538461538
0.12903225806451615
0.19354838709677422
0.2711864406779661
0.19354838709677422
0.17857142857142855
0.07142857142857144
0.18666666666666668
0.2711864406779661
0.2692307692307693
0.20000000000000004
0.14035087719298248
0.3
0.16949152542372883
0.32142857142857145
0.1818181818181818
0.16666666666666666
0.037037037037037035
0.2769230769230769
0.17647058823529413
0.1904761904761905
0.20000000000000004
0.23728813559322037
0.13333333333333333
0.2571428571428572
0.18750000000000003
0.23333333333333334
0.2105263157894737
0.27450980392156865
0.19444444444444445
0.2962962962962963
0.19354838709677422
0.208955223880597
0.2181818181818182
0.303030303030303
0.2592592592592593
0.22222222222222224
0.22641509433962265
0.2909090909090909
0.2105263157894737
0.15384615384615383
0.07017543859649124
0.14545454545454545
0.2592592592592593
0.23529411764705882
0.19672131147540983
0.1818181818181818
0.26666666666666666
0.13559322033898305
0.18867924528301885
0.13559322033898305
0.11764705882352941
0.16393442622950818
0.2580645161290323
0.13333333333333333
0.24615384615384614
0.20000000000000004
0.22222222222222224
0.23728813559322037
0.28125
0.33333333333333326
0.16949152542372883
0.20000000000000004
0.15094339622641512
0.17241379310344826
0.25
0.03448275862068965
0.25
0.16393442622950818
0.2105263157894737
0.23333333333333334
0.26229508196721313
0.2647058823529412
0.11764705882352941
0.07407407407407407
0.15384615384615383
0.20689655172413796
0.1818181818181818
0.28125
0.24615384615384614
0.0689655172413793
0.24324324324324326
0.21874999999999997
0.2769230769230769
0.23728813559322037
0.11111111111111112
0.17543859649122806
0.16949152542372883
0.1904761904761905
0.16949152542372883
0.11538461538461538
0.21874999999999997
0.20689655172413796
0.09836065573770492
0.3728813559322034
0.19672131147540983
0.3333333333333333
0.28571428571428564
0.2181818181818182
0.14035087719298248
0.1818181818181818
0.22950819672131148
0.2181818181818182
0.17241379310344826
0.2962962962962963
0.1818181818181818
0.125
0.28571428571428564
0.13114754098360656
0.20588235294117646
0.11538461538461538
0.2413793103448276
0.10344827586206898
0.3103448275862069
0.2898550724637681
0.13333333333333333
0.10714285714285714
0.06557377049180328
0.23728813559322037
0.17543859649122806
0.208955223880597
0.28070175438596495
0.20000000000000004
0.208955223880597
0.2545454545454545
0.1904761904761905
0.19354838709677422
0.1923076923076923
0.14285714285714288
0.0625
0.2580645161290323
0.23880597014925373
0.29850746268656714
0.09230769230769231
0.22222222222222224
0.18461538461538463
0.37500000000000006
0.15094339622641512
0.16666666666666666
0.22222222222222224
0.3
0.1791044776119403
0.22580645161290322
0.20000000000000004
0.09375000000000001
0.14285714285714288
0.12307692307692307
0.23333333333333334
0.16666666666666666
0.11764705882352941
0.29032258064516125
0.2909090909090909
0.21428571428571427
0.26229508196721313
0.36923076923076925
0.13559322033898305
0.14035087719298248
0.19354838709677422
0.17241379310344826
0.23880597014925373
0.1851851851851852
0.2592592592592593
0.22580645161290322
0.1568627450980392
0.20338983050847456
0.30188679245283023
0.20689655172413796
0.13114754098360656
0.2153846153846154
0.17857142857142855
0.28125
0.1818181818181818
0.12903225806451615
0.24615384615384614
0.31884057971014496
0.2413793103448276
0.1818181818181818
0.20689655172413796
0.1818181818181818
0.16949152542372883
0.1379310344827586
0.08333333333333334
0.28571428571428575
0.1904761904761905
0.28070175438596495
0.20000000000000004
0.11111111111111112
0.3272727272727273
0.1904761904761905
0.22641509433962265
0.10169491525423728
0.10344827586206898
0.07142857142857144
0.29032258064516125
0.22641509433962265
0.18461538461538463
0.26229508196721313
0.23333333333333334
0.37142857142857144
0.14285714285714288
0.29032258064516125
0.17241379310344826
0.19354838709677422
0.20689655172413796
0.31746031746031744
0.17857142857142855
0.20689655172413796
0.18750000000000003
0.3333333333333333
0.21212121212121213
0.33962264150943394
0.15384615384615383
0.22580645161290322
0.06451612903225808
0.19354838709677422
0.22580645161290322
0.1515151515151515
0.03389830508474576
0.253968253968254
0.19354838709677422
0.22222222222222224
0.21428571428571427
0.26865671641791045
0.16949152542372883
0.3137254901960784
0.21428571428571427
0.16949152542372883
0.2105263157894737
0.14035087719298248
0.19354838709677422
0.126984126984127
0.03773584905660378
0.1904761904761905
0.2181818181818182
0.2424242424242424
0.2727272727272727
0.16666666666666666
0.19672131147540983
0.10714285714285714
0.2962962962962963
0.34375
0.07272727272727272
0.17391304347826086
0.10000000000000002
0.2181818181818182
0.1515151515151515
0.2592592592592593
0.15873015873015872
0.27450980392156865
0.22580645161290322
0.20689655172413796
0.12903225806451615
0.16949152542372883
0.3793103448275862
0.22222222222222224
0.1923076923076923
0.14035087719298248
0.17241379310344826
0.2545454545454545
0.13559322033898305
0.2777777777777778
0.2909090909090909
0.30769230769230765
0.16666666666666666
0.10526315789473685
0.2153846153846154
0.3225806451612903
0.16949152542372883
0.2711864406779661
0.13559322033898305
0.2105263157894737
0.1818181818181818
0.2545454545454545
0.28125
0.20588235294117646
0.17857142857142855
0.22641509433962265
0.253968253968254
0.16666666666666669
0.17241379310344826
0.17647058823529413
0.2153846153846154
0.3
0.36923076923076925
0.17857142857142855
0.15873015873015872
0.12307692307692307
0.23529411764705882
0.1379310344827586
0.21212121212121213
0.11111111111111112
0.21874999999999997
0.10344827586206898
0.16666666666666666
0.09836065573770492
0.3050847457627119
0.16666666666666666
0.11111111111111112
0.21428571428571427
0.25
0.19354838709677422
0.25
0.20588235294117646
0.16393442622950818
0.10169491525423728
0.18750000000000003
0.20338983050847456
0.23880597014925373
0.20338983050847456
0.12307692307692307
0.12307692307692307
0.13333333333333333
0.18461538461538463
0.3333333333333333
0.14705882352941177
0.1090909090909091
0.14814814814814814
0.14925373134328357
0.26666666666666666
0.09677419354838711
0.11111111111111112
0.2456140350877193
0.2413793103448276
0.2962962962962963
0.07547169811320756
0.14814814814814814
0.14492753623188406
0.17241379310344826
0.25
0.29032258064516125
0.14925373134328357
0.28125
0.19672131147540983
0.12903225806451615
0.125
0.16393442622950818
0.25
0.20000000000000004
0.12903225806451615
0.26229508196721313
0.19672131147540983
0.17241379310344826
0.12903225806451615
0.1379310344827586
0.2181818181818182
0.21874999999999997
0.07407407407407407
0.11320754716981132
0.2580645161290323
0.26229508196721313
0.26666666666666666
0.1379310344827586
0.1515151515151515
0.0909090909090909
0.14035087719298248
0.22950819672131148
0.3125
0.253968253968254
0.22580645161290322
