0.2702702702702703
0.2542372881355932
0.30508474576271183
0.25210084033613445
0.23214285714285715
0.20869565217391303
0.22388059701492538
0.3063063063063063
0.21621621621621623
0.24742268041237114
0.24427480916030533
0.22047244094488186
0.23931623931623933
0.20512820512820515
0.23622047244094488
0.29411764705882354
0.31683168316831684
0.2608695652173913
0.24778761061946902
0.20512820512820515
0.2608695652173913
0.2542372881355932
0.32
0.29310344827586204
0.27450980392156865
0.2601626016260163
0.28037383177570097
0.25688073394495414
0.22033898305084748
0.3018867924528302
0.25210084033613445
0.20472440944881892
0.28571428571428564
0.2363636363636364
0.2158273381294964
0.26666666666666666
0.26168224299065423
0.25196850393700787
0.23140495867768598
0.23214285714285715
0.23255813953488375
0.22916666666666663
0.2601626016260163
0.22900763358778625
0.3043478260869565
0.27522935779816515
0.2631578947368421
0.2556390977443609
0.24193548387096778
0.2653061224489796
0.256
0.2631578947368421
0.23999999999999996
0.25
0.24347826086956523
0.23931623931623933
0.21705426356589147
0.25925925925925924
0.23931623931623933
0.25862068965517243
0.2764227642276423
0.2342342342342342
0.26262626262626265
0.21212121212121213
0.2608695652173913
0.24000000000000002
0.2692307692307693
0.3047619047619048
0.2300884955752213
0.25641025641025644
0.2772277227722772
0.23853211009174313
0.2542372881355932
0.24390243902439024
0.2711864406779661
0.24615384615384614
0.23931623931623933
0.24390243902439024
0.2692307692307693
0.24137931034482765
0.25396825396825395
0.2608695652173913
0.3043478260869565
0.2692307692307693
0.22950819672131148
0.2631578947368421
0.22222222222222224
0.23076923076923075
0.23333333333333334
0.25862068965517243
0.2692307692307693
0.26666666666666666
0.2342342342342342
0.2962962962962963
0.24427480916030533
0.29702970297029707
0.2300884955752213
0.27522935779816515
0.24390243902439024
0.25
0.22764227642276424
0.25
0.27450980392156865
0.24137931034482765
0.25225225225225223
0.25925925925925924
0.22580645161290325
0.22399999999999998
0.2711864406779661
0.26666666666666666
0.2631578947368421
0.23809523809523808
0.25806451612903225
0.21311475409836064
0.2608695652173913
0.28846153846153844
0.25641025641025644
0.2882882882882883
0.24528301886792456
0.25225225225225223
0.24778761061946902
0.25
0.203125
0.24793388429752067
0.20800000000000002
0.24137931034482765
0.26666666666666666
0.25862068965517243
0.2708333333333333
0.26153846153846155
0.25196850393700787
0.24000000000000002
0.3232323232323232
0.2342342342342342
0.27586206896551724
0.2962962962962963
0.24778761061946902
0.27586206896551724
0.24137931034482765
0.29357798165137616
0.23931623931623933
0.21052631578947364
0.21311475409836064
0.2542372881355932
0.25862068965517243
0.2201834862385321
0.23529411764705882
0.2549019607843137
0.29310344827586204
0.2777777777777778
0.3035714285714286
0.25225225225225223
0.25225225225225223
0.2654867256637168
0.2459016393442623
0.26415094339622636
0.2689075630252101
0.30303030303030304
0.28571428571428575
0.25396825396825395
0.23931623931623933
0.2736842105263158
0.22580645161290325
0.21238938053097345
0.23214285714285715
0.27184466019417475
0.22033898305084748
0.21238938053097345
0.25000000000000006
0.2689075630252101
0.2037037037037037
0.25531914893617025
0.3125
0.26666666666666666
0.27522935779816515
0.2456140350877193
0.32432432432432434
0.2711864406779661
0.29411764705882354
0.24806201550387597
0.2782608695652174
0.28571428571428564
0.2782608695652174
0.2777777777777778
0.29310344827586204
0.22222222222222224
0.26666666666666666
0.2727272727272727
0.2857142857142857
0.27586206896551724
0.25862068965517243
0.2608695652173913
0.2635658914728682
0.2300884955752213
0.2545454545454546
0.20634920634920637
0.2654867256637168
0.21848739495798317
0.2096774193548387
0.2545454545454546
0.27586206896551724
0.25396825396825395
0.22807017543859648
0.19834710743801656
0.24390243902439024
0.3148148148148148
0.22807017543859648
0.2833333333333333
0.27999999999999997
0.23437499999999997
0.23931623931623933
0.25196850393700787
0.2711864406779661
0.23728813559322037
0.23931623931623933
0.24778761061946902
0.25225225225225223
0.2300884955752213
0.2653061224489796
0.2608695652173913
0.22807017543859648
0.24806201550387597
0.23999999999999996
0.288135593220339
0.27522935779816515
0.23300970873786406
0.26771653543307083
0.2545454545454546
0.22950819672131148
0.25242718446601936
0.27450980392156865
0.2608695652173913
0.24347826086956523
0.22764227642276424
0.2857142857142857
0.2601626016260163
0.23728813559322037
0.25641025641025644
0.25
0.24074074074074073
0.24806201550387597
0.25
0.25688073394495414
0.3035714285714286
0.23622047244094488
0.26865671641791045
0.32608695652173914
0.25862068965517243
0.24778761061946902
0.21359223300970873
0.23529411764705882
0.29824561403508776
0.2448979591836735
0.26771653543307083
0.1951219512195122
0.22388059701492538
0.2857142857142857
0.3218390804597701
0.21428571428571425
0.2549019607843137
0.2882882882882883
0.32142857142857145
0.31775700934579443
0.2096774193548387
0.30508474576271183
0.23931623931623933
0.2456140350877193
0.3
0.25
0.27586206896551724
0.2153846153846154
0.20472440944881892
0.24742268041237114
0.22058823529411764
0.23853211009174313
0.24193548387096778
0.24000000000000002
0.24615384615384614
0.23728813559322037
0.24528301886792456
0.2711864406779661
0.2807017543859649
0.2689075630252101
0.22764227642276424
0.24793388429752067
0.23853211009174313
0.25641025641025644
0.2608695652173913
0.29310344827586204
0.27999999999999997
0.21238938053097345
0.26229508196721313
0.33707865168539325
0.21311475409836064
0.2741935483870968
0.23333333333333334
0.28571428571428564
0.27586206896551724
0.2096774193548387
0.21311475409836064
0.25925925925925924
0.2644628099173554
0.23437499999999997
0.2882882882882883
0.26666666666666666
0.27184466019417475
0.2782608695652174
0.2644628099173554
0.24793388429752067
0.25925925925925924
0.25396825396825395
0.25210084033613445
0.288
0.2826086956521739
0.2711864406779661
0.23999999999999996
0.27350427350427353
0.21874999999999997
0.2456140350877193
0.22807017543859648
0.20289855072463767
0.29565217391304355
0.2727272727272727
0.21311475409836064
0.19047619047619047
0.29357798165137616
0.22608695652173916
0.2698412698412698
0.27586206896551724
0.2545454545454546
0.23809523809523808
0.25641025641025644
0.27999999999999997
0.22807017543859648
0.3148148148148148
0.2727272727272727
0.2828282828282828
0.2363636363636364
0.22950819672131148
0.25225225225225223
0.27350427350427353
0.25196850393700787
0.22950819672131148
0.30612244897959184
0.23853211009174313
0.24193548387096778
0.2574257425742575
0.2429906542056075
0.2830188679245283
0.2777777777777778
0.2689075630252101
0.27586206896551724
0.2764227642276423
0.2736842105263158
0.23703703703703705
0.23214285714285715
0.25862068965517243
0.2702702702702703
0.21359223300970873
0.23728813559322037
0.21311475409836064
0.30927835051546393
0.37209302325581395
0.2962962962962963
0.2300884955752213
0.24778761061946902
0.27350427350427353
0.22399999999999998
0.23140495867768598
0.2727272727272727
0.22413793103448273
0.23809523809523808
0.2644628099173554
0.24761904761904763
0.23728813559322037
0.22950819672131148
0.2608695652173913
0.25225225225225223
0.21621621621621623
0.24761904761904763
0.26666666666666666
0.2698412698412698
0.2692307692307693
0.24778761061946902
0.29310344827586204
0.25688073394495414
0.22222222222222224
0.27184466019417475
0.27522935779816515
0.25210084033613445
0.22033898305084748
0.3106796116504854
0.22222222222222224
0.26415094339622636
0.2542372881355932
0.24528301886792456
0.2831858407079646
0.30303030303030304
0.2255639097744361
0.23931623931623933
0.2990654205607477
0.3137254901960784
0.2631578947368421
0.23931623931623933
0.2556390977443609
0.22399999999999998
0.3595505617977528
0.24793388429752067
0.2300884955752213
0.25
0.3564356435643564
0.2909090909090909
0.2692307692307693
0.22047244094488186
0.3364485981308411
0.23728813559322037
0.25862068965517243
0.24806201550387597
0.2095238095238095
0.24806201550387597
0.2342342342342342
0.26168224299065423
0.19642857142857145
0.2429906542056075
0.2777777777777778
0.26168224299065423
0.25862068965517243
0.24193548387096778
0.24137931034482765
0.25862068965517243
0.2828282828282828
0.2456140350877193
0.2772277227722772
0.25
0.21238938053097345
0.2608695652173913
0.26229508196721313
0.2456140350877193
0.24074074074074073
0.2741935483870968
0.2255639097744361
0.24193548387096778
0.28846153846153844
0.24761904761904763
0.28037383177570097
0.2456140350877193
0.30612244897959184
0.2772277227722772
0.22047244094488186
0.2807017543859649
0.3146067415730337
0.25862068965517243
0.24060150375939846
0.25225225225225223
0.2342342342342342
0.2635658914728682
0.23809523809523808
0.25641025641025644
0.23853211009174313
0.25
0.29411764705882354
0.25925925925925924
0.2772277227722772
0.24390243902439024
0.23853211009174313
0.2542372881355932
0.26666666666666666
0.23333333333333334
0.23728813559322037
0.23529411764705882
0.26785714285714285
0.32
0.29508196721311475
0.25862068965517243
0.22448979591836735
0.24347826086956523
0.27956989247311825
0.25242718446601936
0.26666666666666666
0.26804123711340205
0.25
0.26804123711340205
0.3047619047619048
0.22388059701492538
0.23333333333333334
0.2689075630252101
0.25210084033613445
0.24137931034482765
0.2222222222222222
0.2654867256637168
0.256
0.2459016393442623
0.22413793103448273
0.32
0.23762376237623764
0.24137931034482765
0.2689075630252101
0.25210084033613445
0.21874999999999997
0.29357798165137616
