0.21515940060152558
0.21874620784090273
0.22956797359211656
0.1811962036310956
0.33038145992251267
0.27540292382050635
0.2627118801241447
0.21756737272766588
0.24801461383840637
0.26015992159244855
0.163952797247793
0.2487937793531341
0.2248387511966451
0.23972004910770517
0.1930016735288469
0.2463342500062492
0.28144081696444057
0.24878356757151876
0.3088313793093409
0.24042113163636575
0.256713319121257
0.21373392478227077
0.2533414244946235
0.2329741454157737
0.22716934947056422
0.2997169356210965
0.2556503181544474
0.2020358364549232
0.231825675463862
0.18408897886951
0.2409139659612873
0.16993063620530574
0.2870716937111989
0.2502358859840329
0.16811331446280414
0.24180772156834338
0.25085966216739264
0.17994514673035017
0.21057663001990756
0.18748131092284387
0.21872668027544534
0.21900379647810042
0.2135609653520021
0.19207255890516706
0.24576076732546598
0.23758021062838366
0.24248330704909846
0.19617880388253803
0.20914034206244186
0.2324868115752139
0.21444558591409021
0.17070895105887873
0.18511034763433332
0.22026475691485115
0.19301357659349366
0.23906312305500588
0.2177437032222904
0.19515679581912718
0.17763950882076962
0.2347267180561274
0.18141808073009613
0.1947562974743277
0.2537421529802375
0.20204378117389477
0.20662237925946267
0.24222058643739253
0.25712363985837083
0.2710964123795834
0.1795014265062225
0.26121106658591164
0.21270418504600297
0.280591334316996
0.1723637848493324
0.19249707660677984
0.2104260039864222
0.18987365124492941
0.21189463003956643
0.17971912201922952
0.25104405054579815
0.2052930825332123
0.21735214408435516
0.1880178092582725
0.27129219137969557
0.23546715140647806
0.20832109970148707
0.2319980552181208
0.1665255357538708
0.23311393096791705
0.20546020585273866
0.20907993937757074
0.2773153929395017
0.19791839042000034
0.223451203497143
0.28312398236830527
0.16732815494740008
0.24145464237323155
0.18925744581138682
0.23275499804751898
0.20464328793519315
0.2110555580759871
0.21847160327595389
0.23909989406439147
0.2267100091804588
0.2824643698989519
0.2220904648932211
0.21554211289339653
0.24182821484206013
0.1651526158247521
0.24113134518140494
0.26922978652465823
0.21959238033191952
0.17835670939817944
0.212379309370458
0.20745259535951516
0.2383811294800811
0.27898929166357794
0.17745212707536176
0.21329193992898912
0.2835322947642699
0.2535760079037352
0.2049810752134086
0.20214781963007022
0.2522298823285582
0.20193987469654956
0.16731606973800336
0.22429133451906202
0.2286873635009466
0.17905084710346225
0.2667110092693725
0.18932221821282785
0.2169979693710513
0.2967787639050613
0.25414949780384505
0.21466924025157336
0.2896591225531989
0.31523006155836075
0.25170131393545225
0.26103363721251666
0.3201261210470435
0.23908356675551967
0.22605789225794265
0.1690976434398016
0.17793830001166755
0.1843625284175312
0.24010016090590877
0.20072917669842139
0.22351388270265826
0.26664356955663804
0.2472754110423509
0.23368442863707148
0.2133610781727278
0.2777042666161163
0.18017899774939847
0.30906370467896865
0.2984402485136801
0.2350773531836694
0.19918046027656552
0.26984389838505995
0.26906186798492115
0.2168049889883158
0.25207814389482375
0.22985564616545173
0.243241061399206
0.21861544222474671
0.19013300636189034
0.24404338181946078
0.17935127309341256
0.23018811107744203
0.27356474564878047
0.23205549090448474
0.2328670714761191
0.2802858489803607
0.3352712758371461
0.2170969668377501
0.2526714098761586
0.17987891379949614
0.20633433478899638
0.21164321301113553
0.22702200717949358
0.15212969443937324
0.21597337587129412
0.25440119288663215
0.26606928109151345
0.2006407411527797
0.2318054848000507
0.17997170273722102
0.23417198290763408
0.22926106332915375
0.29355297706783634
0.19017524463654462
0.2055117292122094
0.20216330519853318
0.21698694736747884
0.2522145732714897
0.1844013732749008
0.21558333746052133
0.20374870865395872
0.21305655549222863
0.22101768295549226
0.27377587309233337
0.24608160899483564
0.21372371429054116
0.17689869630796307
0.2228517125274736
0.24918484232942237
0.31244506158662994
0.25284295691833697
0.175912962451384
0.24187273167987644
0.1912552792541395
0.2047419883317731
0.21131690870220077
0.2268014957179436
0.28210942110696247
0.20368911289364244
0.19939063089868095
0.1987920478996023
0.23934390910172867
0.26181671399922424
0.26186710130711993
0.24399827445483993
0.24961387964257636
0.18822013303781132
0.22324595479314088
0.28084184497982395
0.22205152173207002
0.18267908826955903
0.1974856284474858
0.20306990694432495
0.21072389772131633
0.28013168249776893
0.28100724087396356
0.3011169923770922
0.18415550727536245
0.27473272404180754
0.18808557817506522
0.2526251529671378
0.2142872961388256
0.2205670831308947
0.2255877973488688
0.21704035365963614
0.21713487636346002
0.3010839070258923
0.24405161645244583
0.1963827092031843
0.16942466672692766
0.2544470938573894
0.22844472079233924
0.231103533338054
0.308603413879429
0.2657246812513958
0.2456556950117217
0.31153656181026324
0.22124043475624414
0.2070462777937584
0.24578576052883014
0.20801409000369658
0.2423383984873821
0.18306655209473024
0.31050355536719976
0.21232354994812572
0.20896257040195348
0.28459287367556463
0.21611172072956647
0.23885814676635533
0.22307448702296973
0.24354721960018477
0.27493942678161276
0.22598763399344785
0.2626612846572761
0.18455487341822963
0.2420177035550045
0.21874823253077075
0.2198043553668827
0.20061810377301778
0.2234678965872453
0.22172610092283973
0.20056361694750374
0.19410936726288655
0.2246202248851074
0.2563090023409867
0.25684931002485406
0.21971843305205885
0.2121569504072091
0.2121840164639323
0.18349011210470773
0.2275193488520455
0.1642303206537698
0.19509190518723274
0.2341216715392458
0.22633003687255393
0.2672209104522345
0.3178740465943321
0.24215230049418396
0.195806816155541
0.1726309308255907
0.2387806980595978
0.23414363403641286
0.2128194209666009
0.2973339465285859
0.24536616138177889
0.2764332098831841
0.17748894878865135
0.29930388916510176
0.25761813827018887
0.22181038960881497
0.2810656601738809
0.21682668240519484
0.2058211692018963
0.28337389376863
0.21391449544531962
0.19879685223855306
0.18097810541174458
0.2305658799012153
0.20007743389592214
0.20224879287538183
0.25576221593704673
0.19970836081859678
0.25015569279648575
0.2411797711332652
0.14622961145645652
0.22314067346351701
0.24801306266711468
0.1816060077871264
0.2018071783658999
0.22757533050969023
0.26226111890102677
0.19167516582221042
0.2337779649436092
0.23621828525891408
0.21118784613393188
0.22406082015180245
0.41208154620774234
0.1931848952817689
0.24373293074469404
0.21649044040889986
0.23541582004819372
0.2565229318757432
0.24747137779080042
0.2240810931942859
0.1746191256506453
0.22327902180567294
0.254163550770115
0.33925127690928053
0.2658695185394721
0.25047535557898243
0.22423020400302662
0.25468534180714875
0.2142989024745992
0.2075733742563177
0.25639469605748477
0.3257112455002246
0.21346105480894859
0.26703694543210255
0.1876441079933373
0.22349533191953289
0.26346221236136796
0.2143317153521823
0.21805533646963177
0.27095253894393123
0.2567231821033339
0.3054446645209805
0.28414780402296314
0.2810829185833034
0.23746738484950514
0.20247056336407582
0.22655284078357596
0.2441133717516889
0.29420038205507615
0.2359926777686076
0.18641755076517463
0.29557429687256626
0.19259964699714002
0.25989602849353527
0.1911649966206112
0.18697872649887948
0.22963818707895545
0.24885244550456254
0.2478745249148001
0.36201640776594607
0.2521103287141857
0.2608509801787726
0.228453744847882
0.2289035154060272
0.20909375138572
0.1900694687724908
0.20466098911103725
0.2284255335340144
0.28836723148431365
0.22056802488297078
0.24702612654809314
0.23161880770393345
0.22057806003469865
0.2779176216810003
0.23614456789342902
0.21030756465231004
0.19161249141214337
0.2513893333199739
0.18607039003612375
0.2010231212138553
0.279708102834449
0.32271962166853296
0.24868032161656708
0.17373306655090026
0.17870198320401898
0.1812461481431888
0.2741759161078009
0.19386982386285478
0.22724621579580784
0.23390780851915208
0.29286514517732837
0.23778259658797535
0.2799838575543236
0.1755365286789409
0.25313452054655194
0.2397127309101398
0.2225591989272673
0.19110042618476009
0.23096675929609517
0.23386051323491744
0.22807258285148496
0.27911966264222393
0.27545746712011987
0.24819466027971243
0.22873463075154504
0.19655419042590594
0.2002837208274674
0.18736883709569874
0.27847988869563645
0.24152536204056568
0.23730714763509558
0.3353471345137802
0.254238476345385
0.23656461222203495
0.27833806412241147
0.2002540014787532
0.23447293161526517
0.2573661415529396
0.27674793578741314
0.25850244514956383
0.1686915125096436
0.2343955045800634
0.21705748177761064
0.23493334651419895
0.24760836409909717
0.21271619004483466
0.254620914281204
0.29509937067572056
0.21265611443830004
0.23484487791160066
0.25963513304138375
0.20736785566413565
0.2621493848996487
0.23126764300588665
0.19304512109998487
0.23785241790508097
0.2646937119559104
0.26546626325403194
0.21674358525483722
0.3012738330577852
0.24372692364751739
0.22490123512266252
0.23019314545373926
0.2893078209778668
0.24392895503199927
0.18906336383011096
0.24051086449940073
0.20182440953910552
0.2745999304164174
0.230159300282418
0.22621528828923276
0.26932575521437874
0.18901146320264425
0.18822673132652273
0.2615264889770052
0.24920983007200742
0.2537823484777042
0.28543888835617426
0.23631738736022867
0.2565041680671447
0.19916562127281873
0.2911886501782675
0.28757696713815883
0.17364012825490727
0.21555746019932406
0.21972977140166325
0.19658132694524244
0.2864342278785224
0.21312480958000876
0.2301623180643798
0.19286776361539468
0.19139487552255618
0.23130389570617113
0.22308530877512842
0.21660233807209417
0.1909537244144252
0.20030458720187444
0.2808092705264926
0.22951786046712114
0.24820539061933988
