0.773888888888889
0.7580555555555557
0.7491666666666668
0.7561111111111111
0.7497222222222223
0.7297222222222223
0.7427777777777778
0.7519444444444444
0.6950000000000001
0.7527777777777778
0.7283333333333334
0.7802777777777778
0.7652777777777777
0.7966666666666667
0.7080555555555555
0.7744444444444445
0.7705555555555555
0.7922222222222223
0.7722222222222223
0.7491666666666668
0.7408333333333333
0.7388888888888889
0.7769444444444444
0.7772222222222223
0.7777777777777778
0.7594444444444445
0.7525
0.715
0.7933333333333334
0.7897222222222222
0.7655555555555557
0.6491666666666667
0.7925
0.7511111111111112
0.7141666666666667
0.7194444444444446
0.7352777777777778
0.7288888888888889
0.7077777777777777
0.6930555555555555
0.7558333333333334
0.7413888888888889
0.7336111111111111
0.7194444444444444
0.7927777777777777
0.7222222222222222
0.7275
0.7141666666666666
0.755
0.7388888888888888
0.7502777777777777
0.7869444444444444
0.768888888888889
0.7452777777777777
0.7744444444444445
0.7544444444444445
0.7508333333333332
0.7263888888888889
0.6958333333333334
0.7511111111111111
0.7858333333333334
0.7408333333333333
0.7394444444444445
0.7124999999999999
0.7544444444444445
0.7722222222222221
0.7616666666666667
0.7369444444444445
0.7311111111111112
0.716388888888889
0.7380555555555556
0.7155555555555556
0.7288888888888889
0.7794444444444445
0.7422222222222223
0.7294444444444445
0.7847222222222222
0.7694444444444445
0.7155555555555556
0.7561111111111111
0.7522222222222222
0.7613888888888889
0.798888888888889
0.745
0.7202777777777779
0.7397222222222223
0.6688888888888889
0.7766666666666666
0.7233333333333335
0.7197222222222223
0.7447222222222222
0.7905555555555557
0.7294444444444445
0.7886111111111112
0.6847222222222222
0.7538888888888888
0.75
0.8086111111111112
0.7608333333333334
0.7563888888888889
0.7316666666666667
0.7822222222222222
0.7966666666666666
0.7533333333333333
0.7952777777777779
0.7341666666666666
0.7799999999999999
0.6947222222222222
0.788611111111111
0.8
0.7602777777777778
0.7000000000000001
0.7186111111111111
0.7483333333333334
0.7825
0.8255555555555556
0.7616666666666667
0.7727777777777778
0.7999999999999999
0.7519444444444445
0.7466666666666667
0.7830555555555556
0.7008333333333334
0.7327777777777778
0.7180555555555556
0.7734722222222221
0.735
0.7541666666666668
0.7486111111111111
0.6747222222222222
0.7711111111111111
0.7305555555555555
0.7494444444444444
0.7155555555555555
0.7697222222222223
0.8241666666666667
0.7433333333333334
0.7558333333333334
0.7094444444444444
0.7891666666666667
0.7033333333333334
0.7280555555555556
0.6661111111111111
0.7747222222222222
0.7636111111111111
0.7461111111111111
0.7508333333333334
0.7536111111111111
0.6872222222222223
0.7547222222222222
0.7538888888888889
0.7472222222222221
0.7483333333333333
0.7511111111111111
0.7605555555555557
0.7944444444444445
0.7913888888888889
0.7644444444444445
0.7116666666666667
0.7586111111111111
0.7322222222222222
0.7902777777777779
0.7075
0.6966666666666667
0.7438888888888889
0.768611111111111
0.7463888888888889
0.7419444444444445
0.7758333333333334
0.7363888888888889
0.75
0.7663888888888888
0.7666666666666666
0.7725000000000001
0.7766666666666667
0.7627777777777778
0.7227777777777779
0.7341666666666666
0.8113888888888889
0.7180555555555554
0.7777777777777779
0.7833333333333332
0.7905555555555556
0.7380555555555555
0.7841666666666667
0.7161111111111111
0.7188888888888888
0.7513888888888888
0.7891666666666667
0.7319444444444445
0.7322222222222222
0.7394444444444443
0.7994444444444444
0.7408333333333332
0.7961111111111111
0.7324999999999999
0.7208333333333333
0.7086111111111111
0.7074999999999999
0.7541666666666667
0.7963888888888888
0.7597222222222222
0.6975
0.7177777777777777
0.7477777777777778
0.8102777777777778
0.7438888888888889
0.798611111111111
0.7308333333333333
0.74
0.7147222222222223
0.7536111111111111
0.7497222222222222
0.7244444444444443
0.6863888888888889
0.7669444444444445
0.7463888888888889
0.7150000000000001
0.7986111111111112
0.8072222222222223
0.7080555555555555
0.7605555555555555
0.725
0.8225
0.7311111111111112
0.7147222222222223
0.8458333333333333
0.7905555555555556
0.7088888888888889
0.7355555555555556
0.745
0.7830555555555556
0.7755555555555556
0.7269444444444444
0.7572222222222222
0.7402777777777778
0.7933333333333333
0.8019444444444443
0.7733333333333333
0.7627777777777777
0.7291666666666667
0.7391666666666666
0.7866666666666666
0.8122222222222222
0.7963888888888888
0.7361111111111112
0.7383333333333333
0.7402777777777777
0.7744444444444445
0.6972222222222223
0.7972222222222222
0.7522222222222223
0.6808333333333333
0.7822222222222223
0.7236111111111111
0.7005555555555556
0.7180555555555556
0.7797222222222222
0.7841666666666667
0.75
0.7419444444444445
0.7511111111111111
0.7772222222222223
0.7352777777777777
0.7483333333333333
0.7402777777777778
0.7174999999999999
0.7644444444444444
0.7938888888888889
0.7366666666666667
0.7422222222222223
0.7563888888888889
0.7827777777777778
0.7883333333333334
0.7663888888888889
0.7413888888888889
0.8438888888888889
0.7655555555555555
0.7511111111111111
0.7133333333333334
0.8344444444444444
0.7675000000000001
0.7319444444444445
0.7672222222222222
0.8125
0.7575
0.7469444444444445
0.7227777777777779
0.8141666666666666
0.8049999999999999
0.7413888888888889
0.77
0.7997222222222222
0.7313888888888889
0.7416666666666667
0.6952777777777778
0.7902777777777777
0.7675000000000001
0.7436111111111111
0.7569444444444444
0.7555555555555556
0.7838888888888889
0.7311111111111112
0.7855555555555556
0.7530555555555556
0.7713888888888889
0.7722222222222221
0.803611111111111
0.7027777777777778
0.7138888888888889
0.7880555555555555
0.7241666666666667
0.7847222222222222
0.7394444444444445
0.775
0.6369444444444444
0.8027777777777778
0.7369444444444444
0.7266666666666667
0.7175
0.7055555555555556
0.7575000000000001
0.7580555555555555
0.7294444444444445
0.7336111111111111
0.7727777777777778
0.7675000000000001
0.7469444444444444
0.7730555555555555
0.7861111111111111
0.7725
0.7041666666666667
0.7911111111111111
0.7444444444444445
0.831388888888889
0.7380555555555555
0.7311111111111112
0.7686111111111111
0.7616666666666667
0.7647222222222222
0.8075
0.7519444444444444
0.7766666666666667
0.7358333333333333
0.7625
0.7566666666666667
0.7055555555555556
0.7911111111111111
0.7602777777777778
0.7477777777777777
0.7388888888888889
0.8091666666666667
0.736388888888889
0.7716666666666667
0.7408333333333333
0.7186111111111111
0.7508333333333335
0.6994444444444444
0.7022222222222222
0.7122222222222223
0.7747222222222223
0.8372222222222222
0.7555555555555554
0.7566666666666667
0.7544444444444445
0.6905555555555556
0.7872222222222222
0.7302777777777778
0.7763888888888889
0.7483333333333333
0.7713888888888889
0.706388888888889
0.71875
0.7533333333333333
0.7625000000000001
0.8022222222222223
0.7227777777777779
0.7477777777777778
0.7627777777777778
0.7758333333333333
0.8047222222222222
0.6963888888888888
0.8227777777777778
0.8016666666666666
0.7716666666666667
0.7
0.7636111111111112
0.7191666666666666
0.7602777777777777
0.7455555555555556
0.6947222222222222
0.7688888888888888
0.7222222222222222
0.8155555555555556
0.7855555555555556
0.7361111111111112
0.7913888888888889
0.7633333333333334
0.6697222222222222
0.736388888888889
0.7933333333333333
0.7469444444444444
0.806111111111111
0.7372222222222222
0.6866666666666666
0.7669444444444444
0.8091666666666667
0.75
0.7230555555555556
0.7394444444444445
0.7908333333333334
0.7222222222222222
0.7880555555555556
0.8005555555555556
0.7808333333333333
0.7844444444444445
0.7158333333333334
0.7594444444444445
0.7072222222222222
0.756388888888889
0.7933333333333333
0.7680555555555556
0.7200000000000001
0.7324999999999999
0.7572222222222222
0.7691666666666667
0.7202777777777778
0.7336111111111111
0.7366666666666666
0.7936111111111112
0.7538888888888889
0.7733333333333334
0.7818055555555555
0.7294444444444445
0.7605555555555557
0.7116666666666667
0.7744444444444445
0.7538888888888889
0.8066666666666666
0.8125
0.7405555555555555
0.7102777777777778
0.7316666666666666
0.7736111111111111
0.7816666666666667
0.7408333333333335
0.8163888888888889
0.8011111111111112
0.7586111111111111
0.8111111111111111
0.7677777777777778
0.7522222222222222
0.7338888888888889
0.7091666666666667
0.7294444444444443
0.7227777777777779
0.7205555555555556
0.7611111111111112
0.7880555555555555
0.7566666666666667
0.8136111111111112
0.745
0.7661111111111112
0.7325000000000002
0.7591666666666667
0.7391666666666666
0.7513888888888889
0.7458333333333333
0.7052777777777778
0.7472222222222222
0.7358333333333332
0.7305555555555555
0.7536111111111111
0.7663888888888889
0.7316666666666666
0.7847222222222222
0.7575000000000001
0.7652777777777778
0.7927777777777779
0.7844444444444445
0.7502777777777778
0.7752777777777778
0.7538888888888888
0.6880555555555555
0.6944444444444444
0.7858333333333333
0.7697222222222222
0.7641666666666667
0.7536111111111111
0.7802777777777778
0.7552777777777778
0.7438888888888888
0.7308333333333333
0.8180555555555555
0.7297222222222223
0.8027777777777778
0.7652777777777777
0.7505555555555556
0.7908333333333333
0.7630555555555556
