0.6759722222222222
0.7038888888888888
0.7648611111111111
0.7172222222222222
0.7602777777777777
0.7051388888888889
0.7154166666666668
0.7636111111111112
0.7320833333333334
0.7763888888888888
0.7647222222222223
0.8052777777777778
0.7329166666666667
0.8156944444444445
0.6965277777777779
0.6755555555555555
0.7548611111111112
0.6737500000000001
0.7801388888888889
0.7544444444444445
0.7737499999999999
0.727638888888889
0.7212500000000001
0.7286111111111111
0.7930555555555556
0.7177777777777777
0.7349999999999999
0.7429166666666667
0.742638888888889
0.7465277777777778
0.7318055555555556
0.7177777777777778
0.7229166666666667
0.7619444444444445
0.7116666666666667
0.6952777777777778
0.7398611111111111
0.7261111111111112
0.6699999999999999
0.71625
0.7933333333333333
0.7631944444444445
0.7995833333333333
0.7144444444444444
0.7165277777777779
0.7641666666666667
0.7854166666666667
0.6988888888888889
0.7398611111111111
0.7297222222222222
0.6588888888888889
0.7156944444444444
0.7369444444444445
0.6943055555555555
0.7361111111111112
0.7215277777777778
0.7033333333333334
0.7154166666666668
0.7279166666666668
0.6965277777777777
0.6822222222222223
0.7684722222222223
0.6986111111111111
0.7091666666666666
0.6631944444444444
0.7527777777777778
0.7472222222222222
0.7204166666666667
0.7645833333333334
0.772361111111111
0.7280555555555556
0.7502777777777778
0.7011111111111111
0.7630555555555556
0.7473611111111111
0.7029166666666666
0.7125
0.7145833333333333
0.7298611111111112
0.69
0.7427777777777778
0.7748611111111111
0.6902777777777778
0.6991666666666667
0.7455555555555556
0.6722222222222223
0.7881944444444444
0.7386111111111111
0.7677777777777779
0.7094444444444444
0.7644444444444445
0.7697222222222222
0.6881944444444446
0.7119444444444445
0.7158333333333333
0.7726388888888889
0.711111111111111
0.7358333333333333
0.7124999999999999
0.7301388888888889
0.661111111111111
0.7481944444444444
0.7030555555555555
0.6806944444444445
0.6994444444444443
0.7056944444444444
0.7555555555555555
0.637361111111111
0.7426388888888888
0.6986111111111111
0.7851388888888889
0.7608333333333333
0.6913888888888889
0.6736111111111112
0.7545833333333334
0.7693055555555556
0.7244444444444444
0.7911111111111111
0.701388888888889
0.6791666666666667
0.6945833333333333
0.7095833333333332
0.7670833333333333
0.7455555555555555
0.7273611111111111
0.7593055555555555
0.7670833333333333
0.7286111111111111
0.7222222222222222
0.7109722222222221
0.736388888888889
0.7318055555555556
0.7744444444444445
0.6849999999999999
0.6915277777777777
0.7313888888888889
0.7981944444444444
0.7865277777777777
0.7038888888888889
0.7576388888888889
0.6613888888888889
0.6802777777777778
0.6702777777777778
0.7311111111111112
0.7350000000000001
0.731111111111111
0.6955555555555556
0.7665277777777779
0.7245833333333334
0.7061111111111111
0.7397222222222223
0.7452777777777777
0.7140277777777777
0.716388888888889
0.7083333333333333
0.6905555555555556
0.7383333333333334
0.7961111111111111
0.7412500000000001
0.7044444444444444
0.736388888888889
0.7240277777777777
0.7530555555555556
0.6954166666666667
0.7295833333333333
0.7608333333333334
0.7558333333333334
0.7324999999999999
0.7831944444444444
0.7506944444444444
0.7213888888888889
0.6566666666666667
0.7238888888888889
0.7272222222222222
0.6965277777777777
0.7323611111111112
0.64125
0.7395833333333334
0.6623611111111112
0.7033333333333333
0.7413888888888889
0.7181944444444444
0.7238888888888888
0.7431944444444444
0.726388888888889
0.7436111111111111
0.7468055555555555
0.7576388888888889
0.7654166666666667
0.6972222222222222
0.7506944444444444
0.6775
0.6720833333333334
0.6877777777777778
0.7368055555555556
0.6988888888888889
0.7525
0.746388888888889
0.6973611111111111
0.7452777777777778
0.6936111111111112
0.7580555555555555
0.694861111111111
0.7423611111111111
0.6969444444444444
0.7695833333333333
0.7545833333333334
0.7495833333333333
0.6534722222222221
0.7406944444444444
0.7295833333333334
0.7779166666666666
0.7006944444444445
0.6940277777777778
0.7363888888888889
0.6873611111111111
0.7083333333333333
0.7227777777777777
0.6927777777777777
0.6794444444444445
0.742361111111111
0.6781944444444445
0.7606944444444445
0.7190277777777778
0.7066666666666667
0.7054166666666668
0.6895833333333333
0.7061111111111111
0.7208333333333333
0.7356944444444444
0.7270833333333333
0.6863888888888889
0.6608333333333334
0.7655555555555555
0.7413888888888889
0.7302777777777778
0.7202777777777777
0.7113888888888887
0.7341666666666667
0.7061111111111111
0.7226388888888889
0.7362500000000001
0.7601388888888889
0.62875
0.7502777777777778
0.6338888888888888
0.7895833333333333
0.7281944444444446
0.7430555555555556
0.7527777777777778
0.7761111111111111
0.7658333333333334
0.7362500000000001
0.7683333333333333
0.6795833333333334
0.7298611111111112
0.7723611111111112
0.7561111111111112
0.7208333333333334
0.7776388888888889
0.7598611111111111
0.7031944444444445
0.7626388888888889
0.7345833333333334
0.7504166666666667
0.7375
0.7509722222222222
0.721111111111111
0.7538888888888888
0.7270833333333333
0.7473611111111111
0.7158333333333333
0.701388888888889
0.7372222222222222
0.7751388888888889
0.6818055555555556
0.6919444444444445
0.7363888888888889
0.7015277777777778
0.7181944444444444
0.7179166666666666
0.7797222222222222
0.7966666666666666
0.7969444444444445
0.7729166666666667
0.6579166666666667
0.7470833333333333
0.7058333333333333
0.7012499999999999
0.7294444444444445
0.7429166666666667
0.7051388888888889
0.7218055555555556
0.79375
0.7804166666666668
0.7190277777777778
0.7397222222222222
0.7251388888888889
0.7172222222222223
0.6645833333333333
0.7331944444444445
0.7086111111111111
0.7619444444444444
0.7627777777777778
0.7419444444444444
0.652638888888889
0.7418055555555555
0.7830555555555555
0.7263888888888889
0.7001388888888889
0.7743055555555556
0.7275
0.777638888888889
0.7081944444444446
0.6937500000000001
0.7302777777777778
0.7126388888888888
0.7376388888888888
0.7422222222222221
0.6959722222222222
0.755
0.7366666666666668
0.7151388888888889
0.7255555555555555
0.7594444444444444
0.7418055555555556
0.7397222222222222
0.7083333333333333
0.7129166666666666
0.7084722222222223
0.77625
0.683888888888889
0.7351388888888889
0.7608333333333333
0.7273611111111111
0.7305555555555555
0.6768055555555555
0.787638888888889
0.7302777777777778
0.6823611111111111
0.7473611111111111
0.7086111111111111
0.7681944444444444
0.7797222222222222
0.7320833333333334
0.7843055555555556
0.6947222222222222
0.7216666666666667
0.7636111111111111
0.7186111111111111
0.7069444444444445
0.7356944444444444
0.7302777777777778
0.7070833333333333
0.7511111111111111
0.7434722222222222
0.8059722222222222
0.6595833333333334
0.7354166666666668
0.7238888888888888
0.7308333333333333
0.6972222222222222
0.7065277777777779
0.7737499999999999
0.7236111111111111
0.7002777777777778
0.8205555555555556
0.7511111111111111
0.6751388888888888
0.668611111111111
0.6863888888888889
0.7336111111111112
0.7559722222222223
0.6599999999999999
0.8008333333333334
0.7127777777777777
0.7766666666666667
0.7161111111111111
0.7634722222222222
0.6918055555555556
0.6709722222222222
0.773611111111111
0.74375
0.77
0.721111111111111
0.7768055555555555
0.7529166666666667
0.7319444444444444
0.6588888888888889
0.7618055555555556
0.7408333333333333
0.7420833333333333
0.7751388888888888
0.6956944444444444
0.7006944444444445
0.70625
0.7748611111111111
0.7475
0.6988888888888889
0.7234722222222222
0.711388888888889
0.7290277777777778
0.7250000000000001
0.7918055555555557
0.7240277777777778
0.7391666666666665
0.723888888888889
0.7458333333333333
0.6980555555555557
0.6916666666666667
0.764861111111111
0.7043055555555555
0.7169444444444445
0.7401388888888889
0.6848611111111111
0.79
0.6379166666666667
0.7529166666666667
0.7606944444444445
0.6480555555555556
0.7050000000000001
0.7179166666666668
0.6943055555555555
0.7465277777777778
0.7298611111111111
0.7252777777777777
0.7275
0.6918055555555556
0.7172222222222222
0.611388888888889
0.7634722222222223
0.7725
0.6818055555555556
0.7969444444444445
0.7952777777777778
0.7050000000000001
0.6904166666666667
0.72875
0.6976388888888889
0.7459722222222223
0.6788888888888889
0.7213888888888889
0.7183333333333333
0.7555555555555555
0.6852777777777778
0.7973611111111112
0.7240277777777779
0.678611111111111
0.7366666666666666
0.6818055555555556
0.7222222222222223
0.7523611111111111
0.7629166666666667
0.752361111111111
0.7369444444444445
0.7184722222222222
0.7454166666666666
0.7429166666666667
0.7879166666666666
0.6754166666666666
0.7351388888888888
0.6801388888888888
0.7949999999999999
0.7551388888888889
0.6844444444444444
0.7288888888888889
0.7820833333333334
0.7533333333333333
0.6934722222222223
0.7173611111111112
0.683888888888889
0.7025
0.6969444444444444
0.7565277777777778
0.6691666666666667
0.7552777777777778
0.7148611111111112
0.780138888888889
0.6806944444444444
0.7326388888888888
0.7608333333333334
0.6676388888888889
0.6943055555555556
0.645
0.7570833333333333
0.71
0.7822222222222222
0.7459722222222223
0.7618055555555554
0.7652777777777777
0.7052777777777778
0.7458333333333333
0.79
0.7708333333333333
0.7509722222222223
0.6940277777777778
0.7949999999999999
0.6723611111111112
0.7790277777777778
0.7119444444444445
