0.30136986301369856
0.22727272727272724
0.3448275862068966
0.30303030303030304
0.20689655172413793
0.30136986301369856
0.24324324324324326
0.19277108433734938
0.2
0.1568627450980392
0.19047619047619047
0.3103448275862069
0.2653061224489796
0.2826086956521739
0.24657534246575347
0.1971830985915493
0.23076923076923075
0.27906976744186046
0.27027027027027023
0.2736842105263158
0.225
0.20224719101123598
0.20000000000000004
0.21052631578947367
0.20000000000000004
0.17582417582417584
0.24657534246575347
0.22535211267605634
0.2947368421052632
0.20338983050847456
0.29333333333333333
0.2894736842105263
0.21333333333333337
0.33898305084745767
0.24742268041237114
0.2075471698113208
0.208955223880597
0.23529411764705882
0.25806451612903225
0.2727272727272727
0.2222222222222222
0.26229508196721313
0.2365591397849462
0.12000000000000001
0.24324324324324326
0.24615384615384614
0.26829268292682923
0.27184466019417475
0.26865671641791045
0.24691358024691354
0.20454545454545456
0.1941747572815534
0.29268292682926833
0.19607843137254902
0.18181818181818182
0.29702970297029707
0.225
0.1818181818181818
0.22727272727272724
0.11111111111111112
0.24719101123595508
0.22950819672131148
0.14705882352941177
0.3132530120481928
0.16216216216216214
0.29411764705882354
0.20930232558139533
0.10169491525423728
0.21333333333333337
0.2
0.2619047619047619
0.21951219512195122
0.3142857142857143
0.24615384615384614
0.2365591397849462
0.3090909090909091
0.23809523809523808
0.31683168316831684
0.25531914893617025
0.27906976744186046
0.20253164556962022
0.28865979381443296
0.24742268041237114
0.18461538461538463
0.2891566265060241
0.25263157894736843
0.20202020202020202
0.22471910112359553
0.18461538461538463
0.23809523809523808
0.3582089552238806
0.18367346938775508
0.3928571428571428
0.22727272727272724
0.2692307692307693
0.26865671641791045
0.25641025641025644
0.23809523809523808
0.16470588235294117
0.20224719101123598
0.1818181818181818
0.2545454545454546
0.3116883116883116
0.2571428571428572
0.2891566265060241
0.19354838709677422
0.17204301075268816
0.2580645161290323
0.17721518987341772
0.34090909090909094
0.2727272727272727
0.1797752808988764
0.33333333333333337
0.225
0.34285714285714286
0.4210526315789474
0.24137931034482765
0.26315789473684204
0.15384615384615383
0.2727272727272727
0.24615384615384614
0.24
0.2051282051282051
0.25316455696202533
0.25
0.3125
0.136986301369863
0.3023255813953488
0.27956989247311825
0.2765957446808511
0.3058823529411765
0.22784810126582278
0.2222222222222222
0.19354838709677416
0.3333333333333333
0.26229508196721313
0.20224719101123598
0.20224719101123598
0.3142857142857143
0.1818181818181818
0.25806451612903225
0.25
0.2
0.22641509433962267
0.24691358024691354
0.22916666666666663
0.15217391304347824
0.28571428571428564
0.3225806451612903
0.2429906542056075
0.3181818181818182
0.19148936170212766
0.22
0.24096385542168675
0.22988505747126434
0.24324324324324326
0.16666666666666669
0.2105263157894737
0.2105263157894737
0.24761904761904763
0.3076923076923077
0.2574257425742575
0.21978021978021975
0.21951219512195122
0.2535211267605634
0.21176470588235294
0.3582089552238806
0.37037037037037035
0.29850746268656714
0.23529411764705882
0.29213483146067415
0.16901408450704225
0.1923076923076923
0.29268292682926833
0.3050847457627119
0.23809523809523808
0.28571428571428575
0.24000000000000002
0.24347826086956523
0.24000000000000002
0.25806451612903225
0.2424242424242424
0.23684210526315788
0.2619047619047619
0.26086956521739135
0.21052631578947367
0.21978021978021975
0.20454545454545456
0.22471910112359553
0.37500000000000006
0.2765957446808511
0.21428571428571427
0.2619047619047619
0.21782178217821782
0.14285714285714285
0.19565217391304346
0.23880597014925373
0.25641025641025644
0.21428571428571427
0.14285714285714288
0.3157894736842105
0.19565217391304346
0.24
0.21739130434782605
0.29850746268656714
0.22222222222222224
0.22988505747126434
0.20000000000000004
0.16901408450704225
0.22
0.19277108433734938
0.19607843137254902
0.26865671641791045
0.2
0.2772277227722772
0.26315789473684204
0.2574257425742575
0.136986301369863
0.3283582089552239
0.23684210526315788
0.27499999999999997
0.26168224299065423
0.271604938271605
0.23333333333333334
0.2549019607843137
0.17142857142857143
0.14705882352941177
0.25263157894736843
0.21428571428571427
0.24528301886792456
0.2
0.27027027027027023
0.1558441558441558
0.1923076923076923
0.1951219512195122
0.2528735632183908
0.16949152542372883
0.29268292682926833
0.29729729729729726
0.14285714285714285
0.20253164556962022
0.22448979591836735
0.17857142857142855
0.23300970873786406
0.23728813559322037
0.2528735632183908
0.19672131147540983
0.19277108433734938
0.19801980198019803
0.3023255813953488
0.15625
0.3125
0.21951219512195122
0.2597402597402597
0.1590909090909091
0.25806451612903225
0.273972602739726
0.22580645161290322
0.25531914893617025
0.41860465116279066
0.2830188679245283
0.2653061224489796
0.2528735632183908
0.29126213592233013
0.27999999999999997
0.29213483146067415
0.23913043478260868
0.21428571428571427
0.22222222222222224
0.25641025641025644
0.17475728155339804
0.23913043478260868
0.2597402597402597
0.22471910112359553
0.17543859649122806
0.18421052631578946
0.27906976744186046
0.20689655172413796
0.20930232558139533
0.31746031746031744
0.22784810126582278
0.22680412371134023
0.37209302325581395
0.23529411764705882
0.3333333333333333
0.21212121212121213
0.2153846153846154
0.2181818181818182
0.29729729729729726
0.1951219512195122
0.2549019607843137
0.27999999999999997
0.253968253968254
0.2828282828282828
0.2075471698113208
0.23762376237623764
0.24324324324324326
0.24719101123595508
0.27499999999999997
0.37037037037037035
0.1702127659574468
0.27499999999999997
0.2549019607843137
0.24444444444444444
0.24742268041237114
0.26865671641791045
0.23809523809523808
0.21978021978021975
0.23913043478260868
0.28865979381443296
0.2857142857142857
0.2708333333333333
0.17647058823529413
0.26666666666666666
0.20689655172413796
0.2580645161290323
0.25
0.15217391304347824
0.20833333333333334
0.3888888888888889
0.17647058823529413
0.30303030303030304
0.2222222222222222
0.13157894736842102
0.20689655172413796
0.2826086956521739
0.2619047619047619
0.20930232558139533
0.21874999999999997
0.1791044776119403
0.14583333333333331
0.26666666666666666
0.16438356164383564
0.2075471698113208
0.21428571428571427
0.2528735632183908
0.2891566265060241
0.22988505747126434
0.1616161616161616
0.2828282828282828
0.2807017543859649
0.17500000000000002
0.20253164556962022
0.20408163265306123
0.20253164556962022
0.2051282051282051
0.18461538461538463
0.26506024096385544
0.25531914893617025
0.25242718446601936
0.21739130434782605
0.26829268292682923
0.18421052631578946
0.27450980392156865
0.2191780821917808
0.2891566265060241
0.25316455696202533
0.21978021978021975
0.1818181818181818
0.23913043478260868
0.24096385542168675
0.33898305084745767
0.3380281690140845
0.271604938271605
0.19178082191780824
0.18666666666666668
0.13953488372093023
0.19178082191780824
0.325
0.2894736842105263
0.23913043478260868
0.3132530120481928
0.30303030303030304
0.3103448275862069
0.15053763440860216
0.23529411764705882
0.29032258064516125
0.2898550724637681
0.23529411764705882
0.22988505747126434
0.2898550724637681
0.30136986301369856
0.19178082191780824
0.1797752808988764
0.26506024096385544
0.22222222222222224
0.1686746987951807
0.3384615384615384
0.25882352941176473
0.27499999999999997
0.15789473684210528
0.19277108433734938
0.17948717948717952
0.2777777777777778
0.2696629213483146
0.26666666666666666
0.17073170731707316
0.15789473684210528
0.19148936170212766
0.43678160919540227
0.2535211267605634
0.26315789473684204
0.21428571428571427
0.29268292682926833
0.22784810126582278
0.23529411764705882
0.37681159420289856
0.2201834862385321
0.25806451612903225
0.19178082191780824
0.2318840579710145
0.225
0.21621621621621623
0.25000000000000006
0.25316455696202533
0.23880597014925373
0.25688073394495414
0.2222222222222222
0.2456140350877193
0.3380281690140845
0.24242424242424243
0.22535211267605634
0.1686746987951807
0.2784810126582279
0.13157894736842102
0.16822429906542055
0.22988505747126434
0.37681159420289856
0.28846153846153844
0.17721518987341772
0.19277108433734938
0.26415094339622636
0.25
0.24324324324324326
0.21739130434782605
0.1971830985915493
0.21818181818181814
0.2736842105263158
0.271604938271605
0.30303030303030304
0.24074074074074073
0.2285714285714286
0.3243243243243243
0.21333333333333337
0.2888888888888889
0.271604938271605
0.17204301075268816
0.23728813559322037
0.21176470588235294
0.22727272727272724
0.3684210526315789
0.325
0.24528301886792456
0.29333333333333333
0.23529411764705882
0.24
0.16666666666666669
0.21951219512195122
0.25242718446601936
0.22784810126582278
0.2777777777777778
0.31578947368421056
0.24242424242424243
0.2619047619047619
0.2285714285714286
0.20289855072463772
0.25
0.2285714285714286
0.17283950617283952
0.25641025641025644
0.25
0.20289855072463772
0.3218390804597701
0.19178082191780824
0.1891891891891892
0.2777777777777778
0.26666666666666666
0.23762376237623764
0.3384615384615384
0.26506024096385544
0.16129032258064516
0.18461538461538463
0.22580645161290322
0.2448979591836735
0.29850746268656714
0.17391304347826086
0.18666666666666668
0.24761904761904763
0.22222222222222224
0.1219512195121951
0.3076923076923077
0.225
0.2191780821917808
0.25316455696202533
0.32786885245901637
0.24691358024691354
0.09876543209876543
0.2736842105263158
0.24137931034482765
0.25882352941176473
