0.5172413793103449
0.45454545454545453
0.45
0.4411764705882353
0.38235294117647056
0.3157894736842105
0.38461538461538464
0.53125
0.3333333333333333
0.41379310344827586
0.34782608695652173
0.4666666666666667
0.4
0.5714285714285714
0.3333333333333333
0.5555555555555556
0.5925925925925926
0.45454545454545453
0.45161290322580644
0.5454545454545454
0.42857142857142855
0.4166666666666667
0.5161290322580645
0.53125
0.56
0.5
0.45454545454545453
0.5
0.4482758620689655
0.5925925925925926
0.39473684210526316
0.26
0.56
0.52
0.35714285714285715
0.42105263157894735
0.4
0.3902439024390244
0.3333333333333333
0.40625
0.40540540540540543
0.4583333333333333
0.47058823529411764
0.3488372093023256
0.5185185185185185
0.46875
0.38461538461538464
0.32075471698113206
0.40540540540540543
0.4482758620689655
0.36363636363636365
0.6
0.4838709677419355
0.46875
0.56
0.4
0.34146341463414637
0.45161290322580644
0.2916666666666667
0.42857142857142855
0.5666666666666667
0.40625
0.40625
0.45161290322580644
0.375
0.5454545454545454
0.45161290322580644
0.45714285714285713
0.52
0.3488372093023256
0.42424242424242425
0.5652173913043478
0.3488372093023256
0.45454545454545453
0.4
0.4
0.4666666666666667
0.4166666666666667
0.5384615384615384
0.5185185185185185
0.3902439024390244
0.46875
0.6363636363636364
0.4827586206896552
0.3888888888888889
0.35714285714285715
0.2777777777777778
0.40540540540540543
0.4
0.39473684210526316
0.56
0.5925925925925926
0.3939393939393939
0.4
0.3404255319148936
0.5555555555555556
0.43333333333333335
0.5357142857142857
0.5
0.45714285714285713
0.4666666666666667
0.39473684210526316
0.6086956521739131
0.3333333333333333
0.5185185185185185
0.42424242424242425
0.4827586206896552
0.34146341463414637
0.45714285714285713
0.56
0.4411764705882353
0.29411764705882354
0.36363636363636365
0.4642857142857143
0.45454545454545453
0.6
0.625
0.48484848484848486
0.5909090909090909
0.4
0.45161290322580644
0.4838709677419355
0.34210526315789475
0.45454545454545453
0.38235294117647056
0.4827586206896552
0.3888888888888889
0.5555555555555556
0.41935483870967744
0.2833333333333333
0.45714285714285713
0.5
0.5925925925925926
0.40625
0.48484848484848486
0.7272727272727273
0.4375
0.35555555555555557
0.32558139534883723
0.5714285714285714
0.3888888888888889
0.3870967741935484
0.37142857142857144
0.5
0.5172413793103449
0.35294117647058826
0.4117647058823529
0.3333333333333333
0.425
0.39473684210526316
0.5
0.45161290322580644
0.4117647058823529
0.42857142857142855
0.45454545454545453
0.5185185185185185
0.5333333333333333
0.5357142857142857
0.4166666666666667
0.4
0.4117647058823529
0.5416666666666666
0.45161290322580644
0.42857142857142855
0.37142857142857144
0.4827586206896552
0.43333333333333335
0.5217391304347826
0.41935483870967744
0.47058823529411764
0.5238095238095238
0.5217391304347826
0.6521739130434783
0.42105263157894735
0.5555555555555556
0.6086956521739131
0.391304347826087
0.48484848484848486
0.5
0.4444444444444444
0.5517241379310345
0.4
0.5333333333333333
0.5172413793103449
0.4473684210526316
0.3939393939393939
0.4
0.625
0.5925925925925926
0.41025641025641024
0.45454545454545453
0.4838709677419355
0.5
0.40625
0.5833333333333334
0.35135135135135137
0.4411764705882353
0.3939393939393939
0.38235294117647056
0.45161290322580644
0.5517241379310345
0.42105263157894735
0.3939393939393939
0.3870967741935484
0.5172413793103449
0.5862068965517241
0.4482758620689655
0.4857142857142857
0.4375
0.40540540540540543
0.3111111111111111
0.4
0.3902439024390244
0.35
0.3783783783783784
0.4666666666666667
0.4375
0.38235294117647056
0.6842105263157895
0.5172413793103449
0.38235294117647056
0.41025641025641024
0.3488372093023256
0.5666666666666667
0.5172413793103449
0.4
0.5666666666666667
0.5185185185185185
0.4
0.52
0.4117647058823529
0.38461538461538464
0.4666666666666667
0.3888888888888889
0.5161290322580645
0.35555555555555557
0.45161290322580644
0.4411764705882353
0.4827586206896552
0.43333333333333335
0.41025641025641024
0.4166666666666667
0.5185185185185185
0.5151515151515151
0.4411764705882353
0.34615384615384615
0.6818181818181818
0.375
0.4117647058823529
0.44
0.6086956521739131
0.5151515151515151
0.32432432432432434
0.425
0.3333333333333333
0.3
0.40476190476190477
0.7368421052631579
0.4444444444444444
0.40625
0.5333333333333333
0.5294117647058824
0.5151515151515151
0.37142857142857144
0.47368421052631576
0.35
0.45161290322580644
0.46875
0.5769230769230769
0.42105263157894735
0.358974358974359
0.40625
0.5
0.4166666666666667
0.48148148148148145
0.39473684210526316
0.5
0.4
0.6363636363636364
0.34210526315789475
0.5925925925925926
0.5161290322580645
0.41025641025641024
0.4375
0.5769230769230769
0.4482758620689655
0.46875
0.45454545454545453
0.6296296296296297
0.5384615384615384
0.42857142857142855
0.48484848484848486
0.6521739130434783
0.3939393939393939
0.37777777777777777
0.3888888888888889
0.5833333333333334
0.41025641025641024
0.3611111111111111
0.38235294117647056
0.42424242424242425
0.5
0.3191489361702128
0.4444444444444444
0.4444444444444444
0.5833333333333334
0.5517241379310345
0.5333333333333333
0.3191489361702128
0.3888888888888889
0.5161290322580645
0.35714285714285715
0.43902439024390244
0.4482758620689655
0.5
0.28846153846153844
0.5333333333333333
0.4117647058823529
0.4
0.4482758620689655
0.4
0.4722222222222222
0.46875
0.3333333333333333
0.41379310344827586
0.5333333333333333
0.52
0.4146341463414634
0.5161290322580645
0.5384615384615384
0.5
0.42857142857142855
0.56
0.41935483870967744
0.5862068965517241
0.42857142857142855
0.6666666666666666
0.5652173913043478
0.4
0.4117647058823529
0.64
0.43243243243243246
0.5
0.5
0.48148148148148145
0.39473684210526316
0.40625
0.65
0.6
0.4411764705882353
0.42105263157894735
0.6666666666666666
0.3695652173913043
0.5652173913043478
0.3902439024390244
0.34210526315789475
0.45454545454545453
0.39473684210526316
0.3333333333333333
0.32558139534883723
0.37142857142857144
0.6818181818181818
0.5714285714285714
0.38095238095238093
0.37142857142857144
0.3783783783783784
0.48484848484848486
0.3684210526315789
0.42424242424242425
0.4411764705882353
0.5
0.4411764705882353
0.38095238095238093
0.43333333333333335
0.45161290322580644
0.5185185185185185
0.3488372093023256
0.3783783783783784
0.46153846153846156
0.48148148148148145
0.5384615384615384
0.3269230769230769
0.6666666666666666
0.5833333333333334
0.5
0.3333333333333333
0.42424242424242425
0.4375
0.4411764705882353
0.4166666666666667
0.3170731707317073
0.5333333333333333
0.34146341463414637
0.5833333333333334
0.5172413793103449
0.43333333333333335
0.6956521739130435
0.5357142857142857
0.3333333333333333
0.3888888888888889
0.5517241379310345
0.5517241379310345
0.5555555555555556
0.5384615384615384
0.30357142857142855
0.45161290322580644
0.5925925925925926
0.42857142857142855
0.35135135135135137
0.5
0.5625
0.38095238095238093
0.5833333333333334
0.5
0.5806451612903226
0.4666666666666667
0.4166666666666667
0.4
0.3235294117647059
0.42105263157894735
0.41935483870967744
0.4827586206896552
0.44
0.40625
0.5769230769230769
0.4375
0.4838709677419355
0.39473684210526316
0.3888888888888889
0.5
0.45161290322580644
0.42424242424242425
0.56
0.4
0.4444444444444444
0.4166666666666667
0.47058823529411764
0.3783783783783784
0.41935483870967744
0.5862068965517241
0.36585365853658536
0.3191489361702128
0.4838709677419355
0.41935483870967744
0.4838709677419355
0.3684210526315789
0.7142857142857143
0.6666666666666666
0.4
0.5333333333333333
0.6666666666666666
0.46875
0.41025641025641024
0.4
0.43333333333333335
0.3469387755102041
0.36585365853658536
0.42857142857142855
0.4482758620689655
0.42424242424242425
0.625
0.42424242424242425
0.5
0.40540540540540543
0.48148148148148145
0.45454545454545453
0.42105263157894735
0.4
0.35
0.4666666666666667
0.4411764705882353
0.42105263157894735
0.4186046511627907
0.45454545454545453
0.44
0.4827586206896552
0.6842105263157895
0.5652173913043478
0.6153846153846154
0.48148148148148145
0.45454545454545453
0.52
0.5714285714285714
0.3409090909090909
0.3333333333333333
0.5333333333333333
0.5769230769230769
0.4375
0.42857142857142855
0.5555555555555556
0.48484848484848486
0.38461538461538464
0.3023255813953488
0.64
0.4444444444444444
0.4827586206896552
0.5161290322580645
0.38461538461538464
0.4827586206896552
0.5333333333333333
