0.8019444444444445
0.6881944444444443
0.7438888888888889
0.7506944444444443
0.6976388888888888
0.7005555555555555
0.8305555555555555
0.7733333333333333
0.7851388888888889
0.7822222222222222
0.7726388888888889
0.8122222222222222
0.8023611111111111
0.7601388888888889
0.7468055555555555
0.7086111111111111
0.7076388888888889
0.75875
0.7873611111111111
0.8086111111111112
0.8202777777777778
0.8069444444444445
0.6704166666666667
0.8077777777777778
0.7206944444444445
0.7511111111111112
0.6875
0.7893055555555556
0.7156944444444444
0.8569444444444445
0.8580555555555556
0.7734722222222222
0.7422222222222222
0.7547222222222222
0.7705555555555555
0.6879166666666665
0.7227777777777777
0.7645833333333333
0.8169444444444445
0.7611111111111111
0.8127777777777778
0.8158333333333334
0.8166666666666667
0.7498611111111111
0.7880555555555555
0.7813888888888889
0.7801388888888888
0.7586111111111112
0.7993055555555556
0.7711111111111112
0.7202777777777778
0.8529166666666668
0.83125
0.7291666666666666
0.7877777777777778
0.7304166666666667
0.8245833333333333
0.7668055555555556
0.7040277777777778
0.7816666666666667
0.8136111111111111
0.6625000000000001
0.6838888888888889
0.7740277777777779
0.7573611111111112
0.7916666666666666
0.7729166666666667
0.7513888888888889
0.7841666666666667
0.7152777777777778
0.6584722222222221
0.7994444444444444
0.6788888888888889
0.7319444444444445
0.792638888888889
0.6959722222222222
0.73
0.6947222222222222
0.7951388888888888
0.76875
0.6358333333333334
0.7631944444444445
0.7397222222222223
0.74
0.73375
0.7590277777777779
0.7408333333333333
0.8177777777777777
0.7055555555555556
0.7300000000000001
0.8344444444444444
0.7601388888888889
0.7186111111111111
0.7026388888888888
0.7129166666666666
0.893888888888889
0.7798611111111111
0.7877777777777779
0.7633333333333332
0.8143055555555556
0.8154166666666667
0.7773611111111112
0.7627777777777778
0.8220833333333332
0.8219444444444445
0.6976388888888889
0.825138888888889
0.7819444444444444
0.7311111111111112
0.6730555555555555
0.7973611111111112
0.8297222222222222
0.774861111111111
0.8477777777777777
0.798611111111111
0.8352777777777778
0.8445833333333335
0.7869444444444444
0.7091666666666667
0.8190277777777777
0.672222222222222
0.727638888888889
0.7998611111111111
0.6518055555555555
0.71875
0.8029166666666667
0.8211111111111111
0.8073611111111111
0.7184722222222223
0.680138888888889
0.8393055555555557
0.7138888888888888
0.7730555555555556
0.6776388888888889
0.6966666666666667
0.7865277777777777
0.7293055555555555
0.7558333333333334
0.7791666666666668
0.7761111111111111
0.7513888888888888
0.7811111111111111
0.7031944444444445
0.7265277777777778
0.7970833333333334
0.7466666666666667
0.7411111111111112
0.7631944444444445
0.742361111111111
0.7200000000000001
0.7518055555555556
0.8083333333333332
0.7376388888888888
0.6952777777777779
0.8061111111111111
0.7180555555555556
0.820138888888889
0.7022222222222223
0.7073611111111111
0.7456944444444444
0.7230555555555556
0.8530555555555556
0.7022222222222223
0.7408333333333332
0.79375
0.8598611111111111
0.8698611111111111
0.6993055555555556
0.8188888888888889
0.7758333333333334
0.79
0.6406944444444445
0.8477777777777779
0.8315277777777778
0.7823611111111111
0.7890277777777778
0.8531944444444445
0.7597222222222223
0.7783333333333333
0.7538888888888889
0.831388888888889
0.7818055555555555
0.7715277777777778
0.72375
0.8190277777777777
0.8136111111111112
0.6083333333333334
0.7706944444444445
0.8238888888888889
0.6656944444444446
0.8090277777777778
0.8165277777777777
0.7665277777777778
0.7033333333333334
0.7969444444444445
0.7333333333333334
0.7204166666666667
0.701388888888889
0.6390277777777778
0.7024999999999999
0.7769444444444444
0.7013888888888888
0.7354166666666666
0.6979166666666667
0.8315277777777779
0.7862499999999999
0.7080555555555555
0.668888888888889
0.7225
0.7055555555555556
0.6847222222222222
0.6733333333333333
0.7875
0.6858333333333333
0.7027777777777778
0.7881944444444444
0.8230555555555557
0.7854166666666667
0.8020833333333334
0.7595833333333333
0.84875
0.7518055555555555
0.809861111111111
0.7636111111111111
0.7195833333333334
0.8216666666666667
0.7766666666666666
0.7456944444444444
0.77125
0.7565277777777777
0.7955555555555556
0.7795833333333334
0.7704166666666666
0.8555555555555555
0.6945833333333333
0.7858333333333333
0.861388888888889
0.8247222222222222
0.8227777777777777
0.7806944444444444
0.7143055555555556
0.6730555555555555
0.7887500000000001
0.7897222222222222
0.7754166666666666
0.7920833333333333
0.8022222222222222
0.7661111111111112
0.7883333333333333
0.7291666666666667
0.8140277777777778
0.8006944444444444
0.7629166666666667
0.8051388888888888
0.8043055555555555
0.7958333333333335
0.7827777777777778
0.8184722222222224
0.8090277777777778
0.7720833333333333
0.7495833333333334
0.7286111111111111
0.7776388888888889
0.8063888888888888
0.8005555555555557
0.7473611111111111
0.8173611111111111
0.7052777777777778
0.7781944444444444
0.7106944444444444
0.866111111111111
0.7834722222222222
0.7254166666666667
0.7473611111111113
0.7581944444444444
0.7887500000000001
0.7879166666666667
0.7063888888888888
0.7720833333333332
0.7434722222222222
0.7152777777777777
0.6922222222222222
0.7465277777777778
0.7633333333333334
0.7681944444444444
0.7456944444444444
0.7726388888888889
0.7486111111111111
0.7668055555555556
0.7308333333333332
0.7775
0.7393055555555557
0.7004166666666668
0.7740277777777778
0.6022222222222222
0.8029166666666667
0.7331944444444444
0.7402777777777778
0.7777777777777778
0.70375
0.7726388888888888
0.75875
0.7586111111111111
0.7083333333333333
0.7730555555555556
0.8441666666666667
0.8113888888888889
0.7798611111111112
0.7205555555555556
0.6823611111111111
0.7458333333333335
0.7868055555555555
0.7583333333333333
0.7612500000000001
0.8244444444444444
0.5869444444444445
0.7850000000000001
0.7252777777777778
0.8081944444444444
0.7295833333333333
0.6647222222222222
0.6897222222222221
0.7226388888888889
0.7647222222222222
0.7649999999999999
0.7136111111111111
0.8233333333333334
0.6954166666666667
0.7836111111111111
0.8116666666666668
0.7545833333333333
0.6923611111111111
0.8094444444444444
0.7563888888888888
0.8111111111111111
0.7031944444444443
0.8084722222222223
0.7344444444444445
0.7508333333333332
0.7675
0.8209722222222222
0.7472222222222222
0.7780555555555556
0.6562500000000001
0.67125
0.7797222222222222
0.8155555555555554
0.7623611111111112
0.7508333333333334
0.6990277777777778
0.7654166666666667
0.7836111111111111
0.7719444444444443
0.7726388888888889
0.7980555555555556
0.7259722222222222
0.7748611111111112
0.7302777777777778
0.7930555555555555
0.7525000000000001
0.8083333333333336
0.7370833333333333
0.7170833333333333
0.6630555555555555
0.8162499999999999
0.7145833333333332
0.6763888888888889
0.7052777777777778
0.7748611111111112
0.8425
0.8243055555555555
0.7505555555555555
0.8319444444444445
0.7766666666666667
0.7716666666666667
0.7306944444444445
0.6834722222222223
0.8293055555555555
0.7922222222222223
0.7781944444444444
0.7329166666666667
0.7080555555555555
0.8169444444444445
0.7409722222222223
0.8320833333333334
0.7476388888888889
0.8277777777777777
0.6940277777777777
0.7005555555555556
0.7516666666666667
0.7359722222222221
0.745
0.7444444444444444
0.7391666666666667
0.8543055555555557
0.7548611111111111
0.7056944444444445
0.7568055555555556
0.7868055555555555
0.7847222222222222
0.857361111111111
0.7045833333333333
0.7708333333333334
0.7504166666666666
0.778888888888889
0.7454166666666666
0.6373611111111112
0.7090277777777778
0.7558333333333335
0.8401388888888889
0.8624999999999999
0.7897222222222222
0.7076388888888888
0.8179166666666666
0.825138888888889
0.7309722222222222
0.7811111111111111
0.6875
0.7052777777777778
0.8166666666666667
0.8122222222222223
0.7112499999999999
0.6461111111111112
0.7886111111111112
0.8324999999999999
0.7472222222222223
0.8034722222222223
0.82375
0.7897222222222222
0.6961111111111112
0.8502777777777777
0.7790277777777777
0.826111111111111
0.7161111111111111
0.83625
0.7477777777777778
0.7533333333333333
0.8034722222222223
0.7127777777777776
0.8794444444444445
0.8075
0.6880555555555555
0.7826388888888889
0.7448611111111112
0.7152777777777777
0.7756944444444445
0.8454166666666667
0.7275
0.73
0.7488888888888889
0.7006944444444443
0.7119444444444445
0.7190277777777778
0.7558333333333334
0.6104166666666666
0.6975
0.7729166666666667
0.7376388888888888
0.7836111111111111
0.7895833333333333
0.7127777777777777
0.810138888888889
0.8598611111111112
0.7656944444444446
0.7265277777777779
0.7459722222222221
0.7783333333333334
0.7022222222222222
0.6945833333333333
0.7774999999999999
0.6641666666666667
0.652638888888889
0.7816666666666666
0.7944444444444444
0.7262500000000001
0.7752777777777777
0.7491666666666666
0.8436111111111112
0.7475
0.7141666666666667
0.8030555555555555
0.7034722222222223
0.7523611111111111
0.7705555555555555
0.7941666666666666
0.7380555555555557
0.7437499999999999
0.7208333333333332
0.7286111111111111
0.7748611111111112
0.7009722222222222
0.7161111111111111
0.7698611111111111
0.8277777777777778
0.7818055555555555
0.7865277777777778
0.7919444444444445
0.7255555555555556
0.7408333333333332
0.7904166666666667
