0.45297466720611435
0.5063392436898035
0.5371774145481192
0.607595124972174
0.5202078583600322
0.5507476274251122
0.4991322882725608
0.41095920640158384
0.5851888177529604
0.581975715094874
0.47515869540214195
0.47215867655587385
0.4277877428400465
0.4971406659039975
0.4810338278586
0.5683948634509908
0.5597115987460816
0.44413666279519937
0.5486783625730994
0.5620969206494415
0.6450338798542611
0.4804799714982091
0.46893596908601165
0.49584165962327936
0.4953975127048299
0.5240441723494709
0.4698926325741207
0.4863758062675392
0.47121006139681865
0.44069649777196945
0.6174670824670825
0.4760701530795307
0.4870156715900422
0.5019747434972013
0.46105858039839864
0.48096517449132425
0.5491586137109001
0.5128676738100352
0.5020386866055315
0.5040748304721407
0.5367247162022704
0.5067108514638732
0.5669988353094116
0.46073958529347847
0.4776593964945993
0.5192314535443242
0.5083074710797034
0.5070836318437518
0.491238327445224
0.5524055682879212
0.5797631880821064
0.5460880954744193
0.5423294539260926
0.50627356863151
0.4519297752642819
0.4954743298285498
0.4840621099561565
0.4892942838345137
0.5567581534505353
0.49803816553816554
0.5221689304568885
0.44717227016663996
0.4829597940522852
0.4900400623123394
0.4817643258840572
0.5849258464007634
0.4206005706005706
0.5589071465832028
0.5714043474473514
0.5597331454332283
0.5269426591256301
0.5460791138732315
0.3528972322185667
0.43919816614444895
0.5399671052631578
0.5096109370906119
0.5345321582782144
0.5648251991539662
0.5019656275840816
0.47446478534213143
0.5434864343922314
0.5048439120275255
0.4814645791994574
0.4645214398174924
0.4966167326777232
0.5085200338841674
0.5937455762973004
0.5680447011050459
0.5289874101433735
0.419431378781774
0.5089451250089547
0.4478512832502417
0.446834165154265
0.5494844055558341
0.6020934266014357
0.5608590865819568
0.6335487925347896
0.5371741422395623
0.4173404917522564
0.4989482908347005
0.48269069049232566
0.4790227412536362
0.5055635508691935
0.5278226364608808
0.5357382380059529
0.46404001046091825
0.4517164307860284
0.5246364950334333
0.47035804680632265
0.4988215377894276
0.482121804903495
0.44600587264166797
0.4879108309990663
0.5027820617551041
0.6616063468491378
0.5820838954632176
0.48561150992193536
0.5520352325071887
0.5230068635135333
0.5033839768024573
0.5281780626780627
0.47525929508825926
0.6016685004173404
0.44983964715144087
0.5438892428769936
0.42099017825861684
0.577069448703112
0.44030905026090594
0.4766300366300366
0.4256233117974507
0.5305300162632286
0.4794865698583569
0.41992878633329334
0.4314521920231691
0.47818980206541206
0.44670513703200976
0.4751814070441045
0.5552720165666817
0.5240582037527816
0.45484866734866736
0.46838143338143334
0.44052229605626825
0.4915976579958881
0.4638191851346317
0.5360542024309483
0.5660855421538417
0.44955060705060707
0.49534387494370924
0.44960792166799946
0.5496741996233521
0.46173349380109696
0.4340586879913255
0.5148282211897772
0.5112597562597563
0.4485868929831778
0.5335533508289362
0.52453447993945
0.5485600658883873
0.47363217739862473
0.47958111744451837
0.47661781103012557
0.6043504834004388
0.5063501057222148
0.46616739059362017
0.5229255481227363
0.5518972794026563
0.5738662486938348
0.47024164946633296
0.4672318763708707
0.572488924393653
0.4854895362094964
0.44757059928967685
0.5148795506676479
0.45583441949869163
0.5467738351449155
0.6180100658149439
0.5160275464789239
0.4354932833044868
0.5239599842935675
0.5543265993265993
0.47809559177206234
0.48149949667191044
0.5664269102241568
0.47345121088157005
0.49077458870411184
0.5001698764658049
0.4628577659197456
0.529142017402887
0.5938213199230148
0.5196541696371918
0.5454894574419192
0.539514494126563
0.4548128707802188
0.4654850649037302
0.5424437577568239
0.5668750013103765
0.47710005430040364
0.513476809864377
0.46667502088554724
0.612976072517357
0.45062156941918474
0.5590692436878877
0.4509950517318938
0.5180602021921965
0.44944364228089473
0.5112104073433452
0.38685304203880055
0.5151572393125049
0.4929215969885288
0.5290499120762279
0.5105199248699888
0.5751625014730168
0.5661218146345782
0.526624071142629
0.4933485011973384
0.41156759640089735
0.5167225410546357
0.5523531746031746
0.5689177489177489
0.4619772443728887
0.5168760168504414
0.5065028752342186
0.5471468843429628
0.46738580280597086
0.4574991508705088
0.4415873783798312
0.5606715332597685
0.5266697693690103
0.4583436763042027
0.5745384369768204
0.4622738030436646
0.4707234954138624
0.504987388408224
0.4959771423608694
0.49218739574412185
0.5701973203455982
0.5542635626311279
0.5351231841317308
0.49322248915515166
0.5628299004518517
0.45497417376132754
0.5133643447368937
0.5785833115188437
0.5209225326327942
0.5157617940189936
0.4188813804174881
0.5307312498811191
0.5374525997024143
0.42116953852247974
0.5109673953983482
0.5506953922014269
0.5124272486772486
0.45080527284550276
0.5412014969157827
0.473756175163509
0.5333640562759555
0.5405159953031847
0.48225563509973823
0.5112376201128349
0.4560878007071716
0.47101929404857357
0.534994416138207
0.49552365390600683
0.5583529825026472
0.6117737124501393
0.5095954965451532
0.5292287944073432
0.5928358165858165
0.5870780125941288
0.4872660405371437
0.5216558520844234
0.5168977392887127
0.4927304566778251
0.5259025378291433
0.5740429327580172
0.4203034197998886
0.5174707619795379
0.43910557579675225
0.627128002716238
0.45433867154699303
0.5900696927368418
0.4636746265347065
0.5455116959064327
0.553278596849791
0.5887793226682115
0.5332671957671957
0.48972745382908855
0.5274689517760394
0.5599743067390126
0.5353425673033516
0.5491820368885325
0.5504238680709268
0.4966215674936605
0.5582907951768811
0.45648177744949925
0.48644492823738106
0.578624176484364
0.5205149564121152
0.4814632628797602
0.4978078146512842
0.5142004973583921
0.5221899996689912
0.46657699443413725
0.5436001067093503
0.5016551203170306
0.4434454361428045
0.4878246753246753
0.5735745466627818
0.4580365087148078
0.5069663215123483
0.5150838744585432
0.4478119761594338
0.5854833990122027
0.5715558203264626
0.4980844675898528
0.5492684812153839
0.5117938365381296
0.47325380081709195
0.41492609729451835
0.45012626262626265
0.548778623116271
0.5562209527818283
0.49540267044233766
0.5180125505013061
0.4591487973678239
0.46872300032803893
0.5278102082099372
0.5237577822734184
0.4863376885583738
0.5014466382759065
0.5255246829194198
0.46665120373453706
0.5453549141536911
0.5723215336634078
0.5297885612678825
0.5520195654019183
0.4170012746015619
0.5301577412902052
0.5076899092970522
0.499116513713288
0.4972345146124474
0.5048491297795277
0.5308122107271251
0.5046319919232577
0.5127086412612728
0.44571570307220115
0.5332105871485778
0.5912345466409294
0.4796295081014643
0.4604069060717242
0.49539748009837625
0.5501871304077186
0.4357648152639664
0.5028395978968061
0.4765112644162419
0.4916699660162095
0.5301645495505145
0.5197030255115357
0.5847962148557977
0.4832583854355288
0.5390967398234839
0.5055114846339129
0.44929013282945873
0.4543533744756155
0.5828302708220741
0.5413619473359733
0.5072613605171745
0.5483637652287537
0.47276474591302753
0.5261784511784512
0.48930742935134686
0.5043925979790547
0.48173767752715124
0.5098025007104291
0.4860409723836834
0.566786770607566
0.5270410839337336
0.4524611563486791
0.4431034398871211
0.5247659127934998
0.5828266178266178
0.5304966148944644
0.5728853553853555
0.581443782864452
0.48282373863438466
0.5010303776683087
0.37299071618037133
0.6441396174004869
0.45597678656502183
0.48788196103413495
0.5347617197617197
0.49057182466178717
0.49396459027562023
0.5228302380206536
0.48409969659969665
0.5021541236541236
0.4542583264688528
0.5084164665047017
0.5479373916440692
0.5501169708355699
0.5910651629072681
0.5308950978559863
0.45960635457260335
0.5686927605800155
0.5729278419765145
0.5215244774672531
0.4605841870310139
0.5571162175143524
0.48724727496320036
0.5326004840994215
0.6366230338289162
0.545293613155682
0.4421419301274111
0.4832851699956072
0.49331142835419606
0.5942737619352606
0.5124699635164176
0.5372156577484446
0.5067925468336808
0.4898085744664692
0.5256676606676607
0.5454477516502534
0.4739052847251348
0.5120937466367648
0.5469185517591281
0.4676365602903533
0.47839210337798443
0.4608133900975895
0.5147712144207471
0.47706613886273863
0.5538398035421682
0.5753640380569701
0.5095446121023757
0.6104046900915467
0.5349815336926665
0.5337485321962686
0.4901288488033819
0.5113512358329744
0.5102248127437469
0.5492873984253295
0.4753237077909472
0.5467921421753117
0.6097964113181503
0.49693149987267626
0.4929690189328743
0.5465242155232317
0.5346478156863681
0.570331138184603
0.5657447264130506
0.4818420422655805
0.5292530902593795
0.5217192796418149
0.5419441398211224
0.5350612845636241
0.44363621013405496
0.5325553897603248
0.4723231833247461
0.5309696383281289
0.5511222689674499
0.5815015065314663
0.5874011470642061
0.5486021151843936
0.5448124063043418
0.5822336922336923
0.4757688198415626
0.5770063197908654
0.5330367030969837
0.5719856401692814
0.511318069017184
0.5149915815245998
0.6027453886693017
0.5807908882305434
0.5226759986491863
0.4587829257829258
0.5302289732231593
0.5975360297955923
0.5501199098664091
0.48990740740740735
0.5333362347653136
0.47219307832422586
0.4328603669596638
0.5247222222222222
0.5341099620933597
0.48268537668707445
0.49133150508473367
0.48278628389154704
0.43134009166352794
0.475530488056894
0.5277151323623399
0.5376158807982037
0.46953184977694784
0.5580637973587003
0.5793022718022718
0.4874680015166741
0.6161255739614293
0.5059672268837124
0.5030325939975063
0.5047465816431334
0.4714488391598366
0.48218246438360296
