0.595137284114271
0.5438785876447976
0.5170825455772602
0.5577779471258733
0.5272099858843293
0.5290096521459479
0.513353765143828
0.5458830142120149
0.5629905699823713
0.48164402436999887
0.5210659305447566
0.5419136952392762
0.5250161521875969
0.4522549149190812
0.528673463473206
0.599495356676131
0.5996084481110244
0.4612893499113675
0.5624425549249025
0.6412682763217379
0.6065171686164486
0.5130195170465573
0.48391861211165665
0.5303882789197862
0.5227684639222021
0.559639757702723
0.4723628434606243
0.6494202876833396
0.4163487294874076
0.5996887293043881
0.49889879316770386
0.4950205096145891
0.5298121510325439
0.5505773445307559
0.48027983328166585
0.48708017840576523
0.5716941492590327
0.46634308125230517
0.5019274903787243
0.5724772584400867
0.5361140964594407
0.43633284416724893
0.6641074747425905
0.43498356586690307
0.5432260220235863
0.5306987586700853
0.5298763409003971
0.49267039766004816
0.48245449107545746
0.5598339529159283
0.6194098454403983
0.5368520852324528
0.526704757285094
0.4809321267314367
0.4163615117533228
0.5455923257272653
0.5712086238726101
0.5258802474582062
0.5431007117240797
0.5854762318934704
0.5697738009293125
0.5153307452440854
0.45767000235570915
0.6269672113731461
0.6310870038475166
0.4937087019352064
0.43849762629080496
0.5179011412974449
0.5851805326760238
0.5466760894931255
0.4138005566430235
0.5679894064400594
0.499850174364097
0.49668116762607684
0.4725136744637362
0.5778887519276115
0.48024060406780117
0.5617951606947286
0.5095259470385892
0.5969657447421907
0.62952383198922
0.513818726324735
0.48037918493791404
0.49046616189358794
0.4888246449361133
0.5111998714758708
0.6396414227052739
0.5266060735371056
0.5524302084443745
0.5511763678522271
0.5633953306240317
0.5533909882061778
0.6293999817610723
0.5389935555109031
0.572422926793476
0.49477830852815274
0.5852492592552239
0.5370157944999328
0.5497909727867408
0.49684271187560675
0.5950382585205446
0.5822539531240701
0.5748871474909572
0.5181772669842059
0.5170865298284276
0.4850148624640688
0.5148160521158457
0.5592216908201073
0.44494931250795555
0.4877009393659594
0.502553251852276
0.5608727073692563
0.4240265576085234
0.4790886017314929
0.5143215782386452
0.4407494858205745
0.6213213786255715
0.4951997063505083
0.5603950022509291
0.46615431721054157
0.5159680654889487
0.4653466174149131
0.5027946638920661
0.5981542414494173
0.526835974045533
0.5254260240957108
0.5141028024418839
0.572164492630161
0.5610481055170878
0.4782584328331309
0.484102270387588
0.5323251320982123
0.5546491608266743
0.4784894968177348
0.5556186369238483
0.4441173618059315
0.5343108935765595
0.5849823384609505
0.49175012979488597
0.4533214351830446
0.5225917333054549
0.5632462788231496
0.4196416072715744
0.5228881002237862
0.6558978943608128
0.5855141970557908
0.5247205116911284
0.5479200284108576
0.4704308954519036
0.5118845466465733
0.4562198592284067
0.46180043801151116
0.4355248978788779
0.48053535572174655
0.5339617502592057
0.5075085772468614
0.4616207142369895
0.6039051722342029
0.48832478688197234
0.5466703087636472
0.5465995255431392
0.6291358581881259
0.5348614144500351
0.4908303622146293
0.6554888007236531
0.5320725315961947
0.5798267629098591
0.565172205198921
0.49743242337832805
0.5417775014868883
0.46216780311844347
0.41801288712593515
0.5189315095746944
0.6337814009886095
0.5117028112230201
0.5847366419072488
0.5292158933299904
0.48269627712341934
0.4536878131950575
0.5524291216306795
0.545505487744917
0.5172436793455756
0.6163413745632218
0.5241781886616874
0.5153138285874354
0.5553794094832535
0.5012558170122993
0.5661486194838682
0.5278518892250664
0.6015528089164307
0.6188920301377923
0.5301167279787471
0.45459678055465863
0.44272467982476493
0.5026200041575446
0.45908606633009397
0.5215047561154892
0.6568775692484337
0.5600357718292452
0.44095190798571027
0.5528157298646643
0.48823427256283813
0.48964489555610763
0.4905225777817952
0.5056727099270402
0.5632432000447056
0.48294720640368904
0.641822510067165
0.4776996888411449
0.49087940486613435
0.6072451555739455
0.581740847196606
0.5149415609150626
0.5354517053094507
0.44486056347030667
0.6049980932304234
0.5858925865935098
0.5302242344400168
0.42094580264277714
0.5393379298529163
0.6171162176563464
0.4676968494958498
0.6395285883075738
0.5867767652730436
0.5476443803192629
0.5270457593621096
0.5844310095688372
0.5170831311827062
0.5576469484476863
0.5962952820627265
0.5325033141764276
0.5028861333343495
0.48211460655931165
0.560861639939676
0.5152175885854128
0.5833284885116159
0.5623126003894312
0.49242542473726314
0.4961737575027981
0.5411955616104401
0.578496644172038
0.43581057668073736
0.4418924405593119
0.5108480428842985
0.5878883739546069
0.4930798802896531
0.47482009108135415
0.5748437381901113
0.5220909916267945
0.5352211683420662
0.6270318188446014
0.5317845146459083
0.5334145767047072
0.5999383393122678
0.5875877887072801
0.6120977322975933
0.6053235313632758
0.6072001980991962
0.4970439936748449
0.42177408259954946
0.5306834168284912
0.6242287498566481
0.5642819279757582
0.47925991282843217
0.44579462110928325
0.6316700622597309
0.5010262080383965
0.5288838171142095
0.6104009838740594
0.501495028425745
0.5149677909350079
0.5312553002711914
0.5818585425427769
0.5354036426978428
0.5890271316008653
0.502119999605196
0.5142465635362464
0.6438496840972596
0.5363041205775874
0.6577343037432876
0.5851566295108502
0.5329613928273169
0.5516030361195228
0.6405459653025805
0.5885925835382184
0.4804822610726678
0.6029398359664605
0.5099540855190984
0.5011467756978947
0.5327427827032871
0.624807474435912
0.5444061745869634
0.4264504364065281
0.5484581882187544
0.5965872644154278
0.5164539678933195
0.5882759646120181
0.44306680744071697
0.5697994167349375
0.47503501837408474
0.5190605618025799
0.4591790849773967
0.4471036623399781
0.5594655733972189
0.5146612744461124
0.4793561540078952
0.5917152225960024
0.5078016715116086
0.5440662038983206
0.47218732051412265
0.462122350474498
0.5476702872557776
0.6062899511767326
0.5220118288545122
0.47311575189997324
0.5113009611834339
0.4668405074943294
0.4105700828664403
0.5110743983605578
0.5486767721299773
0.5291056043795527
0.47030137675696126
0.4063105422821831
0.5191405442630678
0.49670299597095396
0.5058642096651647
0.6431494861434931
0.43062713837899375
0.5261889009550911
0.5175685089050321
0.5272098176191491
0.46914897293123126
0.5554556087800527
0.5888968759690856
0.5455103967516369
0.43247807082444534
0.4022217110583393
0.4986440562762397
0.5389383908713727
0.5051867461104607
0.49710871089314657
0.6100848854120471
0.5913826263171207
0.4546031679982063
0.520639898355471
0.610872462953611
0.537627215151802
0.6101582846939794
0.47175349156489765
0.5165675611714304
0.4632656563665066
0.49709654592922836
0.6226731788199891
0.5105215292806473
0.5073273339340975
0.5011263967022956
0.599218954838203
0.4770978091409099
0.4920760331244022
0.6092375998097543
0.47867874423719425
0.5792966573424636
0.6425436592654793
0.48885696362141384
0.4469153114714533
0.49536333132130744
0.4611422468196607
0.6320762592559129
0.3890145882166543
0.5440927283571595
0.5437227655552717
0.47792454256448524
0.5198985038477288
0.5371649024448174
0.5720707190298013
0.5841862929072044
0.625455287497001
0.425496810096181
0.5386273682999199
0.5315316521572929
0.5535557903265212
0.4965771980066972
0.46102086019892696
0.5205860446681165
0.4228763496932427
0.6453736520790437
0.5721893855927134
0.5601897599058905
0.5009746912615274
0.3867974635635301
0.597693240962196
0.5414415432748979
0.45115127660083265
0.5027768268944165
0.6153482014543165
0.4932259593259112
0.5473106106294933
0.4816490638896188
0.5269445287593539
0.5326084597763672
0.6181929143719346
0.45124906583539803
0.49319177018360094
0.588617442153265
0.4661798398349257
0.5554668813153014
0.49747342350440693
0.6060343922570142
0.4886298322488268
0.5636248148344251
0.537945439272704
0.4639403543668619
0.4685342766889294
0.5628615512127456
0.5374470403487567
0.5440331671129516
0.536851302744082
0.4732820132104023
0.552840215310433
0.47172201887007525
0.5077892097948478
0.4766798124483037
0.5306283802917
0.5391768819046517
0.6472976225757399
0.44978705880205055
0.3963561008987798
0.5293268645675113
0.5762369870999637
0.4940465222671698
0.6727151965570971
0.5385571130939042
0.5062564179429544
0.5420528731206163
0.42956326178406795
0.5124402717658927
0.5352677956820637
0.40597320806499876
0.47025839928115665
0.400552060123446
0.4769575145352668
0.5456483704039305
0.458834033374959
0.6020816558711389
0.6255142283984149
0.42603843221199234
0.44300004479110766
0.5486927260311392
0.5244142324339461
0.4812757069045212
0.5298801146587114
0.520776971788411
0.46913753679571224
0.4768155665867851
0.5272841273531114
0.46929604759863847
0.6113860730142257
0.5326923666263085
0.35715771802194635
0.5351260493622241
0.5515105273340531
0.5670343752559601
0.5215204676780029
0.5036202483116312
0.4710698050715924
0.5448385683544736
0.55633622953149
0.4452631689334825
0.5577461271530669
0.5957132590729828
0.508849785017786
0.5147953215986999
0.5293229697358826
0.4583783264165487
0.5117839798834245
0.45241549556569294
0.49345058765084115
0.5632313583116301
0.4979470851529554
0.6220769004381731
0.544513268264319
0.4499614249717479
0.4189062013235385
0.49294926237978887
0.503706587058593
0.5372412863882348
0.4646571979640073
0.4779884912843257
0.5361776121085222
0.5258256362220517
0.44492433983534463
0.48591984629670465
0.5537877224269784
0.5805751271357521
0.5133390517483333
0.6143928428039451
0.5540139667413018
0.5330573728511726
0.5823974374280085
0.5145591261595341
