0.4632654162976033
0.428193671939802
0.5577106519211782
0.4275275628350707
0.5886286185585556
0.4907062999219862
0.4960790021811694
0.5782664932504887
0.5155436720142602
0.5529711907667413
0.500116445485298
0.6968711009031937
0.4471758347500149
0.5588709247329937
0.5417014436757427
0.438985649197527
0.5886492673992674
0.4198396460033289
0.5111940009186567
0.48181969083929865
0.5893291367144577
0.4150907209730739
0.4896802692457455
0.5094269906338872
0.5573756509495341
0.44107259182730874
0.4831221588200433
0.5297857124179756
0.5470958193699007
0.5551688453159042
0.5066051117131211
0.5564932649504732
0.5010349523145274
0.5139874107403483
0.4145595898514085
0.5595641855528861
0.540297061469662
0.4583261804499317
0.4127273311483838
0.49162156062198503
0.543487724800065
0.5694354212466519
0.5948574799311124
0.5262664933632676
0.44978125485519477
0.6031538170823885
0.6018911861370944
0.4885310041329193
0.5458771929824561
0.4797902750843927
0.513472929676968
0.47596538695222906
0.5462992286521698
0.4916889554268562
0.5235828384010336
0.4790056022408964
0.5020105833327383
0.49450429914399163
0.5193137029368914
0.4961771003038572
0.49898867626577303
0.5487592724899226
0.44877155008733954
0.5001845934070999
0.45633259446327923
0.5541308013957822
0.5269822094916536
0.4954693101592007
0.5371268463251855
0.5195065970065971
0.4771356929296541
0.5851381953546141
0.43217511733368164
0.5148768125654918
0.5148845115885956
0.43328756635509313
0.5128953513171443
0.551287702659263
0.4952572063203594
0.4869928115576786
0.5652507561816528
0.6037124375807352
0.46474907652329867
0.44507299393264305
0.5116899834861001
0.45186668388028334
0.5321811808880774
0.5187102513394306
0.550705407501524
0.48425351977422126
0.5396053520222318
0.5675568064546394
0.5117139960065701
0.4859704757489758
0.5474909106418206
0.5725863741198535
0.47268738721775017
0.5042979242979242
0.45969249123300293
0.5243055910812514
0.4850298458517637
0.5162003883056514
0.5658830672383106
0.4323202345456229
0.5186435247657073
0.45424819330479704
0.5108255553573906
0.4802019447869177
0.5171775950159375
0.47590515607142814
0.5934110415329927
0.5156448412698412
0.44328433841591736
0.43951052514962285
0.5566298761836519
0.5077116674175497
0.5152053628401134
0.5999406585415974
0.4494546259784499
0.42364676640620036
0.44760895527608396
0.5028920924699888
0.6164048706240487
0.5581113089057014
0.5367196302722618
0.49686322823027096
0.5537311499039669
0.5382753316563103
0.5401490800845805
0.5313939393939394
0.4978444328888558
0.4663367867299906
0.5560008406270088
0.4308906511384387
0.5454427218192042
0.44908164366497705
0.5859494788906554
0.5591349738833793
0.4398350881539288
0.4629047302695923
0.4784728396017811
0.4349243632864788
0.4107032294371837
0.4731152415731732
0.5176874536874536
0.4958445701639894
0.4863083304354652
0.529546224702476
0.47518368680431133
0.5163493471790196
0.5292846755575101
0.5353826027812322
0.5203169651699063
0.5090649628149628
0.48781386165577345
0.5477366880828826
0.566664073036622
0.6286690712705625
0.4878165568924758
0.48201629004698054
0.5536200514461384
0.5391695496141957
0.523126636503687
0.44546089550250445
0.5324209520580488
0.4919170275112551
0.5039777940161572
0.44767846532552413
0.5867959288894434
0.4540708574579542
0.4730938895345981
0.39216447898618434
0.5033012341103915
0.4952697455233456
0.5102230521838365
0.5229937932097289
0.4607606685633001
0.4448179119451049
0.4761425028379904
0.47844971724589946
0.47206820404581606
0.4584504530363953
0.49996591299996873
0.584745703173388
0.48866531515899636
0.5114534212890717
0.43818873630957084
0.6163925664411102
0.588685567685018
0.44063223427569564
0.5771735027780297
0.44930657654978373
0.4459949636420225
0.4413927003973892
0.5253296703296703
0.46964951067902216
0.5599672793093845
0.5170209289389515
0.522678064674351
0.4679285891698196
0.455767255060823
0.488226944962794
0.4241301807354439
0.4690772945316134
0.4505822950177789
0.5618564130633096
0.5515396166538851
0.479632009957088
0.47462031723659637
0.4564118874410271
0.5023974490287197
0.5472613207206231
0.5409864672364673
0.44403806751427755
0.5212804274640368
0.4632842586300033
0.4901888503653209
0.5341376013835748
0.46270017057958
0.4515699951199398
0.5500550441447108
0.5033104379059663
0.5376427949592968
0.4586411238825032
0.4702703290627819
0.5148606114060207
0.47033002734757123
0.4927620822977078
0.5345717377860235
0.5095750265304552
0.46109739451336085
0.3836445088907775
0.44376157986705655
0.5730784870881489
0.54045253765842
0.5799303697364155
0.4993836245050082
0.5137664937664937
0.5211404144416325
0.47720605637561053
0.46370447484283817
0.48906109067763204
0.509087679686912
0.43763869683637124
0.49562548562548564
0.43516633500170854
0.5988949756982543
0.525457225952582
0.5193306774619764
0.6050766515327759
0.5532288571994455
0.5623025556097525
0.47657195116131346
0.5388809363151469
0.42855290626374964
0.5489527734170591
0.4945052381938261
0.556020057830079
0.4963093318882792
0.5505457803844901
0.543401403335286
0.5091378066378066
0.49868212999705436
0.5199518999518999
0.5524899460939505
0.5511245811432971
0.5248227729002
0.5578791051140358
0.5317457424942371
0.5165025252525252
0.536323007960939
0.49323523523523527
0.3985654429529002
0.48839264136360394
0.5792389387316923
0.5083528609548901
0.46144732902845
0.5143616114368534
0.4629942388476488
0.509241165754962
0.47623823258121045
0.5279199504199504
0.6388007891996415
0.5964093816887934
0.5815111950680196
0.39465897031686503
0.5341076582148011
0.5363003367869164
0.48180923651511887
0.5007120712071207
0.4733821274314787
0.46193053911605475
0.5142279942279941
0.5974680874680874
0.494164498430998
0.48145025932589336
0.5128851123037169
0.5362053372340108
0.5629913695320672
0.4867577466664511
0.4602177406680761
0.47099567144677246
0.4951062459723343
0.5698514787045714
0.4569520012998274
0.43325807749322354
0.5243250377073907
0.5766986376181075
0.5006731607176792
0.36347331009376466
0.6134431422236301
0.5217685561477814
0.5573552554530815
0.4152250983415367
0.5171319367540297
0.4994375710031411
0.4728699053972143
0.5277627299645649
0.5653894803894804
0.4039978213507625
0.5999720963144907
0.5064766456626922
0.5093585872996796
0.5236651765083138
0.5142365299370347
0.5459727309727309
0.5011760350890786
0.439350007267409
0.5179624865375481
0.5557498628965543
0.5012904719801271
0.4633584595685052
0.5320791422629658
0.48669230128493457
0.47985818569852184
0.5743688183212908
0.38053289756835934
0.5147859131428053
0.5479411879411878
0.4460721685433978
0.5477713768945733
0.4643782271108291
0.539082904784167
0.5259647267214316
0.5161517446484767
0.5456459972551927
0.4638572663299857
0.5178724608228777
0.5630827341768321
0.5343038146265494
0.5291441419100993
0.49324525601922864
0.5209400774663933
0.4686450859267315
0.47692772385446597
0.5150306606333236
0.5827598278914068
0.37445085605008743
0.5337481445329967
0.46790965207631874
0.4677036023156678
0.5197136591592881
0.49363017494863337
0.5746686882300089
0.5892536643774268
0.4369793391452377
0.6351498991572244
0.4925878084162098
0.441280815693863
0.40368557073664424
0.47526878092667574
0.5321765271765271
0.51575996661931
0.3802614777206595
0.6181574642026519
0.5185291374352883
0.5284462142795476
0.4631197113388894
0.542616148565761
0.4909682290106818
0.4749079763208579
0.5897608437314319
0.5649665578300062
0.6083332836991373
0.5438905347963977
0.6017502341079577
0.4701092462866163
0.4820959688223116
0.3954321468368952
0.5051449436846991
0.5568738981365122
0.519386354153796
0.4890167427701674
0.5501520352264059
0.45760457225599654
0.48042484339967173
0.5241892141679984
0.47372837178349597
0.43264107948318475
0.5522024801134111
0.4934203668250996
0.560453111720907
0.5108950839595097
0.5954778819740456
0.5379850270311641
0.48812093934434353
0.5271650413915521
0.5682367646400516
0.47214130830606804
0.47472823472823467
0.5954603308991917
0.4396416165533813
0.4119723038185736
0.5488769205808679
0.44606702068204196
0.5320249475718926
0.49212278931208353
0.528855944877684
0.5354920965467088
0.4044281569591627
0.4366598394561304
0.4417267156122713
0.5297231095167112
0.4871425326823685
0.44671879176690726
0.4756138470989956
0.4741321195299163
0.4541634835752483
0.4967748283048362
0.3696637400158527
0.5189221025306652
0.6295567863309364
0.47076534288631056
0.5692642759617541
0.5280539184880588
0.5000018552875696
0.45975636764075845
0.4300884246780473
0.480740719853623
0.5038037342736832
0.38450264065619466
0.5649970012502965
0.5051896383369345
0.46244654212879066
0.44596833177715534
0.47770280995280995
0.5498636958289627
0.3878618064406142
0.5399790971994047
0.4472139659007869
0.5159389424526342
0.4866661715191126
0.6095172013863602
0.5102542401106013
0.4756901119091077
0.5288667050464851
0.5513940918894189
0.520733197139126
0.5374280267662621
0.4713896058581616
0.5582432664559911
0.47183806884928603
0.5773789512024806
0.5824026193846602
0.46409136767256065
0.46008774740147285
0.5550868575868576
0.5495755693581781
0.4366872179385194
0.5564053905390538
0.5037402392721542
0.4724120520006052
0.4643980529274647
0.5254387465486787
0.4908545773049281
0.5677969795822053
0.4788455236664955
0.5453658129918634
0.5114714227069114
0.5216451032627503
0.5472956851555788
0.45091068004747237
0.4749815454349233
0.40908866149959766
0.5511955180400706
0.5050666893308403
0.5425066053664255
0.595050505050505
0.5601250689498045
0.5807435689330404
0.5702246910942562
0.5099572749251637
0.5527850255971853
0.603679228648352
0.4937092202532347
0.5034059458366056
0.5768014808970459
0.5296399091544722
0.5675087463010395
0.5281119114312391
