0.4760082712985939
0.5096094951768244
0.5977176239195943
0.5984020062935727
0.6138092151294399
0.6713656405323072
0.4369996677507379
0.6615735712099349
0.5235008088938585
0.5650496815985946
0.5922732169790993
0.6311712807155175
0.5655417496053972
0.4721619727077512
0.7219533572075212
0.5808919438398188
0.6197417480182136
0.6097010141870193
0.577211117711965
0.7028843948314091
0.6080846682574093
0.7308014423506917
0.6478794107837171
0.6698248696498152
0.5877683124354403
0.5800404374102174
0.5802967832731898
0.6425103607960801
0.7778268967034104
0.5691462477498848
0.6055029332478353
0.48106194295900173
0.559730581624909
0.5907594666906847
0.8199603404114683
0.5663216420647547
0.4794489791669455
0.6418205529473135
0.5522695617517104
0.6828957818208488
0.6416827328712575
0.4976347826244816
0.5956210571835572
0.44516439609242886
0.5742834226658509
0.6600792050643093
0.6225774367718102
0.697147977602523
0.6413675260015533
0.49652659565088053
0.5967943036708376
0.5787562166830459
0.5690168779052551
0.6198136598367483
0.5165129516581423
0.5437301587301587
0.6546990270990075
0.578624686716792
0.576971413728946
0.6390562569213732
0.6956785545514943
0.5742892817632376
0.7175694722333378
0.6818291103666856
0.46992220264238815
0.5578926031849719
0.6155906103874742
0.5900054423724637
0.5192399000131149
0.8060196560196561
0.6042632328462674
0.6514800769406033
0.6041440951284403
0.6529797393212028
0.6594798175680529
0.4976736900532974
0.6027786131996659
0.5742592592592592
0.5269993593423304
0.6601742863692559
0.6544002120114467
0.5948659512091585
0.6153714658770488
0.6157896689772473
0.6528975696305028
0.559164256561587
0.6616028863087687
0.6696934747182
0.5703117144293615
0.5905720645417061
0.6559510397010396
0.6109435268360218
0.6002434602434603
0.5919034886681945
0.6151009121597357
0.5903069317114981
0.5454270158809192
0.46445382750801467
0.4215519393485495
0.7120629576185132
0.7571451982956406
0.6066165759035029
0.6729482559482559
0.6058153462212054
0.4511543242127173
0.5252953000510591
0.7588658673198148
0.5346499030812808
0.6681166503747149
0.7124183006535948
0.47499389499389494
0.5911366959064327
0.5347685611879159
0.5064726230100944
0.5355045625335481
0.5997952958394236
0.7483261313635626
0.6712160778289811
0.7432692482508138
0.5513371239641746
0.576973189312503
0.601938966649834
0.695024949723407
0.6548220298220297
0.5683135036594947
0.6347379315145826
0.44784862173932793
0.5095910746663913
0.6009466189087933
0.6821622652970114
0.501252560489343
0.5197160732621725
0.6021782211815807
0.5312719706915028
0.56714698122984
0.6413839383565265
0.7182326940179232
0.5836135026849839
0.6700376147150341
0.5513998599439776
0.5227920227920229
0.5948582958254717
0.45302116537756965
0.5995354943696537
0.6931795477073832
0.5690734276699775
0.6937027928251726
0.39335752482811304
0.5924075230013328
0.685959595959596
0.6287791135691622
0.6649419884914132
0.5480584897321802
0.6517659299496954
0.5772363983958745
0.5168398529539628
0.6762269631707498
0.46995046507241633
0.6389901111959936
0.7303718728870858
0.6446520646520646
0.5180585964282325
0.5677957435046986
0.7486817653890824
0.7713443963443964
0.6847566584454061
0.5346851803212952
0.6853416511574755
0.5757344974342972
0.6642034844240727
0.5083139732200953
0.7825773558368494
0.5152624504810414
0.6156181728591913
0.6248697910913706
0.639457345855651
0.5930886705886707
0.6718387367238368
0.6978922142584381
0.5647732769648767
0.6586517477702127
0.6950133081864492
0.5197104470250368
0.6898831114684774
0.6300124835011052
0.5113905216187106
0.5628837170503838
0.5406978975764555
0.6920072970772829
0.44439852457920015
0.607103592868112
0.6230068240937806
0.7009813797313798
0.49189962613797916
0.6330734399699918
0.647306681133702
0.5328738012848038
0.5794064355749949
0.6094214778931759
0.6046503105498902
0.622600112710804
0.5942148271598301
0.5701503126503126
0.6387229723427903
0.6632095663023497
0.6229215686274511
0.6492086034695304
0.5821380276248431
0.5587891859629573
0.7087379555927943
0.6508622306287081
0.6701700664141979
0.49045778258432227
0.4146007582690886
0.5273529944966546
0.6817247366319563
0.6192501148157015
0.5115243436773509
0.6237714899773723
0.4963083767008185
0.6900505846189926
0.5138676204012689
0.6153936309390855
0.6328585632156556
0.6985091757129152
0.6119116303961124
0.495737600848712
0.5913490029939726
0.7044568584703619
0.508282550566328
0.6289013471758037
0.6226226620821494
0.5562135337154792
0.46791313498869264
0.7101059274552343
0.5550685617758554
0.6178779018252702
0.6392499246881475
0.7076204145843613
0.5505225847934061
0.521878138978447
0.5481686367218281
0.7227972709551657
0.6651282795581308
0.625165952533278
0.6623122393226972
0.7285094237754479
0.6428676470588235
0.7013359243709687
0.6335532139879966
0.5752840434419382
0.4781388343457309
0.5222565660403427
0.630468299638696
0.5804199373890291
0.6355464011201021
0.5128694589724002
0.5304947231417819
0.6448554978678159
0.59304010086779
0.6460439391104634
0.7222731345715216
0.5034768071020556
0.6229492998158818
0.6448931623663585
0.6583742646242645
0.5685895876350827
0.6388715335475056
0.6453274160367981
0.5851721019721019
0.6487172762824936
0.6202524181381351
0.5590788488184848
0.704654918385191
0.45411594714282116
0.478296548112029
0.590081066303872
0.526192326069075
0.6506586762837892
0.5219166676396224
0.6348044815542109
0.6775464261905655
0.6241188139761294
0.7733660648294793
0.624903930277946
0.728244176013805
0.42878330654205565
0.6192566946087804
0.6659353179264191
0.5972201336675022
0.6572071339513199
0.5957551417792382
0.4761088937088501
0.6828092175728403
0.5466582525661473
0.6434337884337885
0.5523235657742341
0.5711638069532806
0.7778476507656642
0.6125746134418406
0.6799200799200799
0.4979938124747168
0.5595497765020648
0.7189882013411425
0.5208710533766235
0.6607321141016793
0.5433852687472921
0.5909939542564371
0.5893338990608289
0.5092195869576535
0.6211005118103653
0.6536638923763443
0.7733132383388138
0.6214081120874702
0.5198693429683332
0.4973244867407549
0.5872321136665399
0.5969241925682603
0.6125840902335761
0.5970281358258885
0.6350249130315276
0.5448280423280423
0.5185501715888017
0.6775115756863371
0.5939029209105979
0.712421968904965
0.5226636155606408
0.6682084717000903
0.6632187100283585
0.6529840297701002
0.7198379346117304
0.5622315230828592
0.6440560749405632
0.6461840628507295
0.5016399473542331
0.641360466318216
0.5845858664535641
0.6768241649948967
0.6555340469818615
0.5088073038073038
0.5889100247715985
0.6444702560866244
0.6131951382581058
0.5680650084647463
0.4802330402064445
0.719856745843588
0.54962366459077
0.5003902662993572
0.6373412162885846
0.6667838675871886
0.6231101990527393
0.5851651398710223
0.5291663897197297
0.5480763580538185
0.557605974272641
0.6073776030138539
0.5156097014848392
0.5862575789319975
0.627039366483415
0.5683849315667497
0.4793970754740284
0.5917632568030364
0.4580877893758944
0.7087244927040585
0.5100010660432152
0.4915332387714374
0.525743715736671
0.686837379360595
0.6222638247784447
0.6339710072063013
0.6103896268184693
0.7604407841876908
0.7328874706131333
0.6270577494550097
0.5903919501745722
0.5813292963243311
0.6934259647162874
0.7131219920485455
0.5820642317782638
0.51888778659612
0.584496694229916
0.6080424460525404
0.6450840708674042
0.6537611134385328
0.6543788603110637
0.5419444883787035
0.6916452970413193
0.6869585615116884
0.4622512865161027
0.49804233165627043
0.5418470146411323
0.6960743598977893
0.44589766508102413
0.6701676010010944
0.6136073429494482
0.524568783479209
0.5550758096070596
0.5850787005392268
0.5893348760740066
0.7149077696065647
0.6594683251350307
0.5627214912860462
0.5506920720292712
0.5979508616808388
0.7037238320497924
0.5419031098675148
0.5641155501748722
0.5982329059416601
0.6332863187752584
0.6925217613927291
0.6172506188852929
0.6317961477520301
0.6605593869731801
0.6426368485183241
0.5796390065320456
0.5991496090314006
0.6983541971812648
0.6124012529681041
0.6967630820444121
0.5487865477333181
0.7943025677241777
0.7038489406718256
0.5372753779908036
0.5948928494240601
0.568464787087837
0.6444466136622999
0.4864960631142521
0.5476968431807141
0.42047382492200513
0.5060996217006447
0.6472462722462722
0.6342263742184293
0.5665884025421901
0.6075749400503907
0.6620056799567571
0.615471068899
0.6135030376636037
0.4752010588169771
0.541544825289653
0.609941783383159
0.6268670090280996
0.6224759033226775
0.6771048544774034
0.6786355619688953
0.5729050802531223
0.5751424404685467
0.7579612989112348
0.40765795703528196
0.6033359947280108
0.6577698554169142
0.5098306233062331
0.6095740284502771
0.5495539589881754
0.7286923161041043
0.7171295737108722
0.4927495928075161
0.5280009061315776
0.7561840325258617
0.6327204046002394
0.5873943237724827
0.5075579266941008
0.6439046135316296
0.4321812321106472
0.552657406042339
0.5146434604667364
0.632418748809362
0.5375816112608566
0.546914144179567
0.5282912620255431
0.7330735930735931
0.6529579224872918
0.6073454781018089
0.6030055407147574
0.5945387553444305
0.5818220754318782
0.5705728993228993
0.5591643788779276
0.45782034990465725
0.7135487768045908
0.6012411318740225
0.5515710595265831
0.6450591075591076
0.5355413308767097
0.6571148788956918
0.6940427180536073
0.5651892551892552
0.6111056000213186
0.6403713878713879
0.5433681153573626
0.5465943635943635
0.6179447736593303
0.5610892172961138
0.4876190476190476
0.7515310534591195
0.5934670895586039
0.6749545524185547
0.5228182290670707
0.6327923094569661
0.746439996926584
0.7042283633116319
