0.23333333333333334
0.08
0.17241379310344826
0.26666666666666666
0.21212121212121213
0.20338983050847456
0.0909090909090909
0.2424242424242424
0.2456140350877193
0.10169491525423728
0.13559322033898305
0.09836065573770492
0.15625
0.10169491525423728
0.1791044776119403
0.2711864406779661
0.23728813559322037
0.21428571428571427
0.12903225806451615
0.09523809523809525
0.33898305084745767
0.34375
0.15384615384615383
0.17543859649122806
0.04
0.1818181818181818
0.19354838709677422
0.13114754098360656
0.21874999999999997
0.10169491525423728
0.09523809523809525
0.1379310344827586
0.2647058823529412
0.15384615384615383
0.25
0.2769230769230769
0.20000000000000004
0.28571428571428575
0.22950819672131148
0.10526315789473685
0.1851851851851852
0.16949152542372883
0.1090909090909091
0.12903225806451615
0.0689655172413793
0.33333333333333326
0.15873015873015872
0.2153846153846154
0.20588235294117646
0.1851851851851852
0.16949152542372883
0.2909090909090909
0.22580645161290322
0.22580645161290322
0.20000000000000004
0.2711864406779661
0.2711864406779661
0.17543859649122806
0.15094339622641512
0.4262295081967213
0.07142857142857144
0.13333333333333333
0.2456140350877193
0.253968253968254
0.29032258064516125
0.14035087719298248
0.23728813559322037
0.1090909090909091
0.26415094339622636
0.2105263157894737
0.24
0.1818181818181818
0.0634920634920635
0.22580645161290322
0.11538461538461538
0.07547169811320756
0.3333333333333333
0.2545454545454545
0.23333333333333334
0.2545454545454545
0.23333333333333334
0.28125
0.26666666666666666
0.1904761904761905
0.03773584905660378
0.06451612903225808
0.13559322033898305
0.10000000000000002
0.23728813559322037
0.17241379310344826
0.2898550724637681
0.28571428571428564
0.16949152542372883
0.19672131147540983
0.20689655172413796
0.2647058823529412
0.25
0.03773584905660378
0.10714285714285714
0.16666666666666666
0.17543859649122806
0.2692307692307693
0.1515151515151515
0.2580645161290323
0.20000000000000004
0.26229508196721313
0.13559322033898305
0.21428571428571427
0.303030303030303
0.126984126984127
0.16129032258064516
0.2727272727272727
0.11764705882352941
0.16949152542372883
0.17391304347826086
0.23333333333333334
0.10000000000000002
0.20338983050847456
0.18867924528301885
0.13559322033898305
0.2769230769230769
0.1379310344827586
0.2040816326530612
0.26229508196721313
0.2413793103448276
0.3225806451612903
0.3823529411764707
0.17857142857142855
0.2545454545454545
0.19354838709677422
0.13559322033898305
0.2105263157894737
0.20338983050847456
0.2153846153846154
0.0606060606060606
0.20338983050847456
0.25
0.10526315789473685
0.1090909090909091
0.21212121212121213
0.18750000000000003
0.11940298507462686
0.10526315789473685
0.12307692307692307
0.2727272727272727
0.13559322033898305
0.21212121212121213
0.12903225806451615
0.20689655172413796
0.2580645161290323
0.23333333333333334
0.13636363636363638
0.13333333333333333
0.16129032258064516
0.18867924528301885
0.125
0.29032258064516125
0.03636363636363636
0.16949152542372883
0.07692307692307691
0.18750000000000003
0.2909090909090909
0.15625
0.3384615384615384
0.14814814814814814
0.13114754098360656
0.15873015873015872
0.1923076923076923
0.1904761904761905
0.10714285714285714
0.14285714285714288
0.22222222222222224
0.19672131147540983
0.28571428571428564
0.23728813559322037
0.11764705882352941
0.14545454545454545
0.13559322033898305
0.3050847457627119
0.2105263157894737
0.14285714285714288
0.14285714285714288
0.2413793103448276
0.1904761904761905
0.11538461538461538
0.11111111111111112
0.15384615384615383
0.11764705882352941
0.28571428571428575
0.14705882352941177
0.14705882352941177
0.10344827586206898
0.22222222222222224
0.13559322033898305
0.28571428571428575
0.25
0.19672131147540983
0.25
0.2413793103448276
0.07142857142857144
0.17857142857142855
0.1904761904761905
0.16666666666666666
0.126984126984127
0.2592592592592593
0.20689655172413796
0.1904761904761905
0.15873015873015872
0.20588235294117646
0.1904761904761905
0.20689655172413796
0.2153846153846154
0.26865671641791045
0.16666666666666669
0.1851851851851852
0.18867924528301885
0.13114754098360656
0.16393442622950818
0.07407407407407407
0.3
0.11538461538461538
0.3050847457627119
0.2758620689655172
0.28571428571428564
0.2758620689655172
0.26229508196721313
0.0689655172413793
0.14285714285714288
0.16949152542372883
0.15873015873015872
0.1851851851851852
0.07547169811320756
0.3125
0.30769230769230765
0.23333333333333334
0.18750000000000003
0.21428571428571427
0.2727272727272727
0.20338983050847456
0.3448275862068965
0.07547169811320756
0.20338983050847456
0.16666666666666666
0.1379310344827586
0.10714285714285714
0.20338983050847456
0.33898305084745767
0.2909090909090909
0.23529411764705882
0.30769230769230765
0.126984126984127
0.15873015873015872
0.17857142857142855
0.13559322033898305
0.2535211267605634
0.23728813559322037
0.19354838709677422
0.24615384615384614
0.28571428571428575
0.25
0.06779661016949153
0.11111111111111112
0.28571428571428575
0.2592592592592593
0.11111111111111112
0.21212121212121213
0.2456140350877193
0.2413793103448276
0.1515151515151515
0.16129032258064516
0.20689655172413796
0.3448275862068965
0.2758620689655172
0.2758620689655172
0.26229508196721313
0.2545454545454545
0.07017543859649124
0.2711864406779661
0.24615384615384614
0.3157894736842105
0.25
0.1923076923076923
0.22950819672131148
0.17857142857142855
0.13559322033898305
0.1904761904761905
0.24657534246575347
0.16949152542372883
0.2318840579710145
0.17543859649122806
0.0784313725490196
0.14035087719298248
0.037037037037037035
0.136986301369863
0.22222222222222224
0.20338983050847456
0.2
0.2105263157894737
0.15873015873015872
0.3384615384615384
0.03773584905660378
0.36666666666666664
0.2692307692307693
0.16949152542372883
0.1090909090909091
0.07692307692307691
0.125
0.1904761904761905
0.29850746268656714
0.2592592592592593
0.13559322033898305
0.1379310344827586
0.11111111111111112
0.10169491525423728
0.253968253968254
0.17241379310344826
0.29411764705882354
0.2580645161290323
0.17543859649122806
0.15873015873015872
0.14814814814814814
0.11111111111111112
0.11320754716981132
0.25
0.2181818181818182
0.10000000000000002
0.1791044776119403
0.2769230769230769
0.1515151515151515
0.11320754716981132
0.09375000000000001
0.23333333333333334
0.29850746268656714
0.28070175438596495
0.208955223880597
0.1904761904761905
0.22580645161290322
0.12307692307692307
0.11111111111111112
0.13559322033898305
0.22222222222222224
0.1851851851851852
0.17647058823529413
0.22580645161290322
0.26666666666666666
0.22222222222222224
0.10169491525423728
0.13559322033898305
0.15873015873015872
0.2909090909090909
0.32142857142857145
0.14285714285714288
0.26229508196721313
0.1515151515151515
0.26666666666666666
0.12307692307692307
0.07407407407407407
0.14035087719298248
0.04
0.20338983050847456
0.19354838709677422
0.13559322033898305
0.2413793103448276
0.15384615384615383
0.16393442622950818
0.32786885245901637
0.22641509433962265
0.19672131147540983
0.20000000000000004
0.15094339622641512
0.14814814814814814
0.3333333333333333
0.26666666666666666
0.28070175438596495
0.22222222222222224
0.09677419354838711
0.2105263157894737
0.23529411764705882
0.253968253968254
0.21212121212121213
0.12903225806451615
0.17241379310344826
0.26666666666666666
0.23333333333333334
0.16666666666666666
0.20000000000000004
0.03773584905660378
0.29032258064516125
0.126984126984127
0.17241379310344826
0.24615384615384614
0.23728813559322037
0.22222222222222224
0.2898550724637681
0.21428571428571427
0.14545454545454545
0.12903225806451615
0.25
0.3157894736842105
0.1851851851851852
0.303030303030303
0.14492753623188406
0.38709677419354843
0.15873015873015872
0.2318840579710145
0.3125
0.22950819672131148
0.16
0.28571428571428575
0.3333333333333333
0.1904761904761905
0.19354838709677422
0.17543859649122806
0.03571428571428572
0.17241379310344826
0.22580645161290322
0.1904761904761905
0.23728813559322037
0.21428571428571427
0.2318840579710145
0.14285714285714288
0.2692307692307693
0.22222222222222224
0.11320754716981132
0.2413793103448276
0.22222222222222224
0.20338983050847456
0.2424242424242424
0.23728813559322037
0.15873015873015872
0.24615384615384614
0.1090909090909091
0.2592592592592593
0.14814814814814814
0.14545454545454545
0.26229508196721313
0.1379310344827586
0.29850746268656714
0.28169014084507044
0.14545454545454545
0.21874999999999997
0.2777777777777778
0.10169491525423728
0.2153846153846154
0.1904761904761905
0.16
0.12903225806451615
0.06557377049180328
0.21874999999999997
0.26229508196721313
0.10000000000000002
0.17142857142857143
0.29508196721311475
0.28070175438596495
0.16129032258064516
0.2456140350877193
0.10169491525423728
0.3333333333333333
0.21212121212121213
0.2105263157894737
0.14545454545454545
0.3137254901960784
0.18750000000000003
0.1923076923076923
0.24615384615384614
0.35294117647058826
0.21874999999999997
0.19354838709677422
0.1851851851851852
0.20338983050847456
0.11320754716981132
0.19607843137254902
0.15873015873015872
0.15094339622641512
0.26415094339622636
0.2456140350877193
0.30769230769230765
0.17543859649122806
0.26666666666666666
0.11538461538461538
0.09677419354838711
0.2191780821917808
0.2647058823529412
0.19672131147540983
0.1923076923076923
0.2105263157894737
0.28571428571428575
0.10714285714285714
0.09523809523809525
0.18750000000000003
0.09375000000000001
0.2105263157894737
0.32352941176470584
0.17543859649122806
0.3
0.06557377049180328
0.15384615384615383
0.09677419354838711
0.18867924528301885
0.20000000000000004
