0.7022222222222222
0.7469444444444446
0.7177777777777778
0.7608333333333333
0.6927777777777777
0.7016666666666667
0.6698611111111111
0.7248611111111112
0.7515277777777777
0.7645833333333334
0.7211111111111111
0.7022222222222223
0.6855555555555555
0.6641666666666667
0.6883333333333334
0.7188888888888888
0.7147222222222221
0.6847222222222222
0.7233333333333333
0.7813888888888889
0.7655555555555555
0.7579166666666667
0.7069444444444444
0.7565277777777777
0.7622222222222221
0.6725
0.7325
0.7175
0.7291666666666666
0.7479166666666667
0.7733333333333333
0.7044444444444444
0.6790277777777777
0.7388888888888888
0.7072222222222222
0.7397222222222223
0.7752777777777777
0.7086111111111111
0.6547222222222222
0.7401388888888889
0.7019444444444445
0.6969444444444445
0.7641666666666667
0.6472222222222223
0.6858333333333334
0.7611111111111111
0.6931944444444444
0.7144444444444444
0.7626388888888889
0.6980555555555555
0.7026388888888889
0.7622222222222222
0.7224999999999999
0.6884722222222223
0.7083333333333333
0.73875
0.6954166666666666
0.7275
0.6948611111111113
0.72125
0.7613888888888889
0.7243055555555555
0.6966666666666667
0.7429166666666667
0.74875
0.7487499999999999
0.6968055555555557
0.7209722222222222
0.7311111111111112
0.7198611111111113
0.7554166666666666
0.77
0.7186111111111111
0.7108333333333334
0.7343055555555555
0.7026388888888889
0.7288888888888888
0.7008333333333334
0.7100000000000001
0.7197222222222222
0.7744444444444445
0.7402777777777778
0.6006944444444444
0.7206944444444444
0.707361111111111
0.76875
0.7556944444444446
0.7377777777777778
0.762361111111111
0.7697222222222223
0.7347222222222222
0.7536111111111111
0.6950000000000001
0.7509722222222222
0.7530555555555556
0.6730555555555556
0.8247222222222222
0.7708333333333334
0.706388888888889
0.7288888888888889
0.7795833333333333
0.71
0.6752777777777779
0.7277777777777779
0.7279166666666668
0.7245833333333334
0.7291666666666666
0.7359722222222224
0.6836111111111112
0.7247222222222223
0.7243055555555556
0.7383333333333334
0.6584722222222222
0.6943055555555555
0.7272222222222222
0.7177777777777778
0.6808333333333333
0.7618055555555555
0.6629166666666667
0.6583333333333332
0.6736111111111112
0.65
0.6458333333333333
0.7438888888888889
0.7227777777777776
0.6869444444444445
0.6795833333333333
0.7108333333333334
0.7177777777777777
0.6699999999999999
0.7222222222222222
0.6905555555555556
0.7291666666666666
0.7394444444444445
0.715138888888889
0.7166666666666666
0.7063888888888888
0.7222222222222223
0.7241666666666666
0.7575000000000001
0.7048611111111112
0.6827777777777777
0.6920833333333334
0.7170833333333333
0.77
0.7144444444444444
0.7086111111111111
0.7748611111111111
0.6479166666666667
0.7458333333333332
0.7219444444444445
0.6441666666666667
0.6561111111111111
0.6747222222222223
0.7438888888888888
0.7465277777777777
0.7001388888888889
0.7668055555555557
0.6672222222222224
0.7019444444444445
0.7019444444444445
0.7605555555555555
0.7286111111111111
0.7248611111111112
0.7708333333333334
0.7079166666666666
0.7658333333333333
0.6909722222222223
0.7438888888888888
0.8175
0.6913888888888888
0.7330555555555556
0.7019444444444445
0.7002777777777777
0.7744444444444444
0.7311111111111112
0.7115277777777778
0.7561111111111113
0.7366666666666666
0.6487499999999999
0.6663888888888888
0.7241666666666667
0.7004166666666667
0.7175
0.7622222222222222
0.693888888888889
0.7152777777777779
0.7295833333333334
0.731388888888889
0.7305555555555555
0.7136111111111112
0.715138888888889
0.6702777777777778
0.6919444444444445
0.73375
0.7011111111111111
0.7552777777777777
0.7002777777777779
0.7238888888888889
0.79
0.6909722222222222
0.7234722222222222
0.7206944444444444
0.7941666666666667
0.705138888888889
0.7377777777777778
0.7219444444444444
0.7154166666666666
0.7270833333333334
0.7555555555555555
0.6955555555555555
0.7855555555555556
0.6886111111111112
0.773611111111111
0.6647222222222222
0.7733333333333333
0.7652777777777777
0.706388888888889
0.6713888888888889
0.7209722222222221
0.7038888888888889
0.6936111111111111
0.7236111111111112
0.7437499999999999
0.7290277777777778
0.7330555555555556
0.7280555555555556
0.7079166666666667
0.7001388888888889
0.7216666666666667
0.7634722222222222
0.7761111111111112
0.6947222222222224
0.7144444444444444
0.7193055555555555
0.7265277777777778
0.7219444444444444
0.6863888888888888
0.6994444444444445
0.7491666666666669
0.7048611111111113
0.7363888888888889
0.7958333333333333
0.7161111111111111
0.7475
0.637361111111111
0.7461111111111111
0.7480555555555555
0.7290277777777777
0.74375
0.7630555555555555
0.7668055555555556
0.6472222222222224
0.7809722222222222
0.7191666666666667
0.7761111111111111
0.7898611111111111
0.7433333333333334
0.7216666666666667
0.6841666666666666
0.7472222222222222
0.7309722222222222
0.7406944444444444
0.6934722222222222
0.71
0.7379166666666667
0.7577777777777777
0.7530555555555555
0.7572222222222222
0.71125
0.7488888888888888
0.6684722222222224
0.6697222222222223
0.7394444444444446
0.7277777777777776
0.6469444444444444
0.7140277777777777
0.7636111111111111
0.6930555555555555
0.7554166666666667
0.7322222222222222
0.6913888888888888
0.74625
0.7322222222222222
0.7120833333333333
0.7416666666666667
0.7433333333333334
0.7427777777777778
0.7361111111111112
0.755
0.715
0.6938888888888889
0.665138888888889
0.7427777777777778
0.7698611111111111
0.6763888888888889
0.7261111111111112
0.6868055555555556
0.7283333333333334
0.6945833333333332
0.7438888888888889
0.6769444444444443
0.7329166666666667
0.7334722222222222
0.7238888888888888
0.7511111111111111
0.7043055555555555
0.7708333333333334
0.7575000000000001
0.7412500000000001
0.7245833333333332
0.7206944444444445
0.7577777777777778
0.7719444444444444
0.7015277777777778
0.7097222222222223
0.7075
0.7649999999999999
0.7831944444444444
0.7026388888888888
0.7108333333333333
0.7638888888888888
0.7008333333333333
0.6852777777777779
0.7609722222222222
0.6679166666666666
0.7555555555555554
0.7305555555555556
0.6719444444444446
0.7155555555555555
0.7606944444444445
0.7052777777777778
0.7930555555555554
0.7243055555555555
0.745
0.7224999999999999
0.7356944444444444
0.7655555555555555
0.7169444444444445
0.6969444444444445
0.6341666666666668
0.7879166666666667
0.7191666666666666
0.7784722222222223
0.7291666666666667
0.7494444444444446
0.6905555555555556
0.7405555555555555
0.7280555555555555
0.7033333333333334
0.7951388888888888
0.7431944444444444
0.6766666666666666
0.7075
0.7115277777777778
0.7613888888888889
0.738611111111111
0.6787500000000001
0.7863888888888888
0.7695833333333334
0.6633333333333333
0.7444444444444444
0.72125
0.7247222222222222
0.6752777777777776
0.6891666666666667
0.6758333333333333
0.7341666666666667
0.6761111111111111
0.7584722222222223
0.7529166666666667
0.7170833333333333
0.7263888888888889
0.7548611111111111
0.70375
0.7475
0.7854166666666667
0.7280555555555556
0.665
0.6984722222222222
0.7334722222222223
0.7727777777777778
0.7240277777777777
0.8016666666666667
0.6797222222222221
0.7604166666666666
0.6784722222222221
0.7319444444444444
0.7363888888888889
0.75
0.7238888888888889
0.7145833333333332
0.6716666666666666
0.7413888888888889
0.7044444444444444
0.7105555555555556
0.7354166666666667
0.6861111111111111
0.7330555555555556
0.7605555555555557
0.755
0.765
0.7022222222222222
0.7119444444444444
0.7619444444444444
0.7283333333333333
0.7777777777777778
0.7541666666666667
0.6727777777777778
0.7463888888888889
0.7506944444444444
0.7030555555555555
0.6936111111111111
0.7708333333333334
0.6806944444444445
0.7530555555555556
0.70375
0.7497222222222223
0.7351388888888889
0.6836111111111111
0.6911111111111111
0.7575
0.7375
0.6922222222222223
0.7365277777777778
0.7036111111111112
0.6854166666666667
0.7381944444444445
0.7483333333333333
0.65
0.7997222222222222
0.7648611111111112
0.7291666666666666
0.7962499999999999
0.6829166666666666
0.7347222222222223
0.7322222222222221
0.7127777777777777
0.7633333333333333
0.7243055555555556
0.6430555555555555
0.7580555555555556
0.7424999999999998
0.6970833333333333
0.725
0.7330555555555556
0.6816666666666666
0.7054166666666667
0.7555555555555556
0.7469444444444444
0.7319444444444444
0.7416666666666667
0.7220833333333333
0.7986111111111112
0.6976388888888889
0.7702777777777778
0.6802777777777778
0.7227777777777777
0.7341666666666666
0.7486111111111111
0.73
0.7041666666666666
0.7194444444444446
0.7583333333333332
0.7290277777777778
0.7405555555555556
0.7308333333333334
0.7205555555555555
0.7083333333333333
0.7186111111111111
0.7352777777777778
0.7354166666666667
0.6772222222222223
0.6609722222222222
0.7177777777777776
0.8109722222222222
0.7215277777777779
0.7088888888888889
0.7584722222222222
0.748611111111111
0.8
0.6658333333333334
0.6727777777777778
0.6547222222222222
0.725138888888889
0.715138888888889
0.6640277777777777
0.7163888888888889
0.7144444444444444
0.7683333333333333
0.7125
0.7408333333333333
0.7545833333333334
0.706111111111111
0.7444444444444445
0.7302777777777778
0.7258333333333333
0.7425
0.7283333333333333
0.7186111111111112
