0.6736111111111112
0.7368055555555556
0.7691666666666667
0.8058333333333334
0.7409722222222221
0.7036111111111112
0.7605555555555554
0.6795833333333333
0.7911111111111111
0.7683333333333333
0.7418055555555556
0.6647222222222222
0.6491666666666667
0.7186111111111111
0.6854166666666666
0.7283333333333333
0.7606944444444445
0.6527777777777778
0.7372222222222222
0.7834722222222221
0.8095833333333333
0.701388888888889
0.7018055555555556
0.7602777777777777
0.6773611111111111
0.7097222222222223
0.7294444444444445
0.6820833333333334
0.6511111111111111
0.716388888888889
0.7565277777777778
0.7473611111111111
0.6775
0.7695833333333333
0.7352777777777779
0.6945833333333333
0.6851388888888889
0.7216666666666667
0.7213888888888889
0.7215277777777778
0.7533333333333334
0.7147222222222223
0.7894444444444444
0.6211111111111112
0.6951388888888889
0.6848611111111111
0.7136111111111112
0.7313888888888889
0.6981944444444446
0.7105555555555555
0.7181944444444445
0.7490277777777777
0.7134722222222221
0.7533333333333334
0.6634722222222222
0.6619444444444444
0.6901388888888889
0.7001388888888889
0.7380555555555556
0.6929166666666666
0.7556944444444444
0.6736111111111112
0.7430555555555556
0.6959722222222222
0.7181944444444444
0.7783333333333333
0.6654166666666668
0.7673611111111112
0.7554166666666667
0.8056944444444444
0.7334722222222222
0.6852777777777778
0.6363888888888889
0.7286111111111111
0.721111111111111
0.6515277777777778
0.7355555555555555
0.7398611111111111
0.715138888888889
0.7398611111111111
0.7083333333333333
0.7262499999999998
0.6465277777777778
0.7033333333333333
0.7426388888888888
0.7563888888888889
0.7834722222222221
0.7043055555555556
0.732638888888889
0.6934722222222222
0.7148611111111112
0.7118055555555556
0.6502777777777777
0.7494444444444445
0.77625
0.7695833333333333
0.77125
0.7672222222222222
0.6648611111111111
0.731111111111111
0.7206944444444444
0.6875
0.6856944444444445
0.7040277777777778
0.7352777777777778
0.6945833333333333
0.6606944444444445
0.7055555555555555
0.6747222222222222
0.6869444444444446
0.7119444444444445
0.6875
0.7070833333333333
0.6936111111111112
0.7772222222222221
0.7876388888888888
0.7127777777777777
0.7804166666666666
0.7195833333333332
0.7188888888888889
0.7316666666666667
0.7202777777777778
0.7172222222222223
0.7130555555555554
0.7222222222222223
0.7306944444444445
0.7275
0.6741666666666667
0.6602777777777777
0.6284722222222222
0.73
0.7231944444444444
0.6822222222222223
0.6730555555555556
0.6861111111111111
0.7175
0.6804166666666667
0.726388888888889
0.7112499999999999
0.6748611111111111
0.6711111111111111
0.655
0.7022222222222223
0.7077777777777778
0.7069444444444444
0.7091666666666667
0.7306944444444445
0.7505555555555555
0.7247222222222223
0.69625
0.6900000000000002
0.6704166666666665
0.7068055555555555
0.7019444444444445
0.7381944444444444
0.7455555555555555
0.7534722222222222
0.7274999999999999
0.7379166666666667
0.66625
0.7104166666666667
0.8027777777777777
0.6979166666666666
0.6965277777777779
0.7511111111111111
0.6911111111111112
0.7631944444444445
0.6861111111111111
0.7133333333333334
0.7350000000000001
0.6677777777777777
0.6444444444444444
0.6961111111111111
0.6629166666666666
0.7219444444444445
0.8065277777777778
0.6934722222222223
0.6695833333333334
0.7281944444444445
0.7004166666666667
0.6915277777777779
0.64375
0.7558333333333334
0.7394444444444443
0.7497222222222222
0.7251388888888889
0.7238888888888889
0.7422222222222223
0.755
0.7729166666666667
0.7470833333333333
0.7518055555555555
0.6783333333333333
0.7320833333333334
0.7520833333333332
0.7668055555555555
0.7502777777777778
0.7308333333333332
0.7016666666666667
0.7704166666666667
0.6590277777777778
0.721111111111111
0.7180555555555556
0.7254166666666666
0.7204166666666667
0.6816666666666666
0.6668055555555555
0.7477777777777778
0.7045833333333333
0.7651388888888889
0.6719444444444446
0.7745833333333334
0.7875000000000001
0.7586111111111111
0.6744444444444444
0.6954166666666667
0.7111111111111111
0.7365277777777778
0.7605555555555555
0.6733333333333333
0.7052777777777777
0.7266666666666666
0.7191666666666666
0.7215277777777778
0.6701388888888888
0.6865277777777778
0.7790277777777779
0.7175
0.6872222222222222
0.7627777777777778
0.7377777777777779
0.64625
0.6587500000000001
0.701388888888889
0.7327777777777778
0.695138888888889
0.7486111111111111
0.6972222222222222
0.7033333333333334
0.7422222222222222
0.7447222222222223
0.653888888888889
0.7872222222222223
0.7220833333333333
0.7556944444444444
0.627361111111111
0.7183333333333333
0.7565277777777777
0.6484722222222223
0.7595833333333334
0.7819444444444446
0.6981944444444446
0.6797222222222222
0.6933333333333334
0.7315277777777778
0.7379166666666667
0.7298611111111111
0.6811111111111112
0.7195833333333335
0.7315277777777779
0.6730555555555556
0.7391666666666666
0.7133333333333334
0.7340277777777778
0.7633333333333334
0.7201388888888889
0.7883333333333333
0.7762499999999999
0.7337500000000001
0.7616666666666667
0.7554166666666666
0.7229166666666667
0.7238888888888888
0.7370833333333333
0.7948611111111111
0.6525
0.7461111111111112
0.7333333333333333
0.7779166666666667
0.6776388888888889
0.7954166666666667
0.7251388888888888
0.7358333333333333
0.7627777777777778
0.7547222222222222
0.7429166666666667
0.7220833333333334
0.7348611111111112
0.7588888888888888
0.7509722222222222
0.6936111111111111
0.7516666666666666
0.6359722222222222
0.7255555555555555
0.7381944444444444
0.7259722222222222
0.7791666666666668
0.7055555555555555
0.6918055555555556
0.7116666666666667
0.7290277777777778
0.6755555555555555
0.7177777777777778
0.7358333333333333
0.7498611111111111
0.6822222222222223
0.6718055555555555
0.7737499999999999
0.7393055555555554
0.7126388888888889
0.68625
0.716388888888889
0.7833333333333333
0.7745833333333333
0.705138888888889
0.7119444444444445
0.7255555555555555
0.7198611111111112
0.6625
0.675
0.7969444444444445
0.7833333333333333
0.6920833333333333
0.703888888888889
0.68125
0.73125
0.7579166666666667
0.7497222222222222
0.7093055555555554
0.7040277777777778
0.7822222222222222
0.6936111111111112
0.7216666666666667
0.7363888888888889
0.7762499999999999
0.7381944444444444
0.7088888888888889
0.72875
0.7252777777777778
0.7047222222222222
0.7168055555555556
0.7241666666666666
0.7238888888888889
0.7225
0.699861111111111
0.7594444444444444
0.7165277777777778
0.7240277777777779
0.7070833333333333
0.6534722222222222
0.6931944444444444
0.7404166666666667
0.6752777777777778
0.7379166666666667
0.72125
0.7213888888888889
0.7316666666666667
0.6802777777777778
0.8049999999999999
0.7474999999999999
0.71125
0.6997222222222222
0.66375
0.6745833333333333
0.7165277777777779
0.7475
0.7202777777777777
0.7570833333333333
0.6980555555555555
0.7393055555555555
0.699861111111111
0.7090277777777778
0.7258333333333333
0.7079166666666667
0.6940277777777779
0.6863888888888888
0.7233333333333334
0.7134722222222223
0.655
0.7418055555555556
0.7661111111111112
0.7483333333333334
0.754861111111111
0.7566666666666667
0.69625
0.7279166666666667
0.6880555555555556
0.7812500000000001
0.645
0.69625
0.7340277777777777
0.6925
0.6543055555555556
0.7331944444444445
0.6637500000000001
0.7148611111111112
0.72625
0.7290277777777778
0.7698611111111111
0.7290277777777777
0.7320833333333334
0.7595833333333333
0.675
0.7752777777777777
0.7515277777777778
0.7112499999999999
0.6527777777777778
0.7483333333333333
0.6604166666666667
0.7238888888888888
0.7831944444444445
0.6848611111111111
0.7566666666666666
0.7256944444444444
0.7029166666666666
0.7436111111111111
0.72
0.7738888888888888
0.7319444444444445
0.6870833333333333
0.6986111111111111
0.741111111111111
0.6891666666666667
0.7156944444444444
0.7491666666666666
0.7022222222222223
0.6843055555555555
0.6893055555555555
0.7026388888888889
0.7095833333333333
0.755
0.7390277777777778
0.7269444444444444
0.7665277777777777
0.6480555555555556
0.6833333333333333
0.7183333333333334
0.7368055555555556
0.7069444444444445
0.7268055555555556
0.7330555555555556
0.7915277777777778
0.7183333333333334
0.70875
0.6905555555555556
0.7651388888888888
0.7483333333333333
0.7331944444444444
0.7601388888888889
0.7205555555555556
0.7002777777777778
0.7156944444444444
0.7763888888888889
0.7695833333333334
0.6497222222222222
0.7755555555555556
0.7073611111111111
0.7626388888888889
0.7497222222222222
0.7362500000000001
0.7851388888888888
0.7419444444444444
0.7834722222222222
0.7112499999999999
0.6950000000000001
0.7670833333333333
0.7783333333333333
0.7691666666666667
0.7519444444444445
0.6977777777777778
0.7651388888888889
0.70625
0.7401388888888889
0.6970833333333333
0.7098611111111112
0.8001388888888887
0.6888888888888889
0.7408333333333335
0.7530555555555555
0.7026388888888889
0.6715277777777777
0.6243055555555557
0.7441666666666666
0.6851388888888889
0.7166666666666668
0.7448611111111112
0.6734722222222222
0.6688888888888889
0.7347222222222223
0.7691666666666667
0.6995833333333334
0.7797222222222222
0.7226388888888888
0.7247222222222223
0.8162499999999999
0.706388888888889
0.7486111111111111
0.6784722222222221
0.7197222222222223
0.715
