0.5878900198513243
0.5313440670553782
0.4647034320577946
0.5035792765165387
0.5154966508645271
0.44726152109677936
0.462756702076567
0.4971712919904646
0.4578627662829946
0.5080125704155892
0.3813311470736034
0.5494388993747378
0.5110391638583794
0.6045780501851205
0.45033250560726334
0.5574735673337621
0.5381923025325462
0.5706739145117887
0.5516935339632973
0.5254429252577446
0.4941591721563474
0.4971307317007266
0.530578166188597
0.569629277271537
0.5307872329179676
0.5414820397967909
0.5089831765551524
0.47307413141713595
0.5565561441413829
0.5826804386459863
0.49132168259142
0.3232225006787506
0.5872674584042997
0.4393189117569586
0.3941396880361341
0.4631042342535202
0.4513456831763007
0.47395067489364007
0.41274610439775133
0.3931975269833595
0.5188675591446752
0.47639494305074803
0.5515990922785824
0.4656885418430119
0.5040279480196873
0.5226616038727616
0.4602117545213299
0.516382151312563
0.4854210750697773
0.5250123000663187
0.4822804155858656
0.5804110072893682
0.5638257339802998
0.46350482829413264
0.5550500426122698
0.4878009590311344
0.496502330400301
0.395440101825042
0.4002033061464788
0.5294704388224422
0.5628184025291398
0.4811869486963619
0.5036535616348343
0.4967771592777547
0.47125148033435516
0.5407751898383673
0.48461000497307877
0.5086094595994157
0.44418395588814386
0.44678730799691124
0.5170639249511719
0.5619875428455436
0.4350381233560478
0.5198683736479869
0.4623532944926098
0.40349764784664705
0.5129606216833301
0.5362649852060279
0.4878545005914644
0.49872590921651183
0.5234388225275378
0.5245888109797701
0.6684100239900843
0.5619828066540012
0.452589085428492
0.4391147322183969
0.386451565987035
0.491197015588467
0.5006855576546911
0.433102163893736
0.5593921508511781
0.5671226642607604
0.4067959498114283
0.5528230426955039
0.422275199207825
0.5953660777626348
0.4578069580221259
0.6125884696809801
0.5144839020325861
0.4890866129248603
0.487667847051171
0.5328254446363578
0.5990445275078887
0.47231662645966915
0.5411192214986544
0.44674045590339984
0.49449838979494765
0.3789122189094272
0.5296066859847426
0.5754105453424082
0.4502698150785507
0.37585806543328926
0.42778806389134927
0.5253368739694424
0.5162736339166952
0.6608888090715822
0.5493725124568918
0.4656524387400135
0.629211599673444
0.5227660021736794
0.42287147746162623
0.5670137365930016
0.45632011520584864
0.5453026633198698
0.38343786037078637
0.5128083626950652
0.4594044073140391
0.5433551397970299
0.5025674924722081
0.32350255424418967
0.5048687686696298
0.49887001402060177
0.5694696530464581
0.4791332480762571
0.5900131858694004
0.6557069864184951
0.4799239140326059
0.4982562016187058
0.48941954537885124
0.5862140127240963
0.46793772656664284
0.39860656384390125
0.41670859334594046
0.49675821333513165
0.5964917307935219
0.42639240280504676
0.48789955813015573
0.4493964609314904
0.44832519670866244
0.44652819055246823
0.5575910726657177
0.5110373389096553
0.48646052305553406
0.5118383618030923
0.539484996928003
0.6042662546770048
0.5259229144417902
0.5684246825931032
0.47889623189758246
0.5332871012922843
0.4576122884701882
0.543943550020459
0.5135956420068328
0.44089676898966157
0.4422151037568674
0.538210311882263
0.47367026595900347
0.4939875444834856
0.4930291719342803
0.4499040569293907
0.5268866757394235
0.5636247753162265
0.6084326556819212
0.4981133054435616
0.5009684377411672
0.5625598424801347
0.3802743085008915
0.5189143777274923
0.5386437777422772
0.3862344777387011
0.5989004797226315
0.48300570956902616
0.5344521803697619
0.4612393333639402
0.5161214201778697
0.40176816840270274
0.4248555092388066
0.6214676194540162
0.5936056662445672
0.4782568744203554
0.4675661221234858
0.5572712901816576
0.589919379245632
0.5200033739098877
0.5702469175410613
0.48949955406825374
0.500592333275906
0.4724688850664385
0.5015421514725917
0.4834764415236572
0.5767605776937835
0.4999392864953781
0.43234693963354887
0.4668683824106236
0.4990613620588865
0.5673962418086269
0.5160766162116339
0.5510364667314551
0.45208241132044036
0.5049279189043346
0.4595173727127669
0.5130362592388931
0.47973988774261467
0.4610369613632344
0.4345697822335993
0.5442484312493573
0.4546158236783826
0.47916977688440066
0.6304160875796557
0.5735094393009272
0.41962335650271465
0.5405798828610704
0.44846364764188185
0.6129289541720646
0.5160160158266762
0.46673025108855
0.6083176131944096
0.5850120079504505
0.4607914292113695
0.4907456226228985
0.4801358924830306
0.5531740368577888
0.5160841403643156
0.42943935005439776
0.5706673354895412
0.46888764823824863
0.5168721918518088
0.5476555700449276
0.53422209162204
0.5461482991012405
0.4368540830105524
0.47191600115493254
0.5737503030312904
0.5752988866094925
0.5525682811929034
0.44479114472338177
0.6070029031661175
0.5024382219636556
0.4867892150357994
0.45289653813074826
0.6106163029984182
0.5181615594040424
0.4470179500362913
0.5575943131680998
0.4459825497195077
0.4355379524493093
0.41916301573696046
0.5826409733742863
0.511236061312712
0.5584726190048147
0.4631939233113325
0.5290325646928096
0.5338448375483411
0.4749466725574165
0.5503894440722182
0.47579643637130825
0.522473896161472
0.5275650806114669
0.5311344239179657
0.4754759455807667
0.49057801324549666
0.4983234688503668
0.5547959603744038
0.5433869224129635
0.5859023008418568
0.4772294973490674
0.5601848182122764
0.4625209730080442
0.5356806979041415
0.4576083113732729
0.5932574764252211
0.4668915686588855
0.48260668228754977
0.552580351007771
0.6216760149764936
0.5266324146475345
0.5524377357591784
0.3911336287890313
0.609676942141344
0.5838822961358229
0.5774771074359626
0.5251523829411653
0.662497852944838
0.5277276217908393
0.46536255999926934
0.44900338749109775
0.5719017605829304
0.4375171753855092
0.4988359113583863
0.5580595175418006
0.49924581873788165
0.5442542280118481
0.4966366809594624
0.5796726075354712
0.5560340378404623
0.5293424062964075
0.5762674266766363
0.5495331357853874
0.4071115666636721
0.43539124300576487
0.5350646245784679
0.4473089612182306
0.5049900947328586
0.46280161891925947
0.5538750768495909
0.3867464040098809
0.6078737090245784
0.48116596476962575
0.4546478972480648
0.5192367667316353
0.44220742327695256
0.4580843984000239
0.4962104462308029
0.3952861734159214
0.44977264774226555
0.5633541280456911
0.5922000865997568
0.5301411720381943
0.591915810956759
0.5423687312113744
0.4953497294187085
0.45466778967580923
0.6109090745344781
0.5259452197275668
0.5905297574863851
0.44140476752702906
0.5624244470717031
0.5709296188004026
0.5315544333218892
0.5529864170809969
0.5911162832493597
0.5102091896964834
0.5376445382335566
0.5204538344883785
0.5130573544434092
0.5616523137254484
0.5060661784926346
0.5875831394955856
0.5745669167810625
0.5323405524371694
0.5541838778574989
0.6499984463369304
0.4671045388653238
0.5882853561115551
0.40177033208613316
0.4714495533265536
0.4954821269809556
0.4809516271374817
0.4198804755834288
0.4742151751815381
0.5053328361056805
0.6614431677460885
0.5449926840872146
0.5061995843129724
0.5177076300927276
0.45697454304120133
0.5216611156826916
0.533346548528595
0.5613448614954271
0.5177513520597619
0.5144369489732491
0.4863018250208352
0.4780218315151571
0.4965145970740495
0.49507090765219297
0.5186296812470004
0.40954677880764345
0.4760570176854597
0.5057636515611599
0.5832865409123206
0.6095605447790238
0.42230935713884044
0.6456915966751404
0.5471081937628626
0.4869727052564876
0.3576362784419305
0.5052888207497096
0.44913219019458983
0.5189708139497257
0.43334641056132656
0.4726270076035852
0.5123334477888533
0.5121535641742508
0.6257212120364815
0.5178740528145125
0.5109980896994804
0.614121287926121
0.6086751610481744
0.3631314750838807
0.45599418287289417
0.6238681556925328
0.5188719734469066
0.605045946791327
0.4846800377454435
0.3572098980400733
0.5336979712191943
0.6202875407551237
0.48579284326364375
0.389062525784943
0.528045274962708
0.5741380028923815
0.3936660395026095
0.554544860127182
0.5854960757997403
0.5429618441920678
0.5644245636352856
0.5173088713597663
0.4863143381996594
0.4711342414004912
0.5251373159675095
0.5440743104593458
0.5713665906036968
0.4779422116615849
0.5297414963003056
0.5654964642920919
0.5699651417191973
0.46182361478656564
0.45373239958009604
0.48883936371184256
0.5863623622237093
0.4745426943015838
0.5577037648504248
0.6202184566239713
0.5012576298624538
0.562406859768584
0.48705332372693966
0.5859630377005529
0.5028440305497233
0.5458072732844634
0.6171914207003575
0.49765289140026936
0.40060150167845565
0.5092826055558014
0.4756987635771139
0.5926722280779201
0.5678536414936317
0.6842194476993112
0.6506624696247644
0.44107316496611954
0.5529303362044629
0.5498775983312729
0.4467996080054372
0.5543122193732903
0.45766415488045786
0.46044949451940254
0.4867377624843886
0.47499747557791167
0.4845000474626333
0.5238362148794504
0.5685182565496953
0.5620145045912803
0.47366253509967676
0.564513223761486
0.5458539978100989
0.5180905054406868
0.4411474150485257
0.46157478770660165
0.4366119468592924
0.4378417003144882
0.5953621936039287
0.4910511154300699
0.47559569708320826
0.45330206855663335
0.5840667002202582
0.4953543350122781
0.618184984549404
0.5495980994292696
0.5882826570063476
0.5418539545474896
0.5283471780842136
0.5023912971280626
0.5323715468936436
0.4902151593855458
0.42977591721699515
0.47521900103589265
0.6247692116459569
0.5335773750181807
0.5031360831352115
0.49189428452367234
0.5289846979489732
0.492573025576973
0.45351922009255613
0.3995977345291045
0.6372867571839188
0.44829541972470444
0.6071248340486285
0.4934380862994917
0.5382481650511831
0.5693218575739368
0.5692547038827172
