0.5229186241674485
0.5045596159281425
0.5567888925566585
0.5672812617256323
0.5919382841940433
0.4740174697940425
0.5106248649860723
0.5832019774722023
0.5873952081547079
0.6506752136696238
0.5607395389508044
0.6727483682516686
0.5070882779750463
0.4931746836906739
0.539846084660241
0.5668814023664135
0.6520187961187786
0.4296291746521699
0.5422017491340316
0.5175722041074492
0.6740376364649993
0.5313632790671138
0.5517216751670277
0.5654869484105851
0.6388488304189394
0.48272264273863336
0.5991139467878006
0.538466652850523
0.5897414242283077
0.58001894138279
0.64478820914662
0.5849775097484765
0.490705239451296
0.5657035405845389
0.519685618879564
0.5335751325952001
0.6612299985605843
0.5276579539686761
0.48747438426864187
0.5641783692363264
0.4887196653858008
0.5986697374992214
0.6104058385141135
0.535520234636095
0.5531500944432419
0.6488374215418787
0.5860441165353807
0.5660612319000576
0.5546899767482493
0.5175521195943308
0.5736104905600884
0.5103930916516893
0.6405992141984542
0.5251550716421118
0.5505169442865887
0.5253975166083117
0.6138351194213841
0.6187672993724005
0.5641314449831176
0.5544044417083036
0.49922081140657754
0.5741631890908983
0.49410191417723603
0.5886101537563733
0.5917892264970783
0.628111811946096
0.6126529546287622
0.5533036519215662
0.614306774642969
0.6144591718916032
0.6372602197419122
0.5848876498506063
0.6007708512569842
0.5665663292476488
0.4302135667396011
0.5140509807383791
0.509188401238162
0.5846644440299132
0.5594268142687358
0.5458910738660652
0.6875889440715587
0.5925370765453759
0.5022685336003387
0.5548013272641807
0.6175719566313064
0.5795362872945835
0.5942442860553514
0.5865091481691316
0.6606773736069455
0.5212386515013909
0.5617481604110032
0.5859776469803607
0.5810860737390375
0.6076295095805759
0.6346162493938904
0.5383350981076789
0.5714563050220092
0.6075526272137745
0.5016813903236759
0.5886744130443916
0.5785198584294791
0.610373215860668
0.6353571532342592
0.5145542087782772
0.6033490254001459
0.4778634083318315
0.5808676709706526
0.5750270416685265
0.5284162635844474
0.5256786122924331
0.5431440634484117
0.6221974578327976
0.5393050588340421
0.5135812690104579
0.533734562189781
0.49090353258043934
0.5844798328257363
0.5783690662911052
0.5299206264806596
0.5062422969406699
0.468243230850085
0.5177539939636362
0.5901630250838497
0.5806415634469351
0.6915197256092117
0.4504268301396301
0.5598403674552168
0.5883932604889535
0.5353006373364118
0.5272205985195008
0.5527066028769603
0.5959800080917806
0.5055095101951073
0.49721877752131477
0.6086002405321095
0.48282153320752014
0.5594998661127704
0.6067374173586012
0.5039917230553518
0.5270290271951782
0.5582124043649955
0.4980329455322611
0.5020141210168394
0.5877581414420119
0.5773205418578311
0.5342007474278528
0.5866448017885391
0.594348994963791
0.5048197353984839
0.6160319411583084
0.5709909255899414
0.5428544971494318
0.5220978920163806
0.5308967705888654
0.5550151980571234
0.5947411445475294
0.5650092767502192
0.6300333871355326
0.5175013293346519
0.5591069982486985
0.5408423818654493
0.5886726333560217
0.5383574190932611
0.5002850666372161
0.6243848269982631
0.5654405704167522
0.6212700556917902
0.5109231217841987
0.6257232446134701
0.6124358915594929
0.5142919655165061
0.5198623323384428
0.5249785095716024
0.5112798736656163
0.6227650216694807
0.5603095266691599
0.5564524151334269
0.4943510540218512
0.566276144862726
0.5323534196782017
0.4838446519828329
0.48973192888019984
0.5583816878741202
0.5930367338084515
0.5423010581654812
0.607771195830183
0.4681336881993336
0.6088237896281221
0.6896952756760366
0.5954536272115487
0.6486840884615989
0.552089760894164
0.4722360591620862
0.539153582969546
0.567987430351028
0.53194955422891
0.5903560280455685
0.5147562553416528
0.578327047798886
0.5575634812853413
0.43823692950729976
0.5319087910082227
0.5285661366484763
0.5950188523773785
0.5597546211611366
0.5951240424029312
0.5419936855685306
0.5824219315869429
0.536140356929387
0.522263385456162
0.5652857785023352
0.6123947740516629
0.5903498884458939
0.5746971416108121
0.4973047244827734
0.5119238098301754
0.6236191184705082
0.5701663109712625
0.5309491769469269
0.5672293357790934
0.5833503764280036
0.5448364963125767
0.6253601090026282
0.4973288865552485
0.5523118557245599
0.6380317993872503
0.5174861453926725
0.6234666959273142
0.567146668142904
0.6106911350524608
0.514467945159762
0.5595603985110387
0.4836925611021974
0.5354342392434313
0.5569501148157894
0.615483676267156
0.5350494411119586
0.579404045329511
0.6003074324682883
0.6181815925204912
0.5927341564689133
0.579750008771093
0.5598336554672099
0.49308707118456374
0.5622180251414938
0.4893865920367848
0.6008647786491413
0.5737337074000486
0.5793482418719349
0.5844023967471814
0.622958769585626
0.5785555545672022
0.5084744355312883
0.5869911557225465
0.530106285128608
0.6117453631057567
0.5716527765412911
0.5895062032708119
0.5945462949905393
0.5309216464088528
0.5554203200371027
0.6451688938787691
0.5371749937760514
0.551616306148859
0.5739915655871638
0.6304608119043679
0.572658706864735
0.6096223905015039
0.4586252544908807
0.5567017587918992
0.5171557374838536
0.607657355524917
0.43950010968123265
0.5894240364831215
0.6116726700617062
0.5229270009135137
0.4816477608488683
0.6171382952970442
0.4696785829435023
0.639053140114294
0.5601328871559191
0.4990631270538096
0.6259491881715318
0.5618448988303276
0.5790523181001659
0.5554035216367688
0.549720400546285
0.6542356124125496
0.5436490964903757
0.6738480129517859
0.5053912942860298
0.5113657613096003
0.5448038598411828
0.6104222949136859
0.6206990010039047
0.6030103730337515
0.6106372118844969
0.5705712757948072
0.6356647199470599
0.5024951533069678
0.46975182540018123
0.5763097973745677
0.5178750729176247
0.631085679189445
0.5055325450251773
0.5309306925061636
0.578253284089357
0.673079855153235
0.5590643775201604
0.39593259049258256
0.6861542913813978
0.6107878493654393
0.6121753668996883
0.5797607252889014
0.5687491280555358
0.5758497193738271
0.5295678588202901
0.5801284146131815
0.6445209535599039
0.5225345782973545
0.5440703947676482
0.5667670524935922
0.5274791706903016
0.5823676491196831
0.534679793015238
0.5436940755067146
0.5442214682502021
0.49445109437034235
0.5521141228390541
0.5988409162700601
0.5641158200297828
0.587525156974904
0.6209303329149619
0.5436676944254326
0.5285590433315174
0.6063749564376676
0.4865771022935979
0.5348207459508687
0.5694071250247029
0.5112678701054738
0.5434254387933994
0.512851972206824
0.6265425979565046
0.5533516500028702
0.5200265296094777
0.5984494422374315
0.5539981566560923
0.5436440113528995
0.6279541026401576
0.6189819921837225
0.5451732348103006
0.555596582445563
0.5467213705833186
0.5193752906232544
0.5539776903979879
0.5887920853376609
0.5807959447292932
0.5154055283842239
0.5829653836332722
0.5798141527777892
0.41213018382482114
0.5690893822541991
0.6126723725760449
0.5925729183601164
0.5724191165225634
0.46848456322788534
0.5652078113598353
0.5863012299373676
0.4507193053086619
0.5044721395593936
0.6161684034632603
0.5872626095500945
0.6167347105266274
0.5121703097012765
0.6441782132902003
0.5943320957080239
0.5915088507013511
0.5352965586359804
0.5811981132558057
0.5415399313747075
0.638522085865926
0.6329213726710227
0.633372070708235
0.6296923486015784
0.6428624544531574
0.6699463941344167
0.534516062487151
0.4399008337971311
0.5338939709451752
0.5583774635638791
0.6188124441096964
0.5733043310071443
0.49835610459825946
0.5864919724314538
0.49183958221253354
0.5782994627782374
0.5960885813800516
0.5136484568471001
0.5319743966169541
0.606661368089706
0.5827851789440331
0.5393667732205687
0.5426871244623104
0.6100947326704349
0.5767862045173539
0.5985654887108596
0.6735369092834763
0.6906862453691547
0.538054154236524
0.6096741629422752
0.5648830439470859
0.5296638872491102
0.567171434653614
0.6419142386324734
0.48538060964235713
0.6044579493150101
0.5288458110480091
0.5413906290697796
0.5705750801381188
0.501078971352564
0.5319471262983948
0.5034455864779543
0.5922404941612986
0.4939826590519547
0.5205463482285907
0.5456917754193545
0.5215701697966744
0.5509874078110746
0.632052348777945
0.457554260437078
0.5255217542555363
0.6677571903270131
0.5190985075955652
0.6256125361064094
0.49541363149715123
0.6198920821343878
0.5518371038082621
0.5061222831569391
0.5656285441113426
0.5303464627370261
0.4211259433381027
0.5798505924036002
0.5309165372381275
0.504432040126175
0.5122539808437384
0.5012493659631864
0.5170169845560273
0.5154279781567339
0.5769052335866253
0.5694509647976219
0.5824467527182676
0.46051799320824727
0.5969771570271101
0.525043051314444
0.5627354493979171
0.6426088744755459
0.6096564620326606
0.5332411587092036
0.5768266562043525
0.5734232790483498
0.6445622738480262
0.5512429545260804
0.6197088738794531
0.5747080507161217
0.592369469044275
0.5864352145801469
0.576249236037115
0.5623701073235648
0.5594379450563167
0.613873686416365
0.6225978255361182
0.5314907422582212
0.48322476378968227
0.5739766652518683
0.5567542768613959
0.6070873977533147
0.5953346708742884
0.5876620557309042
0.5247724841449195
0.6106012999424233
0.6466158426906694
0.4705490022087654
0.4856583724932557
0.49855085930777043
0.5715319443569762
0.5555245138097524
0.5526610835587665
0.6197567684172057
0.5582290759588635
0.5743781517088511
0.577994600163679
0.5855430768587127
0.5720282372178283
0.6129670590196187
0.5939823990290933
0.5073992286948729
0.5357508419158585
0.6143293764011554
0.5830760141319902
0.5575750171932358
