0.4791666666666667
0.48750000000000004
0.5083333333333333
0.49999999999999994
0.4291666666666667
0.4583333333333333
0.5625
0.4708333333333334
0.4708333333333333
0.49166666666666664
0.4458333333333333
0.475
0.55
0.43750000000000006
0.4958333333333333
0.5
0.5125
0.5166666666666666
0.46249999999999997
0.5458333333333333
0.5208333333333334
0.5166666666666667
0.5333333333333334
0.47916666666666663
0.46249999999999997
0.525
0.5208333333333334
0.4791666666666667
0.5833333333333334
0.5375
0.44166666666666665
0.5375
0.5458333333333333
0.5874999999999999
0.4708333333333334
0.5291666666666667
0.5125
0.4375
0.4583333333333333
0.5041666666666667
0.4666666666666667
0.48750000000000004
0.575
0.43750000000000006
0.5
0.5208333333333334
0.5166666666666667
0.45416666666666666
0.5125
0.4083333333333334
0.48750000000000004
0.5291666666666667
0.5166666666666667
0.5
0.4916666666666667
0.5166666666666667
0.5458333333333334
0.475
0.5083333333333333
0.4916666666666667
0.5041666666666668
0.5375
0.46249999999999997
0.575
0.49583333333333335
0.5166666666666666
0.5458333333333334
0.4791666666666667
0.525
0.48750000000000004
0.5125
0.46666666666666673
0.4833333333333334
0.5583333333333333
0.5375
0.45833333333333337
0.5375
0.45416666666666666
0.5166666666666666
0.47500000000000003
0.47500000000000003
0.46249999999999997
0.4625
0.5375000000000001
0.5208333333333334
0.525
0.5375
0.5166666666666667
0.5
0.4083333333333334
0.49999999999999994
0.4833333333333333
0.45000000000000007
0.4708333333333334
0.5166666666666667
0.48750000000000004
0.5041666666666667
0.47916666666666663
0.6291666666666667
0.5249999999999999
0.5624999999999999
0.5666666666666668
0.5166666666666667
0.49166666666666664
0.48750000000000004
0.5833333333333334
0.4958333333333333
0.5208333333333334
0.49999999999999994
0.5166666666666667
0.4583333333333333
0.5041666666666667
0.44166666666666665
0.4833333333333334
0.49583333333333335
0.4708333333333334
0.4708333333333333
0.5291666666666667
0.43333333333333335
0.4625
0.47500000000000003
0.5041666666666667
0.5874999999999999
0.5
0.49583333333333335
0.5833333333333333
0.4541666666666667
0.5041666666666667
0.5041666666666667
0.5291666666666667
0.5458333333333333
0.4125
0.5125000000000001
0.475
0.48750000000000004
0.5791666666666666
0.5458333333333333
0.47916666666666663
0.4666666666666667
0.5208333333333334
0.5375
0.48750000000000004
0.5375
0.47916666666666663
0.5083333333333333
0.5333333333333333
0.46666666666666673
0.5583333333333333
0.4458333333333333
0.5166666666666667
0.49583333333333335
0.475
0.4708333333333333
0.5125
0.5291666666666667
0.5375
0.5166666666666666
0.5583333333333333
0.4708333333333334
0.45
0.5375
0.48750000000000004
0.5458333333333333
0.5291666666666667
0.5125
0.5208333333333334
0.5291666666666667
0.5125
0.5458333333333333
0.4833333333333334
0.55
0.5291666666666667
0.49166666666666664
0.5541666666666666
0.5916666666666667
0.5291666666666667
0.44999999999999996
0.4208333333333334
0.5125000000000001
0.49999999999999994
0.5166666666666667
0.4708333333333333
0.49583333333333335
0.47500000000000003
0.5666666666666668
0.5416666666666666
0.5083333333333333
0.4541666666666667
0.5708333333333334
0.5375
0.5541666666666667
0.48750000000000004
0.4833333333333333
0.42916666666666664
0.5583333333333332
0.5041666666666667
0.5458333333333333
0.46666666666666673
0.4875
0.4708333333333334
0.4875
0.48749999999999993
0.5125
0.4791666666666667
0.5041666666666668
0.5125
0.47916666666666663
0.425
0.5083333333333333
0.49999999999999994
0.45
0.4666666666666667
0.475
0.4583333333333333
0.43333333333333335
0.5875
0.3666666666666667
0.4541666666666667
0.475
0.5375
0.5083333333333333
0.5416666666666666
0.43333333333333335
0.4583333333333333
0.43333333333333335
0.5083333333333333
0.5208333333333334
0.5333333333333333
0.5541666666666666
0.5333333333333333
0.4291666666666667
0.5541666666666667
0.4833333333333333
0.4958333333333333
0.47916666666666663
0.5125
0.475
0.48750000000000004
0.4458333333333333
0.55
0.45416666666666666
0.5166666666666667
0.4666666666666667
0.4791666666666667
0.5333333333333333
0.55
0.4958333333333333
0.5458333333333333
0.44583333333333336
0.525
0.4791666666666667
0.5875
0.43750000000000006
0.4833333333333334
0.4375
0.5375
0.5
0.5166666666666667
0.5083333333333333
0.47500000000000003
0.4541666666666667
0.46249999999999997
0.525
0.4625
0.5458333333333333
0.4958333333333333
0.5166666666666667
0.47500000000000003
0.4708333333333333
0.4666666666666667
0.525
0.5125000000000001
0.4916666666666667
0.5291666666666667
0.5375
0.5416666666666666
0.43750000000000006
0.5708333333333333
0.49999999999999994
0.4
0.5083333333333333
0.5416666666666666
0.45416666666666666
0.47500000000000003
0.55
0.5083333333333333
0.44999999999999996
0.47916666666666663
0.525
0.5458333333333333
0.5166666666666667
0.5249999999999999
0.43333333333333335
0.49999999999999994
0.5125
0.5625
0.47916666666666663
0.4666666666666667
0.49166666666666664
0.475
0.5416666666666666
0.5208333333333334
0.5125
0.5166666666666667
0.4625
0.42916666666666664
0.4916666666666667
0.46666666666666673
0.5249999999999999
0.45416666666666666
0.525
0.44999999999999996
0.47916666666666663
0.4583333333333333
0.5083333333333333
0.5625
0.4541666666666667
0.5
0.4125
0.5333333333333333
0.5125
0.5083333333333333
0.4916666666666667
0.5166666666666667
0.4083333333333334
0.5125
0.49583333333333335
0.4958333333333333
0.44999999999999996
0.4916666666666667
0.5208333333333334
0.45000000000000007
0.55
0.5166666666666667
0.43750000000000006
0.5416666666666666
0.525
0.5416666666666666
0.5458333333333333
0.5333333333333333
0.45833333333333337
0.5375
0.5125
0.5041666666666667
0.525
0.47916666666666663
0.5
0.45416666666666666
0.5874999999999999
0.5208333333333334
0.5333333333333333
0.47500000000000003
0.4583333333333333
0.5375
0.4458333333333333
0.425
0.6166666666666667
0.4666666666666667
0.5083333333333333
0.4375
0.5166666666666667
0.47500000000000003
0.4625
0.475
0.45416666666666666
0.46249999999999997
0.5791666666666667
0.5208333333333334
0.5
0.5166666666666667
0.4916666666666667
0.5291666666666667
0.6
0.5833333333333334
0.55
0.4791666666666667
0.49999999999999994
0.4625
0.5416666666666666
0.5041666666666667
0.5333333333333333
0.5125
0.5125
0.5083333333333334
0.45833333333333337
0.5666666666666668
0.5083333333333333
0.5125
0.44166666666666665
0.5333333333333334
0.5125
0.5333333333333334
0.4875
0.5458333333333333
0.5083333333333333
0.5375
0.5625
0.5875
0.5416666666666666
0.4708333333333334
0.5625
0.4875
0.475
0.4916666666666667
0.4708333333333333
0.48333333333333334
0.45
0.4833333333333333
0.5416666666666666
0.4375
0.48750000000000004
0.4458333333333333
0.5041666666666667
0.5583333333333332
0.47916666666666663
0.4875
0.5416666666666666
0.5083333333333333
0.4958333333333333
0.45833333333333337
0.43750000000000006
0.4708333333333333
0.49166666666666664
0.5
0.5125
0.4958333333333333
0.4791666666666667
0.49999999999999994
0.4583333333333333
0.43750000000000006
0.46249999999999997
0.47500000000000003
0.575
0.46249999999999997
0.4833333333333334
0.48750000000000004
0.4833333333333333
0.5458333333333333
0.5291666666666667
0.575
0.44166666666666665
0.5166666666666667
0.5249999999999999
0.45000000000000007
0.6000000000000001
0.575
0.4541666666666667
0.4708333333333333
0.49166666666666664
0.4166666666666667
0.47500000000000003
0.43750000000000006
0.5291666666666667
0.4791666666666667
0.4833333333333333
0.49583333333333335
0.4916666666666667
0.4708333333333334
0.4708333333333333
0.4958333333333333
0.5
0.4958333333333333
0.48750000000000004
0.45
0.5083333333333333
0.5
0.5083333333333333
0.43750000000000006
0.4708333333333334
0.43333333333333335
0.4791666666666667
0.4708333333333334
0.4458333333333333
0.4
0.5249999999999999
0.42916666666666664
0.5624999999999999
0.5458333333333334
0.5291666666666667
0.4708333333333333
0.5249999999999999
0.4791666666666667
0.5541666666666667
0.475
0.5375
0.5125000000000001
0.5166666666666667
0.4583333333333333
0.44999999999999996
0.5958333333333333
0.575
0.5333333333333334
0.5041666666666668
0.5541666666666666
0.5125
0.46249999999999997
0.5125
0.5
0.4833333333333334
0.5333333333333334
