0.18518518518518517
0.17045454545454544
0.20454545454545456
0.16853932584269662
0.15853658536585366
0.1411764705882353
0.14423076923076922
0.20987654320987653
0.14814814814814814
0.1791044776119403
0.15841584158415842
0.14432989690721648
0.16091954022988506
0.13793103448275862
0.15463917525773196
0.20833333333333334
0.22535211267605634
0.17647058823529413
0.1686746987951807
0.13793103448275862
0.17647058823529413
0.17045454545454544
0.22857142857142856
0.19767441860465115
0.19444444444444445
0.17204301075268819
0.19480519480519481
0.17721518987341772
0.14772727272727273
0.21052631578947367
0.16853932584269662
0.13402061855670103
0.20588235294117646
0.1625
0.13761467889908258
0.17777777777777778
0.18181818181818182
0.16494845360824742
0.15384615384615385
0.15853658536585366
0.15151515151515152
0.16666666666666666
0.17204301075268819
0.1485148514851485
0.22580645161290322
0.189873417721519
0.17857142857142858
0.1650485436893204
0.1595744680851064
0.19117647058823528
0.16842105263157894
0.17857142857142858
0.15789473684210525
0.16666666666666666
0.16470588235294117
0.16091954022988506
0.1414141414141414
0.1794871794871795
0.16091954022988506
0.1744186046511628
0.1827956989247312
0.16049382716049382
0.18840579710144928
0.13725490196078433
0.17647058823529413
0.17142857142857143
0.1891891891891892
0.21333333333333335
0.1566265060240964
0.1724137931034483
0.19718309859154928
0.16455696202531644
0.17045454545454544
0.16129032258064516
0.18181818181818182
0.16
0.16091954022988506
0.16129032258064516
0.1891891891891892
0.16279069767441862
0.16666666666666666
0.17647058823529413
0.22580645161290322
0.1891891891891892
0.15217391304347827
0.17857142857142858
0.14285714285714285
0.15
0.15555555555555556
0.1744186046511628
0.1891891891891892
0.17777777777777778
0.16049382716049382
0.20512820512820512
0.15841584158415842
0.2112676056338028
0.1566265060240964
0.189873417721519
0.16129032258064516
0.16326530612244897
0.15053763440860216
0.16666666666666666
0.19444444444444445
0.16279069767441862
0.1728395061728395
0.1794871794871795
0.14893617021276595
0.14736842105263157
0.18181818181818182
0.18666666666666668
0.17857142857142858
0.15625
0.1702127659574468
0.14130434782608695
0.17647058823529413
0.20270270270270271
0.1724137931034483
0.19753086419753085
0.17105263157894737
0.1728395061728395
0.1686746987951807
0.16666666666666666
0.1326530612244898
0.16483516483516483
0.1368421052631579
0.16279069767441862
0.18666666666666668
0.1744186046511628
0.19696969696969696
0.17
0.16494845360824742
0.17142857142857143
0.2318840579710145
0.16049382716049382
0.18604651162790697
0.20512820512820512
0.1686746987951807
0.18604651162790697
0.16279069767441862
0.20253164556962025
0.16091954022988506
0.14285714285714285
0.14130434782608695
0.17045454545454544
0.1744186046511628
0.1518987341772152
0.15730337078651685
0.18055555555555555
0.19767441860465115
0.19230769230769232
0.2073170731707317
0.1728395061728395
0.1728395061728395
0.18072289156626506
0.16304347826086957
0.18421052631578946
0.1797752808988764
0.21739130434782608
0.2
0.16666666666666666
0.16091954022988506
0.2
0.14893617021276595
0.14457831325301204
0.15853658536585366
0.1917808219178082
0.14772727272727273
0.14457831325301204
0.17567567567567569
0.1797752808988764
0.14102564102564102
0.1875
0.22727272727272727
0.17777777777777778
0.189873417721519
0.16666666666666666
0.2222222222222222
0.18181818181818182
0.20833333333333334
0.16161616161616163
0.18823529411764706
0.20588235294117646
0.18823529411764706
0.19230769230769232
0.19767441860465115
0.14942528735632185
0.17777777777777778
0.1875
0.1951219512195122
0.18604651162790697
0.1744186046511628
0.17647058823529413
0.1717171717171717
0.1566265060240964
0.175
0.13541666666666666
0.18072289156626506
0.14606741573033707
0.13829787234042554
0.175
0.18604651162790697
0.16666666666666666
0.15476190476190477
0.13186813186813187
0.16129032258064516
0.21794871794871795
0.15476190476190477
0.18888888888888888
0.2
0.15306122448979592
0.16091954022988506
0.16494845360824742
0.18181818181818182
0.1590909090909091
0.16091954022988506
0.1686746987951807
0.1728395061728395
0.1566265060240964
0.19117647058823528
0.17647058823529413
0.15476190476190477
0.16161616161616163
0.15789473684210525
0.19318181818181818
0.189873417721519
0.1643835616438356
0.17525773195876287
0.175
0.15217391304347827
0.1780821917808219
0.19444444444444445
0.17647058823529413
0.16470588235294117
0.15053763440860216
0.1951219512195122
0.17204301075268819
0.1590909090909091
0.1724137931034483
0.17073170731707318
0.16666666666666666
0.16161616161616163
0.16666666666666666
0.17721518987341772
0.2073170731707317
0.15463917525773196
0.17307692307692307
0.24193548387096775
0.1744186046511628
0.1686746987951807
0.1506849315068493
0.15730337078651685
0.20238095238095238
0.17647058823529413
0.17525773195876287
0.12903225806451613
0.14423076923076922
0.19101123595505617
0.24561403508771928
0.14634146341463414
0.18055555555555555
0.19753086419753085
0.21951219512195122
0.22077922077922077
0.13829787234042554
0.20454545454545456
0.16091954022988506
0.16666666666666666
0.21428571428571427
0.16666666666666666
0.18604651162790697
0.14
0.13402061855670103
0.1791044776119403
0.14150943396226415
0.16455696202531644
0.1595744680851064
0.17142857142857143
0.16
0.1590909090909091
0.17105263157894737
0.18181818181818182
0.19047619047619047
0.1797752808988764
0.15053763440860216
0.16483516483516483
0.16455696202531644
0.1724137931034483
0.17647058823529413
0.19767441860465115
0.2
0.14457831325301204
0.17391304347826086
0.2542372881355932
0.14130434782608695
0.18085106382978725
0.15555555555555556
0.20588235294117646
0.18604651162790697
0.13829787234042554
0.14130434782608695
0.1794871794871795
0.17582417582417584
0.15306122448979592
0.19753086419753085
0.17777777777777778
0.1917808219178082
0.18823529411764706
0.17582417582417584
0.16483516483516483
0.1794871794871795
0.16666666666666666
0.16853932584269662
0.18947368421052632
0.20967741935483872
0.18181818181818182
0.15789473684210525
0.1839080459770115
0.14285714285714285
0.16666666666666666
0.15476190476190477
0.12962962962962962
0.2
0.1875
0.14130434782608695
0.125
0.20253164556962025
0.15294117647058825
0.17708333333333334
0.18604651162790697
0.175
0.15625
0.1724137931034483
0.2
0.15476190476190477
0.21794871794871795
0.1875
0.2028985507246377
0.1625
0.15217391304347827
0.1728395061728395
0.1839080459770115
0.16494845360824742
0.15217391304347827
0.22058823529411764
0.16455696202531644
0.1595744680851064
0.18309859154929578
0.16883116883116883
0.19736842105263158
0.19230769230769232
0.1797752808988764
0.18604651162790697
0.1827956989247312
0.2
0.1523809523809524
0.15853658536585366
0.1744186046511628
0.18518518518518517
0.1506849315068493
0.1590909090909091
0.14130434782608695
0.22388059701492538
0.2857142857142857
0.20512820512820512
0.1566265060240964
0.1686746987951807
0.1839080459770115
0.14736842105263157
0.15384615384615385
0.1875
0.1511627906976744
0.15625
0.17582417582417584
0.17333333333333334
0.1590909090909091
0.15217391304347827
0.17647058823529413
0.1728395061728395
0.14814814814814814
0.17333333333333334
0.18666666666666668
0.17708333333333334
0.1891891891891892
0.1686746987951807
0.19767441860465115
0.17721518987341772
0.14583333333333334
0.1917808219178082
0.189873417721519
0.16853932584269662
0.14772727272727273
0.2191780821917808
0.14583333333333334
0.18421052631578946
0.17045454545454544
0.17105263157894737
0.1927710843373494
0.21739130434782608
0.14563106796116504
0.16091954022988506
0.2077922077922078
0.2222222222222222
0.17857142857142858
0.16091954022988506
0.1650485436893204
0.14736842105263157
0.2711864406779661
0.16483516483516483
0.1566265060240964
0.17073170731707318
0.2535211267605634
0.2
0.1891891891891892
0.14432989690721648
0.23376623376623376
0.1590909090909091
0.1744186046511628
0.16161616161616163
0.14666666666666667
0.16161616161616163
0.16049382716049382
0.18181818181818182
0.13414634146341464
0.16883116883116883
0.19230769230769232
0.18181818181818182
0.1744186046511628
0.1595744680851064
0.16279069767441862
0.1744186046511628
0.2028985507246377
0.16666666666666666
0.19718309859154928
0.17073170731707318
0.14457831325301204
0.17647058823529413
0.17391304347826086
0.16666666666666666
0.16666666666666666
0.18085106382978725
0.14563106796116504
0.1595744680851064
0.20270270270270271
0.17333333333333334
0.19480519480519481
0.16666666666666666
0.22058823529411764
0.19718309859154928
0.14432989690721648
0.19047619047619047
0.23728813559322035
0.1744186046511628
0.1553398058252427
0.1728395061728395
0.16049382716049382
0.1717171717171717
0.15625
0.1724137931034483
0.16455696202531644
0.17073170731707318
0.20833333333333334
0.1794871794871795
0.19718309859154928
0.16129032258064516
0.16455696202531644
0.17045454545454544
0.17777777777777778
0.15555555555555556
0.1590909090909091
0.15730337078651685
0.18292682926829268
0.22857142857142856
0.1956521739130435
0.1744186046511628
0.16176470588235295
0.16470588235294117
0.20634920634920634
0.1780821917808219
0.17777777777777778
0.19402985074626866
0.16666666666666666
0.19402985074626866
0.21333333333333335
0.14423076923076922
0.15555555555555556
0.1797752808988764
0.16853932584269662
0.16279069767441862
0.15384615384615385
0.18072289156626506
0.16842105263157894
0.16304347826086957
0.1511627906976744
0.22857142857142856
0.16901408450704225
0.16279069767441862
0.1797752808988764
0.16853932584269662
0.14285714285714285
0.20253164556962025
