0.5306122448979592
0.3555555555555555
0.4528301886792453
0.27906976744186046
0.28
0.36363636363636365
0.5306122448979592
0.5106382978723405
0.4615384615384615
0.5
0.34615384615384615
0.37209302325581395
0.5
0.43478260869565216
0.3846153846153846
0.3508771929824561
0.37499999999999994
0.4
0.4545454545454545
0.5106382978723405
0.5106382978723405
0.3829787234042553
0.2916666666666667
0.6415094339622641
0.1951219512195122
0.33962264150943394
0.23809523809523808
0.5454545454545454
0.3043478260869565
0.2631578947368421
0.5238095238095238
0.3846153846153846
0.3555555555555555
0.3
0.2962962962962963
0.380952380952381
0.509090909090909
0.3928571428571428
0.4
0.4090909090909091
0.5106382978723405
0.5106382978723405
0.49056603773584906
0.44897959183673464
0.5517241379310344
0.5106382978723405
0.22727272727272724
0.4912280701754386
0.423076923076923
0.43478260869565216
0.3928571428571428
0.47619047619047616
0.42553191489361697
0.509090909090909
0.34146341463414637
0.32558139534883723
0.43478260869565216
0.41860465116279066
0.30769230769230765
0.5238095238095238
0.42553191489361697
0.4313725490196078
0.4166666666666667
0.37209302325581395
0.4827586206896552
0.3829787234042553
0.4827586206896552
0.41509433962264153
0.4
0.33333333333333337
0.36363636363636365
0.4814814814814815
0.28571428571428575
0.3913043478260869
0.423076923076923
0.4000000000000001
0.3913043478260869
0.3555555555555555
0.3555555555555555
0.3478260869565218
0.1951219512195122
0.43478260869565216
0.3673469387755102
0.4
0.41025641025641024
0.3928571428571428
0.5283018867924527
0.5185185185185186
0.28571428571428575
0.25
0.5660377358490566
0.28571428571428575
0.2978723404255319
0.4090909090909091
0.3448275862068965
0.5909090909090909
0.4081632653061224
0.6222222222222223
0.5
0.5
0.21621621621621623
0.45833333333333326
0.4444444444444444
0.44897959183673464
0.3902439024390244
0.33962264150943394
0.509090909090909
0.42553191489361697
0.4081632653061224
0.3809523809523809
0.4081632653061224
0.43478260869565216
0.523076923076923
0.5172413793103449
0.25
0.4888888888888889
0.56
0.21621621621621623
0.31111111111111117
0.47826086956521735
0.33333333333333337
0.3555555555555555
0.48
0.3673469387755102
0.4090909090909091
0.3043478260869565
0.5833333333333334
0.5
0.4615384615384615
0.3272727272727273
0.4444444444444444
0.42553191489361697
0.4
0.34146341463414637
0.41860465116279066
0.5116279069767441
0.4444444444444444
0.28571428571428575
0.32558139534883723
0.35897435897435903
0.4313725490196078
0.4
0.36000000000000004
0.27450980392156865
0.39215686274509803
0.4
0.326530612244898
0.33333333333333337
0.31578947368421056
0.30769230769230765
0.26666666666666666
0.43478260869565216
0.3928571428571428
0.31111111111111117
0.33333333333333337
0.3913043478260869
0.4090909090909091
0.36000000000000004
0.4090909090909091
0.44067796610169496
0.39215686274509803
0.4878048780487804
0.3478260869565218
0.4814814814814815
0.31578947368421056
0.45833333333333326
0.5777777777777778
0.2631578947368421
0.3829787234042553
0.4166666666666667
0.41860465116279066
0.33333333333333326
0.5
0.41860465116279066
0.5199999999999999
0.5
0.5714285714285714
0.43999999999999995
0.35
0.2564102564102564
0.5283018867924527
0.43999999999999995
0.3846153846153846
0.34146341463414637
0.5
0.4444444444444444
0.31111111111111117
0.3137254901960784
0.47058823529411764
0.2857142857142857
0.4897959183673469
0.5517241379310344
0.5116279069767441
0.3913043478260869
0.34146341463414637
0.36666666666666664
0.5098039215686274
0.26086956521739135
0.2978723404255319
0.37499999999999994
0.5614035087719299
0.31111111111111117
0.3478260869565218
0.26086956521739135
0.4888888888888889
0.31578947368421056
0.43478260869565216
0.3529411764705882
0.37209302325581395
0.3478260869565218
0.3673469387755102
0.33333333333333337
0.588235294117647
0.3846153846153846
0.37209302325581395
0.4897959183673469
0.4090909090909091
0.47826086956521735
0.47826086956521735
0.5106382978723405
0.47826086956521735
0.4313725490196078
0.5384615384615385
0.33333333333333337
0.36363636363636365
0.5909090909090909
0.5416666666666666
0.43999999999999995
0.47058823529411764
0.3846153846153846
0.4363636363636364
0.32558139534883723
0.37499999999999994
0.5581395348837209
0.4
0.25
0.37209302325581395
0.4444444444444444
0.4545454545454545
0.4363636363636364
0.45161290322580644
0.36363636363636365
0.4888888888888889
0.5
0.4444444444444444
0.4615384615384615
0.4545454545454545
0.38596491228070173
0.5416666666666666
0.34146341463414637
0.45000000000000007
0.4888888888888889
0.31578947368421056
0.47826086956521735
0.23809523809523808
0.5588235294117647
0.4
0.4444444444444444
0.5
0.41860465116279066
0.3913043478260869
0.32558139534883723
0.4545454545454545
0.4888888888888889
0.5
0.33333333333333337
0.42553191489361697
0.4074074074074074
0.5
0.41860465116279066
0.3684210526315789
0.3829787234042553
0.4000000000000001
0.43749999999999994
0.4912280701754386
0.49056603773584906
0.3829787234042553
0.2909090909090909
0.35897435897435903
0.42553191489361697
0.4166666666666667
0.3846153846153846
0.3809523809523809
0.423076923076923
0.509090909090909
0.5
0.5
0.44897959183673464
0.4
0.5106382978723405
0.45833333333333326
0.4
0.26666666666666666
0.5714285714285714
0.2909090909090909
0.34146341463414637
0.3846153846153846
0.3478260869565218
0.3902439024390244
0.4081632653061224
0.33333333333333337
0.3913043478260869
0.4210526315789474
0.42553191489361697
0.3673469387755102
0.588235294117647
0.5652173913043479
0.4285714285714285
0.29268292682926833
0.33333333333333337
0.3913043478260869
0.576923076923077
0.47457627118644075
0.35
0.35897435897435903
0.36666666666666664
0.47826086956521735
0.4166666666666667
0.3555555555555555
0.3555555555555555
0.34285714285714286
0.423076923076923
0.36000000000000004
0.45833333333333326
0.47058823529411764
0.3829787234042553
0.5217391304347827
0.36363636363636365
0.41860465116279066
0.47619047619047616
0.33333333333333337
0.2916666666666667
0.5106382978723405
0.3809523809523809
0.5614035087719299
0.4444444444444444
0.3913043478260869
0.5
0.32558139534883723
0.4615384615384615
0.5306122448979592
0.3181818181818182
0.33333333333333337
0.4090909090909091
0.23809523809523808
0.5
0.47826086956521735
0.423076923076923
0.41860465116279066
0.46808510638297873
0.33962264150943394
0.5490196078431373
0.5384615384615385
0.45833333333333326
0.43478260869565216
0.31111111111111117
0.3673469387755102
0.423076923076923
0.5306122448979592
0.4444444444444445
0.5
0.3
0.29268292682926833
0.3137254901960784
0.36363636363636365
0.2631578947368421
0.3529411764705882
0.44067796610169496
0.45833333333333326
0.46808510638297873
0.5454545454545455
0.576923076923077
0.5652173913043479
0.4090909090909091
0.48
0.45833333333333326
0.4528301886792453
0.4444444444444444
0.33333333333333337
0.36363636363636365
0.47058823529411764
0.41509433962264153
0.4
0.35897435897435903
0.48
0.4
0.48
0.41860465116279066
0.29268292682926833
0.3181818181818182
0.32
0.3555555555555555
0.3404255319148936
0.4615384615384615
0.56
0.3404255319148936
0.36363636363636365
0.4888888888888889
0.4912280701754386
0.3913043478260869
0.5957446808510638
0.4081632653061224
0.4528301886792453
0.41860465116279066
0.5084745762711865
0.3928571428571428
0.1951219512195122
0.3913043478260869
0.28571428571428575
0.4285714285714285
0.5217391304347827
0.5833333333333334
0.3809523809523809
0.47826086956521735
0.5106382978723405
0.3555555555555555
0.5396825396825397
0.4615384615384615
0.36363636363636365
0.33333333333333337
0.3902439024390244
0.31578947368421056
0.34615384615384615
0.4166666666666667
0.4285714285714285
0.4615384615384615
0.31111111111111117
0.5573770491803278
0.4878048780487804
0.1111111111111111
0.5333333333333333
0.43478260869565216
0.47619047619047616
0.4
0.5416666666666666
0.3809523809523809
0.4528301886792453
0.4
0.44897959183673464
0.6071428571428571
0.49056603773584906
0.3478260869565218
0.4166666666666667
0.27272727272727276
0.36000000000000004
0.423076923076923
0.30769230769230765
0.2564102564102564
0.4074074074074074
0.37499999999999994
0.4081632653061224
0.34615384615384615
0.4528301886792453
0.4615384615384615
0.27450980392156865
0.2439024390243902
0.4166666666666667
0.41509433962264153
0.43999999999999995
0.5
0.35
0.5
0.5217391304347827
0.36363636363636365
0.29268292682926833
0.43333333333333335
0.4545454545454545
0.39215686274509803
0.2325581395348837
0.43999999999999995
0.30188679245283023
0.2439024390243902
0.4615384615384615
0.4074074074074074
0.4074074074074074
0.5116279069767441
0.37499999999999994
0.625
0.3809523809523809
0.3913043478260869
0.4545454545454545
0.4313725490196078
0.32558139534883723
0.5384615384615385
0.5
0.3928571428571428
0.42553191489361697
0.3181818181818182
0.4545454545454545
0.46808510638297873
0.3272727272727273
0.4
0.41509433962264153
0.41860465116279066
0.31578947368421056
0.47826086956521735
0.5
0.45901639344262296
0.5
0.5283018867924527
