0.5833333333333334
0.8
0.8
0.75
0.7333333333333333
0.6666666666666666
0.4782608695652174
0.625
0.7272727272727273
0.7142857142857143
0.625
0.4482758620689655
0.6470588235294118
0.6923076923076923
0.6666666666666666
1.0
0.7222222222222222
0.7857142857142857
0.7857142857142857
0.6666666666666666
0.7222222222222222
0.8
0.42105263157894735
0.8333333333333334
0.6
0.6923076923076923
0.631578947368421
0.6666666666666666
0.7333333333333333
0.7272727272727273
0.7647058823529411
0.6842105263157895
0.7272727272727273
0.6666666666666666
0.5789473684210527
0.5
0.7777777777777778
0.7
0.5
0.6428571428571429
0.7
0.5
0.8666666666666667
0.6153846153846154
0.631578947368421
0.7692307692307693
0.5789473684210527
0.7777777777777778
0.6111111111111112
0.75
0.9230769230769231
0.7142857142857143
0.65
0.7272727272727273
0.6153846153846154
0.9166666666666666
0.7272727272727273
0.6
0.8
0.4166666666666667
0.5714285714285714
0.7142857142857143
0.5238095238095238
0.6521739130434783
0.7777777777777778
0.7222222222222222
0.7692307692307693
0.8
0.7777777777777778
0.6111111111111112
0.875
0.8571428571428571
0.5
0.5625
0.8333333333333334
0.75
0.7
0.8461538461538461
0.6
0.5714285714285714
0.8125
0.75
0.6666666666666666
0.5555555555555556
0.6153846153846154
0.7058823529411765
0.7857142857142857
0.8125
0.7647058823529411
0.6
0.9090909090909091
0.6363636363636364
0.625
0.6666666666666666
0.7647058823529411
0.6666666666666666
0.75
0.7058823529411765
0.6153846153846154
0.6875
0.8333333333333334
0.6111111111111112
0.55
0.6666666666666666
0.8181818181818182
0.75
0.7272727272727273
0.8461538461538461
0.7857142857142857
0.9090909090909091
0.7142857142857143
0.7857142857142857
0.6666666666666666
0.7
1.0
0.7333333333333333
0.75
0.9
0.55
0.6923076923076923
0.4666666666666667
0.6428571428571429
0.6875
0.625
0.6111111111111112
0.6428571428571429
0.7692307692307693
0.6470588235294118
0.5714285714285714
0.5
0.7692307692307693
0.8181818181818182
0.6470588235294118
0.6363636363636364
0.55
0.5714285714285714
0.5
0.7058823529411765
0.6666666666666666
0.8888888888888888
0.6875
0.7058823529411765
0.7142857142857143
0.6428571428571429
0.8333333333333334
0.5263157894736842
0.6875
0.75
0.6666666666666666
0.631578947368421
0.5
0.5294117647058824
0.5
0.6470588235294118
0.7272727272727273
0.6923076923076923
0.6923076923076923
0.7777777777777778
0.5625
0.631578947368421
0.8125
0.6666666666666666
0.6923076923076923
0.7272727272727273
0.75
0.8333333333333334
0.7647058823529411
0.7692307692307693
0.8333333333333334
0.8571428571428571
0.7
0.6111111111111112
0.6428571428571429
0.6190476190476191
0.9
0.7
0.7692307692307693
0.8
0.8
0.8461538461538461
0.5384615384615384
0.5714285714285714
0.7647058823529411
0.5714285714285714
0.7333333333333333
0.6470588235294118
0.6
0.8333333333333334
0.7368421052631579
0.6470588235294118
0.8235294117647058
0.6086956521739131
0.5
0.5294117647058824
0.6153846153846154
0.7333333333333333
0.65
0.6666666666666666
0.5555555555555556
0.9230769230769231
0.6666666666666666
0.5238095238095238
0.75
0.75
0.8333333333333334
0.5263157894736842
0.7
0.7333333333333333
0.7272727272727273
0.8333333333333334
0.6666666666666666
0.8
0.65
0.8461538461538461
0.52
0.8181818181818182
0.8333333333333334
0.6923076923076923
0.55
0.6
0.6
0.6875
0.7222222222222222
0.6
0.5882352941176471
0.6
0.631578947368421
0.6428571428571429
0.9090909090909091
0.5384615384615384
0.5294117647058824
0.8125
0.6923076923076923
0.6190476190476191
0.7692307692307693
0.9090909090909091
0.5789473684210527
0.7058823529411765
0.6875
0.75
0.5294117647058824
0.6666666666666666
0.8571428571428571
0.5625
0.8125
0.6923076923076923
0.6666666666666666
0.8571428571428571
0.7777777777777778
0.4666666666666667
0.7
0.7333333333333333
0.5555555555555556
0.5789473684210527
0.5555555555555556
0.8235294117647058
0.7692307692307693
0.6842105263157895
0.8
0.42857142857142855
0.6666666666666666
0.5555555555555556
0.75
0.8181818181818182
0.7
0.6842105263157895
0.7333333333333333
0.7857142857142857
0.7857142857142857
0.6111111111111112
0.75
0.7333333333333333
0.5882352941176471
0.6470588235294118
0.6842105263157895
0.4444444444444444
0.6428571428571429
0.75
0.7857142857142857
0.8333333333333334
0.6086956521739131
0.7857142857142857
0.7058823529411765
0.5
0.6666666666666666
0.7142857142857143
0.7142857142857143
0.7368421052631579
0.75
0.6428571428571429
0.8
0.7333333333333333
0.5454545454545454
0.7333333333333333
0.5833333333333334
0.7647058823529411
1.0
0.7142857142857143
0.5652173913043478
0.4666666666666667
0.75
0.75
0.6666666666666666
0.65
0.5882352941176471
0.8461538461538461
0.7058823529411765
0.8571428571428571
0.75
0.6
0.7647058823529411
0.6521739130434783
0.8125
0.7272727272727273
0.7058823529411765
0.6363636363636364
0.7777777777777778
0.7142857142857143
0.7142857142857143
0.6875
0.5769230769230769
0.7692307692307693
0.6666666666666666
0.6666666666666666
0.6428571428571429
0.6428571428571429
0.6666666666666666
0.8461538461538461
0.5263157894736842
0.5263157894736842
0.5238095238095238
0.631578947368421
0.7692307692307693
0.6666666666666666
0.6111111111111112
0.875
0.8
0.7857142857142857
0.7272727272727273
0.6428571428571429
0.625
0.6666666666666666
0.6666666666666666
0.6842105263157895
0.6470588235294118
0.52
0.5714285714285714
0.6086956521739131
0.5263157894736842
0.8
0.8888888888888888
0.6470588235294118
0.56
0.631578947368421
0.5909090909090909
0.7272727272727273
0.6666666666666666
0.7142857142857143
0.7058823529411765
0.7058823529411765
0.6923076923076923
0.75
0.5714285714285714
0.6
0.8333333333333334
0.7692307692307693
0.6428571428571429
0.6111111111111112
0.6923076923076923
0.8333333333333334
0.6153846153846154
0.5238095238095238
0.6923076923076923
0.6428571428571429
0.6666666666666666
0.8666666666666667
0.7857142857142857
0.625
0.6875
0.5833333333333334
0.7777777777777778
0.5882352941176471
0.65
0.6842105263157895
0.5238095238095238
0.8181818181818182
0.7333333333333333
0.7692307692307693
0.6666666666666666
0.7857142857142857
0.6666666666666666
0.6428571428571429
0.6875
0.75
0.5882352941176471
0.6153846153846154
0.48
0.5263157894736842
0.7272727272727273
0.6470588235294118
0.8333333333333334
0.8
0.7777777777777778
0.5925925925925926
0.6111111111111112
0.625
0.7647058823529411
0.7777777777777778
0.55
0.5714285714285714
0.9166666666666666
0.75
0.5789473684210527
0.7857142857142857
0.5
0.6842105263157895
0.6
0.6923076923076923
0.625
0.5555555555555556
0.9230769230769231
0.8571428571428571
0.5263157894736842
0.6875
0.7058823529411765
0.6428571428571429
0.8
0.5882352941176471
0.7
0.6923076923076923
0.6842105263157895
0.6521739130434783
0.9
0.8571428571428571
0.6428571428571429
0.8571428571428571
0.5
0.7142857142857143
0.6
1.0
0.8333333333333334
0.6190476190476191
0.8666666666666667
0.5
0.6428571428571429
0.75
0.7142857142857143
0.6875
0.6470588235294118
0.8461538461538461
0.75
0.7272727272727273
0.6875
0.8333333333333334
0.6666666666666666
0.75
0.8461538461538461
0.8461538461538461
0.6428571428571429
0.7857142857142857
0.8
0.7058823529411765
0.631578947368421
0.7333333333333333
0.7272727272727273
0.7647058823529411
0.7
0.6428571428571429
0.7058823529411765
0.6666666666666666
0.8181818181818182
0.8571428571428571
0.7142857142857143
0.8888888888888888
0.7058823529411765
0.6111111111111112
0.75
0.7692307692307693
0.8461538461538461
0.7142857142857143
0.8461538461538461
1.0
0.47058823529411764
0.5833333333333334
0.6363636363636364
0.9090909090909091
0.75
0.7142857142857143
0.7222222222222222
0.5882352941176471
0.6923076923076923
0.7222222222222222
0.7777777777777778
0.6111111111111112
0.7857142857142857
0.6428571428571429
0.6
0.7142857142857143
0.7692307692307693
0.631578947368421
