0.17142857142857143
0.21875
0.225
0.16129032258064516
0.20512820512820512
0.26666666666666666
0.19444444444444445
0.23076923076923078
0.15625
0.16129032258064516
0.36666666666666664
0.16129032258064516
0.28125
0.13793103448275862
0.10256410256410256
0.16
0.35714285714285715
0.1935483870967742
0.25
0.22580645161290322
0.0
0.1935483870967742
0.2
0.22727272727272727
0.3125
0.25
0.1724137931034483
0.32142857142857145
0.15625
0.15151515151515152
0.12903225806451613
0.06451612903225806
0.2222222222222222
0.1724137931034483
0.2
0.27586206896551724
0.11764705882352941
0.2857142857142857
0.16666666666666666
0.23529411764705882
0.17391304347826086
0.25925925925925924
0.21621621621621623
0.09375
0.34615384615384615
0.21621621621621623
0.2413793103448276
0.2413793103448276
0.20833333333333334
0.18181818181818182
0.20930232558139536
0.16666666666666666
0.21212121212121213
0.23529411764705882
0.16
0.3076923076923077
0.22580645161290322
0.0967741935483871
0.15625
0.15625
0.15789473684210525
0.17142857142857143
0.11428571428571428
0.3055555555555556
0.12195121951219512
0.13636363636363635
0.2962962962962963
0.1935483870967742
0.1891891891891892
0.18181818181818182
0.25
0.23333333333333334
0.2727272727272727
0.17647058823529413
0.23076923076923078
0.07142857142857142
0.3076923076923077
0.17647058823529413
0.08
0.21739130434782608
0.2413793103448276
0.18181818181818182
0.07142857142857142
0.22580645161290322
0.16
0.07407407407407407
0.25
0.21428571428571427
0.3333333333333333
0.28125
0.11764705882352941
0.19444444444444445
0.3333333333333333
0.0625
0.17647058823529413
0.20689655172413793
0.2
0.2
0.2926829268292683
0.2222222222222222
0.25
0.18181818181818182
0.21428571428571427
0.12
0.2962962962962963
0.23529411764705882
0.1388888888888889
0.12903225806451613
0.25
0.23529411764705882
0.21428571428571427
0.21428571428571427
0.24
0.23076923076923078
0.1875
0.17857142857142858
0.3142857142857143
0.2222222222222222
0.2608695652173913
0.25
0.23333333333333334
0.3333333333333333
0.25
0.18518518518518517
0.2692307692307692
0.16666666666666666
0.12
0.20588235294117646
0.2
0.14285714285714285
0.2916666666666667
0.21212121212121213
0.2222222222222222
0.2702702702702703
0.2903225806451613
0.25925925925925924
0.26666666666666666
0.16666666666666666
0.14285714285714285
0.14285714285714285
0.2857142857142857
0.23333333333333334
0.25
0.2222222222222222
0.2857142857142857
0.13636363636363635
0.34615384615384615
0.3225806451612903
0.36666666666666664
0.08571428571428572
0.20689655172413793
0.25
0.24
0.25
0.1891891891891892
0.2727272727272727
0.1388888888888889
0.1935483870967742
0.10714285714285714
0.19230769230769232
0.23333333333333334
0.08695652173913043
0.32142857142857145
0.19230769230769232
0.2222222222222222
0.3076923076923077
0.16
0.25
0.125
0.22857142857142856
0.16666666666666666
0.1935483870967742
0.17142857142857143
0.23809523809523808
0.21875
0.15151515151515152
0.17647058823529413
0.22580645161290322
0.23333333333333334
0.2916666666666667
0.2
0.2222222222222222
0.22580645161290322
0.25
0.2916666666666667
0.19230769230769232
0.2727272727272727
0.3684210526315789
0.21428571428571427
0.3
0.14814814814814814
0.23255813953488372
0.25
0.32
0.06896551724137931
0.043478260869565216
0.05263157894736842
0.0967741935483871
0.17857142857142858
0.2962962962962963
0.16666666666666666
0.2962962962962963
0.25
0.1111111111111111
0.22580645161290322
0.16666666666666666
0.16666666666666666
0.25925925925925924
0.20833333333333334
0.25
0.23529411764705882
0.17857142857142858
0.21739130434782608
0.30434782608695654
0.2222222222222222
0.25925925925925924
0.14285714285714285
0.24242424242424243
0.19230769230769232
0.26666666666666666
0.17647058823529413
0.1724137931034483
0.2222222222222222
0.12121212121212122
0.11538461538461539
0.1935483870967742
0.36
0.21875
0.21875
0.1935483870967742
0.21875
0.20689655172413793
0.0625
0.34375
0.14285714285714285
0.2727272727272727
0.23255813953488372
0.2
0.21875
0.24
0.2857142857142857
0.24324324324324326
0.30952380952380953
0.11538461538461539
0.2962962962962963
0.1875
0.19444444444444445
0.23333333333333334
0.2
0.18181818181818182
0.2
0.1724137931034483
0.14285714285714285
0.2
0.16666666666666666
0.23529411764705882
0.2
0.20689655172413793
0.11428571428571428
0.17391304347826086
0.32142857142857145
0.21428571428571427
0.2
0.22857142857142856
0.1388888888888889
0.125
0.21428571428571427
0.2727272727272727
0.28
0.1875
0.2857142857142857
0.28125
0.18518518518518517
0.10344827586206896
0.2
0.1891891891891892
0.16666666666666666
0.2608695652173913
0.13793103448275862
0.25
0.21739130434782608
0.2222222222222222
0.125
0.23809523809523808
0.18181818181818182
0.32142857142857145
0.28
0.24242424242424243
0.2
0.2692307692307692
0.125
0.2857142857142857
0.34375
0.2413793103448276
0.20833333333333334
0.25
0.13333333333333333
0.25925925925925924
0.23076923076923078
0.2727272727272727
0.3125
0.1935483870967742
0.20689655172413793
0.16666666666666666
0.25
0.26666666666666666
0.27586206896551724
0.07692307692307693
0.2631578947368421
0.25
0.2
0.08
0.14814814814814814
0.15384615384615385
0.14285714285714285
0.16666666666666666
0.25
0.26666666666666666
0.28
0.17391304347826086
0.3333333333333333
0.09090909090909091
0.22580645161290322
0.13793103448275862
0.14705882352941177
0.21212121212121213
0.1935483870967742
0.3076923076923077
0.32142857142857145
0.08108108108108109
0.28125
0.21428571428571427
0.2222222222222222
0.2857142857142857
0.2
0.1891891891891892
0.25
0.23529411764705882
0.2
0.25806451612903225
0.14285714285714285
0.1724137931034483
0.13793103448275862
0.3076923076923077
0.23076923076923078
0.12121212121212122
0.2916666666666667
0.16129032258064516
0.2692307692307692
0.23529411764705882
0.23809523809523808
0.2222222222222222
0.2413793103448276
0.21428571428571427
0.1891891891891892
0.25
0.10714285714285714
0.3333333333333333
0.15625
0.22580645161290322
0.13333333333333333
0.22580645161290322
0.18518518518518517
0.10714285714285714
0.35714285714285715
0.21212121212121213
0.13793103448275862
0.20588235294117646
0.29411764705882354
0.34782608695652173
0.125
0.34615384615384615
0.26666666666666666
0.35714285714285715
0.13636363636363635
0.2222222222222222
0.1891891891891892
0.14814814814814814
0.2916666666666667
0.20689655172413793
0.17142857142857143
0.1891891891891892
0.21212121212121213
0.15384615384615385
0.1111111111111111
0.21739130434782608
0.21428571428571427
0.16666666666666666
0.2
0.21428571428571427
0.24390243902439024
0.23809523809523808
0.1388888888888889
0.21875
0.27586206896551724
0.2
0.18181818181818182
0.25
0.25
0.20689655172413793
0.19230769230769232
0.1875
0.16666666666666666
0.15
0.125
0.2
0.12903225806451613
0.2727272727272727
0.11764705882352941
0.09375
0.18181818181818182
0.3076923076923077
0.07692307692307693
0.22580645161290322
0.1935483870967742
0.21875
0.21052631578947367
0.2
0.16666666666666666
0.20689655172413793
0.19230769230769232
0.2222222222222222
0.3103448275862069
0.08695652173913043
0.17857142857142858
0.20588235294117646
0.25925925925925924
0.16129032258064516
0.28
0.25
0.18181818181818182
0.21212121212121213
0.125
0.25
0.1590909090909091
0.17857142857142858
0.08695652173913043
0.19230769230769232
0.08
0.10714285714285714
0.29411764705882354
0.21739130434782608
0.21212121212121213
0.2857142857142857
0.26666666666666666
0.28125
0.13043478260869565
0.16666666666666666
0.16666666666666666
0.20588235294117646
0.28125
0.26666666666666666
0.13793103448275862
0.16129032258064516
0.2631578947368421
0.16666666666666666
0.18518518518518517
0.2
0.10344827586206896
0.16666666666666666
0.18181818181818182
0.14285714285714285
0.26666666666666666
0.11764705882352941
0.14814814814814814
0.3333333333333333
0.14705882352941177
0.13513513513513514
0.17857142857142858
0.2222222222222222
0.12903225806451613
0.09090909090909091
0.19444444444444445
0.125
0.20588235294117646
0.2903225806451613
0.16666666666666666
0.06896551724137931
0.13636363636363635
0.2
0.28125
0.14285714285714285
0.16129032258064516
0.2
0.30303030303030304
0.18181818181818182
0.23076923076923078
0.25
0.20512820512820512
0.10526315789473684
0.2857142857142857
0.2413793103448276
0.24
0.2702702702702703
0.23684210526315788
0.39285714285714285
0.23684210526315788
0.19230769230769232
0.30434782608695654
0.1724137931034483
