0.7687500000000002
0.7938888888888889
0.7898611111111111
0.8891666666666667
0.8884722222222222
0.8330555555555557
0.7794444444444446
0.8058333333333334
0.8147222222222221
0.8243055555555556
0.8272222222222222
0.8388888888888889
0.7911111111111111
0.7166666666666667
0.8480555555555557
0.8501388888888889
0.8258333333333334
0.8665277777777778
0.8002777777777779
0.8963888888888889
0.8272222222222222
0.8654166666666667
0.87375
0.851388888888889
0.8486111111111111
0.8175
0.8208333333333334
0.8765277777777778
0.9262499999999999
0.8138888888888889
0.8344444444444445
0.7438888888888889
0.7768055555555556
0.8416666666666668
0.9495833333333333
0.8295833333333335
0.7419444444444444
0.8605555555555556
0.7840277777777778
0.90125
0.8370833333333333
0.7738888888888888
0.834861111111111
0.8038888888888889
0.8162499999999999
0.897361111111111
0.8156944444444445
0.862361111111111
0.8415277777777777
0.7488888888888889
0.8472222222222221
0.8022222222222224
0.8254166666666668
0.80375
0.8058333333333334
0.8272222222222223
0.8579166666666667
0.8318055555555557
0.8402777777777778
0.8204166666666667
0.8770833333333333
0.7966666666666667
0.8911111111111111
0.8855555555555555
0.7241666666666666
0.8355555555555556
0.8704166666666666
0.7725000000000001
0.8290277777777778
0.9151388888888888
0.8679166666666667
0.8595833333333334
0.84375
0.8426388888888889
0.8752777777777777
0.7450000000000001
0.8465277777777778
0.8483333333333334
0.8220833333333333
0.8884722222222222
0.8406944444444444
0.8520833333333333
0.8372222222222223
0.8568055555555556
0.8597222222222224
0.8401388888888889
0.8751388888888889
0.8872222222222222
0.8595833333333334
0.8306944444444445
0.8658333333333333
0.8558333333333333
0.8291666666666668
0.7819444444444443
0.8686111111111112
0.8586111111111111
0.7554166666666667
0.7480555555555555
0.8119444444444445
0.8681944444444445
0.8897222222222223
0.8448611111111112
0.8984722222222222
0.8018055555555555
0.7619444444444444
0.7872222222222223
0.908888888888889
0.8331944444444445
0.8691666666666668
0.9213888888888889
0.8129166666666667
0.7826388888888889
0.8411111111111111
0.7843055555555557
0.8068055555555557
0.8638888888888888
0.8876388888888891
0.8602777777777778
0.8913888888888889
0.7791666666666667
0.7945833333333334
0.8654166666666667
0.9008333333333333
0.9131944444444444
0.8147222222222222
0.8531944444444445
0.74375
0.7727777777777778
0.8643055555555557
0.867638888888889
0.8280555555555555
0.8244444444444444
0.8595833333333335
0.8208333333333333
0.8522222222222223
0.8391666666666666
0.9061111111111111
0.8512500000000001
0.8780555555555556
0.8423611111111112
0.7769444444444445
0.8147222222222223
0.816111111111111
0.8225
0.8851388888888888
0.850138888888889
0.89125
0.7534722222222222
0.8352777777777778
0.8641666666666666
0.8570833333333334
0.8904166666666666
0.8425
0.8780555555555556
0.8401388888888889
0.7683333333333334
0.866388888888889
0.8187500000000001
0.8593055555555554
0.8579166666666668
0.8254166666666668
0.8033333333333335
0.8159722222222222
0.9051388888888889
0.9084722222222222
0.8737500000000001
0.8151388888888889
0.8566666666666667
0.8177777777777778
0.8409722222222222
0.7940277777777778
0.9336111111111112
0.8115277777777778
0.8681944444444444
0.8066666666666666
0.8452777777777778
0.8448611111111112
0.8576388888888888
0.8905555555555554
0.7902777777777777
0.868611111111111
0.8666666666666667
0.7766666666666666
0.8704166666666668
0.8323611111111111
0.8397222222222221
0.8112500000000001
0.8200000000000001
0.8833333333333333
0.7811111111111111
0.8293055555555556
0.8963888888888889
0.8981944444444445
0.83125
0.8788888888888888
0.861111111111111
0.7930555555555556
0.8081944444444444
0.8647222222222223
0.8656944444444444
0.7804166666666668
0.8036111111111112
0.8154166666666667
0.9001388888888889
0.8786111111111112
0.8716666666666666
0.8579166666666667
0.8074999999999999
0.7713888888888889
0.8595833333333335
0.8486111111111111
0.89875
0.8479166666666667
0.7302777777777777
0.8068055555555556
0.9075000000000001
0.8655555555555556
0.7686111111111111
0.8293055555555555
0.7672222222222222
0.9058333333333333
0.8161111111111111
0.8801388888888889
0.8675
0.8565277777777779
0.8352777777777778
0.8023611111111112
0.8459722222222223
0.8898611111111111
0.7466666666666667
0.8524999999999999
0.8505555555555555
0.8566666666666667
0.8063888888888889
0.9116666666666667
0.853888888888889
0.821388888888889
0.8473611111111111
0.8672222222222222
0.808888888888889
0.7787499999999999
0.7958333333333334
0.8788888888888888
0.8
0.8469444444444445
0.8993055555555556
0.8929166666666666
0.8604166666666667
0.867361111111111
0.8704166666666666
0.8284722222222222
0.7584722222222222
0.8022222222222222
0.8372222222222222
0.8377777777777777
0.8322222222222222
0.8243055555555556
0.8023611111111111
0.88
0.8209722222222222
0.855972222222222
0.9081944444444444
0.7816666666666667
0.8072222222222223
0.8615277777777777
0.9056944444444445
0.84
0.8134722222222223
0.8691666666666668
0.8115277777777778
0.865
0.808888888888889
0.7956944444444446
0.8677777777777778
0.7675
0.8105555555555555
0.8698611111111112
0.7947222222222222
0.8643055555555557
0.8316666666666668
0.8652777777777778
0.8698611111111112
0.8333333333333333
0.9154166666666667
0.8615277777777778
0.8648611111111111
0.7198611111111112
0.8580555555555555
0.8720833333333332
0.82125
0.8891666666666667
0.8509722222222222
0.7352777777777778
0.9120833333333334
0.7684722222222222
0.8936111111111111
0.8415277777777778
0.8188888888888889
0.943888888888889
0.8363888888888888
0.853888888888889
0.8127777777777778
0.8372222222222223
0.9238888888888889
0.7931944444444444
0.8952777777777778
0.7984722222222222
0.8658333333333333
0.8573611111111111
0.8336111111111112
0.8144444444444445
0.8680555555555556
0.9406944444444445
0.8206944444444444
0.8143055555555555
0.7705555555555554
0.8420833333333333
0.8472222222222223
0.8258333333333333
0.8641666666666666
0.8444444444444446
0.797638888888889
0.834861111111111
0.8868055555555555
0.7983333333333333
0.9066666666666667
0.8348611111111112
0.8795833333333334
0.8845833333333334
0.8887499999999999
0.9079166666666667
0.8331944444444445
0.8440277777777778
0.8327777777777778
0.7783333333333333
0.8319444444444445
0.8059722222222221
0.8915277777777779
0.8561111111111112
0.8134722222222222
0.84625
0.836388888888889
0.8693055555555557
0.8531944444444445
0.7666666666666667
0.9256944444444444
0.8134722222222222
0.7808333333333334
0.8518055555555555
0.8856944444444445
0.8424999999999999
0.7983333333333335
0.8161111111111111
0.8204166666666667
0.8294444444444444
0.8616666666666666
0.8095833333333334
0.8676388888888888
0.8073611111111111
0.8118055555555554
0.7791666666666667
0.8888888888888888
0.8101388888888889
0.9041666666666667
0.8244444444444444
0.7683333333333333
0.8177777777777778
0.8770833333333333
0.850138888888889
0.8433333333333334
0.8631944444444445
0.8793055555555556
0.8726388888888887
0.8336111111111112
0.7955555555555556
0.8027777777777777
0.8669444444444444
0.8859722222222223
0.8556944444444445
0.7948611111111111
0.8518055555555556
0.8820833333333333
0.85875
0.8770833333333333
0.8788888888888889
0.8241666666666667
0.885
0.8533333333333334
0.7684722222222222
0.7920833333333335
0.8077777777777778
0.8713888888888889
0.7879166666666666
0.8445833333333335
0.8062499999999999
0.8238888888888889
0.8244444444444444
0.7954166666666668
0.8365277777777779
0.8744444444444445
0.8456944444444444
0.8426388888888889
0.8665277777777778
0.82125
0.8688888888888889
0.7868055555555555
0.8138888888888889
0.8172222222222222
0.8673611111111112
0.8475
0.8319444444444444
0.8412499999999999
0.8688888888888889
0.8536111111111111
0.7895833333333334
0.8404166666666667
0.8806944444444444
0.847361111111111
0.9008333333333334
0.8059722222222222
0.9323611111111112
0.8868055555555556
0.8115277777777778
0.8302777777777777
0.8143055555555556
0.8709722222222223
0.8123611111111112
0.8416666666666666
0.7054166666666667
0.8112499999999999
0.9104166666666667
0.8230555555555555
0.7798611111111111
0.81
0.8831944444444445
0.8458333333333334
0.8236111111111111
0.7968055555555555
0.7870833333333332
0.8504166666666666
0.8145833333333333
0.8702777777777778
0.8698611111111111
0.8333333333333334
0.8252777777777778
0.8251388888888889
0.9237500000000001
0.7495833333333333
0.79875
0.8752777777777778
0.7008333333333334
0.7987500000000001
0.7544444444444445
0.90375
0.8941666666666668
0.8034722222222223
0.8068055555555556
0.9026388888888889
0.8784722222222222
0.8333333333333334
0.7369444444444444
0.8431944444444446
0.7577777777777778
0.8226388888888889
0.7416666666666666
0.8575
0.8261111111111111
0.7779166666666667
0.8052777777777776
0.9098611111111112
0.8143055555555555
0.8306944444444444
0.8363888888888888
0.8156944444444445
0.8184722222222223
0.8287500000000001
0.8391666666666665
0.7863888888888889
0.8594444444444445
0.8558333333333334
0.8311111111111111
0.8302777777777778
0.7884722222222222
0.8434722222222224
0.868611111111111
0.7866666666666666
0.871388888888889
0.8684722222222223
0.8137500000000001
0.8402777777777779
0.8168055555555556
0.8143055555555555
0.8130555555555556
0.9104166666666667
0.8350000000000001
0.8643055555555555
0.8015277777777778
0.8936111111111111
0.9101388888888888
0.8911111111111112
