0.23333333333333334
0.1
0.17857142857142858
0.26666666666666666
0.19444444444444445
0.20689655172413793
0.08333333333333333
0.2222222222222222
0.25925925925925924
0.10344827586206896
0.13793103448275862
0.0967741935483871
0.14705882352941177
0.10344827586206896
0.16216216216216217
0.27586206896551724
0.2413793103448276
0.23076923076923078
0.125
0.09090909090909091
0.3448275862068966
0.3235294117647059
0.18181818181818182
0.18518518518518517
0.05
0.16666666666666666
0.1875
0.12903225806451613
0.20588235294117646
0.10344827586206896
0.09090909090909091
0.14285714285714285
0.23684210526315788
0.14285714285714285
0.2692307692307692
0.2571428571428571
0.2
0.3076923076923077
0.22580645161290322
0.1111111111111111
0.20833333333333334
0.1724137931034483
0.12
0.125
0.07142857142857142
0.375
0.15151515151515152
0.2
0.18421052631578946
0.20833333333333334
0.1724137931034483
0.32
0.21875
0.21875
0.2
0.27586206896551724
0.27586206896551724
0.18518518518518517
0.17391304347826086
0.41935483870967744
0.07692307692307693
0.13333333333333333
0.25925925925925924
0.24242424242424243
0.28125
0.14814814814814814
0.2413793103448276
0.12
0.30434782608695654
0.2222222222222222
0.3
0.2
0.06060606060606061
0.21875
0.13636363636363635
0.08695652173913043
0.3333333333333333
0.28
0.23333333333333334
0.28
0.23333333333333334
0.2647058823529412
0.26666666666666666
0.18181818181818182
0.043478260869565216
0.0625
0.13793103448275862
0.1
0.2413793103448276
0.17857142857142858
0.2564102564102564
0.2727272727272727
0.1724137931034483
0.1935483870967742
0.21428571428571427
0.23684210526315788
0.2692307692307692
0.043478260869565216
0.11538461538461539
0.16666666666666666
0.18518518518518517
0.3181818181818182
0.1388888888888889
0.25
0.2
0.25806451612903225
0.13793103448275862
0.23076923076923078
0.2777777777777778
0.12121212121212122
0.15625
0.25
0.14285714285714285
0.1724137931034483
0.15384615384615385
0.23333333333333334
0.1
0.20689655172413793
0.21739130434782608
0.13793103448275862
0.2571428571428571
0.14285714285714285
0.2631578947368421
0.25806451612903225
0.25
0.3125
0.34210526315789475
0.19230769230769232
0.28
0.1875
0.13793103448275862
0.2222222222222222
0.20689655172413793
0.2
0.05555555555555555
0.20689655172413793
0.2692307692307692
0.1111111111111111
0.12
0.19444444444444445
0.17647058823529413
0.10810810810810811
0.1111111111111111
0.11428571428571428
0.25
0.13793103448275862
0.19444444444444445
0.125
0.21428571428571427
0.25
0.23333333333333334
0.21428571428571427
0.13333333333333333
0.15625
0.21739130434782608
0.11764705882352941
0.28125
0.04
0.1724137931034483
0.09090909090909091
0.17647058823529413
0.32
0.14705882352941177
0.3142857142857143
0.16666666666666666
0.12903225806451613
0.15151515151515152
0.22727272727272727
0.18181818181818182
0.11538461538461539
0.15384615384615385
0.21212121212121213
0.1935483870967742
0.2727272727272727
0.2413793103448276
0.10526315789473684
0.16
0.13793103448275862
0.3103448275862069
0.2222222222222222
0.15384615384615385
0.15384615384615385
0.25
0.18181818181818182
0.13636363636363635
0.125
0.14285714285714285
0.14285714285714285
0.3076923076923077
0.13157894736842105
0.13157894736842105
0.10714285714285714
0.21212121212121213
0.13793103448275862
0.3076923076923077
0.2692307692307692
0.1935483870967742
0.2692307692307692
0.25
0.07692307692307693
0.19230769230769232
0.18181818181818182
0.16666666666666666
0.12121212121212122
0.2916666666666667
0.21428571428571427
0.18181818181818182
0.15151515151515152
0.18421052631578946
0.18181818181818182
0.21428571428571427
0.2
0.24324324324324326
0.2222222222222222
0.20833333333333334
0.21739130434782608
0.12903225806451613
0.16129032258064516
0.08333333333333333
0.3
0.13636363636363635
0.3103448275862069
0.2857142857142857
0.2727272727272727
0.2857142857142857
0.25806451612903225
0.07142857142857142
0.15384615384615385
0.1724137931034483
0.15151515151515152
0.20833333333333334
0.08695652173913043
0.29411764705882354
0.2857142857142857
0.23333333333333334
0.17647058823529413
0.23076923076923078
0.25
0.20689655172413793
0.35714285714285715
0.08695652173913043
0.20689655172413793
0.16666666666666666
0.14285714285714285
0.11538461538461539
0.20689655172413793
0.3448275862068966
0.32
0.21052631578947367
0.2857142857142857
0.12121212121212122
0.15151515151515152
0.19230769230769232
0.13793103448275862
0.21951219512195122
0.2413793103448276
0.1875
0.22857142857142856
0.3076923076923077
0.2692307692307692
0.06896551724137931
0.125
0.3076923076923077
0.2916666666666667
0.125
0.19444444444444445
0.25925925925925924
0.25
0.1388888888888889
0.15625
0.21428571428571427
0.35714285714285715
0.2857142857142857
0.2857142857142857
0.25806451612903225
0.28
0.07407407407407407
0.27586206896551724
0.22857142857142856
0.3333333333333333
0.23529411764705882
0.22727272727272727
0.22580645161290322
0.19230769230769232
0.13793103448275862
0.18181818181818182
0.20930232558139536
0.1724137931034483
0.20512820512820512
0.18518518518518517
0.09523809523809523
0.14814814814814814
0.041666666666666664
0.11627906976744186
0.21212121212121213
0.20689655172413793
0.25
0.2222222222222222
0.15151515151515152
0.3142857142857143
0.043478260869565216
0.36666666666666664
0.3181818181818182
0.1724137931034483
0.12
0.09090909090909091
0.11764705882352941
0.18181818181818182
0.2702702702702703
0.2916666666666667
0.13793103448275862
0.14285714285714285
0.125
0.10344827586206896
0.24242424242424243
0.17857142857142858
0.2631578947368421
0.25
0.18518518518518517
0.15151515151515152
0.16666666666666666
0.125
0.13043478260869565
0.23529411764705882
0.24
0.1
0.16216216216216217
0.2571428571428571
0.1388888888888889
0.13043478260869565
0.08823529411764706
0.23333333333333334
0.2702702702702703
0.2962962962962963
0.1891891891891892
0.18181818181818182
0.21875
0.11428571428571428
0.125
0.13793103448275862
0.25
0.20833333333333334
0.15789473684210525
0.21875
0.26666666666666666
0.21212121212121213
0.10344827586206896
0.13793103448275862
0.15151515151515152
0.32
0.34615384615384615
0.15384615384615385
0.25806451612903225
0.1388888888888889
0.26666666666666666
0.11428571428571428
0.08333333333333333
0.14814814814814814
0.05
0.20689655172413793
0.1875
0.13793103448275862
0.25
0.14285714285714285
0.16129032258064516
0.3225806451612903
0.2608695652173913
0.1935483870967742
0.2
0.17391304347826086
0.16666666666666666
0.3333333333333333
0.26666666666666666
0.2962962962962963
0.25
0.09375
0.2222222222222222
0.21052631578947367
0.24242424242424243
0.19444444444444445
0.125
0.17857142857142858
0.26666666666666666
0.23333333333333334
0.14285714285714285
0.2
0.043478260869565216
0.28125
0.12121212121212122
0.17857142857142858
0.22857142857142856
0.2413793103448276
0.21212121212121213
0.2564102564102564
0.23076923076923078
0.16
0.125
0.2692307692307692
0.3333333333333333
0.20833333333333334
0.2777777777777778
0.1282051282051282
0.375
0.15151515151515152
0.20512820512820512
0.29411764705882354
0.22580645161290322
0.2
0.3076923076923077
0.3055555555555556
0.18181818181818182
0.1875
0.18518518518518517
0.038461538461538464
0.17857142857142858
0.21875
0.18181818181818182
0.2413793103448276
0.23076923076923078
0.20512820512820512
0.15384615384615385
0.3181818181818182
0.21212121212121213
0.13043478260869565
0.25
0.21212121212121213
0.20689655172413793
0.2222222222222222
0.2413793103448276
0.15151515151515152
0.22857142857142856
0.12
0.2916666666666667
0.16666666666666666
0.16
0.25806451612903225
0.14285714285714285
0.2702702702702703
0.24390243902439024
0.16
0.20588235294117646
0.23809523809523808
0.10344827586206896
0.2
0.18181818181818182
0.2
0.125
0.06451612903225806
0.20588235294117646
0.25806451612903225
0.1
0.15
0.2903225806451613
0.2962962962962963
0.15625
0.25925925925925924
0.10344827586206896
0.3333333333333333
0.19444444444444445
0.2222222222222222
0.16
0.38095238095238093
0.17647058823529413
0.22727272727272727
0.22857142857142856
0.3157894736842105
0.20588235294117646
0.1875
0.20833333333333334
0.20689655172413793
0.13043478260869565
0.23809523809523808
0.15151515151515152
0.17391304347826086
0.30434782608695654
0.25925925925925924
0.2857142857142857
0.18518518518518517
0.26666666666666666
0.13636363636363635
0.09375
0.18604651162790697
0.23684210526315788
0.1935483870967742
0.22727272727272727
0.2222222222222222
0.3076923076923077
0.11538461538461539
0.09090909090909091
0.17647058823529413
0.08823529411764706
0.2222222222222222
0.2894736842105263
0.18518518518518517
0.3
0.06451612903225806
0.14285714285714285
0.09375
0.21739130434782608
0.2
