0.016666666666666666
0.03333333333333333
0.03333333333333333
0.058333333333333334
0.03333333333333333
0.041666666666666664
0.06666666666666667
0.03333333333333333
0.05
0.075
0.05
0.03333333333333333
0.025
0.05
0.06666666666666667
0.025
0.016666666666666666
0.025
0.025
0.016666666666666666
0.05
0.03333333333333333
0.05
0.058333333333333334
0.05
0.03333333333333333
0.05
0.0
0.08333333333333333
0.03333333333333333
0.025
0.05
0.016666666666666666
0.016666666666666666
0.05
0.05
0.008333333333333333
0.058333333333333334
0.058333333333333334
0.025
0.03333333333333333
0.06666666666666667
0.025
0.041666666666666664
0.06666666666666667
0.05
0.05
0.041666666666666664
0.058333333333333334
0.0
0.041666666666666664
0.03333333333333333
0.025
0.05
0.058333333333333334
0.025
0.05
0.041666666666666664
0.041666666666666664
0.1
0.05
0.025
0.06666666666666667
0.041666666666666664
0.016666666666666666
0.06666666666666667
0.03333333333333333
0.041666666666666664
0.06666666666666667
0.05
0.08333333333333333
0.058333333333333334
0.058333333333333334
0.05
0.075
0.016666666666666666
0.016666666666666666
0.03333333333333333
0.041666666666666664
0.025
0.025
0.058333333333333334
0.041666666666666664
0.025
0.058333333333333334
0.075
0.008333333333333333
0.06666666666666667
0.05
0.05
0.041666666666666664
0.025
0.008333333333333333
0.041666666666666664
0.05
0.075
0.03333333333333333
0.041666666666666664
0.016666666666666666
0.058333333333333334
0.041666666666666664
0.041666666666666664
0.025
0.025
0.05
0.041666666666666664
0.03333333333333333
0.058333333333333334
0.1
0.041666666666666664
0.025
0.025
0.05
0.025
0.041666666666666664
0.06666666666666667
0.008333333333333333
0.016666666666666666
0.008333333333333333
0.03333333333333333
0.016666666666666666
0.03333333333333333
0.06666666666666667
0.008333333333333333
0.041666666666666664
0.03333333333333333
0.05
0.016666666666666666
0.016666666666666666
0.016666666666666666
0.041666666666666664
0.025
0.05
0.041666666666666664
0.05
0.05
0.008333333333333333
0.008333333333333333
0.05
0.041666666666666664
0.016666666666666666
0.03333333333333333
0.058333333333333334
0.025
0.03333333333333333
0.03333333333333333
0.041666666666666664
0.05
0.016666666666666666
0.058333333333333334
0.058333333333333334
0.025
0.05
0.03333333333333333
0.025
0.025
0.058333333333333334
0.041666666666666664
0.058333333333333334
0.041666666666666664
0.058333333333333334
0.041666666666666664
0.03333333333333333
0.03333333333333333
0.016666666666666666
0.025
0.041666666666666664
0.06666666666666667
0.041666666666666664
0.11666666666666667
0.008333333333333333
0.10833333333333334
0.025
0.016666666666666666
0.03333333333333333
0.03333333333333333
0.03333333333333333
0.075
0.041666666666666664
0.03333333333333333
0.0
0.09166666666666666
0.008333333333333333
0.041666666666666664
0.058333333333333334
0.06666666666666667
0.03333333333333333
0.025
0.058333333333333334
0.016666666666666666
0.025
0.06666666666666667
0.058333333333333334
0.041666666666666664
0.03333333333333333
0.05
0.06666666666666667
0.016666666666666666
0.041666666666666664
0.08333333333333333
0.03333333333333333
0.058333333333333334
0.025
0.06666666666666667
0.03333333333333333
0.025
0.05
0.008333333333333333
0.041666666666666664
0.03333333333333333
0.016666666666666666
0.03333333333333333
0.075
0.05
0.075
0.05
0.016666666666666666
0.05
0.10833333333333334
0.05
0.03333333333333333
0.025
0.016666666666666666
0.058333333333333334
0.05
0.016666666666666666
0.016666666666666666
0.058333333333333334
0.03333333333333333
0.058333333333333334
0.058333333333333334
0.075
0.058333333333333334
0.05
0.03333333333333333
0.016666666666666666
0.041666666666666664
0.03333333333333333
0.041666666666666664
0.06666666666666667
0.058333333333333334
0.041666666666666664
0.08333333333333333
0.025
0.041666666666666664
0.03333333333333333
0.09166666666666666
0.016666666666666666
0.03333333333333333
0.03333333333333333
0.03333333333333333
0.025
0.008333333333333333
0.03333333333333333
0.008333333333333333
0.025
0.025
0.05
0.025
0.041666666666666664
0.03333333333333333
0.016666666666666666
0.025
0.025
0.05
0.03333333333333333
0.10833333333333334
0.03333333333333333
0.03333333333333333
0.03333333333333333
0.041666666666666664
0.03333333333333333
0.008333333333333333
0.058333333333333334
0.025
0.041666666666666664
0.03333333333333333
0.025
0.05
0.025
0.025
0.025
0.075
0.016666666666666666
0.025
0.08333333333333333
0.05
0.041666666666666664
0.058333333333333334
0.05
0.016666666666666666
0.03333333333333333
0.1
0.016666666666666666
0.041666666666666664
0.058333333333333334
0.008333333333333333
0.075
0.05
0.08333333333333333
0.058333333333333334
0.05
0.041666666666666664
0.058333333333333334
0.058333333333333334
0.03333333333333333
0.016666666666666666
0.075
0.025
0.06666666666666667
0.041666666666666664
0.058333333333333334
0.025
0.058333333333333334
0.05
0.016666666666666666
0.041666666666666664
0.08333333333333333
0.016666666666666666
0.025
0.03333333333333333
0.041666666666666664
0.075
0.058333333333333334
0.06666666666666667
0.03333333333333333
0.008333333333333333
0.06666666666666667
0.05
0.075
0.041666666666666664
0.041666666666666664
0.025
0.041666666666666664
0.016666666666666666
0.05
0.06666666666666667
0.03333333333333333
0.016666666666666666
0.058333333333333334
0.016666666666666666
0.025
0.041666666666666664
0.058333333333333334
0.025
0.058333333333333334
0.05
0.05
0.058333333333333334
0.058333333333333334
0.06666666666666667
0.075
0.041666666666666664
0.058333333333333334
0.025
0.05
0.016666666666666666
0.041666666666666664
0.075
0.041666666666666664
0.016666666666666666
0.016666666666666666
0.008333333333333333
0.06666666666666667
0.06666666666666667
0.06666666666666667
0.016666666666666666
0.016666666666666666
0.05
0.05
0.025
0.041666666666666664
0.03333333333333333
0.041666666666666664
0.016666666666666666
0.025
0.016666666666666666
0.058333333333333334
0.025
0.025
0.06666666666666667
0.075
0.05
0.05
0.075
0.016666666666666666
0.016666666666666666
0.05
0.05
0.075
0.03333333333333333
0.041666666666666664
0.06666666666666667
0.041666666666666664
0.058333333333333334
0.041666666666666664
0.058333333333333334
0.03333333333333333
0.041666666666666664
0.041666666666666664
0.016666666666666666
0.06666666666666667
0.03333333333333333
0.058333333333333334
0.05
0.058333333333333334
0.041666666666666664
0.025
0.058333333333333334
0.08333333333333333
0.025
0.05
0.025
0.041666666666666664
0.025
0.041666666666666664
0.025
0.08333333333333333
0.05
0.06666666666666667
0.05
0.041666666666666664
0.06666666666666667
0.025
0.041666666666666664
0.058333333333333334
0.041666666666666664
0.05
0.05
0.025
0.008333333333333333
0.058333333333333334
0.03333333333333333
0.041666666666666664
0.058333333333333334
0.058333333333333334
0.041666666666666664
0.05
0.075
0.05
0.025
0.075
0.06666666666666667
0.008333333333333333
0.025
0.058333333333333334
0.05
0.025
0.025
0.05
0.03333333333333333
0.008333333333333333
0.06666666666666667
0.05
0.03333333333333333
0.06666666666666667
0.016666666666666666
0.025
0.06666666666666667
0.09166666666666666
0.041666666666666664
0.06666666666666667
0.03333333333333333
0.058333333333333334
0.03333333333333333
0.041666666666666664
0.025
0.041666666666666664
0.03333333333333333
0.041666666666666664
0.05
0.025
0.008333333333333333
0.016666666666666666
0.041666666666666664
0.09166666666666666
0.05
0.058333333333333334
0.05
0.025
0.041666666666666664
0.05
0.058333333333333334
0.016666666666666666
0.05
0.058333333333333334
0.058333333333333334
0.058333333333333334
0.03333333333333333
0.075
0.06666666666666667
0.058333333333333334
0.075
0.041666666666666664
0.05
0.025
0.06666666666666667
0.08333333333333333
0.03333333333333333
0.05
