0.8308333333333333
0.8736111111111111
0.8288888888888889
0.8122222222222222
0.8374999999999999
0.8466666666666667
0.8294444444444444
0.8641666666666667
0.7741666666666668
0.8261111111111112
0.8625
0.8361111111111111
0.8808333333333334
0.8213888888888888
0.7877777777777778
0.8577777777777778
0.8330555555555555
0.8452777777777778
0.8658333333333333
0.8186111111111111
0.8147222222222222
0.8477777777777777
0.8316666666666666
0.8477777777777779
0.821388888888889
0.8355555555555556
0.8697222222222223
0.8261111111111111
0.8775000000000001
0.8350000000000002
0.8497222222222223
0.7925
0.8777777777777778
0.8625
0.8383333333333334
0.8519444444444445
0.8697222222222223
0.8191666666666667
0.8766666666666667
0.7877777777777778
0.8644444444444445
0.8386111111111112
0.8033333333333335
0.8486111111111111
0.8622222222222222
0.841388888888889
0.861111111111111
0.8272222222222222
0.8777777777777778
0.8250000000000001
0.8724999999999998
0.8205555555555556
0.795
0.823888888888889
0.8458333333333333
0.8672222222222221
0.8430555555555556
0.83
0.8269444444444444
0.8447222222222223
0.8575
0.8636111111111112
0.8816666666666666
0.7944444444444445
0.8422222222222222
0.8380555555555556
0.8411111111111111
0.8561111111111113
0.8194444444444444
0.8761111111111112
0.8172222222222222
0.8288888888888889
0.8852777777777778
0.8802777777777777
0.8588888888888888
0.7991666666666667
0.8486111111111111
0.8644444444444445
0.8058333333333333
0.8227777777777778
0.8383333333333333
0.8808333333333334
0.8347222222222223
0.7919444444444445
0.8747222222222222
0.8458333333333334
0.8541666666666666
0.8933333333333333
0.8527777777777779
0.8191666666666667
0.86
0.8163888888888888
0.856388888888889
0.9008333333333334
0.8286111111111112
0.8183333333333334
0.8191666666666666
0.8530555555555557
0.8383333333333334
0.8609722222222222
0.8772222222222222
0.8555555555555555
0.8544444444444445
0.8988888888888888
0.83375
0.8563888888888888
0.8848611111111111
0.8066666666666666
0.8697222222222222
0.8766666666666667
0.8616666666666667
0.8238888888888889
0.8575
0.8527777777777776
0.8772222222222222
0.8133333333333332
0.8422222222222222
0.8830555555555555
0.8208333333333334
0.8291666666666666
0.8863888888888889
0.8580555555555555
0.8086111111111112
0.8308333333333333
0.8438888888888888
0.8694444444444444
0.8302777777777777
0.8111111111111111
0.8205555555555557
0.8647222222222223
0.8577777777777778
0.7994444444444445
0.8388888888888889
0.8241666666666667
0.8422222222222222
0.8494444444444444
0.8341666666666667
0.8219444444444444
0.8033333333333333
0.8691666666666666
0.8008333333333333
0.8480555555555556
0.7933333333333333
0.8991666666666667
0.8244444444444445
0.8719444444444444
0.8519444444444445
0.9022222222222223
0.7730555555555556
0.8727777777777778
0.866111111111111
0.8036111111111112
0.8072222222222222
0.8627777777777779
0.8361111111111111
0.8438888888888889
0.888888888888889
0.8502777777777779
0.8083333333333335
0.8538888888888888
0.8486111111111112
0.8577777777777778
0.778888888888889
0.8344444444444444
0.8647222222222222
0.8655555555555555
0.7994444444444444
0.7855555555555556
0.8944444444444445
0.8599999999999999
0.7977777777777777
0.8655555555555556
0.7977777777777777
0.8658333333333333
0.8747222222222222
0.8372222222222222
0.8563888888888889
0.8272222222222222
0.8991666666666667
0.8130555555555555
0.8163888888888888
0.8552777777777778
0.8711111111111112
0.8169444444444444
0.8638888888888888
0.8049999999999999
0.7816666666666666
0.8080555555555555
0.8622222222222222
0.8661111111111112
0.8097222222222222
0.8041666666666667
0.8425
0.758888888888889
0.8386111111111111
0.8200000000000001
0.8183333333333334
0.7611111111111111
0.8338888888888889
0.8272222222222223
0.8813888888888889
0.8688888888888889
0.7738888888888888
0.7847222222222223
0.8447222222222223
0.9041666666666668
0.8255555555555556
0.8913888888888889
0.8244444444444444
0.8699999999999999
0.8544444444444445
0.8844444444444445
0.8105555555555556
0.8022222222222222
0.8786111111111111
0.8661111111111112
0.8563888888888889
0.8044444444444444
0.8311111111111111
0.8811111111111112
0.8086111111111112
0.8694444444444445
0.8672222222222222
0.8811111111111111
0.8366666666666667
0.8186111111111111
0.9063888888888889
0.8663888888888889
0.8136111111111111
0.7825
0.8330555555555555
0.856111111111111
0.8755555555555555
0.8136111111111112
0.8641666666666666
0.8822222222222222
0.8827777777777778
0.8927777777777778
0.8558333333333333
0.8377777777777778
0.8597222222222223
0.8541666666666666
0.9319444444444445
0.8913888888888888
0.8733333333333333
0.8697222222222223
0.8405555555555555
0.8550000000000001
0.8319444444444445
0.8263888888888888
0.8069444444444445
0.8413888888888889
0.7791666666666667
0.8527777777777779
0.8419444444444445
0.8552777777777777
0.8583333333333334
0.8233333333333334
0.8813888888888889
0.8352777777777778
0.8166666666666668
0.8336111111111111
0.8577777777777779
0.8436111111111111
0.8280555555555555
0.8577777777777778
0.8502777777777778
0.8538888888888889
0.8755555555555555
0.8488888888888889
0.8447222222222223
0.8172222222222223
0.8627777777777778
0.8866666666666667
0.8363888888888888
0.7761111111111112
0.8941666666666668
0.8316666666666668
0.8347222222222224
0.8286111111111112
0.8427777777777778
0.8766666666666667
0.8558333333333333
0.8183333333333334
0.8608333333333333
0.8447222222222222
0.8238888888888889
0.8536111111111111
0.8630555555555557
0.8841666666666667
0.8163888888888888
0.8652777777777778
0.8522222222222222
0.795
0.8788888888888889
0.8377777777777778
0.8597222222222223
0.8519444444444444
0.861111111111111
0.825
0.7797222222222222
0.8683333333333334
0.8469444444444445
0.8955555555555555
0.8305555555555555
0.855
0.8361111111111111
0.8527777777777777
0.8402777777777778
0.8138888888888888
0.8813888888888889
0.8297222222222222
0.9175
0.8777777777777779
0.8466666666666667
0.8386111111111112
0.8533333333333333
0.8291666666666668
0.8747222222222222
0.8158333333333333
0.7693055555555557
0.8258333333333333
0.8641666666666666
0.8816666666666667
0.8469444444444445
0.8694444444444445
0.8827777777777778
0.8433333333333334
0.8441666666666667
0.8502777777777777
0.8702777777777777
0.8408333333333334
0.7980555555555555
0.8877777777777778
0.8472222222222222
0.8586111111111111
0.7741666666666667
0.8230555555555555
0.8552777777777778
0.7619444444444445
0.8780555555555556
0.8594444444444445
0.8397222222222223
0.8455555555555556
0.8297222222222222
0.8591666666666666
0.7452777777777777
0.798888888888889
0.845
0.8608333333333333
0.82375
0.8302777777777778
0.8411111111111113
0.8150000000000001
0.8744444444444445
0.8138888888888889
0.7999999999999999
0.7844444444444445
0.7719444444444444
0.858888888888889
0.8813888888888888
0.8708333333333333
0.7966666666666666
0.9011111111111111
0.8519444444444444
0.8311111111111111
0.8344444444444445
0.8338888888888889
0.8577777777777779
0.8608333333333333
0.8394444444444445
0.8333333333333335
0.8111111111111111
0.8583333333333334
0.8225
0.8663888888888889
0.8519444444444445
0.8544444444444445
0.8541666666666666
0.8702777777777778
0.8772222222222222
0.8466666666666668
0.8877777777777778
0.841388888888889
0.8952777777777777
0.8316666666666667
0.8513888888888889
0.8252777777777779
0.84
0.8233333333333333
0.8391666666666666
0.8241666666666667
0.8316666666666667
0.8530555555555555
0.8883333333333333
0.7972222222222222
0.8836111111111111
0.8363888888888888
0.8588888888888889
0.8608333333333333
0.848888888888889
0.848888888888889
0.8141666666666667
0.8305555555555556
0.8527777777777779
0.8497222222222223
0.8902777777777777
0.8502777777777778
0.8755555555555555
0.8555555555555556
0.8502777777777778
0.8586111111111111
0.8597222222222223
0.8491666666666667
0.8547222222222223
0.8197222222222222
0.8711111111111111
0.9230555555555556
0.8391666666666666
0.8347222222222223
0.8663888888888889
0.8211111111111111
0.7625
0.8991666666666668
0.7802777777777777
0.8291666666666667
0.8016666666666667
0.8591666666666667
0.8366666666666667
0.8997222222222222
0.8438888888888889
0.8644444444444445
0.7888888888888889
0.8272222222222222
0.8338888888888889
0.8305555555555555
0.8605555555555556
0.8263888888888888
0.87
0.8847222222222222
0.8455555555555556
0.8658333333333333
0.8247222222222222
0.8744444444444445
0.8488888888888889
0.8155555555555556
0.8325
0.8611111111111112
0.8466666666666667
0.9108333333333334
0.8222222222222222
0.8330555555555557
0.8188888888888889
0.8752777777777778
0.8372222222222222
0.8216666666666667
0.8258333333333333
0.8325
0.8952777777777776
0.8330555555555555
0.8727777777777778
0.8400000000000001
0.8091666666666666
0.8036111111111112
0.7919444444444445
0.8516666666666666
0.8500000000000001
0.8300000000000001
0.8477777777777777
0.8486111111111112
0.8438888888888888
0.8597222222222223
0.8644444444444445
0.8355555555555555
0.8455555555555556
0.8558333333333333
0.831388888888889
0.8386111111111111
0.8486111111111111
0.8538888888888889
0.8105555555555555
0.8505555555555555
0.8841666666666665
0.7780555555555557
0.7977777777777777
0.8530555555555557
0.8555555555555554
0.7816666666666666
0.8374999999999999
0.8777777777777778
0.841388888888889
0.8605555555555555
0.7955555555555555
0.8455555555555557
0.8327777777777778
0.8908333333333334
0.8316666666666667
0.815
0.8836111111111111
0.8422222222222222
