0.7666666666666667
0.8083333333333333
0.85
0.7833333333333333
0.8166666666666667
0.8166666666666667
0.7916666666666666
0.8916666666666667
0.775
0.825
0.7916666666666666
0.725
0.7416666666666667
0.725
0.825
0.8083333333333333
0.8416666666666667
0.7583333333333333
0.8083333333333333
0.8166666666666667
0.8
0.775
0.8083333333333333
0.7833333333333333
0.75
0.75
0.775
0.7916666666666666
0.8333333333333334
0.8083333333333333
0.825
0.825
0.8
0.8083333333333333
0.7583333333333333
0.7583333333333333
0.7666666666666667
0.7916666666666666
0.7833333333333333
0.7416666666666667
0.8
0.8416666666666667
0.7916666666666666
0.7083333333333334
0.7916666666666666
0.8083333333333333
0.75
0.8166666666666667
0.825
0.7833333333333333
0.7916666666666666
0.7833333333333333
0.7583333333333333
0.7416666666666667
0.8333333333333334
0.7666666666666667
0.7583333333333333
0.75
0.825
0.7583333333333333
0.7916666666666666
0.75
0.8583333333333333
0.8
0.85
0.825
0.775
0.8166666666666667
0.8
0.8
0.7416666666666667
0.8416666666666667
0.7333333333333333
0.7333333333333333
0.7833333333333333
0.7666666666666667
0.8083333333333333
0.7833333333333333
0.825
0.8166666666666667
0.7583333333333333
0.75
0.8166666666666667
0.8083333333333333
0.7833333333333333
0.8666666666666667
0.7916666666666666
0.75
0.8083333333333333
0.8333333333333334
0.875
0.8333333333333334
0.8
0.8333333333333334
0.8166666666666667
0.7666666666666667
0.8166666666666667
0.85
0.7833333333333333
0.7833333333333333
0.775
0.8333333333333334
0.8
0.7833333333333333
0.8666666666666667
0.7166666666666667
0.825
0.8166666666666667
0.8166666666666667
0.7916666666666666
0.7166666666666667
0.8083333333333333
0.8
0.8
0.8083333333333333
0.8416666666666667
0.8166666666666667
0.7666666666666667
0.775
0.8
0.7916666666666666
0.7916666666666666
0.7916666666666666
0.8416666666666667
0.7666666666666667
0.825
0.7916666666666666
0.8416666666666667
0.7916666666666666
0.875
0.8
0.7583333333333333
0.7416666666666667
0.7916666666666666
0.7583333333333333
0.85
0.8583333333333333
0.825
0.8
0.775
0.7583333333333333
0.8166666666666667
0.725
0.6916666666666667
0.85
0.725
0.7583333333333333
0.8166666666666667
0.8583333333333333
0.85
0.7583333333333333
0.7916666666666666
0.7833333333333333
0.7833333333333333
0.8
0.7333333333333333
0.8166666666666667
0.7916666666666666
0.8166666666666667
0.7583333333333333
0.8166666666666667
0.7666666666666667
0.725
0.8166666666666667
0.7916666666666666
0.8166666666666667
0.7583333333333333
0.8416666666666667
0.8416666666666667
0.7416666666666667
0.825
0.8833333333333333
0.7833333333333333
0.7833333333333333
0.7333333333333333
0.8083333333333333
0.7416666666666667
0.8166666666666667
0.7916666666666666
0.775
0.7833333333333333
0.8
0.8083333333333333
0.8333333333333334
0.825
0.825
0.85
0.7916666666666666
0.75
0.8083333333333333
0.7416666666666667
0.7833333333333333
0.7916666666666666
0.7666666666666667
0.775
0.7916666666666666
0.8416666666666667
0.775
0.8083333333333333
0.8
0.7416666666666667
0.7
0.8166666666666667
0.8
0.7833333333333333
0.825
0.7666666666666667
0.825
0.8
0.8166666666666667
0.8166666666666667
0.775
0.7833333333333333
0.7583333333333333
0.8333333333333334
0.7666666666666667
0.75
0.8416666666666667
0.8416666666666667
0.7833333333333333
0.725
0.8
0.8
0.8166666666666667
0.8083333333333333
0.7916666666666666
0.8166666666666667
0.85
0.7666666666666667
0.7833333333333333
0.8166666666666667
0.8833333333333333
0.8333333333333334
0.825
0.8166666666666667
0.7666666666666667
0.8166666666666667
0.85
0.775
0.8583333333333333
0.825
0.7666666666666667
0.8166666666666667
0.7416666666666667
0.8583333333333333
0.8083333333333333
0.7916666666666666
0.8166666666666667
0.8166666666666667
0.8583333333333333
0.75
0.8
0.7916666666666666
0.8
0.7333333333333333
0.7666666666666667
0.75
0.8416666666666667
0.775
0.8166666666666667
0.8833333333333333
0.825
0.7833333333333333
0.925
0.8
0.8083333333333333
0.8
0.7833333333333333
0.8833333333333333
0.8833333333333333
0.7166666666666667
0.8416666666666667
0.825
0.725
0.825
0.7916666666666666
0.8
0.8416666666666667
0.8583333333333333
0.8416666666666667
0.8
0.8333333333333334
0.8083333333333333
0.8333333333333334
0.8
0.8
0.775
0.8583333333333333
0.775
0.9
0.8166666666666667
0.8666666666666667
0.7916666666666666
0.85
0.7916666666666666
0.85
0.775
0.75
0.825
0.8083333333333333
0.85
0.7916666666666666
0.8
0.825
0.825
0.8666666666666667
0.825
0.8
0.75
0.7833333333333333
0.8166666666666667
0.7916666666666666
0.8333333333333334
0.8
0.7416666666666667
0.7666666666666667
0.8166666666666667
0.8916666666666667
0.75
0.7583333333333333
0.8
0.7666666666666667
0.725
0.8166666666666667
0.8
0.85
0.7833333333333333
0.8083333333333333
0.7333333333333333
0.725
0.8416666666666667
0.7666666666666667
0.7666666666666667
0.8166666666666667
0.775
0.7833333333333333
0.8333333333333334
0.7583333333333333
0.7416666666666667
0.8083333333333333
0.7583333333333333
0.7416666666666667
0.825
0.8166666666666667
0.8083333333333333
0.775
0.775
0.8
0.85
0.7833333333333333
0.8416666666666667
0.7916666666666666
0.8
0.8
0.85
0.775
0.8
0.8083333333333333
0.7166666666666667
0.775
0.85
0.8083333333333333
0.8083333333333333
0.825
0.7333333333333333
0.8
0.8583333333333333
0.8083333333333333
0.8333333333333334
0.75
0.7916666666666666
0.8416666666666667
0.825
0.8083333333333333
0.8166666666666667
0.775
0.825
0.8166666666666667
0.8083333333333333
0.8
0.7666666666666667
0.7416666666666667
0.8
0.8583333333333333
0.7916666666666666
0.7
0.7916666666666666
0.7666666666666667
0.8
0.8583333333333333
0.7666666666666667
0.7833333333333333
0.8
0.8083333333333333
0.775
0.8333333333333334
0.7083333333333334
0.8083333333333333
0.7083333333333334
0.75
0.7916666666666666
0.775
0.775
0.7916666666666666
0.7833333333333333
0.8
0.8
0.75
0.825
0.7583333333333333
0.8166666666666667
0.775
0.7916666666666666
0.6916666666666667
0.8083333333333333
0.8083333333333333
0.75
0.8083333333333333
0.7916666666666666
0.8
0.825
0.7416666666666667
0.7833333333333333
0.875
0.75
0.8916666666666667
0.7416666666666667
0.7833333333333333
0.8333333333333334
0.775
0.7916666666666666
0.7916666666666666
0.8333333333333334
0.7666666666666667
0.8083333333333333
0.7666666666666667
0.8083333333333333
0.775
0.85
0.8416666666666667
0.8
0.8416666666666667
0.85
0.75
0.775
0.7666666666666667
0.8416666666666667
0.8083333333333333
0.825
0.8416666666666667
0.7333333333333333
0.7416666666666667
0.8083333333333333
0.7333333333333333
0.75
0.7333333333333333
0.8333333333333334
0.7916666666666666
0.75
0.7833333333333333
0.7666666666666667
0.8
0.8166666666666667
0.8166666666666667
0.8166666666666667
0.7416666666666667
0.7416666666666667
0.8
0.8416666666666667
0.7666666666666667
0.7916666666666666
0.8416666666666667
0.7916666666666666
0.775
0.7916666666666666
0.7833333333333333
0.7916666666666666
0.8
0.8833333333333333
0.8583333333333333
0.8166666666666667
0.825
0.8083333333333333
0.8333333333333334
0.8416666666666667
0.7833333333333333
0.8083333333333333
0.8666666666666667
0.7166666666666667
0.7833333333333333
0.7833333333333333
0.7916666666666666
0.8166666666666667
0.8166666666666667
0.8416666666666667
0.7583333333333333
0.85
0.75
0.775
0.8
