0.54929931221117
0.5854786224344729
0.6445452433786814
0.4915698315731215
0.4295643204664167
0.5569707065027196
0.45493976671346414
0.4700360688433963
0.5636945491330325
0.6000693680783419
0.5415567575847893
0.4909441096153746
0.5813870773361378
0.46891160670130916
0.4989560496787063
0.5176506410693726
0.5601893134586042
0.548342336877434
0.5639709139191942
0.5195527688135447
0.5641002815864116
0.4390455585228227
0.48762001945372846
0.5232444968367516
0.5281511516334723
0.534626775283325
0.48503642311546213
0.5122111035585494
0.6160007229467485
0.4791196759823587
0.5647514088907925
0.5244938122026692
0.5471913686394962
0.5372161546660665
0.5253812891977461
0.5590804252257756
0.5608572132748887
0.5352310097033491
0.43732540129703745
0.655763180868406
0.5653976471076743
0.5132458639664585
0.5043592952416396
0.560253347030957
0.46133558609959197
0.4846734144196563
0.49303367793762454
0.4219495897009175
0.495763639571121
0.5167582386780819
0.5538490458222503
0.4692220405109814
0.4699139279230601
0.46647925545436775
0.5560701888996249
0.47742725483196696
0.49385099034963253
0.5461305514955967
0.46124772988500895
0.5163105401937965
0.5489723154252623
0.5454034782422622
0.43337071454508014
0.4931402346543955
0.49473255726590143
0.5964746961440665
0.45798851849244965
0.5201530829187445
0.6037082842718049
0.47451976195067297
0.5175118543891337
0.592676253276267
0.5684241227634508
0.521521408397903
0.5387212094804651
0.4430995772200359
0.5024957475588635
0.624593012220449
0.5342140052442444
0.4964421261137284
0.4541857109099172
0.6231695074942717
0.5037542465433714
0.45112371566564996
0.5516233973944069
0.5203434313054138
0.4611478999105931
0.4414116706593926
0.4649573565625138
0.5455640177275903
0.5373873703019749
0.5145391698935446
0.44553535268457234
0.5327024925841554
0.45624376192955896
0.43406690034298967
0.5394256541262984
0.5525839419469716
0.5374363106584206
0.5823542790241757
0.48541774691594597
0.5025266519882672
0.4685676152234084
0.5313474623373242
0.523288383635645
0.480289541046966
0.5234691876391014
0.5155481932533141
0.49486659623941315
0.5507574430705189
0.5752704765259276
0.5123437992609742
0.5265397396156866
0.5443169666314142
0.5313592976306358
0.5573005293550316
0.485986977926807
0.46475511026177296
0.5153516276015717
0.5286673388602179
0.5407116770883194
0.5340252265114943
0.468672235823544
0.5142619401231973
0.5923199660831377
0.46860891813520283
0.5196353689783831
0.4658457051132564
0.47876694315789303
0.494039890703007
0.4833685999894832
0.4933075569536308
0.5392645654574049
0.5362304366286854
0.5365206750856928
0.5303172121098197
0.526625613028876
0.5322912102147074
0.45615525338719276
0.6256907609471267
0.44827197919094935
0.46211976386183246
0.5524231960089809
0.5340267785374033
0.51887271338912
0.4670446501897313
0.457882670467451
0.4812249337004371
0.49470752423652
0.47736693333773006
0.5062155008799398
0.5553034771674626
0.4959019535480298
0.5817784212878268
0.5892103112978617
0.5574909743037189
0.4550640859045145
0.46666041588749513
0.5209034597039469
0.49389304814288437
0.50412184326511
0.45882239703722816
0.5015117772438702
0.5591397490331594
0.5946107825184087
0.5079439879345781
0.5632039764660842
0.4657024042261026
0.6071010036111891
0.5217098257962821
0.47479711935947677
0.5984019197777265
0.5861076899837371
0.5684270813859568
0.5446592046389316
0.50189469691152
0.5390143685269385
0.5933143987805349
0.6305805310238914
0.4973507943231149
0.5555757734733175
0.5452184738674121
0.5796332944649498
0.5907466227423626
0.5957817717724465
0.5470362452590487
0.5537251924822904
0.4517633045617489
0.5561314624537
0.5757331587202571
0.47322258013978147
0.5526492561930866
0.5528250072284046
0.4297074890365663
0.5251700882564806
0.5374947096368964
0.5368771528520252
0.49857649206228927
0.6070316506131626
0.5440533533951555
0.49367407551777637
0.43788849798334495
0.5473164241205424
0.5763792793032756
0.5422337134072163
0.5861428058992887
0.5024500769433112
0.5468627005204527
0.6180335102774792
0.5468049341033167
0.45457487464699753
0.4788737561262447
0.5124473508294456
0.5503381221492413
0.5297383043094039
0.4512103914849973
0.47327685013015974
0.4798922763873741
0.4410225017716584
0.5118293434495697
0.6086352815039731
0.46718912044152194
0.43884306658158895
0.47442005801576914
0.5151994277867522
0.5148345877290199
0.5471315838404612
0.45757335059293847
0.534477072685184
0.465769878572807
0.4844511486189783
0.5286462873286988
0.5809883218159914
0.5389180598632617
0.607189909365636
0.5356318329446946
0.5105782878690767
0.4968469802003037
0.47445281278699386
0.6093020369745614
0.5788497954876202
0.45350152070455046
0.5239921941964295
0.5332390700188656
0.48717360196212456
0.44799198988941635
0.509442415984744
0.5716257768538044
0.48877246502187616
0.47347703343863123
0.5038519341882065
0.5027697323565666
0.5443430406947688
0.4812818454639974
0.509854508813195
0.5376773813511294
0.64276989077576
0.4656907584692173
0.5012515911368155
0.4962239314305374
0.6011633502797291
0.41571495953005005
0.4755410354550751
0.6161609414663516
0.46529583006867903
0.4862708748844331
0.4780012248141703
0.4935631946344535
0.5277286836680177
0.4323669082205078
0.3912803108498804
0.5152440112866099
0.4469949834937863
0.4917780366472667
0.4278329465844946
0.47570358233525206
0.49392713602464117
0.48465899068336693
0.5130511028031881
0.44681093937126903
0.4769381474810459
0.6216459621051332
0.6812828776068769
0.5530730771681728
0.5090983090829171
0.6291411087101347
0.4300231745669314
0.6184407422737815
0.5582125556651407
0.5109030855697084
0.5887787910217246
0.5843840486369928
0.48236278333753585
0.5822598890431686
0.6625208384689683
0.5799904773038682
0.4563336455270973
0.49784328615838924
0.4959123969261203
0.5302102739788315
0.41125657560090273
0.5251783104621106
0.5623860588897412
0.507393423144705
0.4317878065710167
0.509170725258124
0.46899145671685943
0.5310645302586386
0.5644701019162147
0.6186814074572423
0.5142581541325814
0.587194417317457
0.4924325417708482
0.5542679478110066
0.5246617746923399
0.5444191929301782
0.4988127255000637
0.4457368893648353
0.4039832815355906
0.5166825273282949
0.4724904660083163
0.5273005043225797
0.4491863951505808
0.4663440854194805
0.49379391195217337
0.5574244426826028
0.6751879778046194
0.5317542247759884
0.522230696543031
0.4457802296447231
0.5312549594407923
0.491995382256967
0.5546043422202809
0.48421776766806257
0.5244618297634612
0.53234513803201
0.6273142137087696
0.6005330904316802
0.443897065570727
0.5581919670992105
0.5113737561489006
0.561612371046488
0.4753311299529255
0.4470629610736835
0.6075523805019172
0.5259092607163587
0.5590978557411941
0.5220522976761955
0.5032471637120045
0.5469912526376608
0.5138366512690627
0.5371544878114201
0.5165193210936232
0.48082451059591264
0.5470053577021212
0.5455805914898256
0.527613761222122
0.42647949066351576
0.5799762377272563
0.45262959252928164
0.5554801854994096
0.5174491552938237
0.5142992769757029
0.5150672501864109
0.5241107252589295
0.3767345159356989
0.5491109707622576
0.5151190499025671
0.4767443199940632
0.48361976835917875
0.6214468877454988
0.50258404977716
0.5272080136433354
0.553339682224561
0.4660011275192296
0.5460183729300058
0.5848886698461406
0.5043359591712022
0.5306111594010121
0.5442263318700628
0.5493537882237087
0.5142948550827982
0.5339152324054387
0.5250123850721956
0.5690082793485659
0.612635122684712
0.5190272808479865
0.5077327397119844
0.5148542133625871
0.5099400573331351
0.5632201409244577
0.5375323936937385
0.5755154562754087
0.5544343165464078
0.5025803518339063
0.5174767544316072
0.44867823321882466
0.45749972687395557
0.4725902067557047
0.5658464033153778
0.45077283904593035
0.4189604845193017
0.5051727629871083
0.5056924173429345
0.5316352422462315
0.5135626381807282
0.5162937563194241
0.566743078123415
0.5396198344383559
0.6221292196351882
0.5534503920162779
0.4906939714445816
0.5468604118448414
0.5781923555213788
0.5192471964790024
0.5552850115466236
0.4891609906769802
0.5550097766381056
0.5927313282775313
0.5039122145761591
0.4835036107071344
0.6000560994432749
0.4325426812036872
0.5518456368249616
0.5116197254927743
0.5016705479226022
0.5134688204050315
0.49860209316043635
0.5238770277369458
0.5146398307126142
0.5569152414629981
0.4562703354422846
0.5350683627662869
0.5086008439011814
0.5107839788804553
0.6246463624131926
0.48456468342316045
0.48723630200476886
0.4992693584969328
0.5123030970926983
0.6086581859853573
0.524765559847406
0.5519266941153319
0.5958686510698157
0.4979763801609433
0.6315917087485995
0.44552981356610116
0.5389582506153185
0.524541198033095
0.5541049801043039
0.5495955516154661
0.5025889602795635
0.5591741721941307
0.5764887826664158
0.45344045273726385
0.5578133528400266
0.5935282734334795
0.47989069904789833
0.5560057884593428
0.5579680488814192
0.4661962590394325
0.39326685541848855
0.4683639952960448
0.4642214872933335
0.539026791653682
0.5405418511469979
0.5838664492320649
0.5218905548827619
0.49615482472681516
0.47641780261410216
0.5301675497016899
0.5939034019156082
0.4885400720685321
0.47815437402511196
0.5474668597541945
0.5199752723246552
0.4933441077064782
0.5066028417866918
0.4535846598073541
0.5364810958224357
0.536561104086621
0.4773630022678986
0.5638448262963791
0.48843787515171727
0.5378068622668993
0.53259439188914
0.5845994392360265
0.565136540557392
0.5238049302507645
0.543054072433119
0.589228786167031
0.4210937090058072
0.4281624006733164
0.6255202913449517
0.5146613357109442
0.5639057727665864
0.5516846927697318
0.5256781056283674
0.5641789787618998
0.588594740320298
