0.24644505395691418
0.3615049254389417
0.2235585682732153
0.40414235364396656
0.3278400158273579
0.356572401879816
0.28811356809218536
0.329803973535371
0.30032319340491165
0.28249913291217643
0.19573197704446949
0.37566654732068266
0.27800375178967374
0.22415864736273117
0.38275009733725335
0.2548500182572613
0.3727881183144341
0.3205051562132657
0.3315010101100574
0.3187772758709947
0.4321387077700417
0.29014217644241025
0.3135192198027915
0.39082034069990446
0.2936516702879748
0.2902178294503756
0.2896090893826657
0.2782149654857145
0.24843474806179972
0.23952501716986904
0.3640434798809459
0.20489524337819348
0.3011815193493272
0.2151541798587328
0.3145743891405039
0.3293724414971868
0.26798376232541504
0.3345073670613159
0.2907911924113479
0.3925702204180858
0.23277393691083148
0.2861524357880696
0.32145415275309935
0.20607975332099868
0.3578584049695963
0.2731643553452064
0.22400532131196876
0.2712290758937328
0.35561435633297367
0.33763435440941825
0.3131399635340783
0.3276957247545483
0.2865880054626078
0.34543999066770337
0.2860379698556802
0.36377175481766133
0.21363466779287038
0.304715377003459
0.2782888989933169
0.32464440684470236
0.2478534250610591
0.36667659699917765
0.22691318759307094
0.2981196661943001
0.2697963497564121
0.33500359625879134
0.30312387375316435
0.3594802414976328
0.3459124181399852
0.31959031438146474
0.3492971141990274
0.2872270727832056
0.3612651440521618
0.33455420110063777
0.27734024204886293
0.2234374871831636
0.3060682901945507
0.32711816044766834
0.2875468146266869
0.31954446544089254
0.31860794604902587
0.4248124936897193
0.35521980590704294
0.26312211188712076
0.3975857179271286
0.24678783247366115
0.2943749034452653
0.25403932696620524
0.3084926623372849
0.30205373781148426
0.2336686536496467
0.21918828202361465
0.24094778116011648
0.29734104570358455
0.20842168683947715
0.213187608304535
0.266926214123201
0.31459305212336625
0.22724470789096016
0.22512989390185512
0.29468628772071215
0.30063323910995143
0.33575458495899135
0.26770593837057255
0.2404347873502508
0.28937552213868006
0.33587169656907173
0.29340054780983116
0.2789300148910802
0.3501820079646767
0.40694504557675915
0.19670651781074897
0.31708477934706925
0.329734891489008
0.30761932533444164
0.2089459419739884
0.2996265270891103
0.28761430053524784
0.3401071261343887
0.28322841051501313
0.21137868081236638
0.2231130754198447
0.29965277299634185
0.3618254190217832
0.2828004636844586
0.3155293671479292
0.35759649793765447
0.25097985819992796
0.2583869314568403
0.35647736064060315
0.26417115199871044
0.28152825223955946
0.3623029286176671
0.27804902341490345
0.25677076678624666
0.23840328791856025
0.2825604249402223
0.3065326666797255
0.36958233530994294
0.3072890589169659
0.3226964425523691
0.29791975522667136
0.3011115780773009
0.2616865980315327
0.2833880065958355
0.2986704272018796
0.32647108898667987
0.37044585157390036
0.26597686658026004
0.25776731205302633
0.35468019833929726
0.26408641505637753
0.3140423288865588
0.3981394010224225
0.381260919357433
0.32046161669187984
0.23859854363648772
0.2557919186975391
0.24287100187919256
0.3505553174212391
0.2805200596796904
0.24885172545072956
0.23714278443883754
0.288521595642609
0.2516093149418577
0.22666323351174816
0.29658006328543585
0.2980010022685835
0.34680756227190684
0.2884877029482846
0.31709822176967484
0.23447499303964775
0.341608679276421
0.3649058934464875
0.30606077640619983
0.2686451884421945
0.2946914946228447
0.35729879622853783
0.28150882510150815
0.2289543974460668
0.35903295948191005
0.3714659456237986
0.2605931887395886
0.3317768612297276
0.2305862655862656
0.3217646847869787
0.3341557636540307
0.3066358622773717
0.31857040254775126
0.24754814526907662
0.3489590959022133
0.28027173532784744
0.3737294265721717
0.30348565750082107
0.34523640470589445
0.3368869643310655
0.34190256905663974
0.292711089278131
0.2573040409053672
0.2744614517048501
0.30323206728077795
0.2515147063059948
0.36120558736807323
0.3437008506075998
0.2347406909180926
0.2611418376090988
0.3655885384460801
0.2575502594665614
0.2311582256367578
0.29351077337732273
0.2728521028401463
0.3690556748778302
0.39322217025174855
0.43324272788871776
0.268922294450453
0.28473653180611225
0.26423074951852143
0.36082767649288117
0.33924519998852015
0.27105178048010886
0.2777629467504154
0.26266269071728077
0.3581039008785092
0.24456595408104026
0.39596917435875
0.2913193387451378
0.3428058497642429
0.22269321722136254
0.250041346033389
0.22502891398247435
0.3908101594806585
0.33003639746951696
0.23488101954038398
0.23159811253561255
0.32089697621132507
0.3895949620813399
0.34723246844895106
0.30457470315014024
0.24431335017163833
0.24859578133323276
0.2719203024334786
0.20276458446626514
0.22269536204178025
0.2840762223325245
0.3184021263289556
0.29444203118137546
0.2907505604385972
0.29076773140464823
0.28341628417772835
0.2903708801597191
0.20388503830258423
0.3024558266432309
0.4243018173452956
0.3270151836140902
0.23432904830962376
0.32873892822114603
0.37920838261417966
0.34263134666433015
0.27690294424283196
0.3214705146682622
0.2402396509763955
0.2848395651341888
0.2562125364626869
0.28127612344906044
0.21713773757957158
0.4221699970480458
0.26040057033900144
0.2508235199582511
0.34215649844752655
0.25812626447917925
0.2740892027146498
0.4477680619863261
0.30321298510632694
0.270671449731462
0.32048660194221895
0.279639746051789
0.3543583857220221
0.35764949830653214
0.33078619694209643
0.32513287858080575
0.2751699080242508
0.3209420568576392
0.3438592842093121
0.33956091657533555
0.37989788924414336
0.3477785437664622
0.31737887168520684
0.33711852156738453
0.2857673568056611
0.2531037343660629
0.355019481389359
0.22560481543415054
0.2454194448713914
0.3256059799905741
0.2311043923837629
0.31915510343007014
0.32432153538159814
0.2587822726950538
0.3245136657360209
0.24334788919091244
0.28172191282044695
0.2758511660616862
0.24650835863295978
0.4341993132315713
0.27113363869443724
0.27921678318966164
0.28416163857648896
0.2411368535818568
0.3481597104937145
0.26353439914446275
0.2816221152598862
0.26738010720667066
0.28982666308868504
0.35376336564854344
0.36360280044826165
0.32731316154992474
0.29030676876900663
0.23137284880523173
0.3777485813146445
0.2663100839668559
0.28538933582188863
0.3300115478534157
0.3003525754670328
0.2782346813158349
0.25361437663929054
0.29385931729249704
0.3322038675455444
0.35353808150460325
0.31406926126527945
0.3313732896636151
0.2813341615160143
0.23939474752445294
0.265484422348544
0.3768932184969
0.2450586848347665
0.295933988597923
0.26354913178309036
0.3298190633365034
0.2562230096742548
0.36920947537564996
0.3143085428506106
0.27454342758690586
0.2472813268401658
0.40115170467740535
0.2453224179858487
0.3058051094856091
0.292473775568574
0.32095525059611135
0.24842799171277757
0.23042995928379884
0.38954859130136194
0.2615703661327231
0.29851801355689217
0.37664797091296126
0.3543227744999725
0.28591075016622997
0.2365320719397047
0.41491948123324707
0.32165131925824225
0.27739296711518935
0.27787358838040277
0.3190072841388631
0.347525393275204
0.27551521965605325
0.2758706305328855
0.3568574465265143
0.3336672030396713
0.26673598261812315
0.27553427731209346
0.23745963139028525
0.2813522830668213
0.2629263810426677
0.2723555569429742
0.40044162555790463
0.29872613184217145
0.3386294165604511
0.3046884714294953
0.3322023442155839
0.32608474450386216
0.3326174271086434
0.29310833416096577
0.23368147492669133
0.2749104935253333
0.22284982453213753
0.36537406462588634
0.2809495566738557
0.39414478437213113
0.34070245263328475
0.23956287829515957
0.32168251370379036
0.24571328753478439
0.2955240694860961
0.2703446407282283
0.29024188146973867
0.4189009334566181
0.3909097067481434
0.31600772622054085
0.3354764145131118
0.27408638070633295
0.34966732749259927
0.5041495366698456
0.3423632694385377
0.36272799482061324
0.19715948317318366
0.32966819571865447
0.23687005945164044
0.2524085346115967
0.3357833125450518
0.254054528101955
0.29897447197804605
0.28111071365910073
0.3229762990739733
0.25385241547608717
0.2856889935912513
0.2623298911643143
0.37251775449482555
0.25983865077228396
0.27706334910880365
0.3293911902494689
0.306277285558734
0.42055383336702823
0.3013847547363166
0.21928555322455384
0.36854320374786864
0.46438205926755544
0.25406084656084654
0.33737299281134897
0.44991006612522666
0.285060050488493
0.2444531198977137
0.29700319328368113
0.23509103981293594
0.2759856679992148
0.31415469371999977
0.3711045314352503
0.30013942199384214
0.3108478641403046
0.24299189323635267
0.30247123462470965
0.3705067329453075
0.29624725266902185
0.2765137473321526
0.239850314211369
0.2085782144259179
0.2716051442544232
0.3132688349330644
0.43397904889704153
0.30264945784649
0.3401226234243149
0.26866265585479115
0.27147707568772345
0.3932187652388891
0.3065762017790345
0.2662259429480046
0.23093858667214076
0.26602044126709373
0.26185095416579857
0.22793710606746773
0.3293143483280308
0.30467897889401746
0.28883781105558326
0.2254084988388932
0.2713096814550811
0.26333312761070576
0.30093396264018435
0.2869365493537125
0.30432990914283037
0.3202743528624745
0.3306046119032398
0.30482188622579737
0.26373564044381015
0.2624831466991279
0.2832986699122111
0.3859201221260426
0.373612969805919
0.30550295589460064
0.38076214781572304
0.27617600391269204
0.3270879529806687
0.3049703078134783
0.3048643087167427
0.33670394820335925
0.20140632335804348
0.2515225903602699
0.31717660295675665
0.3319320055498434
0.3011877706880727
0.316733231861999
0.27205229470335796
0.3190394925313809
0.25240800331414737
0.34555011742710046
0.33581446096416967
0.32104364510782746
0.19858925642879363
0.24676580514346663
0.35287655481331903
0.357413302797667
0.25133668666277365
0.29352256817899347
