0.4109589041095891
0.3695652173913043
0.40506329113924044
0.5666666666666667
0.4571428571428572
0.4117647058823529
0.41463414634146345
0.4482758620689655
0.4109589041095891
0.4722222222222222
0.3863636363636363
0.38461538461538464
0.3513513513513514
0.42666666666666675
0.4444444444444444
0.40540540540540543
0.40579710144927544
0.4347826086956522
0.3404255319148936
0.45161290322580644
0.48
0.4347826086956522
0.41666666666666663
0.35000000000000003
0.4848484848484848
0.38461538461538464
0.47761194029850745
0.425
0.417910447761194
0.38961038961038963
0.36619718309859156
0.4047619047619047
0.5
0.3908045977011494
0.5161290322580646
0.40963855421686746
0.3611111111111111
0.5084745762711865
0.3333333333333333
0.42424242424242425
0.39999999999999997
0.379746835443038
0.37681159420289856
0.40506329113924044
0.4126984126984127
0.46875
0.38095238095238093
0.38461538461538464
0.43037974683544306
0.46875
0.4210526315789474
0.42857142857142855
0.4102564102564102
0.4102564102564102
0.36585365853658536
0.379746835443038
0.3736263736263736
0.3614457831325301
0.379746835443038
0.35443037974683544
0.3956043956043956
0.43037974683544306
0.37037037037037035
0.43243243243243246
0.4225352112676056
0.45901639344262296
0.4225352112676056
0.3835616438356165
0.32967032967032966
0.40506329113924044
0.38961038961038963
0.37499999999999994
0.4571428571428572
0.4477611940298507
0.3902439024390244
0.4109589041095891
0.42666666666666675
0.3888888888888889
0.4225352112676056
0.40540540540540543
0.4197530864197531
0.4383561643835616
0.38961038961038963
0.3908045977011494
0.5454545454545454
0.4
0.4864864864864865
0.3380281690140845
0.40579710144927544
0.38461538461538464
0.46575342465753417
0.45901639344262296
0.40540540540540543
0.4444444444444445
0.38961038961038963
0.4197530864197531
0.33707865168539325
0.4
0.4675324675324675
0.4415584415584416
0.4358974358974359
0.40506329113924044
0.45454545454545453
0.36585365853658536
0.3414634146341463
0.4444444444444445
0.41558441558441556
0.38095238095238093
0.45454545454545453
0.42857142857142855
0.4109589041095891
0.37037037037037035
0.4347826086956522
0.3950617283950617
0.4117647058823529
0.379746835443038
0.4477611940298507
0.41558441558441556
0.42666666666666675
0.37209302325581395
0.4210526315789474
0.47058823529411764
0.38202247191011235
0.41558441558441556
0.379746835443038
0.5070422535211268
0.3835616438356165
0.40963855421686746
0.43037974683544306
0.39999999999999997
0.35897435897435903
0.4225352112676056
0.4117647058823529
0.40506329113924044
0.4
0.37499999999999994
0.3736263736263736
0.38709677419354843
0.43902439024390244
0.4126984126984127
0.39473684210526316
0.38461538461538464
0.4722222222222222
0.37499999999999994
0.38461538461538464
0.41463414634146345
0.47058823529411764
0.43243243243243246
0.3783783783783784
0.4477611940298507
0.3880597014925374
0.42666666666666675
0.38961038961038963
0.32941176470588235
0.48571428571428565
0.3764705882352941
0.4117647058823529
0.4383561643835616
0.42666666666666675
0.42666666666666675
0.4444444444444445
0.3448275862068966
0.4838709677419355
0.4117647058823529
0.3764705882352941
0.4109589041095891
0.43037974683544306
0.3614457831325301
0.37499999999999994
0.47887323943661975
0.3823529411764707
0.4225352112676056
0.37499999999999994
0.4358974358974359
0.4571428571428572
0.463768115942029
0.4
0.39534883720930225
0.37037037037037035
0.3614457831325301
0.4235294117647059
0.4615384615384615
0.4197530864197531
0.37499999999999994
0.4358974358974359
0.39473684210526316
0.4
0.4
0.38202247191011235
0.3835616438356165
0.4507042253521127
0.43902439024390244
0.37037037037037035
0.4
0.5
0.4838709677419355
0.34782608695652173
0.3541666666666667
0.4
0.38554216867469876
0.3373493975903614
0.507936507936508
0.3783783783783784
0.41558441558441556
0.4594594594594595
0.35000000000000003
0.40540540540540543
0.4415584415584416
0.37681159420289856
0.4383561643835616
0.4750000000000001
0.3943661971830986
0.4117647058823529
0.4848484848484848
0.3863636363636363
0.4
0.3764705882352941
0.38554216867469876
0.39999999999999997
0.4197530864197531
0.3943661971830986
0.3695652173913043
0.4210526315789474
0.41558441558441556
0.4810126582278481
0.43902439024390244
0.42666666666666675
0.3513513513513514
0.4102564102564102
0.41463414634146345
0.463768115942029
0.41558441558441556
0.3611111111111111
0.5063291139240507
0.4383561643835616
0.47887323943661975
0.38961038961038963
0.4225352112676056
0.4337349397590361
0.42424242424242425
0.4347826086956522
0.4411764705882353
0.3908045977011494
0.3783783783783784
0.3529411764705882
0.33766233766233766
0.4307692307692308
0.4347826086956522
0.4533333333333333
0.42857142857142855
0.3611111111111111
0.4
0.33333333333333337
0.42857142857142855
0.42696629213483145
0.45454545454545453
0.4415584415584416
0.47058823529411764
0.3516483516483517
0.379746835443038
0.4337349397590361
0.3902439024390244
0.4102564102564102
0.4444444444444445
0.3950617283950617
0.4571428571428572
0.425
0.4067796610169491
0.3950617283950617
0.4
0.3684210526315789
0.4102564102564102
0.4571428571428572
0.3908045977011494
0.3466666666666666
0.3513513513513514
0.43243243243243246
0.43243243243243246
0.3614457831325301
0.4918032786885246
0.36363636363636365
0.3863636363636363
0.3466666666666666
0.4210526315789474
0.4102564102564102
0.4347826086956522
0.42666666666666675
0.5
0.4067796610169491
0.3950617283950617
0.3950617283950617
0.4533333333333333
0.35443037974683544
0.4477611940298507
0.3529411764705882
0.4
0.35443037974683544
0.39473684210526316
0.39999999999999997
0.36363636363636365
0.3950617283950617
0.41379310344827586
0.39473684210526316
0.3902439024390244
0.45454545454545453
0.4210526315789474
0.36170212765957444
0.3684210526315789
0.3684210526315789
0.46575342465753417
0.4
0.4927536231884058
0.4210526315789474
0.3835616438356165
0.35616438356164387
0.425
0.3943661971830986
0.4197530864197531
0.42857142857142855
0.3555555555555555
0.4
0.4383561643835616
0.41558441558441556
0.4
0.3888888888888889
0.3908045977011494
0.43181818181818177
0.3611111111111111
0.4126984126984127
0.41558441558441556
0.3333333333333333
0.36363636363636365
0.4
0.4000000000000001
0.38095238095238093
0.4
0.37037037037037035
0.4477611940298507
0.379746835443038
0.4666666666666667
0.4507042253521127
0.4109589041095891
0.4
0.43243243243243246
0.48571428571428565
0.39473684210526316
0.4444444444444444
0.4571428571428572
0.38461538461538464
0.53125
0.4383561643835616
0.36585365853658536
0.4225352112676056
0.3943661971830986
0.36619718309859156
0.40506329113924044
0.41666666666666663
0.4
0.37037037037037035
0.4
0.34782608695652173
0.46575342465753417
0.4927536231884058
0.4
0.4197530864197531
0.3902439024390244
0.4210526315789474
0.379746835443038
0.3880597014925374
0.4722222222222222
0.40540540540540543
0.4102564102564102
0.40449438202247195
0.4415584415584416
0.42666666666666675
0.34090909090909094
0.40506329113924044
0.39473684210526316
0.47761194029850745
0.4137931034482759
0.40506329113924044
0.4225352112676056
0.36585365853658536
0.40506329113924044
0.417910447761194
0.4444444444444444
0.43243243243243246
0.4444444444444444
0.4444444444444444
0.37500000000000006
0.4411764705882353
0.37499999999999994
0.41463414634146345
0.42857142857142855
0.463768115942029
0.36923076923076925
0.3835616438356165
0.4722222222222222
0.42857142857142855
0.47058823529411764
0.33333333333333337
0.41558441558441556
0.3908045977011494
0.32098765432098764
0.4615384615384615
0.47368421052631576
0.4225352112676056
0.35897435897435903
0.4
0.37209302325581395
0.425
0.42424242424242425
0.5172413793103449
0.4615384615384615
0.38961038961038963
0.41666666666666663
0.4
0.4444444444444445
0.4477611940298507
0.4473684210526315
0.38961038961038963
0.417910447761194
0.4307692307692308
0.4307692307692308
0.43037974683544306
0.3888888888888889
0.417910447761194
0.4477611940298507
0.4109589041095891
0.41860465116279066
0.43243243243243246
0.4722222222222222
0.46875
0.39473684210526316
0.38202247191011235
0.4126984126984127
0.4
0.39473684210526316
0.523076923076923
0.38961038961038963
0.29729729729729726
0.4507042253521127
0.53125
0.35000000000000003
0.3783783783783784
0.3943661971830986
0.43243243243243246
0.40963855421686746
0.41558441558441556
0.4507042253521127
0.4210526315789474
0.4235294117647059
0.41666666666666663
0.40506329113924044
0.47887323943661975
0.45901639344262296
0.4042553191489362
0.3488372093023256
0.43749999999999994
0.4
0.4
0.42666666666666675
0.45569620253164556
0.42857142857142855
0.4571428571428572
0.4411764705882353
0.38461538461538464
0.37142857142857144
0.36619718309859156
0.4047619047619047
0.4
0.4666666666666667
0.38961038961038963
0.4102564102564102
0.4507042253521127
0.41666666666666663
0.4666666666666667
0.42857142857142855
0.42857142857142855
0.4482758620689655
0.38554216867469876
0.34375
0.4117647058823529
0.3835616438356165
0.35897435897435903
0.40506329113924044
0.40506329113924044
0.4047619047619047
0.4225352112676056
0.4109589041095891
0.4
0.43749999999999994
0.37333333333333335
0.36363636363636365
0.41558441558441556
0.3764705882352941
0.4197530864197531
0.4444444444444445
0.4722222222222222
0.37209302325581395
