0.1568627450980392
0.2413793103448276
0.2105263157894737
0.3548387096774193
0.19607843137254902
0.14545454545454545
0.18461538461538463
0.1818181818181818
0.10526315789473685
0.21428571428571427
0.10714285714285714
0.2592592592592593
0.2153846153846154
0.14545454545454545
0.17857142857142855
0.2413793103448276
0.2181818181818182
0.07547169811320756
0.22950819672131148
0.19444444444444445
0.10344827586206898
0.17543859649122806
0.0784313725490196
0.13559322033898305
0.22222222222222224
0.15384615384615383
0.26666666666666666
0.2
0.16949152542372883
0.17857142857142855
0.12244897959183673
0.09677419354838711
0.17241379310344826
0.14035087719298248
0.17857142857142855
0.2769230769230769
0.11764705882352941
0.2181818181818182
0.2105263157894737
0.303030303030303
0.17857142857142855
0.04
0.1702127659574468
0.3333333333333333
0.15625
0.15625
0.2153846153846154
0.15094339622641512
0.28125
0.23728813559322037
0.25
0.19354838709677422
0.21874999999999997
0.28571428571428564
0.14285714285714288
0.17241379310344826
0.12244897959183673
0.10526315789473685
0.03846153846153846
0.22950819672131148
0.2413793103448276
0.14545454545454545
0.2
0.26666666666666666
0.13559322033898305
0.14035087719298248
0.0784313725490196
0.380952380952381
0.2456140350877193
0.2545454545454545
0.2105263157894737
0.11111111111111112
0.13559322033898305
0.17142857142857143
0.19672131147540983
0.14285714285714288
0.10714285714285714
0.1515151515151515
0.32352941176470584
0.17241379310344826
0.19672131147540983
0.2580645161290323
0.2545454545454545
0.2758620689655172
0.14545454545454545
0.06451612903225808
0.08333333333333334
0.1791044776119403
0.10344827586206898
0.2413793103448276
0.14814814814814814
0.34375
0.24615384615384614
0.32352941176470584
0.2153846153846154
0.20338983050847456
0.17857142857142855
0.13559322033898305
0.14814814814814814
0.03278688524590164
0.20588235294117646
0.2758620689655172
0.11111111111111112
0.2456140350877193
0.22950819672131148
0.22222222222222224
0.20338983050847456
0.25
0.36065573770491804
0.13114754098360656
0.2181818181818182
0.08
0.253968253968254
0.16129032258064516
0.23728813559322037
0.21212121212121213
0.1904761904761905
0.2535211267605634
0.2318840579710145
0.14035087719298248
0.14285714285714288
0.2647058823529412
0.22641509433962265
0.2711864406779661
0.2
0.17857142857142855
0.23728813559322037
0.3050847457627119
0.26229508196721313
0.13333333333333333
0.09677419354838711
0.1791044776119403
0.253968253968254
0.19672131147540983
0.29508196721311475
0.14285714285714288
0.12903225806451615
0.28070175438596495
0.32352941176470584
0.07017543859649124
0.0392156862745098
0.17857142857142855
0.19672131147540983
0.1818181818181818
0.15873015873015872
0.208955223880597
0.21212121212121213
0.16666666666666666
0.06779661016949153
0.2105263157894737
0.1379310344827586
0.1818181818181818
0.22222222222222224
0.3548387096774193
0.16949152542372883
0.10714285714285714
0.28571428571428575
0.1971830985915493
0.2105263157894737
0.07547169811320756
0.07547169811320756
0.10344827586206898
0.2222222222222222
0.21428571428571427
0.28125
0.3157894736842105
0.15384615384615383
0.10526315789473685
0.253968253968254
0.14705882352941177
0.2413793103448276
0.14545454545454545
0.0
0.09836065573770492
0.16901408450704225
0.2153846153846154
0.07142857142857144
0.15384615384615383
0.10344827586206898
0.2769230769230769
0.26415094339622636
0.2318840579710145
0.16949152542372883
0.2909090909090909
0.17391304347826086
0.3636363636363636
0.1818181818181818
0.1904761904761905
0.14545454545454545
0.22535211267605634
0.17543859649122806
0.21212121212121213
0.09836065573770492
0.23333333333333334
0.2413793103448276
0.12
0.17241379310344826
0.0
0.2580645161290323
0.2545454545454545
0.13114754098360656
0.15625
0.23076923076923075
0.25
0.253968253968254
0.2456140350877193
0.16393442622950818
0.1923076923076923
0.126984126984127
0.2105263157894737
0.1090909090909091
0.14035087719298248
0.2580645161290323
0.2181818181818182
0.10169491525423728
0.2608695652173913
0.1818181818181818
0.061538461538461535
0.08
0.23333333333333334
0.20588235294117646
0.22580645161290322
0.25
0.21428571428571427
0.11940298507462686
0.09836065573770492
0.2
0.16393442622950818
0.10714285714285714
0.1904761904761905
0.20338983050847456
0.26666666666666666
0.19672131147540983
0.28125
0.3050847457627119
0.17241379310344826
0.22950819672131148
0.2580645161290323
0.303030303030303
0.16
0.15094339622641512
0.14285714285714288
0.1923076923076923
0.3157894736842105
0.20689655172413796
0.22222222222222224
0.3823529411764707
0.22222222222222224
0.2580645161290323
0.14545454545454545
0.2571428571428572
0.2040816326530612
0.22222222222222224
0.18750000000000003
0.13114754098360656
0.25
0.3050847457627119
0.22950819672131148
0.19354838709677422
0.23333333333333334
0.14035087719298248
0.14035087719298248
0.32786885245901637
0.16393442622950818
0.26229508196721313
0.14545454545454545
0.17543859649122806
0.11111111111111112
0.16949152542372883
0.13114754098360656
0.23728813559322037
0.06666666666666667
0.20338983050847456
0.17391304347826086
0.28125
0.23728813559322037
0.13114754098360656
0.13559322033898305
0.13114754098360656
0.126984126984127
0.2105263157894737
0.3050847457627119
0.14814814814814814
0.14492753623188406
0.10526315789473685
0.16949152542372883
0.17543859649122806
0.1818181818181818
0.23728813559322037
0.15384615384615383
0.19354838709677422
0.22580645161290322
0.28571428571428575
0.17543859649122806
0.06666666666666667
0.1851851851851852
0.2413793103448276
0.25
0.1090909090909091
0.17391304347826086
0.13333333333333333
0.31746031746031744
0.15094339622641512
0.11111111111111112
0.2647058823529412
0.20833333333333334
0.22641509433962265
0.17543859649122806
0.1818181818181818
0.2580645161290323
0.1904761904761905
0.07407407407407407
0.16949152542372883
0.2769230769230769
0.16393442622950818
0.1090909090909091
0.25
0.2318840579710145
0.17857142857142855
0.20588235294117646
0.13114754098360656
0.1379310344827586
0.20000000000000004
0.22222222222222224
0.14285714285714288
0.10344827586206898
0.16393442622950818
0.22580645161290322
0.15094339622641512
0.13559322033898305
0.10526315789473685
0.23333333333333334
0.29508196721311475
0.23728813559322037
0.20338983050847456
0.09375000000000001
0.1379310344827586
0.11320754716981132
0.23529411764705882
0.2727272727272727
0.2413793103448276
0.13559322033898305
0.208955223880597
0.07272727272727272
0.13333333333333333
0.14285714285714288
0.2153846153846154
0.303030303030303
0.09230769230769231
0.25
0.19354838709677422
0.19607843137254902
0.2181818181818182
0.14814814814814814
0.16666666666666666
0.19354838709677422
0.21428571428571427
0.09375000000000001
0.20689655172413796
0.16949152542372883
0.29508196721311475
0.2318840579710145
0.3448275862068965
0.16666666666666666
0.2769230769230769
0.31746031746031744
0.2535211267605634
0.253968253968254
0.1904761904761905
0.21874999999999997
0.1379310344827586
0.19444444444444445
0.20689655172413796
0.22641509433962265
0.29850746268656714
0.20000000000000004
0.20000000000000004
0.16949152542372883
0.25
0.1904761904761905
0.16393442622950818
0.1568627450980392
0.23333333333333334
0.16393442622950818
0.2424242424242424
0.11538461538461538
0.2105263157894737
0.09523809523809525
0.14035087719298248
0.2105263157894737
0.26666666666666666
0.3142857142857143
0.09836065573770492
0.23333333333333334
0.2424242424242424
0.23529411764705882
0.3508771929824561
0.18750000000000003
0.19672131147540983
0.208955223880597
0.2692307692307693
0.23076923076923075
0.29411764705882354
0.2758620689655172
0.2413793103448276
0.13559322033898305
0.2285714285714286
0.1388888888888889
0.12903225806451615
0.0816326530612245
0.33898305084745767
0.18750000000000003
0.253968253968254
0.1851851851851852
0.3103448275862069
0.24615384615384614
0.1379310344827586
0.14035087719298248
0.06557377049180328
0.17241379310344826
0.14035087719298248
0.16949152542372883
0.17857142857142855
0.23728813559322037
0.15873015873015872
0.2647058823529412
0.28571428571428564
0.28571428571428575
0.26229508196721313
0.29032258064516125
0.18867924528301885
0.21874999999999997
0.17241379310344826
0.17142857142857143
0.1818181818181818
0.20289855072463772
0.09375000000000001
0.19672131147540983
0.10344827586206898
0.1090909090909091
0.1212121212121212
0.22222222222222224
0.09375000000000001
0.26229508196721313
0.2545454545454545
0.061538461538461535
0.21428571428571427
0.20338983050847456
0.28070175438596495
0.28070175438596495
0.0625
0.037037037037037035
0.18461538461538463
0.18461538461538463
0.2545454545454545
0.15384615384615383
0.20000000000000004
0.1090909090909091
0.0625
0.11538461538461538
0.10344827586206898
0.17241379310344826
0.3157894736842105
0.2413793103448276
0.253968253968254
0.23333333333333334
0.03636363636363636
0.1851851851851852
0.13559322033898305
0.07547169811320756
0.13114754098360656
0.24615384615384614
0.14285714285714288
0.2769230769230769
0.1388888888888889
0.26865671641791045
0.16666666666666666
0.32786885245901637
0.2318840579710145
0.125
0.11111111111111112
0.10714285714285714
0.17647058823529413
0.15384615384615383
0.19672131147540983
0.22641509433962265
0.15384615384615383
0.14035087719298248
0.13114754098360656
0.11111111111111112
0.22580645161290322
0.03846153846153846
0.2105263157894737
0.2711864406779661
0.1515151515151515
0.2758620689655172
0.26666666666666666
0.10526315789473685
0.2153846153846154
0.061538461538461535
