0.2682926829268293
0.4782608695652174
0.26666666666666666
0.5
0.47058823529411764
0.3939393939393939
0.2972972972972973
0.27586206896551724
0.42105263157894735
0.34782608695652173
0.17777777777777778
0.42424242424242425
0.3076923076923077
0.21428571428571427
0.43333333333333335
0.2727272727272727
0.5263157894736842
0.3333333333333333
0.2619047619047619
0.4117647058823529
0.5
0.3333333333333333
0.4
0.2962962962962963
0.34615384615384615
0.2619047619047619
0.3142857142857143
0.34285714285714286
0.23333333333333334
0.25925925925925924
0.37142857142857144
0.20588235294117646
0.3076923076923077
0.15789473684210525
0.37037037037037035
0.36363636363636365
0.35294117647058826
0.41379310344827586
0.3939393939393939
0.4
0.21212121212121213
0.3333333333333333
0.2608695652173913
0.23809523809523808
0.4444444444444444
0.2857142857142857
0.225
0.2972972972972973
0.38235294117647056
0.2857142857142857
0.3170731707317073
0.4166666666666667
0.3888888888888889
0.35294117647058826
0.375
0.39285714285714285
0.26666666666666666
0.2903225806451613
0.32432432432432434
0.275
0.2564102564102564
0.3870967741935484
0.2
0.36
0.3333333333333333
0.375
0.30303030303030304
0.4782608695652174
0.48
0.4166666666666667
0.3684210526315789
0.25
0.45
0.42857142857142855
0.3
0.20833333333333334
0.34146341463414637
0.29411764705882354
0.36666666666666664
0.37037037037037035
0.3448275862068966
0.4642857142857143
0.47619047619047616
0.391304347826087
0.5217391304347826
0.2
0.35
0.2564102564102564
0.26666666666666666
0.32
0.13333333333333333
0.20833333333333334
0.23333333333333334
0.35
0.19148936170212766
0.1935483870967742
0.20930232558139536
0.21052631578947367
0.2727272727272727
0.2
0.3333333333333333
0.42857142857142855
0.45454545454545453
0.36
0.2564102564102564
0.3076923076923077
0.3783783783783784
0.3888888888888889
0.2647058823529412
0.45454545454545453
0.4642857142857143
0.17647058823529413
0.47368421052631576
0.45
0.4
0.23076923076923078
0.26666666666666666
0.4
0.2916666666666667
0.3055555555555556
0.22727272727272727
0.2
0.375
0.4166666666666667
0.35
0.4074074074074074
0.40625
0.2
0.3076923076923077
0.41379310344827586
0.36
0.2926829268292683
0.45454545454545453
0.3055555555555556
0.2692307692307692
0.1951219512195122
0.24390243902439024
0.36363636363636365
0.45454545454545453
0.375
0.36666666666666664
0.36363636363636365
0.3181818181818182
0.3225806451612903
0.3103448275862069
0.391304347826087
0.5454545454545454
0.4
0.3333333333333333
0.4
0.4
0.3181818181818182
0.35714285714285715
0.36363636363636365
0.2857142857142857
0.34375
0.2413793103448276
0.3333333333333333
0.25
0.4
0.2857142857142857
0.2857142857142857
0.25
0.3076923076923077
0.23076923076923078
0.1702127659574468
0.2727272727272727
0.3448275862068966
0.3870967741935484
0.4
0.38095238095238093
0.2571428571428571
0.4090909090909091
0.4
0.36
0.3548387096774194
0.38095238095238093
0.4444444444444444
0.4
0.19047619047619047
0.3783783783783784
0.5625
0.3076923076923077
0.25925925925925924
0.25
0.3333333333333333
0.42857142857142855
0.28
0.36
0.2903225806451613
0.2962962962962963
0.30952380952380953
0.4
0.3076923076923077
0.38461538461538464
0.4642857142857143
0.16666666666666666
0.30434782608695654
0.2857142857142857
0.3235294117647059
0.3225806451612903
0.2571428571428571
0.3333333333333333
0.34782608695652173
0.19047619047619047
0.25925925925925924
0.5263157894736842
0.25
0.25
0.3157894736842105
0.2708333333333333
0.4
0.36666666666666664
0.5
0.2682926829268293
0.2962962962962963
0.26666666666666666
0.4074074074074074
0.4375
0.3
0.2857142857142857
0.4166666666666667
0.4666666666666667
0.16666666666666666
0.36666666666666664
0.4583333333333333
0.47058823529411764
0.15789473684210525
0.28125
0.2222222222222222
0.5
0.32142857142857145
0.2727272727272727
0.2916666666666667
0.36666666666666664
0.48
0.4827586206896552
0.2777777777777778
0.2553191489361702
0.30434782608695654
0.3333333333333333
0.17647058823529413
0.21428571428571427
0.3448275862068966
0.34615384615384615
0.38461538461538464
0.3684210526315789
0.45454545454545453
0.2916666666666667
0.2903225806451613
0.21212121212121213
0.3157894736842105
0.4782608695652174
0.375
0.1935483870967742
0.3611111111111111
0.42857142857142855
0.42857142857142855
0.32
0.3488372093023256
0.275
0.25925925925925924
0.28
0.34285714285714286
0.16
0.6
0.2553191489361702
0.22580645161290322
0.40625
0.23076923076923078
0.25
0.4482758620689655
0.47368421052631576
0.275
0.4230769230769231
0.2692307692307692
0.4444444444444444
0.375
0.3333333333333333
0.4375
0.3142857142857143
0.25925925925925924
0.3888888888888889
0.5
0.42857142857142855
0.4444444444444444
0.2777777777777778
0.42105263157894735
0.35714285714285715
0.2727272727272727
0.36363636363636365
0.2962962962962963
0.25925925925925924
0.2926829268292683
0.2777777777777778
0.41379310344827586
0.5
0.32
0.41935483870967744
0.30303030303030304
0.3055555555555556
0.275
0.34615384615384615
0.6666666666666666
0.3333333333333333
0.2692307692307692
0.34285714285714286
0.25925925925925924
0.4090909090909091
0.2
0.35
0.25
0.37037037037037035
0.5294117647058824
0.30434782608695654
0.2727272727272727
0.2727272727272727
0.25
0.4
0.25
0.3076923076923077
0.36363636363636365
0.375
0.2727272727272727
0.3181818181818182
0.4
0.2647058823529412
0.4
0.3225806451612903
0.3333333333333333
0.18181818181818182
0.21052631578947367
0.36
0.5
0.1951219512195122
0.375
0.3103448275862069
0.3684210526315789
0.2553191489361702
0.4090909090909091
0.3333333333333333
0.3
0.22580645161290322
0.5
0.25
0.25
0.36
0.34375
0.2916666666666667
0.2564102564102564
0.4230769230769231
0.28
0.4
0.44
0.3939393939393939
0.391304347826087
0.3157894736842105
0.4482758620689655
0.43478260869565216
0.38461538461538464
0.34615384615384615
0.34615384615384615
0.47058823529411764
0.2903225806451613
0.32
0.26666666666666666
0.358974358974359
0.3684210526315789
0.30434782608695654
0.19047619047619047
0.3076923076923077
0.3181818181818182
0.3333333333333333
0.4
0.375
0.4666666666666667
0.2564102564102564
0.34615384615384615
0.36363636363636365
0.391304347826087
0.3611111111111111
0.21428571428571427
0.34782608695652173
0.28205128205128205
0.4090909090909091
0.36
0.3225806451612903
0.391304347826087
0.25
0.2708333333333333
0.27586206896551724
0.3225806451612903
0.3333333333333333
0.23333333333333334
0.55
0.4594594594594595
0.2571428571428571
0.34615384615384615
0.3333333333333333
0.3939393939393939
0.5909090909090909
0.4482758620689655
0.3448275862068966
0.1794871794871795
0.5
0.2413793103448276
0.3
0.5238095238095238
0.32142857142857145
0.32608695652173914
0.24
0.4444444444444444
0.26666666666666666
0.3103448275862069
0.36363636363636365
0.3548387096774194
0.2702702702702703
0.32
0.4090909090909091
0.2857142857142857
0.45454545454545453
0.25806451612903225
0.2727272727272727
0.45
0.5
0.2
0.4444444444444444
0.5454545454545454
0.23255813953488372
0.2692307692307692
0.34375
0.27586206896551724
0.3793103448275862
0.3023255813953488
0.3939393939393939
0.37037037037037035
0.4
0.2608695652173913
0.375
0.4166666666666667
0.34285714285714286
0.3333333333333333
0.20689655172413793
0.15
0.3548387096774194
0.3333333333333333
0.52
0.375
0.36
0.3157894736842105
0.2962962962962963
0.47368421052631576
0.41935483870967744
0.35
0.1951219512195122
0.2857142857142857
0.21739130434782608
0.2413793103448276
0.4375
0.2894736842105263
0.23404255319148937
0.22580645161290322
0.3888888888888889
0.2727272727272727
0.2857142857142857
0.2777777777777778
0.3181818181818182
0.3055555555555556
0.3783783783783784
0.39285714285714285
0.25
0.3181818181818182
0.3170731707317073
0.3076923076923077
0.4666666666666667
0.3793103448275862
0.3333333333333333
0.2692307692307692
0.34615384615384615
0.3333333333333333
0.375
0.375
0.1875
0.3157894736842105
0.4166666666666667
0.375
0.34782608695652173
0.5
0.3448275862068966
0.3333333333333333
0.2
0.5
0.43478260869565216
0.3103448275862069
0.15151515151515152
0.3157894736842105
0.3125
0.5
0.25
0.32608695652173914
