0.4615384615384615
0.4888888888888889
0.4545454545454545
0.33333333333333337
0.36363636363636365
0.47826086956521735
0.3703703703703704
0.46808510638297873
0.3809523809523809
0.5454545454545455
0.35897435897435903
0.5
0.35897435897435903
0.4615384615384615
0.39215686274509803
0.3555555555555555
0.5217391304347827
0.35
0.5106382978723405
0.4090909090909091
0.5333333333333333
0.3478260869565218
0.42553191489361697
0.4
0.4090909090909091
0.3829787234042553
0.4897959183673469
0.43478260869565216
0.3902439024390244
0.3913043478260869
0.4545454545454545
0.5777777777777778
0.4
0.5
0.4313725490196078
0.5454545454545454
0.4090909090909091
0.3
0.4
0.5217391304347827
0.3478260869565218
0.3703703703703704
0.42553191489361697
0.5
0.32
0.4444444444444444
0.5106382978723405
0.43999999999999995
0.46808510638297873
0.4444444444444444
0.46808510638297873
0.4090909090909091
0.41509433962264153
0.4074074074074074
0.4651162790697674
0.26086956521739135
0.5199999999999999
0.45833333333333326
0.47826086956521735
0.4
0.46808510638297873
0.46808510638297873
0.4615384615384615
0.45833333333333326
0.4
0.4285714285714285
0.38596491228070173
0.43478260869565216
0.47619047619047616
0.5384615384615385
0.4
0.5283018867924527
0.4166666666666667
0.5116279069767441
0.28571428571428575
0.3829787234042553
0.64
0.46808510638297873
0.4642857142857143
0.47826086956521735
0.3529411764705882
0.43902439024390244
0.4
0.25
0.42553191489361697
0.5199999999999999
0.2978723404255319
0.36000000000000004
0.423076923076923
0.4888888888888889
0.4090909090909091
0.3404255319148936
0.33333333333333337
0.44897959183673464
0.32
0.326530612244898
0.48
0.4090909090909091
0.45833333333333326
0.42553191489361697
0.3846153846153846
0.4313725490196078
0.4363636363636364
0.5283018867924527
0.3809523809523809
0.37499999999999994
0.4545454545454545
0.4897959183673469
0.43478260869565216
0.4
0.37499999999999994
0.3829787234042553
0.46808510638297873
0.5106382978723405
0.4
0.5199999999999999
0.4727272727272728
0.32
0.4313725490196078
0.3913043478260869
0.5
0.4090909090909091
0.3555555555555555
0.46808510638297873
0.48
0.3478260869565218
0.423076923076923
0.3043478260869565
0.33333333333333326
0.3673469387755102
0.3181818181818182
0.37499999999999994
0.5
0.5116279069767441
0.4166666666666667
0.3555555555555555
0.5
0.3673469387755102
0.37499999999999994
0.4888888888888889
0.46808510638297873
0.29268292682926833
0.3478260869565218
0.32558139534883723
0.27906976744186046
0.47058823529411764
0.3703703703703704
0.3928571428571428
0.4074074074074074
0.4615384615384615
0.4090909090909091
0.49056603773584906
0.3829787234042553
0.5714285714285714
0.4090909090909091
0.3478260869565218
0.4918032786885246
0.4090909090909091
0.5098039215686274
0.4444444444444444
0.4651162790697674
0.4615384615384615
0.5
0.4166666666666667
0.49056603773584906
0.4
0.56
0.3913043478260869
0.42553191489361697
0.4651162790697674
0.3181818181818182
0.43902439024390244
0.34146341463414637
0.42857142857142855
0.4090909090909091
0.42553191489361697
0.5
0.5
0.5
0.37499999999999994
0.4
0.5454545454545455
0.56
0.5333333333333333
0.5
0.45833333333333326
0.3913043478260869
0.3846153846153846
0.43902439024390244
0.4642857142857143
0.43999999999999995
0.3846153846153846
0.3913043478260869
0.2692307692307693
0.423076923076923
0.423076923076923
0.4651162790697674
0.4444444444444444
0.5106382978723405
0.32558139534883723
0.3809523809523809
0.5217391304347827
0.48
0.4897959183673469
0.3913043478260869
0.47826086956521735
0.4166666666666667
0.44897959183673464
0.4285714285714285
0.3809523809523809
0.3404255319148936
0.3913043478260869
0.4090909090909091
0.3829787234042553
0.5
0.33333333333333337
0.4166666666666667
0.2978723404255319
0.3555555555555555
0.4
0.5454545454545455
0.44897959183673464
0.4166666666666667
0.3902439024390244
0.39215686274509803
0.42553191489361697
0.4166666666666667
0.3478260869565218
0.5333333333333333
0.42553191489361697
0.33333333333333337
0.33333333333333337
0.5
0.30769230769230765
0.4285714285714285
0.5217391304347827
0.33333333333333337
0.3829787234042553
0.3829787234042553
0.4545454545454545
0.37209302325581395
0.2978723404255319
0.45833333333333326
0.3902439024390244
0.42553191489361697
0.42553191489361697
0.37209302325581395
0.4090909090909091
0.42553191489361697
0.326530612244898
0.5199999999999999
0.4090909090909091
0.5306122448979592
0.4
0.46808510638297873
0.36363636363636365
0.5217391304347827
0.27272727272727276
0.46808510638297873
0.32
0.45000000000000007
0.3829787234042553
0.3913043478260869
0.4444444444444444
0.36363636363636365
0.47826086956521735
0.3404255319148936
0.4090909090909091
0.43478260869565216
0.3555555555555555
0.3529411764705882
0.3555555555555555
0.4081632653061224
0.44897959183673464
0.3773584905660377
0.326530612244898
0.4166666666666667
0.3555555555555555
0.48
0.33333333333333337
0.3478260869565218
0.5
0.5652173913043479
0.3809523809523809
0.29268292682926833
0.5
0.31111111111111117
0.41025641025641024
0.4642857142857143
0.4
0.4897959183673469
0.41860465116279066
0.3913043478260869
0.36363636363636365
0.5365853658536585
0.4
0.44897959183673464
0.4081632653061224
0.3181818181818182
0.4210526315789474
0.4081632653061224
0.6296296296296297
0.46808510638297873
0.47058823529411764
0.42857142857142855
0.41860465116279066
0.3829787234042553
0.42553191489361697
0.36363636363636365
0.5
0.3829787234042553
0.5714285714285714
0.4
0.47826086956521735
0.3829787234042553
0.4545454545454545
0.4313725490196078
0.3913043478260869
0.30769230769230765
0.4545454545454545
0.4897959183673469
0.4444444444444444
0.36363636363636365
0.3529411764705882
0.4
0.45833333333333326
0.4888888888888889
0.4
0.3913043478260869
0.3404255319148936
0.36363636363636365
0.3829787234042553
0.44897959183673464
0.3829787234042553
0.4615384615384615
0.4444444444444444
0.3555555555555555
0.46808510638297873
0.3913043478260869
0.5
0.37499999999999994
0.36363636363636365
0.32558139534883723
0.4
0.47058823529411764
0.46808510638297873
0.31111111111111117
0.3829787234042553
0.3404255319148936
0.4
0.4
0.37209302325581395
0.36000000000000004
0.3555555555555555
0.42553191489361697
0.4444444444444444
0.4444444444444444
0.4
0.5306122448979592
0.43478260869565216
0.5217391304347827
0.30769230769230765
0.41860465116279066
0.4727272727272728
0.4081632653061224
0.4137931034482759
0.44897959183673464
0.5660377358490566
0.27906976744186046
0.4166666666666667
0.5333333333333333
0.4727272727272728
0.3809523809523809
0.3181818181818182
0.41860465116279066
0.43999999999999995
0.46808510638297873
0.3902439024390244
0.33333333333333337
0.4897959183673469
0.27272727272727276
0.4074074074074074
0.5283018867924527
0.46808510638297873
0.56
0.5490196078431373
0.36000000000000004
0.4081632653061224
0.3529411764705882
0.33333333333333337
0.4313725490196078
0.42553191489361697
0.4090909090909091
0.5238095238095238
0.37209302325581395
0.42553191489361697
0.33333333333333337
0.3043478260869565
0.3529411764705882
0.4
0.326530612244898
0.37499999999999994
0.41509433962264153
0.4313725490196078
0.48
0.42553191489361697
0.4090909090909091
0.5306122448979592
0.4545454545454545
0.5217391304347827
0.4313725490196078
0.34146341463414637
0.35897435897435903
0.5
0.5106382978723405
0.4285714285714285
0.3478260869565218
0.45833333333333326
0.41860465116279066
0.4081632653061224
0.4090909090909091
0.35
0.3043478260869565
0.5185185185185186
0.4878048780487804
0.47457627118644075
0.43478260869565216
0.3043478260869565
0.32558139534883723
0.3809523809523809
0.4444444444444444
0.3773584905660377
0.3673469387755102
0.326530612244898
0.42857142857142855
0.5
0.36000000000000004
0.4444444444444445
0.34146341463414637
0.47058823529411764
0.47826086956521735
0.5384615384615385
0.4285714285714285
0.4285714285714285
0.4545454545454545
0.5652173913043479
0.33962264150943394
0.47619047619047616
0.45833333333333326
0.47826086956521735
0.43478260869565216
0.3043478260869565
0.4285714285714285
0.43478260869565216
0.4
0.41025641025641024
0.4444444444444444
0.4
0.47826086956521735
0.5306122448979592
0.33333333333333337
0.41860465116279066
0.45833333333333326
0.37499999999999994
0.44897959183673464
0.423076923076923
0.4090909090909091
0.4363636363636364
0.5106382978723405
0.3478260869565218
0.46808510638297873
0.5454545454545455
0.3913043478260869
0.33333333333333337
0.4285714285714285
0.5098039215686274
0.4285714285714285
0.3478260869565218
0.34146341463414637
0.44897959183673464
0.41860465116279066
0.5
0.3703703703703704
0.3684210526315789
0.3181818181818182
0.3773584905660377
0.33333333333333337
0.34146341463414637
0.3902439024390244
0.3703703703703704
0.4642857142857143
0.2692307692307693
0.42553191489361697
0.5333333333333333
0.4897959183673469
0.3728813559322034
0.48
0.44897959183673464
0.47826086956521735
0.4878048780487804
