0.6538888888888889
0.6061111111111112
0.6744444444444444
0.7169444444444444
0.673888888888889
0.6993055555555556
0.6391666666666668
0.6630555555555555
0.6647222222222222
0.7011111111111111
0.6266666666666667
0.6100000000000001
0.6175
0.6661111111111111
0.6791666666666667
0.6441666666666667
0.6633333333333333
0.6880555555555556
0.5663888888888889
0.6561111111111111
0.6966666666666667
0.595
0.6377777777777777
0.5747222222222221
0.6763888888888888
0.6669444444444446
0.6727777777777778
0.6583333333333333
0.5952777777777778
0.6447222222222223
0.6375
0.6308333333333334
0.7130555555555554
0.6425
0.6875000000000001
0.6486111111111111
0.6516666666666667
0.6697222222222222
0.5980555555555556
0.6811111111111112
0.638888888888889
0.6508333333333334
0.6366666666666667
0.6341666666666667
0.6408333333333335
0.6391666666666667
0.6158333333333333
0.6216666666666667
0.6619444444444444
0.6683333333333333
0.6363888888888888
0.6658333333333334
0.6602777777777777
0.6533333333333333
0.6211111111111112
0.615
0.5725
0.6177777777777776
0.6258333333333334
0.6102777777777778
0.63
0.65
0.6219444444444444
0.6302777777777778
0.6699999999999999
0.6369444444444444
0.6686111111111112
0.6086111111111112
0.5741666666666666
0.6469444444444445
0.6713888888888889
0.645
0.6705555555555556
0.6472222222222221
0.6327777777777779
0.6177777777777778
0.6580555555555556
0.6425000000000001
0.6511111111111112
0.6491666666666667
0.6244444444444445
0.6836111111111112
0.6066666666666667
0.6108333333333335
0.7100000000000001
0.6533333333333333
0.7347222222222222
0.6127777777777778
0.6597222222222223
0.6616666666666667
0.6897222222222222
0.6736111111111109
0.6318055555555556
0.643888888888889
0.6452777777777777
0.6388888888888888
0.5844444444444444
0.67
0.6797222222222222
0.6758333333333334
0.6794444444444444
0.6277777777777778
0.6525000000000001
0.625
0.6252777777777778
0.6563888888888889
0.645
0.6225
0.6508333333333334
0.6397222222222224
0.6352777777777777
0.6391666666666667
0.6563888888888889
0.6605555555555555
0.6416666666666667
0.6552777777777777
0.6455555555555557
0.6197222222222222
0.6333333333333333
0.6302777777777777
0.635
0.6994444444444444
0.6358333333333334
0.6475
0.6349999999999999
0.7047222222222222
0.6680555555555556
0.6663888888888888
0.6344444444444445
0.6413888888888889
0.5958333333333334
0.6805555555555556
0.6444444444444445
0.6116666666666667
0.6633333333333333
0.6108333333333333
0.6124999999999999
0.6777777777777778
0.6427777777777777
0.6625000000000001
0.6327777777777777
0.6397222222222222
0.6952777777777777
0.6266666666666667
0.6030555555555556
0.6391666666666667
0.6838888888888889
0.6552777777777777
0.6186111111111111
0.6841666666666667
0.6422222222222222
0.6930555555555555
0.658611111111111
0.6050000000000001
0.7072222222222222
0.6075
0.5955555555555555
0.6130555555555555
0.6375
0.6430555555555556
0.641388888888889
0.6236111111111112
0.6811111111111112
0.6599999999999999
0.5902777777777777
0.6483333333333334
0.6313888888888889
0.5963888888888887
0.6497222222222223
0.6955555555555556
0.6152777777777778
0.6502777777777777
0.6147222222222222
0.6666666666666667
0.6486111111111111
0.6958333333333334
0.6447222222222222
0.6355555555555555
0.6197222222222223
0.6061111111111112
0.633888888888889
0.6936111111111111
0.6522222222222223
0.6297222222222222
0.6752777777777778
0.6280555555555556
0.6330555555555556
0.6427777777777778
0.6358333333333334
0.6174999999999999
0.6708333333333333
0.6825
0.6447222222222222
0.6636111111111112
0.6722222222222222
0.6652777777777779
0.63
0.5822222222222222
0.6186111111111111
0.611111111111111
0.6236111111111111
0.6813888888888888
0.6580555555555556
0.6397222222222223
0.6311111111111112
0.6088888888888889
0.6425000000000001
0.6783333333333333
0.66
0.6844444444444445
0.6411111111111112
0.638888888888889
0.6375
0.7050000000000001
0.65
0.6769444444444445
0.596388888888889
0.645
0.6369444444444444
0.676111111111111
0.6747222222222222
0.6166666666666667
0.63
0.65
0.6997222222222221
0.6138888888888889
0.6244444444444444
0.6208333333333333
0.6588888888888889
0.6666666666666666
0.6822222222222222
0.6205555555555556
0.6283333333333333
0.6730555555555556
0.6572222222222222
0.7080555555555554
0.6194444444444445
0.6855555555555555
0.6347222222222222
0.6602777777777777
0.6405555555555557
0.6463888888888889
0.6627777777777777
0.6266666666666666
0.6027777777777779
0.5916666666666667
0.6588888888888889
0.6505555555555556
0.6441666666666667
0.6458333333333334
0.6347222222222222
0.6525000000000001
0.633888888888889
0.6786111111111112
0.6591666666666667
0.6752777777777779
0.6455555555555555
0.6758333333333333
0.5875000000000001
0.6277777777777777
0.6744444444444445
0.6536111111111111
0.6394444444444445
0.6719444444444445
0.5863888888888888
0.6319444444444444
0.6611111111111111
0.7025
0.6533333333333333
0.6272222222222223
0.6097222222222222
0.5891666666666666
0.6675
0.5772222222222222
0.6202777777777778
0.6363888888888889
0.6869444444444445
0.6272222222222222
0.621388888888889
0.6900000000000001
0.6105555555555554
0.6427777777777778
0.6525
0.6347222222222222
0.6605555555555557
0.6386111111111112
0.6358333333333334
0.6963888888888888
0.6994444444444445
0.6569444444444443
0.6102777777777779
0.6494444444444445
0.5847222222222221
0.6916666666666667
0.5919444444444444
0.6111111111111112
0.6066666666666667
0.6516666666666666
0.6297222222222222
0.633611111111111
0.6330555555555556
0.643888888888889
0.6184722222222222
0.6377777777777778
0.6861111111111111
0.6747222222222222
0.5908333333333333
0.6241666666666665
0.6122222222222221
0.6316666666666667
0.6369444444444444
0.7086111111111111
0.6586111111111111
0.648888888888889
0.6416666666666667
0.6661111111111111
0.6133333333333333
0.6580555555555555
0.6558333333333333
0.6005555555555555
0.6494444444444445
0.6269444444444444
0.6127777777777778
0.5894444444444444
0.6186111111111111
0.6219444444444444
0.6594444444444445
0.6069444444444445
0.6191666666666666
0.6430555555555555
0.6072222222222222
0.6283333333333333
0.6366666666666667
0.6158333333333333
0.6455555555555557
0.6108333333333333
0.6186111111111112
0.6491666666666666
0.5752777777777778
0.6644444444444444
0.6427777777777777
0.6444444444444445
0.6333333333333334
0.6602777777777779
0.6233333333333333
0.6608333333333334
0.6383333333333332
0.6675
0.6344444444444445
0.6869444444444445
0.653611111111111
0.6202777777777779
0.6775
0.6227777777777778
0.6566666666666667
0.6708333333333332
0.6463888888888889
0.6675000000000001
0.5919444444444444
0.6266666666666667
0.6255555555555555
0.6591666666666666
0.7088888888888888
0.6211111111111111
0.6430555555555555
0.5900000000000001
0.6463888888888889
0.6141666666666667
0.6563888888888889
0.7086111111111111
0.6786111111111112
0.6469444444444444
0.6208333333333333
0.6647222222222222
0.6477777777777778
0.6061111111111112
0.6619444444444443
0.6280555555555555
0.6730555555555555
0.6875
0.6500000000000001
0.6511111111111111
0.6263888888888889
0.6275000000000001
0.6797222222222221
0.6583333333333333
0.6430555555555555
0.6655555555555556
0.6572222222222223
0.6669444444444445
0.7133333333333333
0.591111111111111
0.6536111111111111
0.676111111111111
0.6583333333333333
0.6594444444444445
0.6255555555555556
0.6933333333333334
0.66
0.7016666666666667
0.6433333333333333
0.6297222222222222
0.6233333333333333
0.5847222222222221
0.6455555555555555
0.6516666666666666
0.6558333333333334
0.6172222222222221
0.6522222222222223
0.6361111111111111
0.6852777777777779
0.6480555555555556
0.6933333333333334
0.6577777777777778
0.6288888888888888
0.645
0.5972222222222222
0.6811111111111111
0.6575
0.685
0.6722222222222223
0.6736111111111112
0.6786111111111112
0.638888888888889
0.6577777777777779
0.6636111111111113
0.6377777777777778
0.6658333333333334
0.6561111111111111
0.6430555555555555
0.6658333333333333
0.6825
0.6558333333333332
0.6383333333333333
0.5858333333333333
0.6488888888888888
0.6511111111111111
0.6344444444444444
0.6808333333333334
0.6205555555555555
0.6297222222222222
0.6666666666666666
0.6927777777777778
0.6405555555555555
0.6372222222222222
0.6625
0.6280555555555556
0.6422222222222222
0.6775
0.6369444444444444
0.6597222222222221
0.6938888888888889
0.6211111111111112
0.6227777777777778
0.6644444444444444
0.6666666666666666
0.6666666666666666
0.5922222222222222
0.645
0.6086111111111112
0.6147222222222223
0.6294444444444445
0.6308333333333334
0.6313888888888889
0.6822222222222223
0.6452777777777778
0.6505555555555556
0.6125
0.635
0.6880555555555556
0.6355555555555555
0.6572222222222223
0.6219444444444444
0.6652777777777777
0.6349999999999999
0.6725000000000001
0.6694444444444445
0.6502777777777777
0.6466666666666667
0.6625
0.6172222222222223
0.611388888888889
0.6405555555555555
0.6252777777777778
0.6124999999999999
0.6191666666666666
0.6641666666666667
0.6397222222222223
0.6341666666666667
0.6527777777777777
0.6652777777777777
0.6738888888888889
0.6294444444444445
0.6172222222222222
0.6358333333333333
0.6402777777777777
0.6341666666666665
0.6680555555555556
0.6755555555555556
0.6330555555555556
