0.6931944444444444
0.7866666666666667
0.7347222222222223
0.6979166666666667
0.7
0.7604166666666667
0.6777777777777778
0.6679166666666667
0.7069444444444444
0.7343055555555555
0.6784722222222221
0.6845833333333333
0.7405555555555555
0.6781944444444445
0.6793055555555555
0.7027777777777777
0.7298611111111111
0.7798611111111111
0.7347222222222223
0.7420833333333334
0.7656944444444445
0.6612500000000001
0.6751388888888888
0.7286111111111111
0.6802777777777778
0.7240277777777777
0.6756944444444444
0.7198611111111111
0.7579166666666667
0.7020833333333333
0.7454166666666666
0.7281944444444445
0.7263888888888888
0.768888888888889
0.7377777777777778
0.7218055555555556
0.7201388888888889
0.70875
0.7365277777777777
0.7058333333333333
0.7555555555555555
0.7436111111111111
0.745
0.7622222222222224
0.6059722222222222
0.6552777777777778
0.7191666666666666
0.6715277777777777
0.7059722222222222
0.77125
0.7156944444444444
0.6743055555555556
0.7019444444444445
0.7084722222222223
0.6908333333333334
0.715138888888889
0.7076388888888889
0.7552777777777777
0.7595833333333333
0.7504166666666666
0.7190277777777778
0.7659722222222223
0.7477777777777778
0.6906944444444445
0.7133333333333334
0.7265277777777779
0.7281944444444444
0.7119444444444445
0.7055555555555555
0.7448611111111112
0.726388888888889
0.7958333333333334
0.7248611111111112
0.7681944444444444
0.7525
0.665
0.7548611111111112
0.7859722222222223
0.7493055555555556
0.75
0.6563888888888889
0.7694444444444444
0.7116666666666667
0.6169444444444445
0.7611111111111111
0.6956944444444444
0.6723611111111111
0.6640277777777779
0.6448611111111111
0.7601388888888889
0.7409722222222221
0.7470833333333333
0.6813888888888889
0.6968055555555555
0.7261111111111112
0.6077777777777778
0.7038888888888889
0.65875
0.7298611111111111
0.7183333333333333
0.7298611111111111
0.7401388888888889
0.7127777777777777
0.7769444444444444
0.7333333333333334
0.7156944444444444
0.7233333333333333
0.7427777777777778
0.6983333333333333
0.7168055555555556
0.7466666666666666
0.6825000000000001
0.7675
0.73
0.7172222222222222
0.7295833333333334
0.7658333333333334
0.699861111111111
0.7336111111111111
0.7455555555555555
0.7388888888888889
0.7263888888888889
0.7320833333333334
0.6968055555555555
0.69875
0.6958333333333333
0.6630555555555555
0.7265277777777778
0.6491666666666667
0.7115277777777778
0.6431944444444444
0.7211111111111111
0.7406944444444445
0.7348611111111111
0.6783333333333332
0.74125
0.6919444444444445
0.7091666666666667
0.6408333333333334
0.7551388888888888
0.7302777777777778
0.69875
0.7626388888888889
0.7244444444444444
0.6468055555555556
0.727638888888889
0.6793055555555556
0.6668055555555555
0.716111111111111
0.7448611111111111
0.6631944444444444
0.73375
0.7379166666666666
0.7830555555555556
0.7298611111111111
0.7669444444444444
0.6970833333333333
0.7229166666666667
0.7048611111111112
0.6504166666666666
0.6579166666666666
0.7119444444444445
0.7094444444444444
0.7083333333333333
0.7331944444444445
0.70875
0.7291666666666666
0.6672222222222222
0.7326388888888888
0.7726388888888889
0.7377777777777779
0.7488888888888889
0.7802777777777777
0.6920833333333334
0.7352777777777778
0.6915277777777779
0.7202777777777778
0.7847222222222223
0.7694444444444445
0.7220833333333334
0.7197222222222222
0.7816666666666667
0.6920833333333334
0.7452777777777778
0.7159722222222222
0.7815277777777778
0.7491666666666668
0.6870833333333333
0.7052777777777778
0.7309722222222221
0.7029166666666666
0.7808333333333333
0.7354166666666666
0.675138888888889
0.6920833333333334
0.7001388888888889
0.7238888888888888
0.6706944444444445
0.7219444444444445
0.7095833333333332
0.7665277777777777
0.7379166666666667
0.6936111111111111
0.7740277777777778
0.7122222222222223
0.7505555555555556
0.7161111111111111
0.7180555555555556
0.7522222222222221
0.7126388888888888
0.66875
0.6930555555555556
0.681111111111111
0.7180555555555557
0.7195833333333332
0.6973611111111111
0.6779166666666667
0.6284722222222223
0.6766666666666666
0.70875
0.8006944444444444
0.7141666666666666
0.7331944444444445
0.7326388888888888
0.6847222222222222
0.7201388888888889
0.6884722222222222
0.7124999999999999
0.7023611111111111
0.7301388888888889
0.7143055555555555
0.7077777777777778
0.7395833333333333
0.6997222222222224
0.7124999999999999
0.7284722222222222
0.6816666666666666
0.71
0.7106944444444444
0.7423611111111111
0.7076388888888889
0.668611111111111
0.7258333333333333
0.7302777777777778
0.6476388888888889
0.713888888888889
0.72
0.7413888888888889
0.7240277777777777
0.6825
0.7463888888888889
0.7472222222222222
0.7073611111111111
0.7002777777777778
0.6918055555555556
0.6658333333333333
0.7633333333333334
0.71
0.72375
0.681111111111111
0.7544444444444445
0.6955555555555556
0.7020833333333334
0.7911111111111111
0.7233333333333334
0.7105555555555556
0.6308333333333334
0.6747222222222222
0.7175
0.7144444444444444
0.6688888888888889
0.7423611111111111
0.68375
0.6552777777777777
0.7136111111111111
0.679861111111111
0.7350000000000001
0.7068055555555556
0.7558333333333334
0.6681944444444445
0.7229166666666667
0.7434722222222223
0.7402777777777778
0.7204166666666667
0.7341666666666666
0.7481944444444444
0.6351388888888889
0.7486111111111111
0.6713888888888888
0.6656944444444444
0.7480555555555556
0.6730555555555555
0.7101388888888889
0.725
0.7144444444444444
0.7330555555555556
0.7269444444444445
0.6922222222222223
0.6622222222222223
0.6741666666666668
0.6888888888888889
0.7438888888888888
0.6995833333333332
0.7176388888888889
0.7102777777777778
0.6990277777777778
0.6979166666666667
0.7519444444444445
0.6940277777777778
0.7365277777777777
0.7045833333333333
0.7584722222222222
0.713888888888889
0.7279166666666667
0.6986111111111111
0.7105555555555556
0.711111111111111
0.7159722222222222
0.6922222222222222
0.7366666666666667
0.7581944444444445
0.7344444444444445
0.6575
0.6390277777777778
0.7093055555555556
0.7390277777777778
0.768888888888889
0.7201388888888889
0.668611111111111
0.7213888888888889
0.7145833333333333
0.7140277777777777
0.6890277777777778
0.6254166666666666
0.6825
0.7695833333333333
0.7697222222222222
0.7586111111111111
0.6975
0.7795833333333333
0.7398611111111111
0.6745833333333333
0.7169444444444445
0.7543055555555556
0.7444444444444445
0.7177777777777778
0.6833333333333333
0.7134722222222222
0.7273611111111111
0.741111111111111
0.7058333333333333
0.7573611111111112
0.6551388888888888
0.6638888888888889
0.758888888888889
0.6973611111111111
0.7213888888888889
0.6759722222222222
0.7270833333333333
0.6955555555555556
0.7891666666666666
0.71
0.7370833333333333
0.7658333333333334
0.7295833333333335
0.6847222222222222
0.6726388888888888
0.7247222222222223
0.73625
0.7168055555555556
0.7749999999999999
0.743611111111111
0.726111111111111
0.7558333333333334
0.6904166666666667
0.6756944444444444
0.66625
0.7290277777777778
0.7341666666666666
0.7244444444444444
0.6948611111111112
0.6955555555555555
0.7222222222222222
0.7655555555555555
0.7033333333333334
0.8049999999999999
0.6879166666666666
0.71
0.6801388888888888
0.7098611111111112
0.7343055555555555
0.7745833333333333
0.7288888888888889
0.7929166666666667
0.6975
0.6779166666666667
0.6675
0.6659722222222222
0.6608333333333334
0.7802777777777777
0.6386111111111112
0.6969444444444444
0.7181944444444444
0.6740277777777778
0.73875
0.7020833333333334
0.70875
0.7329166666666667
0.7801388888888889
0.7440277777777777
0.758888888888889
0.6916666666666667
0.6975
0.7413888888888889
0.7547222222222223
0.7361111111111112
0.6429166666666667
0.70875
0.6256944444444444
0.7083333333333333
0.7183333333333334
0.7688888888888887
0.7072222222222222
0.7569444444444444
0.7201388888888889
0.7111111111111111
0.7158333333333333
0.696388888888889
0.7348611111111111
0.7644444444444445
0.75125
0.6997222222222222
0.7154166666666666
0.7124999999999999
0.6984722222222223
0.7890277777777778
0.7097222222222221
0.7481944444444444
0.7225
0.6956944444444444
0.7562500000000001
0.7127777777777777
0.7811111111111111
0.7519444444444444
0.7387500000000001
0.7169444444444444
0.7013888888888888
0.8026388888888889
0.7065277777777779
0.7147222222222223
0.6533333333333332
0.6916666666666667
0.7654166666666666
0.70875
0.66625
0.7386111111111111
0.7231944444444445
0.7308333333333334
0.7626388888888889
0.7301388888888889
0.7054166666666667
0.7270833333333333
0.7424999999999999
0.6859722222222222
0.7370833333333333
0.7127777777777777
0.7247222222222223
0.6841666666666666
0.7401388888888889
0.7054166666666666
0.7177777777777777
0.7581944444444444
0.6859722222222222
0.638611111111111
0.741111111111111
0.7527777777777778
0.7031944444444445
0.6715277777777777
0.6929166666666666
0.6854166666666667
0.7169444444444444
0.726388888888889
0.6918055555555556
0.7918055555555554
0.7401388888888889
0.7297222222222222
0.7530555555555555
0.7480555555555555
0.7324999999999999
0.6429166666666666
0.7380555555555556
0.6534722222222222
0.6626388888888889
0.7483333333333333
0.7491666666666668
0.6854166666666667
0.7216666666666667
0.7445833333333334
0.7190277777777778
0.7441666666666666
