0.19642857142857145
0.19764705882352943
0.19160493827160494
0.2177777777777778
0.2
0.19238095238095237
0.1904761904761905
0.224375
0.1911764705882353
0.19444444444444448
0.21548387096774196
0.19308641975308644
0.1917948717948718
0.19999999999999998
0.21333333333333337
0.19444444444444448
0.20280701754385966
0.19246376811594204
0.20437499999999997
0.2177777777777778
0.19153846153846155
0.20000000000000004
0.19466666666666668
0.20454545454545456
0.1936842105263158
0.20777777777777778
0.21615384615384614
0.20444444444444448
0.19466666666666668
0.20592592592592596
0.20592592592592596
0.21105263157894735
0.2096551724137931
0.2028571428571429
0.21548387096774196
0.2028571428571429
0.20280701754385966
0.19555555555555557
0.1911764705882353
0.2013888888888889
0.1963636363636364
0.1911764705882353
0.1963636363636364
0.20941176470588238
0.2028571428571429
0.2
0.21548387096774196
0.20437499999999997
0.21615384615384614
0.20000000000000004
0.2028985507246377
0.20761904761904765
0.2013888888888889
0.20602150537634406
0.20585365853658535
0.24086021505376345
0.1963157894736842
0.19200000000000003
0.20280701754385966
0.20800000000000002
0.1987037037037037
0.20761904761904765
0.20800000000000002
0.19111111111111112
0.21131313131313134
0.2028571428571429
0.19753086419753088
0.1936842105263158
0.20137254901960783
0.22434782608695653
0.24
0.22285714285714286
0.20602150537634406
0.19444444444444448
0.18803418803418806
0.21548387096774196
0.21297297297297296
0.19753086419753088
0.1894949494949495
0.19540229885057472
0.22138888888888889
0.19999999999999998
0.18967741935483873
0.1963636363636364
0.20437499999999997
0.18967741935483873
0.19466666666666668
0.19529411764705887
0.18967741935483873
0.24384615384615382
0.2028571428571429
0.26153846153846155
0.20444444444444448
0.1894949494949495
0.19153846153846155
0.19750000000000004
0.19053763440860216
0.19053763440860216
0.20000000000000004
0.20602150537634406
0.19757575757575757
0.19243243243243247
0.19753086419753088
0.22434782608695653
0.21615384615384614
0.24384615384615382
0.18814814814814815
0.23555555555555557
0.20137931034482762
0.20432432432432435
0.21941176470588233
0.22285714285714286
0.20634920634920637
0.1930434782608696
0.19354838709677422
0.19466666666666668
0.19053763440860216
0.19017543859649125
0.20602150537634406
0.1922222222222222
0.2028985507246377
0.2028985507246377
0.19053763440860216
0.19308641975308644
0.20602150537634406
0.19333333333333333
0.1894949494949495
0.19111111111111112
0.22709677419354837
0.19238095238095237
0.19750000000000004
0.1911764705882353
0.19540229885057472
0.19238095238095237
0.20800000000000002
0.19750000000000004
0.18937500000000002
0.19750000000000004
0.19871794871794873
0.22592592592592595
0.19466666666666668
0.18700854700854702
0.19
0.22757575757575757
0.2028571428571429
0.19200000000000003
0.19466666666666668
0.20000000000000004
0.20000000000000004
0.21866666666666668
0.2177777777777778
0.20761904761904765
0.19747747747747746
0.22709677419354837
0.19444444444444448
0.18901960784313726
0.1965217391304348
0.2028571428571429
0.23642857142857143
0.19540229885057472
0.20592592592592596
0.19416666666666665
0.2028571428571429
0.19246376811594204
0.20137931034482762
0.20280701754385966
0.21000000000000002
0.1894949494949495
0.20444444444444448
0.20800000000000002
0.19642857142857145
0.2218181818181818
0.19270833333333334
0.22434782608695653
0.19243243243243247
0.1963636363636364
0.19642857142857145
0.1911764705882353
0.18909090909090912
0.2013888888888889
0.22592592592592595
0.19540229885057472
0.2533333333333333
0.20777777777777778
0.20432432432432435
0.19058823529411767
0.20941176470588238
0.19466666666666668
0.19529411764705887
0.19384615384615386
0.2061538461538462
0.19492063492063494
0.22999999999999998
0.22342342342342345
0.19999999999999998
0.20000000000000004
0.19191919191919193
0.19384615384615386
0.19317073170731708
0.19200000000000003
0.22138888888888889
0.19354838709677422
0.1911764705882353
0.1963157894736842
0.1987037037037037
0.19270833333333334
0.22999999999999998
0.20761904761904765
0.21131313131313134
0.19444444444444448
0.20137254901960783
0.21269841269841272
0.19333333333333336
0.19384615384615386
0.2028282828282828
0.1965217391304348
0.21615384615384614
0.19642857142857145
0.2
0.20923076923076922
0.19270833333333334
0.1942857142857143
0.22871794871794876
0.20432432432432435
0.1963157894736842
0.1963636363636364
0.19053763440860216
0.2096551724137931
0.21297297297297296
0.1963157894736842
0.19750000000000004
0.21382716049382716
0.2121739130434783
0.2061538461538462
0.1963636363636364
0.19333333333333336
0.19354838709677422
0.2463157894736842
0.21454545454545457
0.1911764705882353
0.19416666666666665
0.19492063492063494
0.19869918699186995
0.2028571428571429
0.21941176470588233
0.2285714285714286
0.1987037037037037
0.19444444444444448
0.2121739130434783
0.20137931034482762
0.19363636363636366
0.20777777777777778
0.20777777777777778
0.21000000000000002
0.19529411764705887
0.19308641975308644
0.2028282828282828
0.25249999999999995
0.21714285714285714
0.21166666666666667
0.19243243243243247
0.2
0.22285714285714286
0.21714285714285714
0.2177777777777778
0.2028571428571429
0.19753086419753088
0.19142857142857145
0.2013675213675214
0.2013888888888889
0.19555555555555557
0.23434343434343435
0.19529411764705887
0.19270833333333334
0.19354838709677422
0.19642857142857145
0.1965217391304348
0.19750000000000004
0.20800000000000002
0.20923076923076922
0.19750000000000004
0.19757575757575757
0.2028571428571429
0.23750000000000002
0.19642857142857145
0.1942857142857143
0.20800000000000002
0.19270833333333334
0.1965217391304348
0.1987037037037037
0.19529411764705884
0.1942857142857143
0.20137931034482762
0.19384615384615386
0.20000000000000004
0.2121739130434783
0.23642857142857143
0.18634146341463415
0.20000000000000004
0.19466666666666668
0.1930434782608696
0.20140350877192983
0.19354838709677422
0.21131313131313134
0.24888888888888888
0.18882352941176472
0.19529411764705887
0.2096551724137931
0.18857142857142858
0.19160493827160494
0.23642857142857143
0.19308641975308644
0.1942857142857143
0.20137254901960783
0.2013888888888889
0.2202298850574713
0.20777777777777778
0.19384615384615386
0.19071428571428573
0.2311111111111111
0.2
0.21382716049382716
0.19870967741935486
0.19871794871794873
0.2370731707317073
0.19
0.2523809523809524
0.19270833333333334
0.19354838709677422
0.21941176470588233
0.20941176470588238
0.1911764705882353
0.20000000000000004
0.19354838709677422
0.19238095238095237
0.19500000000000003
0.2202298850574713
0.19753086419753088
0.1917948717948718
0.22434782608695653
0.2275
0.19000000000000003
0.1987037037037037
0.2061538461538462
0.2013888888888889
0.1911764705882353
0.19142857142857145
0.1942857142857143
0.19444444444444448
0.19757575757575757
0.19308641975308644
0.2121739130434783
0.19238095238095237
0.20000000000000004
0.2013888888888889
0.21714285714285717
0.2061538461538462
0.1917241379310345
0.18981481481481483
0.2028282828282828
0.2
0.1963157894736842
0.21297297297297296
0.23310344827586205
0.19160493827160494
0.186046511627907
0.21548387096774196
0.2028282828282828
0.26111111111111107
0.19871794871794873
0.2013888888888889
0.1987037037037037
0.19753086419753088
0.1963636363636364
0.1917948717948718
0.21166666666666667
0.23310344827586205
0.19416666666666665
0.19354838709677422
0.23434343434343435
0.2013888888888889
0.21382716049382716
0.19642857142857145
0.1987037037037037
0.21166666666666667
0.20137931034482762
0.19
0.19875000000000004
0.2028282828282828
0.19873015873015873
0.19384615384615386
0.2028282828282828
0.20137254901960783
0.21297297297297296
0.19157894736842107
0.1987037037037037
0.19753086419753088
0.19160493827160494
0.19444444444444448
0.19444444444444448
0.21166666666666667
0.20137254901960783
0.2028985507246377
0.19870967741935486
0.19750000000000004
0.2
0.19250000000000003
0.195
0.20432432432432435
0.20800000000000002
0.19000000000000003
0.19578947368421054
0.18700854700854702
0.2121739130434783
0.2013675213675214
0.18937500000000002
0.2013888888888889
0.20602150537634406
0.19466666666666668
0.19999999999999998
0.22138888888888889
0.21454545454545457
0.19053763440860216
0.19111111111111112
0.20000000000000004
0.2096551724137931
0.2387037037037037
0.19444444444444448
0.21382716049382716
0.19870967741935486
0.20800000000000002
0.23750000000000002
0.2028571428571429
0.1965217391304348
0.21615384615384614
0.19157894736842107
0.21166666666666667
0.18937500000000002
0.2
0.18857142857142858
0.19529411764705887
0.20140350877192983
0.21166666666666667
0.20454545454545456
0.21105263157894735
0.20777777777777778
0.19111111111111112
0.21166666666666667
0.19270833333333334
0.20137931034482762
0.1963636363636364
0.19764705882352943
0.2527083333333333
0.1904761904761905
0.19354838709677422
0.21166666666666667
0.22285714285714286
0.23750000000000002
0.20602150537634406
0.24529411764705883
0.22567901234567905
0.22709677419354837
0.19540229885057472
0.1963636363636364
0.20602150537634406
0.23555555555555557
0.19354838709677422
0.21131313131313134
0.19333333333333336
0.22138888888888889
0.2028571428571429
0.19111111111111112
0.21131313131313134
0.2096551724137931
0.20000000000000004
0.2654545454545455
0.1907070707070707
0.20444444444444448
0.1963636363636364
0.21714285714285714
0.2210526315789474
0.20800000000000002
0.19466666666666668
0.20592592592592596
0.21615384615384614
0.1885964912280702
0.22999999999999998
0.21866666666666668
0.21166666666666667
0.24434108527131784
0.19555555555555557
0.20000000000000004
0.21454545454545457
0.22709677419354837
0.2218181818181818
0.19540229885057472
0.19308641975308644
0.2523809523809524
0.2300854700854701
0.2028571428571429
