0.2028985507246377
0.21166666666666667
0.2028571428571429
0.19270833333333334
0.2523809523809524
0.23280701754385966
0.20296296296296296
0.21333333333333337
0.21105263157894735
0.2210526315789474
0.1963636363636364
0.1885714285714286
0.21666666666666667
0.19354838709677422
0.19540229885057472
0.20800000000000002
0.26111111111111107
0.20941176470588238
0.21666666666666667
0.20000000000000004
0.20800000000000002
0.19746031746031747
0.23310344827586205
0.20437499999999997
0.20432432432432435
0.19753086419753088
0.19384615384615386
0.19444444444444448
0.2028282828282828
0.2742857142857143
0.1885714285714286
0.2061538461538462
0.20444444444444448
0.19492063492063494
0.19529411764705887
0.1942857142857143
0.19466666666666668
0.2394202898550725
0.19308641975308644
0.192
0.2177777777777778
0.2096551724137931
0.21866666666666668
0.19444444444444448
0.21166666666666667
0.21666666666666667
0.21548387096774196
0.2121739130434783
0.19000000000000003
0.2
0.21166666666666667
0.19096774193548388
0.20137931034482762
0.19308641975308644
0.21166666666666667
0.19
0.19869918699186995
0.19529411764705887
0.20000000000000004
0.20428571428571426
0.1911764705882353
0.21000000000000002
0.21333333333333337
0.19753086419753088
0.19529411764705887
0.22567901234567905
0.19
0.20592592592592596
0.19071428571428573
0.22315789473684214
0.19301587301587303
0.19131782945736434
0.2
0.19444444444444448
0.19354838709677422
0.19384615384615386
0.19384615384615386
0.19871794871794873
0.21615384615384614
0.19757575757575757
0.20444444444444448
0.21131313131313134
0.2028282828282828
0.19270833333333334
0.20592592592592596
0.195
0.2
0.19540229885057472
0.19238095238095237
0.2096551724137931
0.24
0.24086021505376345
0.20602150537634406
0.1891891891891892
0.20761904761904765
0.2387037037037037
0.2028282828282828
0.21000000000000002
0.21382716049382716
0.1987037037037037
0.2028571428571429
0.19750000000000004
0.1894949494949495
0.19126436781609196
0.19222222222222224
0.224375
0.19111111111111112
0.18857142857142858
0.19666666666666668
0.23750000000000002
0.22285714285714286
0.18937500000000002
0.2218181818181818
0.21166666666666667
0.19555555555555557
0.2096551724137931
0.21382716049382716
0.19071428571428573
0.19354838709677422
0.2028282828282828
0.21166666666666667
0.19871794871794873
0.19444444444444448
0.19250000000000003
0.21499999999999997
0.19869918699186995
0.24444444444444446
0.21454545454545457
0.19111111111111112
0.19873015873015873
0.18833333333333335
0.24825396825396828
0.18814814814814815
0.2571428571428571
0.21941176470588233
0.20602150537634406
0.2
0.19200000000000003
0.20444444444444448
0.19642857142857145
0.21296296296296297
0.19999999999999998
0.19308641975308644
0.20137931034482762
0.19238095238095237
0.19521367521367522
0.1891891891891892
0.19642857142857145
0.19071428571428573
0.20592592592592596
0.21000000000000002
0.19999999999999998
0.20602150537634406
0.2567741935483871
0.1917241379310345
0.19466666666666668
0.1917241379310345
0.20602150537634406
0.22138888888888889
0.1987037037037037
0.19363636363636366
0.22709677419354837
0.2028571428571429
0.24444444444444446
0.20137931034482762
0.1904761904761905
0.19111111111111112
0.2394202898550725
0.1894949494949495
0.20137931034482762
0.21548387096774196
0.20833333333333334
0.20137931034482762
0.20761904761904765
0.18774774774774775
0.21499999999999997
0.19642857142857145
0.1904761904761905
0.2061538461538462
0.19126436781609196
0.21548387096774196
0.22342342342342345
0.1911764705882353
0.19666666666666668
0.19642857142857145
0.21333333333333337
0.19444444444444448
0.19540229885057472
0.2285714285714286
0.19053763440860216
0.21548387096774196
0.18803418803418806
0.1917948717948718
0.20000000000000004
0.20000000000000004
0.19238095238095237
0.19153846153846155
0.19270833333333334
0.19250000000000003
0.2394202898550725
0.19111111111111112
0.21463414634146344
0.19642857142857145
0.19250000000000003
0.18901960784313726
0.25679012345679014
0.19308641975308644
0.18736842105263157
0.20634920634920637
0.19
0.18937500000000002
0.1903448275862069
0.19750000000000004
0.1987037037037037
0.19753086419753088
0.23310344827586205
0.20454545454545456
0.21382716049382716
0.1951515151515152
0.20833333333333334
0.19354838709677422
0.19363636363636366
0.2028282828282828
0.23642857142857143
0.19540229885057472
0.19416666666666665
0.19870967741935486
0.1903448275862069
0.20000000000000004
0.20800000000000002
0.20137254901960783
0.22285714285714286
0.20454545454545456
0.21131313131313134
0.22709677419354837
0.2075
0.20444444444444448
0.20437499999999997
0.20444444444444448
0.19142857142857145
0.19053763440860216
0.20137931034482762
0.19000000000000003
0.21866666666666668
0.25249999999999995
0.19153846153846155
0.18937500000000002
0.19153846153846155
0.2
0.19096774193548388
0.21866666666666668
0.19053763440860216
0.18901960784313726
0.19
0.1942857142857143
0.20137931034482762
0.20137254901960783
0.20777777777777778
0.1917948717948718
0.20444444444444448
0.21166666666666667
0.19753086419753088
0.25249999999999995
0.2666666666666667
0.21166666666666667
0.20777777777777778
0.2028571428571429
0.19444444444444448
0.22592592592592595
0.2028571428571429
0.20761904761904765
0.19111111111111112
0.19642857142857145
0.20296296296296296
0.21548387096774196
0.20137254901960783
0.20777777777777778
0.19384615384615386
0.19750000000000004
0.21833333333333332
0.19642857142857145
0.224375
0.23310344827586205
0.20137254901960783
0.19191919191919193
0.19555555555555557
0.20137931034482762
0.1903448275862069
0.20602150537634406
0.2013675213675214
0.2028282828282828
0.20602150537634406
0.19111111111111112
0.21166666666666667
0.19111111111111112
0.224375
0.18967741935483873
0.21131313131313134
0.19153846153846155
0.21499999999999997
0.23750000000000002
0.19492063492063494
0.2028571428571429
0.2105263157894737
0.19238095238095237
0.2028985507246377
0.19250000000000003
0.19747747747747746
0.2177777777777778
0.23567567567567568
0.19272727272727275
0.19871794871794873
0.25860465116279074
0.19869918699186995
0.1963636363636364
0.224375
0.22138888888888889
0.19750000000000004
0.20923076923076922
0.19317073170731708
0.1903448275862069
0.24827586206896554
0.19354838709677422
0.19437500000000002
0.1917948717948718
0.18814814814814815
0.20137931034482762
0.20432432432432435
0.19333333333333336
0.20000000000000004
0.19452380952380954
0.21333333333333337
0.19191919191919193
0.23555555555555557
0.18814814814814815
0.19071428571428573
0.20432432432432435
0.21131313131313134
0.20000000000000004
0.1917241379310345
0.22504065040650406
0.1963636363636364
0.2096551724137931
0.19750000000000004
0.19000000000000003
0.19444444444444448
0.20602150537634406
0.2577777777777778
0.20761904761904765
0.23929824561403507
0.23555555555555557
0.1930434782608696
0.2218181818181818
0.18926829268292686
0.2013888888888889
0.2177777777777778
0.2028571428571429
0.21105263157894735
0.19871794871794873
0.2028985507246377
0.20454545454545456
0.19747747747747746
0.19250000000000003
0.19000000000000003
0.19870967741935486
0.19111111111111112
0.19200000000000003
0.21454545454545457
0.23137254901960785
0.20602150537634406
0.20137254901960783
0.20000000000000004
0.19529411764705884
0.1911764705882353
0.20923076923076922
0.20800000000000002
0.19540229885057472
0.20777777777777778
0.20437499999999997
0.19871794871794873
0.19053763440860216
0.19869918699186995
0.19153846153846155
0.2028282828282828
0.18937500000000002
0.19308641975308644
0.19999999999999998
0.20454545454545456
0.19243243243243247
0.19999999999999998
0.1891891891891892
0.19000000000000003
0.2028571428571429
0.20941176470588238
0.22434782608695653
0.18909090909090912
0.23310344827586205
0.2188034188034188
0.21382716049382716
0.1904761904761905
0.20777777777777778
0.19555555555555557
0.1891891891891892
0.19071428571428573
0.24
0.18909090909090912
0.19238095238095237
0.18909090909090912
0.19870967741935486
0.21714285714285714
0.19444444444444448
0.21382716049382716
0.19200000000000003
0.1911764705882353
0.24363636363636365
0.19540229885057472
0.20454545454545456
0.20437499999999997
0.2121739130434783
0.19071428571428573
0.22567901234567905
0.2
0.22709677419354837
0.2028985507246377
0.20777777777777778
0.19354838709677422
0.2218181818181818
0.20777777777777778
0.2202298850574713
0.20800000000000002
0.18937500000000002
0.20000000000000004
0.19999999999999998
0.19308641975308644
0.1963636363636364
0.2028571428571429
0.19999999999999998
0.21333333333333337
0.248
0.22757575757575757
0.19871794871794873
0.22285714285714286
0.19384615384615386
0.19540229885057472
0.2527083333333333
0.22999999999999998
0.20437499999999997
0.28800000000000003
0.19492063492063494
0.21615384615384614
0.2028282828282828
0.19753086419753088
0.20800000000000002
0.19270833333333334
0.19200000000000003
0.19466666666666668
0.20137931034482762
0.19870967741935486
0.21333333333333337
0.19384615384615386
0.19555555555555557
0.19111111111111112
0.18967741935483873
0.2028282828282828
0.23434343434343435
0.20437499999999997
0.18901960784313726
0.21333333333333337
0.19466666666666668
0.1963636363636364
0.2013888888888889
0.22999999999999998
0.19191919191919193
0.22567901234567905
0.1885964912280702
0.19444444444444448
0.2028282828282828
0.20800000000000002
0.19363636363636366
0.1965217391304348
0.20454545454545456
0.1917241379310345
0.1894949494949495
0.1963157894736842
0.19354838709677422
0.18909090909090912
0.19484848484848488
0.19529411764705887
0.21941176470588233
0.20602150537634406
0.19270833333333334
0.19999999999999998
0.1963636363636364
0.2121739130434783
0.18774774774774775
0.19540229885057472
0.19466666666666668
0.19871794871794873
0.224375
0.21866666666666668
