0.3902439024390244
0.35897435897435903
0.47619047619047616
0.3684210526315789
0.34146341463414637
0.41025641025641024
0.42553191489361697
0.37499999999999994
0.4444444444444444
0.7234042553191489
0.5
0.5531914893617021
0.27272727272727276
0.47619047619047616
0.6122448979591837
0.4814814814814815
0.4878048780487804
0.4444444444444445
0.4727272727272728
0.4
0.37209302325581395
0.3809523809523809
0.45000000000000007
0.5660377358490566
0.608695652173913
0.3478260869565218
0.2564102564102564
0.5
0.33333333333333337
0.39215686274509803
0.36363636363636365
0.608695652173913
0.42553191489361697
0.4878048780487804
0.28571428571428575
0.4090909090909091
0.4444444444444444
0.4651162790697674
0.46808510638297873
0.4
0.5490196078431373
0.33333333333333337
0.3913043478260869
0.31578947368421056
0.43478260869565216
0.3902439024390244
0.3913043478260869
0.4651162790697674
0.47619047619047616
0.3684210526315789
0.3809523809523809
0.2631578947368421
0.46808510638297873
0.3902439024390244
0.6122448979591837
0.4888888888888889
0.4651162790697674
0.35
0.43902439024390244
0.5581395348837209
0.5909090909090909
0.4545454545454545
0.5
0.4878048780487804
0.33333333333333337
0.5531914893617021
0.608695652173913
0.43902439024390244
0.2222222222222222
0.35
0.32432432432432434
0.3181818181818182
0.5306122448979592
0.4
0.5238095238095238
0.37499999999999994
0.37209302325581395
0.27906976744186046
0.4545454545454545
0.2564102564102564
0.5238095238095238
0.45000000000000007
0.27272727272727276
0.4081632653061224
0.41860465116279066
0.5
0.41860465116279066
0.29268292682926833
0.2564102564102564
0.5106382978723405
0.5416666666666666
0.31578947368421056
0.17647058823529416
0.5416666666666666
0.3478260869565218
0.5
0.4528301886792453
0.4313725490196078
0.5454545454545455
0.4
0.5652173913043479
0.47619047619047616
0.3809523809523809
0.3829787234042553
0.5
0.4878048780487804
0.4081632653061224
0.25531914893617025
0.3181818181818182
0.4313725490196078
0.47619047619047616
0.27272727272727276
0.4651162790697674
0.2857142857142857
0.2
0.32558139534883723
0.41025641025641024
0.5217391304347827
0.43902439024390244
0.43902439024390244
0.41025641025641024
0.3684210526315789
0.4
0.3
0.35
0.47619047619047616
0.4313725490196078
0.4888888888888889
0.4
0.5454545454545455
0.32432432432432434
0.33333333333333337
0.5106382978723405
0.31578947368421056
0.3902439024390244
0.3829787234042553
0.56
0.43902439024390244
0.6382978723404256
0.4285714285714285
0.4
0.3
0.34146341463414637
0.5106382978723405
0.2777777777777778
0.5652173913043479
0.608695652173913
0.47826086956521735
0.33333333333333337
0.4363636363636364
0.6122448979591837
0.35897435897435903
0.5531914893617021
0.5238095238095238
0.47619047619047616
0.47826086956521735
0.5
0.3137254901960784
0.33333333333333337
0.3684210526315789
0.34146341463414637
0.5614035087719299
0.41860465116279066
0.5365853658536585
0.2564102564102564
0.35897435897435903
0.3555555555555555
0.3555555555555555
0.4
0.5116279069767441
0.33333333333333337
0.4878048780487804
0.2285714285714286
0.33333333333333337
0.5652173913043479
0.2777777777777778
0.4615384615384615
0.5106382978723405
0.5365853658536585
0.41860465116279066
0.37209302325581395
0.47826086956521735
0.31111111111111117
0.3902439024390244
0.5199999999999999
0.3809523809523809
0.5199999999999999
0.5714285714285714
0.5
0.4444444444444444
0.2978723404255319
0.5116279069767441
0.36363636363636365
0.4545454545454545
0.41025641025641024
0.5
0.36363636363636365
0.3902439024390244
0.42553191489361697
0.4
0.41860465116279066
0.46808510638297873
0.5531914893617021
0.41860465116279066
0.4878048780487804
0.43902439024390244
0.35897435897435903
0.36065573770491804
0.41025641025641024
0.4444444444444444
0.4
0.4285714285714285
0.4090909090909091
0.4
0.4444444444444444
0.4897959183673469
0.5833333333333334
0.47619047619047616
0.5217391304347827
0.43478260869565216
0.4081632653061224
0.37499999999999994
0.36363636363636365
0.36363636363636365
0.4878048780487804
0.32558139534883723
0.4090909090909091
0.3
0.48
0.36363636363636365
0.4444444444444444
0.5238095238095238
0.576923076923077
0.5531914893617021
0.46808510638297873
0.4
0.34146341463414637
0.37499999999999994
0.33333333333333337
0.35
0.4444444444444444
0.3902439024390244
0.47826086956521735
0.4444444444444444
0.5581395348837209
0.1951219512195122
0.4897959183673469
0.6382978723404256
0.4545454545454545
0.4166666666666667
0.5714285714285714
0.42553191489361697
0.4
0.4090909090909091
0.34146341463414637
0.5306122448979592
0.3809523809523809
0.34146341463414637
0.35897435897435903
0.35
0.47619047619047616
0.4090909090909091
0.5581395348837209
0.5454545454545455
0.4081632653061224
0.46808510638297873
0.4651162790697674
0.43902439024390244
0.45833333333333326
0.45833333333333326
0.5454545454545455
0.37837837837837834
0.21739130434782608
0.4090909090909091
0.4545454545454545
0.4
0.5116279069767441
0.3043478260869565
0.5
0.35
0.35897435897435903
0.33333333333333337
0.46808510638297873
0.5714285714285715
0.5217391304347827
0.5217391304347827
0.4897959183673469
0.5116279069767441
0.43902439024390244
0.4888888888888889
0.4545454545454545
0.5238095238095238
0.4651162790697674
0.47619047619047616
0.35
0.3809523809523809
0.5333333333333333
0.4651162790697674
0.6363636363636364
0.29268292682926833
0.5217391304347827
0.41860465116279066
0.4444444444444444
0.33333333333333337
0.5116279069767441
0.5714285714285715
0.31111111111111117
0.42553191489361697
0.31578947368421056
0.34146341463414637
0.17647058823529416
0.6122448979591837
0.41025641025641024
0.4
0.4285714285714285
0.3508771929824561
0.4
0.41860465116279066
0.5116279069767441
0.43478260869565216
0.4888888888888889
0.4081632653061224
0.3181818181818182
0.6222222222222223
0.5909090909090909
0.5833333333333334
0.3181818181818182
0.32558139534883723
0.4545454545454545
0.5909090909090909
0.26086956521739135
0.43902439024390244
0.4
0.47826086956521735
0.37499999999999994
0.47619047619047616
0.31578947368421056
0.4090909090909091
0.3809523809523809
0.17142857142857143
0.35
0.3684210526315789
0.43478260869565216
0.4
0.5106382978723405
0.34146341463414637
0.4888888888888889
0.3684210526315789
0.26666666666666666
0.47619047619047616
0.4285714285714285
0.3902439024390244
0.3809523809523809
0.3673469387755102
0.3181818181818182
0.34146341463414637
0.608695652173913
0.37209302325581395
0.3555555555555555
0.37209302325581395
0.5833333333333334
0.5
0.5531914893617021
0.5454545454545455
0.18181818181818182
0.35897435897435903
0.41025641025641024
0.47619047619047616
0.30769230769230765
0.4651162790697674
0.4888888888888889
0.3913043478260869
0.27450980392156865
0.3684210526315789
0.3043478260869565
0.5531914893617021
0.3809523809523809
0.5833333333333334
0.4
0.2857142857142857
0.47619047619047616
0.36363636363636365
0.4
0.4545454545454545
0.3902439024390244
0.5454545454545455
0.3478260869565218
0.41860465116279066
0.3
0.4888888888888889
0.3809523809523809
0.27906976744186046
0.47619047619047616
0.5116279069767441
0.2702702702702703
0.18604651162790697
0.43999999999999995
0.5777777777777778
0.42553191489361697
0.4545454545454545
0.41860465116279066
0.36363636363636365
0.47058823529411764
0.45000000000000007
0.5
0.5777777777777778
0.46808510638297873
0.21621621621621623
0.41025641025641024
0.27272727272727276
0.5652173913043479
0.4
0.3809523809523809
0.45833333333333326
0.2285714285714286
0.5
0.33333333333333337
0.608695652173913
0.5
0.5306122448979592
0.34146341463414637
0.05
0.2916666666666667
0.5652173913043479
0.4285714285714285
0.4545454545454545
0.3809523809523809
0.46808510638297873
0.4081632653061224
0.5416666666666666
0.5652173913043479
0.4090909090909091
0.4888888888888889
0.33333333333333337
0.4888888888888889
0.23809523809523808
0.2105263157894737
0.45000000000000007
0.43902439024390244
0.43902439024390244
0.47619047619047616
0.588235294117647
0.35
0.41025641025641024
0.45000000000000007
0.5106382978723405
0.2564102564102564
0.29268292682926833
0.608695652173913
0.5306122448979592
0.5531914893617021
0.48
0.3809523809523809
0.5106382978723405
0.47826086956521735
0.36000000000000004
0.35897435897435903
0.5106382978723405
0.4651162790697674
0.4
0.5454545454545455
0.4651162790697674
0.3809523809523809
0.45000000000000007
0.3
0.41025641025641024
0.5365853658536585
0.4545454545454545
0.35897435897435903
0.5777777777777778
0.5454545454545455
0.4888888888888889
0.44897959183673464
0.5238095238095238
0.4210526315789474
0.2702702702702703
0.4878048780487804
0.29268292682926833
0.2777777777777778
0.4166666666666667
0.4545454545454545
0.35
0.5106382978723405
0.5833333333333334
0.4878048780487804
0.33333333333333337
0.15384615384615383
0.5238095238095238
0.35
0.5333333333333333
0.31578947368421056
0.35
0.5490196078431373
0.4545454545454545
0.3404255319148936
0.6538461538461539
0.43478260869565216
0.45000000000000007
0.2702702702702703
0.35897435897435903
