0.25
0.1
0.18333333333333332
0.058333333333333334
0.075
0.16666666666666666
0.21666666666666667
0.175
0.09166666666666666
0.125
0.30833333333333335
0.15833333333333333
0.15
0.36666666666666664
0.14166666666666666
0.2
0.075
0.11666666666666667
0.25833333333333336
0.08333333333333333
0.10833333333333334
0.13333333333333333
0.075
0.15833333333333333
0.14166666666666666
0.25833333333333336
0.2
0.19166666666666668
0.19166666666666668
0.16666666666666666
0.18333333333333332
0.225
0.225
0.13333333333333333
0.14166666666666666
0.175
0.09166666666666666
0.14166666666666666
0.16666666666666666
0.15
0.21666666666666667
0.15
0.14166666666666666
0.13333333333333333
0.125
0.08333333333333333
0.25833333333333336
0.21666666666666667
0.175
0.125
0.23333333333333334
0.11666666666666667
0.09166666666666666
0.09166666666666666
0.16666666666666666
0.14166666666666666
0.18333333333333332
0.18333333333333332
0.20833333333333334
0.24166666666666667
0.24166666666666667
0.15833333333333333
0.2
0.13333333333333333
0.16666666666666666
0.16666666666666666
0.19166666666666668
0.1
0.10833333333333334
0.11666666666666667
0.1
0.225
0.09166666666666666
0.13333333333333333
0.23333333333333334
0.31666666666666665
0.225
0.2
0.15833333333333333
0.14166666666666666
0.15833333333333333
0.125
0.09166666666666666
0.11666666666666667
0.09166666666666666
0.23333333333333334
0.10833333333333334
0.24166666666666667
0.09166666666666666
0.14166666666666666
0.10833333333333334
0.15833333333333333
0.19166666666666668
0.10833333333333334
0.31666666666666665
0.20833333333333334
0.2833333333333333
0.125
0.2
0.13333333333333333
0.11666666666666667
0.1
0.05
0.13333333333333333
0.24166666666666667
0.075
0.19166666666666668
0.09166666666666666
0.20833333333333334
0.1
0.125
0.23333333333333334
0.08333333333333333
0.09166666666666666
0.1
0.16666666666666666
0.275
0.075
0.14166666666666666
0.20833333333333334
0.14166666666666666
0.1
0.125
0.11666666666666667
0.10833333333333334
0.13333333333333333
0.15833333333333333
0.16666666666666666
0.15
0.14166666666666666
0.13333333333333333
0.24166666666666667
0.1
0.20833333333333334
0.15833333333333333
0.275
0.25833333333333336
0.11666666666666667
0.1
0.125
0.15833333333333333
0.058333333333333334
0.125
0.175
0.16666666666666666
0.11666666666666667
0.041666666666666664
0.125
0.11666666666666667
0.075
0.125
0.125
0.15
0.11666666666666667
0.25
0.175
0.18333333333333332
0.11666666666666667
0.25
0.175
0.20833333333333334
0.20833333333333334
0.05
0.225
0.25
0.325
0.13333333333333333
0.15833333333333333
0.15833333333333333
0.125
0.10833333333333334
0.21666666666666667
0.10833333333333334
0.15
0.13333333333333333
0.16666666666666666
0.10833333333333334
0.125
0.1
0.14166666666666666
0.19166666666666668
0.058333333333333334
0.15
0.16666666666666666
0.25
0.11666666666666667
0.16666666666666666
0.15
0.13333333333333333
0.18333333333333332
0.15833333333333333
0.24166666666666667
0.1
0.15
0.13333333333333333
0.125
0.125
0.13333333333333333
0.20833333333333334
0.19166666666666668
0.175
0.21666666666666667
0.23333333333333334
0.125
0.425
0.16666666666666666
0.075
0.2
0.15
0.10833333333333334
0.2916666666666667
0.1
0.15833333333333333
0.1
0.25
0.15833333333333333
0.18333333333333332
0.13333333333333333
0.075
0.175
0.20833333333333334
0.11666666666666667
0.06666666666666667
0.125
0.15833333333333333
0.10833333333333334
0.075
0.13333333333333333
0.19166666666666668
0.23333333333333334
0.125
0.15833333333333333
0.2
0.14166666666666666
0.15833333333333333
0.10833333333333334
0.125
0.10833333333333334
0.2916666666666667
0.13333333333333333
0.16666666666666666
0.23333333333333334
0.275
0.15833333333333333
0.14166666666666666
0.13333333333333333
0.1
0.05
0.14166666666666666
0.18333333333333332
0.21666666666666667
0.10833333333333334
0.1
0.125
0.20833333333333334
0.19166666666666668
0.1
0.1
0.14166666666666666
0.23333333333333334
0.24166666666666667
0.16666666666666666
0.3
0.19166666666666668
0.175
0.06666666666666667
0.2916666666666667
0.2
0.15833333333333333
0.25
0.15
0.13333333333333333
0.08333333333333333
0.24166666666666667
0.125
0.15833333333333333
0.125
0.08333333333333333
0.21666666666666667
0.075
0.2
0.16666666666666666
0.09166666666666666
0.10833333333333334
0.1
0.125
0.10833333333333334
0.09166666666666666
0.15
0.2
0.175
0.15833333333333333
0.16666666666666666
0.24166666666666667
0.10833333333333334
0.14166666666666666
0.08333333333333333
0.14166666666666666
0.15
0.19166666666666668
0.20833333333333334
0.24166666666666667
0.14166666666666666
0.03333333333333333
0.16666666666666666
0.15833333333333333
0.19166666666666668
0.16666666666666666
0.10833333333333334
0.26666666666666666
0.10833333333333334
0.15
0.14166666666666666
0.06666666666666667
0.13333333333333333
0.13333333333333333
0.2
0.1
0.125
0.325
0.075
0.175
0.125
0.2
0.125
0.15
0.20833333333333334
0.1
0.175
0.11666666666666667
0.075
0.25
0.13333333333333333
0.1
0.275
0.20833333333333334
0.16666666666666666
0.2
0.2916666666666667
0.10833333333333334
0.18333333333333332
0.175
0.2
0.075
0.25
0.225
0.13333333333333333
0.175
0.14166666666666666
0.24166666666666667
0.125
0.15
0.15
0.11666666666666667
0.16666666666666666
0.11666666666666667
0.10833333333333334
0.13333333333333333
0.10833333333333334
0.13333333333333333
0.14166666666666666
0.14166666666666666
0.075
0.18333333333333332
0.14166666666666666
0.18333333333333332
0.20833333333333334
0.1
0.13333333333333333
0.14166666666666666
0.225
0.125
0.15
0.1
0.16666666666666666
0.06666666666666667
0.24166666666666667
0.14166666666666666
0.058333333333333334
0.11666666666666667
0.19166666666666668
0.18333333333333332
0.125
0.23333333333333334
0.10833333333333334
0.13333333333333333
0.175
0.11666666666666667
0.2
0.2916666666666667
0.175
0.175
0.16666666666666666
0.19166666666666668
0.075
0.16666666666666666
0.21666666666666667
0.14166666666666666
0.06666666666666667
0.16666666666666666
0.075
0.13333333333333333
0.15833333333333333
0.26666666666666666
0.09166666666666666
0.18333333333333332
0.11666666666666667
0.08333333333333333
0.15833333333333333
0.25833333333333336
0.31666666666666665
0.08333333333333333
0.09166666666666666
0.16666666666666666
0.11666666666666667
0.16666666666666666
0.225
0.14166666666666666
0.10833333333333334
0.20833333333333334
0.1
0.19166666666666668
0.13333333333333333
0.09166666666666666
0.11666666666666667
0.1
0.08333333333333333
0.041666666666666664
0.275
0.15833333333333333
0.175
0.175
0.15
0.25
0.16666666666666666
0.14166666666666666
0.075
0.14166666666666666
0.16666666666666666
0.11666666666666667
0.19166666666666668
0.11666666666666667
0.19166666666666668
0.14166666666666666
0.16666666666666666
0.16666666666666666
0.1
0.125
0.13333333333333333
0.10833333333333334
0.15833333333333333
0.08333333333333333
0.15
0.10833333333333334
0.275
0.16666666666666666
0.3
0.18333333333333332
0.075
0.225
0.3
0.2
0.09166666666666666
0.13333333333333333
0.20833333333333334
0.10833333333333334
0.125
0.20833333333333334
0.19166666666666668
0.14166666666666666
0.25
0.125
0.23333333333333334
0.075
0.06666666666666667
0.15
0.16666666666666666
0.15833333333333333
0.14166666666666666
0.16666666666666666
0.125
0.125
0.21666666666666667
0.10833333333333334
0.11666666666666667
0.16666666666666666
0.125
0.08333333333333333
0.15833333333333333
0.16666666666666666
0.16666666666666666
0.09166666666666666
0.10833333333333334
0.16666666666666666
0.23333333333333334
0.10833333333333334
0.18333333333333332
0.1
0.125
0.25833333333333336
