0.5376198865622988
0.6168887478056088
0.5360529656380751
0.4671771282936654
0.4462724807427403
0.5453408112784554
0.39892621361821745
0.4456967577187391
0.46459440787679906
0.5469374293197173
0.4735062509816608
0.4841786424029415
0.5388483713011644
0.47254926724305024
0.39831735254771716
0.4712053849160974
0.5361690384649958
0.525266961856003
0.535044997486174
0.5100737628384687
0.5936643225144967
0.37554636038180345
0.447483212091096
0.48281755830768086
0.4794723465710271
0.45615593609194094
0.4682055276082584
0.4944103519870122
0.5440111489408165
0.44682323544863733
0.4949583423112835
0.6048471280404053
0.4856961650706191
0.5402237677464741
0.41887972730168277
0.515990890865071
0.5099143411845024
0.47609904597112607
0.45356544180703207
0.5526771328510458
0.4723790457123791
0.45033608083649096
0.48108192951121087
0.5703450271044856
0.31227519388848796
0.43209733048594423
0.529613235784176
0.48110766788349224
0.4984701210979984
0.5188966570234652
0.5185732775355274
0.4804182280225697
0.4797326061059317
0.4691548422647748
0.4677007450753581
0.3438742732568348
0.5014938723261627
0.5486564782596215
0.5226801352844376
0.5186582036582037
0.5005990153637212
0.495323048775899
0.486453233396972
0.469204387230703
0.40806440847702397
0.48575899843505477
0.44795227195077153
0.5156571725263314
0.5320039584364176
0.4810110151286622
0.48773457654056684
0.5545402495039514
0.5202760645753242
0.577263615975675
0.4424173743815698
0.3988004199454605
0.5374606588859271
0.5567345697809681
0.4660126757511225
0.5439453264994177
0.35155307652518986
0.5809248929456841
0.45798453780859827
0.35705170391174446
0.5164670432784416
0.4277245803689963
0.39224857376451655
0.3645884977410087
0.400836278674787
0.5595597962857967
0.4878643759594512
0.4299793446443241
0.48335016724121527
0.5172290603050838
0.39850123690224004
0.33090963257524236
0.42287847975010906
0.39570198140278234
0.4423824756433452
0.4777270929964428
0.40644385680567374
0.4254480299000847
0.4360605874562361
0.5379168385356554
0.525415030434275
0.4533278153257539
0.48165947746290383
0.5219955765482082
0.4629601678303005
0.460041224418132
0.4751601473922902
0.45230621333240006
0.5540701677827581
0.51189190557477
0.5041473341473341
0.4789646464646465
0.5174048144303617
0.4198067113024071
0.47340642646525
0.4133670331318846
0.5161383693262251
0.49407982937187367
0.4675018978147889
0.4852926452069916
0.4880993902325491
0.428137755058697
0.4285326807695229
0.45343889897156686
0.366114181041466
0.37954374923914747
0.4526062467997951
0.46918396418396424
0.478621069582168
0.5721652421652421
0.4666243923845804
0.49145526509849957
0.4697123921829804
0.47228034508310435
0.42407643148792706
0.564593446161942
0.5009615334935028
0.4336025975104988
0.5358346248006648
0.4479899192216681
0.3535187734155326
0.4311269137724256
0.33857715813598166
0.3703100981929182
0.4696987145026361
0.4656290820325908
0.39999264641835347
0.4630991384270008
0.4888203415130885
0.5155995358906893
0.47266566214784944
0.49951410658307205
0.4424692489375396
0.5034536012824263
0.47963800862020667
0.42413131313131314
0.4860571953910505
0.43297843297843297
0.5337764844151237
0.5132277692942321
0.5273059566688627
0.43774370322037665
0.5627206564417524
0.4086908710966091
0.4600837570484056
0.5386375312944707
0.436257907752473
0.5533507696248707
0.5085758522732773
0.46974362724362717
0.4798795915114701
0.47425028130910485
0.5061748441172111
0.5352222485238227
0.5830247279399822
0.49767796238384476
0.35707428376442585
0.5861577105208258
0.544243214506821
0.5876564090517579
0.5593884469628176
0.5816771062089378
0.4843735829227036
0.3767645391026653
0.5194155191132044
0.5300574671071339
0.5314489724834552
0.535373812230042
0.46999912205117317
0.38328217470166626
0.4574744846656611
0.46943217155174755
0.5410127351505667
0.49178059723515677
0.5490220591317733
0.4770859538784067
0.5560550434632606
0.5152853563978883
0.5314571164571165
0.5211064383726799
0.49536508135072
0.5350924924950767
0.4959118084645098
0.5112056632435278
0.546789789347789
0.43916280650295997
0.4401917304290245
0.46501715265866206
0.47245971818264687
0.4707505182745066
0.5126478197857508
0.3506013615656019
0.4432110779526218
0.30100291527269213
0.44244910282953764
0.46591173709408107
0.6473806183232412
0.4871714644022665
0.43209254709254713
0.5017165692960974
0.42575834002228624
0.42408364956430655
0.4576895040201492
0.4731792891984429
0.5550968323091086
0.46000474056783125
0.45627627680080896
0.4191917427514442
0.5517809042809042
0.42136670519023456
0.5351064414899254
0.5275463924048494
0.4304253368915816
0.3942321523431027
0.4779630083852662
0.5340289380381545
0.45593163805845294
0.413225198769259
0.5275316658649992
0.4774632706328483
0.433278710950742
0.4168590857428127
0.4558183660116393
0.5180974444009875
0.45369587098162145
0.3974997989579525
0.5524999139145481
0.5376745743056399
0.42729031848933585
0.447089069245932
0.4385192063775836
0.44063522570338465
0.5363191578314952
0.4334931752349848
0.45834175169398417
0.44074838927669113
0.5459434205237245
0.43125939707585176
0.4280298360789485
0.55519185474988
0.42816910107720463
0.4908810531190083
0.3889629673496192
0.4633266499582289
0.4905007412719151
0.3808668076109937
0.38825415325415324
0.50209169273695
0.3913723196881091
0.4688768151926046
0.39996071700991614
0.34336710221239186
0.45370597802401746
0.4361050432417655
0.5394450714871616
0.3972981356904829
0.41725301221204436
0.5451213655097149
0.5818099955599956
0.46932171089779784
0.4698206265279436
0.5599084616302662
0.34040279074592794
0.525355180533752
0.34838290148371925
0.42614754419340145
0.5765308081551275
0.478008083919099
0.40891319659176806
0.4220250529471695
0.5911630405586892
0.5042690946422289
0.5063425880931602
0.44271519307672236
0.432884489986027
0.4659103178986638
0.3981975362529706
0.5666651205936921
0.47605741206382446
0.4499991513115773
0.43056770308262204
0.48739149739149734
0.42748137525903485
0.5495158470652151
0.42555639952395913
0.543869976359338
0.41549145257188413
0.5643979330348343
0.4932123468045798
0.5130365614327879
0.4335094957713866
0.5177549492173584
0.4751939789843015
0.43845074661315153
0.35161387970240515
0.5526132756132756
0.562285481868176
0.47483381449404094
0.38824418090965224
0.4086422794824538
0.4703971953971954
0.46257720154778975
0.5093084573127091
0.4535412626589097
0.3926972101972102
0.4490135428560476
0.48312358168179004
0.5036400690180631
0.49269294561247334
0.39263131203816143
0.41800949404292154
0.5319377554666597
0.5573134694390732
0.5292764665674883
0.4467543067698347
0.5538770412893457
0.46907268871332886
0.4781231723642499
0.4529338442651136
0.4770918648720373
0.55301644859829
0.4741754700080734
0.4180804042423233
0.485207093139994
0.3844472228837554
0.476508667179551
0.5258565425230887
0.5399437258763884
0.41121557505787426
0.404136921066549
0.5143145381380675
0.48781441732326947
0.4528331096224932
0.41329802558063433
0.5172180126775316
0.43638148693305295
0.5602429555984852
0.44697144000114297
0.5208224399840393
0.4667153935841243
0.4544988538689546
0.37110325316785314
0.4714189709724653
0.5178467469546223
0.4666555726233145
0.46359892397640157
0.5725479629980755
0.5167596371882086
0.5059327725005691
0.45934192151934083
0.4646552461553266
0.4752652755138399
0.4955994782132407
0.5103929862537231
0.46151048218029345
0.5039883934350097
0.43962626470385224
0.4279701456094645
0.46819492521268397
0.5547569400755797
0.48516935699538954
0.6156625327113436
0.41573645638365886
0.4057446057672918
0.39597745310245314
0.4380606784519827
0.46572834739501406
0.5111619261576472
0.49953043660150365
0.6078938192424657
0.39169831724221543
0.4135554990149428
0.38957800069180215
0.4594566544566544
0.3566212880686565
0.5139614794120607
0.3516607065140924
0.34964268627394496
0.46344024721628707
0.4107194671602772
0.5326229720918697
0.4766983941816141
0.538767865969526
0.5597718426766755
0.5890849226538427
0.5290306336419232
0.39606823572340816
0.46084769261239844
0.4326096155913267
0.5539555120663511
0.5475224089635855
0.501774193548387
0.40588314124899494
0.47995547960295437
0.4250024599982887
0.4342414943617316
0.46242197467669166
0.49544817057560686
0.4457538688185477
0.5487089002267573
0.5410771939625854
0.4965471588585032
0.548182014064367
0.35910207969418495
0.47457790666124
0.5057590811068241
0.5160024563250369
0.339990924963985
0.47282890988253456
0.45541592091729366
0.4777886206960026
0.574024991257627
0.45871615288110135
0.48992091031171664
0.44296655790067874
0.5110742419740124
0.5648451022199924
0.48641748012336244
0.5625796425796425
0.5410952596576601
0.5417716488304724
0.5785984260752879
0.41235025319666824
0.5953536163732992
0.45806577041236307
0.5368898348042238
0.4721222754138584
0.4428539312162021
0.49350002872808285
0.5323685036814739
0.43576685455403985
0.5503044749555048
0.5288845394164543
0.43383170521535297
0.521213917661286
0.5387621163159113
0.46412739878257114
0.4344953540856902
0.4829275052195945
0.4423203171365203
0.5078141000988267
0.46184561486429054
0.4937310662937514
0.41257539015827294
0.5373677738383621
0.40031297867769333
0.5121086433233559
0.5960414539639539
0.47800741837395555
0.3857439052175894
0.508480889897452
0.562279209970535
0.511497237824469
0.38478822951457997
0.4348887087203239
0.4486213308229614
0.4625841694537347
0.5057317058220673
0.4565134670397828
0.6042895658263304
0.4600133920089864
0.41821247680556256
0.4957251030493498
0.4881796668510664
0.547166563595135
0.371968581416446
0.5305959607008244
0.29509412444528677
0.403175133499325
0.5307971821207116
0.5386140922105834
0.3745398240982766
0.44507247385872806
0.5169561059034743
0.5013344627722602
0.541266125836523
