0.6627170211624465
0.6930957988580077
0.6948039341987696
0.6705641209388615
0.5936440596274524
0.6225995361554021
0.6404296670356348
0.5967187872380924
0.640994004967739
0.6622699052554362
0.6423916907701973
0.6535986685105751
0.6672759667302094
0.6782730663480091
0.7165193452912544
0.7078387620667794
0.6567366443862784
0.5472424257525111
0.6424473031586511
0.6604739519372468
0.7069821142159493
0.6433520302636098
0.6322726730984444
0.6053319986177523
0.6920990351510736
0.6340233141228289
0.6520117582901575
0.645568343022598
0.624309818506318
0.6705404019368072
0.5302559062834276
0.6288480328697598
0.6403347126976974
0.7129463231288476
0.6605441465124066
0.6583624362207767
0.6361223869485646
0.5994151124650017
0.6522417722513094
0.6711367894263818
0.6915057315190842
0.6160993459811993
0.6659635767505103
0.6622860695760842
0.623683709321349
0.6603158249295811
0.6211152873867521
0.6103393686700489
0.7172405716065943
0.6431631495655014
0.6798649041418028
0.600783639135036
0.5800400590971103
0.7515643796441939
0.6763766813445268
0.6788758945772351
0.6373871420657483
0.6613614965167425
0.6450314375376063
0.6582396233917369
0.6382637593257872
0.6660497773391418
0.6605128566198536
0.6276974277943649
0.6340524007047117
0.628955648128801
0.6284926760358572
0.6263660019418529
0.6563201209856908
0.6878465783879409
0.660587059216919
0.6278967672639976
0.6749175023301625
0.5819736278137939
0.6795076855625433
0.6465466325631748
0.6446272949111029
0.6657805155876959
0.6214420592016998
0.6088894712439324
0.6923904259793261
0.6659532598762259
0.6406108138674319
0.6928533663766197
0.707586585294375
0.6303192055576239
0.649245794362461
0.6016182621050868
0.650306661094978
0.6845241991505329
0.6419482224255391
0.6526369253771135
0.6526310984403572
0.6622250929678701
0.6680607220216283
0.6658321736496511
0.6790717978057303
0.5689015071688965
0.6461611126424293
0.6530278933779451
0.6893949098175094
0.6582115301561567
0.6700733967114134
0.603078727949079
0.680389600622676
0.6523199041700549
0.685757697515034
0.6485866203734804
0.6575633788636129
0.6872104193094005
0.7136776150220344
0.5634934618566572
0.6307199087795112
0.6220222275533507
0.5324469819985782
0.6941855744504797
0.6022871315544108
0.6238838547402054
0.5993079492402981
0.6914964707211704
0.6872327940279808
0.6602261394027491
0.6808380237390229
0.6980852583277928
0.6651103341909628
0.6882543325307264
0.5960587574138448
0.6834939397705018
0.714390551417408
0.59549505986802
0.6514715143218935
0.6929076330140663
0.6786771143731699
0.6089573689563235
0.6928262719682439
0.6058402340675767
0.6841404716160513
0.5480744812757075
0.6958262903983823
0.6223799206210149
0.6435509874097429
0.6032769787632043
0.6476208064218615
0.669008081842776
0.6309171014073878
0.6389618789944222
0.559360359121019
0.6551210020609366
0.6458662442424747
0.653049674901109
0.619020527424724
0.6868324168671114
0.6282806059857774
0.619201226457559
0.6072141260662562
0.6491810133645328
0.609728429138451
0.6393774584244133
0.6519729988647357
0.6804087579407325
0.6178759360847809
0.6234998715083581
0.6444339219230599
0.5985572599214977
0.6504557997496374
0.694432120962609
0.63419211577182
0.6669087307757533
0.6688695343091426
0.6118412756801114
0.5844683482846089
0.6679183045627755
0.6804759923459394
0.6995928238376874
0.6882680977874176
0.729409368007015
0.7213382886099399
0.6395002210685797
0.6643996251527594
0.6908374915451458
0.6040621398224165
0.6033283617241176
0.6850125209884644
0.6707150266939206
0.6956379574267232
0.6566955510429635
0.65022474618982
0.6882099129954142
0.6708412304344239
0.5617265796137497
0.6213912944849799
0.7056437767441507
0.6215231155919165
0.5866531871658094
0.6460157483555233
0.64230874831587
0.5335284461952248
0.6509477691262423
0.7121141287209867
0.6365584565935635
0.6586127701882722
0.6414007166826741
0.6679210337282531
0.6724077438756118
0.6193369690950375
0.6537999826256464
0.6423832123201506
0.6634833612575786
0.694668459765971
0.6774718088609356
0.6966626697634196
0.6348630914376185
0.5220821616762098
0.6297219061243166
0.6044517248778041
0.6541214374063131
0.660536707862843
0.7306880230460193
0.7125309126853003
0.6849538470633266
0.6622076305218161
0.665864665835979
0.6750994498816882
0.665379570569141
0.6680500160155343
0.6800943013834422
0.6599520365716927
0.6262235590271055
0.6656003498103408
0.6961277220055048
0.6585135681456683
0.7115715512170986
0.6177475596092127
0.7023628207441295
0.6726192623015369
0.6996543577445703
0.6371875843634924
0.6677220292351063
0.5626854103417519
0.6082196582697655
0.6633994083423725
0.6222446299680542
0.6991724629607231
0.6669418195457388
0.6634207162464529
0.6468853501666887
0.6396176038128537
0.6470006768838377
0.6576193620766597
0.6077701222730385
0.6450539886749771
0.6497231568527629
0.644870586280536
0.6163542876895998
0.652487845011882
0.7104299300570998
0.655876811844056
0.6292786272607227
0.6914862860343097
0.6202786001260506
0.7274906625202239
0.6361665451056822
0.6694917533801713
0.582610984028904
0.6166867495995794
0.6696689903072284
0.7269854344180562
0.664323941205317
0.6957513896706071
0.6498913524692715
0.6516527679325588
0.6458649832522613
0.6016110976298654
0.6795848975076357
0.6302117203307206
0.5322526180911921
0.6643879745406963
0.6993453614581541
0.6015672545323105
0.670286432044618
0.6557638042478088
0.6516183751141982
0.623392277254476
0.6867729170167677
0.7152787484161405
0.6700024734252278
0.672407545209406
0.6059860190059287
0.5646098935934629
0.6518962714880768
0.686134436092321
0.7159179227917817
0.6133432758799895
0.6627696174423388
0.651872862503708
0.6648971796241383
0.6789558291989799
0.6016265133345282
0.6453320460940166
0.5959681883912791
0.6303401272502078
0.7124006494599452
0.617439180053522
0.6521509649044066
0.6667044046607646
0.6868963511613412
0.5843780871936484
0.4865626893239386
0.622603580753028
0.6315724683571122
0.5622753051677981
0.719840119372076
0.6745652618934751
0.6162319948913033
0.5929221077385879
0.675169508432326
0.6517814960786232
0.7061785857760604
0.6440908063552492
0.654654839990447
0.5471791410256045
0.6683781364085689
0.626173724179775
0.5925136127511931
0.6382576290596157
0.7066011642780325
0.6940749183240884
0.6141164523346778
0.6147028788008273
0.6839376766083348
0.5347907050752101
0.608373899683274
0.640367077027451
0.5800770948974451
0.6324172257079403
0.6016588648484578
0.6871126706044552
0.6527661684481895
0.6311410069021086
0.6358556976350668
0.656111102992526
0.6894022289160034
0.6794711505599759
0.6561465149470358
0.6342403718082323
0.6821740055664185
0.6826623865443612
0.6459342959805207
0.6823180370546098
0.6287281536361445
0.6294596345378883
0.651521863857803
0.6768231611984287
0.5950151288412869
0.5886921409809179
0.6634843312207884
0.632986374893256
0.5751947737817207
0.6497430324193897
0.6598281434696724
0.6639877999895274
0.6568680045693177
0.7005288997957189
0.5753090997171127
0.7040638189501762
0.5941729807791967
0.667617702785207
0.6209573891588093
0.5771297932590177
0.6559183418350502
0.6830216305584635
0.6504635757658023
0.703159606005602
0.6722602817039648
0.6747805928059362
0.6506383829979797
0.683593606397065
0.6310138508743018
0.6382321859108238
0.5514180246329929
0.6987816500263575
0.6747533656285454
0.6601601639422626
0.6031683507856321
0.5890687322258109
0.6626136282298493
0.6597973890777337
0.5709050847715662
0.6613553407098581
0.6377772701928917
0.6242830512423565
0.5661229748798431
0.6594225281395063
0.7058437753538722
0.6422521823987852
0.7141043143974665
0.5904478711187828
0.670261055649601
0.5998778129558459
0.6593121415328116
0.5657041626062264
0.6725076340817959
0.6828571684160701
0.6253399928750896
0.7084662307844899
0.6636633320115372
0.6434240011749602
0.6636051801393782
0.6368391660120813
0.7534376079202804
0.6992483545876653
0.6135783843661354
0.63288382026356
0.595094198738049
0.6419601591637885
0.579789492691547
0.6356753603750154
0.6382437837807737
0.6621169362314717
0.6679594019647217
0.6214535953762605
0.6237096725952556
0.6380003461601069
0.6215031041872533
0.7063850520102183
0.5369441727529023
0.5556885867622535
0.6629167132277837
0.5527360381427631
0.7067605017151548
0.6803574537134527
0.704095308923454
0.6206549763043394
0.6229483031761952
0.6820262508377783
0.5618154068925625
0.6263684337033604
0.6501701112357405
0.6314196522849379
0.6511993007903719
0.607251593800415
0.612341306317622
0.6592113988641296
0.6064783894536367
0.6611085369945866
0.7116205465513519
0.5928940937323823
0.593175998723288
0.6159869736829927
0.699631378985603
0.6464250600887013
0.7647083781486242
0.649800951458783
0.6360302429754975
0.6709845244610801
0.650325226375517
0.6868465535041473
0.6773376056992595
0.6111722325402119
0.6165412912498808
0.6675622778485734
0.6208494694230382
0.6348443908961559
0.7275654967816493
0.6184378976647511
0.5771920126513503
0.6211216600208862
0.652661797326004
0.6226650546508522
0.6716316072829713
0.6794826771633926
0.617739628482857
0.6207437411645027
0.6688322398733554
0.6078590919359654
0.5902862417255672
0.6047639195520953
0.7004513529821716
0.6276281939038985
0.6448519219710145
0.6712986538577018
0.6412960921941009
0.64746861300009
0.5521074902871602
0.6333118101906859
0.6037646052365991
0.6031713447585277
0.725417049556816
0.5315856465087424
0.6138066688747325
0.6389305859850544
0.6162573419405847
0.5976639413843445
0.7052841825771361
0.6094233644952225
0.7008747032989762
0.6792718351594825
0.5110181124725288
0.6639042901734196
0.7283247247601956
