0.6382978723404256
0.6666666666666666
0.6153846153846153
0.6538461538461539
0.5818181818181818
0.4912280701754386
0.6415094339622641
0.5416666666666666
0.5555555555555556
0.6415094339622641
0.6415094339622641
0.576923076923077
0.5652173913043479
0.6274509803921569
0.653061224489796
0.625
0.608695652173913
0.5555555555555556
0.5818181818181818
0.5957446808510638
0.6792452830188679
0.6122448979591837
0.5660377358490566
0.56
0.6666666666666667
0.588235294117647
0.5925925925925926
0.5666666666666667
0.5957446808510638
0.625
0.5098039215686274
0.6538461538461539
0.6538461538461539
0.6666666666666666
0.5925925925925926
0.6415094339622641
0.5531914893617021
0.6122448979591837
0.5333333333333333
0.5957446808510638
0.6538461538461539
0.5357142857142857
0.5777777777777778
0.5818181818181818
0.5652173913043479
0.6122448979591837
0.6153846153846153
0.6
0.6666666666666666
0.588235294117647
0.6153846153846153
0.5357142857142857
0.5714285714285715
0.6808510638297872
0.6
0.6521739130434783
0.6296296296296297
0.588235294117647
0.576923076923077
0.5957446808510638
0.6666666666666665
0.5964912280701755
0.5660377358490566
0.6037735849056605
0.5357142857142857
0.5833333333333334
0.576923076923077
0.5957446808510638
0.6
0.6274509803921569
0.576923076923077
0.576923076923077
0.64
0.5660377358490566
0.5925925925925926
0.625
0.5161290322580646
0.608695652173913
0.5660377358490566
0.6
0.6666666666666666
0.6274509803921569
0.576923076923077
0.6666666666666666
0.7058823529411764
0.5
0.6
0.4897959183673469
0.5714285714285714
0.6
0.6071428571428571
0.608695652173913
0.625
0.6545454545454547
0.5660377358490566
0.6071428571428571
0.6382978723404256
0.5517241379310344
0.6
0.6181818181818183
0.6938775510204083
0.6274509803921569
0.6122448979591837
0.4838709677419355
0.5714285714285714
0.5957446808510638
0.6153846153846153
0.6153846153846153
0.6382978723404256
0.631578947368421
0.6521739130434783
0.5454545454545454
0.576923076923077
0.5925925925925926
0.5283018867924527
0.6
0.6
0.5614035087719299
0.5818181818181818
0.5818181818181818
0.64
0.6037735849056605
0.6538461538461539
0.64
0.588235294117647
0.6923076923076923
0.5833333333333334
0.6538461538461539
0.6666666666666666
0.5862068965517241
0.608695652173913
0.6
0.5833333333333334
0.6153846153846153
0.625
0.6122448979591837
0.6415094339622641
0.4528301886792453
0.6792452830188679
0.5531914893617021
0.5555555555555556
0.5454545454545454
0.6181818181818183
0.6
0.5660377358490566
0.6071428571428571
0.6037735849056605
0.5925925925925926
0.5833333333333334
0.6122448979591837
0.5416666666666666
0.6274509803921569
0.5660377358490566
0.5490196078431373
0.6071428571428571
0.64
0.5833333333333334
0.6153846153846153
0.6153846153846153
0.64
0.6428571428571429
0.576923076923077
0.588235294117647
0.5490196078431373
0.6037735849056605
0.625
0.6296296296296297
0.6122448979591837
0.588235294117647
0.5964912280701755
0.4814814814814815
0.625
0.625
0.6415094339622641
0.64
0.653061224489796
0.6382978723404256
0.576271186440678
0.588235294117647
0.6122448979591837
0.5625
0.576923076923077
0.6296296296296297
0.6122448979591837
0.6415094339622641
0.625
0.5199999999999999
0.653061224489796
0.6071428571428571
0.56
0.5423728813559322
0.6428571428571429
0.5263157894736842
0.4814814814814815
0.6274509803921569
0.6122448979591837
0.4897959183673469
0.6181818181818183
0.6382978723404256
0.6153846153846153
0.5833333333333334
0.5925925925925926
0.5283018867924527
0.6037735849056605
0.6296296296296297
0.5833333333333334
0.5660377358490566
0.6181818181818183
0.5652173913043479
0.64
0.7307692307692307
0.608695652173913
0.5490196078431373
0.5333333333333333
0.5964912280701755
0.5660377358490566
0.6666666666666667
0.6808510638297872
0.6538461538461539
0.5964912280701755
0.5490196078431373
0.6415094339622641
0.6153846153846153
0.6153846153846153
0.7037037037037038
0.6666666666666665
0.653061224489796
0.5531914893617021
0.6153846153846153
0.6538461538461539
0.5925925925925926
0.6666666666666667
0.5531914893617021
0.7272727272727272
0.6274509803921569
0.6415094339622641
0.6
0.6
0.49315068493150693
0.5283018867924527
0.6122448979591837
0.5660377358490566
0.6538461538461539
0.5714285714285714
0.6382978723404256
0.5416666666666666
0.5833333333333334
0.576923076923077
0.6666666666666666
0.5660377358490566
0.5652173913043479
0.5652173913043479
0.5384615384615385
0.5357142857142857
0.5671641791044775
0.6521739130434783
0.6538461538461539
0.5925925925925926
0.64
0.5172413793103449
0.6792452830188679
0.5517241379310344
0.6037735849056605
0.6545454545454547
0.6153846153846153
0.64
0.68
0.5217391304347827
0.6808510638297872
0.5614035087719299
0.608695652173913
0.6274509803921569
0.6037735849056605
0.6666666666666666
0.5199999999999999
0.5306122448979592
0.6037735849056605
0.6956521739130436
0.5660377358490566
0.6122448979591837
0.6153846153846153
0.6538461538461539
0.5199999999999999
0.6274509803921569
0.6808510638297872
0.6122448979591837
0.6274509803921569
0.6274509803921569
0.5217391304347827
0.5925925925925926
0.64
0.6666666666666666
0.5283018867924527
0.588235294117647
0.625
0.6153846153846153
0.5833333333333334
0.5454545454545454
0.5862068965517241
0.5490196078431373
0.653061224489796
0.6428571428571429
0.5660377358490566
0.5925925925925926
0.6122448979591837
0.653061224489796
0.576271186440678
0.4666666666666667
0.5833333333333334
0.6181818181818183
0.509090909090909
0.6666666666666666
0.64
0.5490196078431373
0.5416666666666666
0.68
0.5833333333333334
0.6538461538461539
0.576923076923077
0.6153846153846153
0.5384615384615385
0.653061224489796
0.5925925925925926
0.5925925925925926
0.5714285714285714
0.6538461538461539
0.7037037037037038
0.5416666666666666
0.5199999999999999
0.6666666666666667
0.5106382978723405
0.5
0.5714285714285714
0.5333333333333333
0.6037735849056605
0.56
0.625
0.588235294117647
0.6
0.5833333333333334
0.6153846153846153
0.625
0.6521739130434783
0.6153846153846153
0.6538461538461539
0.6
0.6274509803921569
0.5818181818181818
0.6122448979591837
0.6415094339622641
0.5614035087719299
0.5555555555555556
0.6
0.5384615384615385
0.5098039215686274
0.5925925925925926
0.5357142857142857
0.5098039215686274
0.5555555555555556
0.6122448979591837
0.5614035087719299
0.68
0.6666666666666666
0.5373134328358209
0.6415094339622641
0.6153846153846153
0.64
0.5454545454545454
0.5098039215686274
0.6071428571428571
0.6521739130434783
0.6153846153846153
0.6792452830188679
0.6071428571428571
0.6274509803921569
0.588235294117647
0.6153846153846153
0.576923076923077
0.5614035087719299
0.4528301886792453
0.653061224489796
0.588235294117647
0.6
0.5614035087719299
0.5283018867924527
0.6666666666666667
0.6274509803921569
0.5333333333333333
0.64
0.5
0.5660377358490566
0.5660377358490566
0.6296296296296297
0.6
0.6274509803921569
0.5714285714285715
0.5490196078431373
0.6666666666666666
0.5357142857142857
0.64
0.43333333333333335
0.653061224489796
0.6296296296296297
0.5
0.7058823529411764
0.6206896551724138
0.588235294117647
0.5833333333333334
0.588235294117647
0.6808510638297872
0.6296296296296297
0.5384615384615385
0.6
0.631578947368421
0.588235294117647
0.588235294117647
0.6
0.5714285714285714
0.625
0.5862068965517241
0.5263157894736842
0.5957446808510638
0.5490196078431373
0.5490196078431373
0.6938775510204083
0.56
0.5185185185185186
0.6122448979591837
0.576923076923077
0.631578947368421
0.6153846153846153
0.6666666666666666
0.5454545454545454
0.6
0.6666666666666666
0.49056603773584906
0.56
0.6
0.6666666666666666
0.576923076923077
0.47826086956521735
0.5714285714285715
0.6666666666666666
0.5283018867924527
0.5833333333333334
0.608695652173913
0.6153846153846153
0.5151515151515152
0.6037735849056605
0.6666666666666667
0.6153846153846153
0.6923076923076923
0.588235294117647
0.6274509803921569
0.6296296296296297
0.56
0.5507246376811593
0.625
0.56
0.5925925925925926
0.6274509803921569
0.6037735849056605
0.6206896551724138
0.7499999999999999
0.5714285714285715
0.5660377358490566
0.576923076923077
0.5652173913043479
0.5531914893617021
0.6071428571428571
0.64
0.5714285714285714
0.5660377358490566
0.6037735849056605
0.5423728813559322
0.5263157894736842
0.5283018867924527
0.6521739130434783
0.576923076923077
0.5652173913043479
0.5925925925925926
0.4888888888888889
0.5714285714285714
0.4912280701754386
0.5833333333333334
0.6037735849056605
0.5714285714285715
0.6938775510204083
0.588235294117647
0.576923076923077
0.56
0.5185185185185186
0.5283018867924527
0.653061224489796
0.5333333333333333
0.64
0.6666666666666666
0.4912280701754386
0.6181818181818183
0.6666666666666667
