0.15151515151515152
0.13793103448275862
0.16
0.14285714285714285
0.23529411764705882
0.17647058823529413
0.3
0.17142857142857143
0.19444444444444445
0.1388888888888889
0.24242424242424243
0.17647058823529413
0.06896551724137931
0.3157894736842105
0.25806451612903225
0.27586206896551724
0.08333333333333333
0.21621621621621623
0.2777777777777778
0.11764705882352941
0.24242424242424243
0.2413793103448276
0.1935483870967742
0.19230769230769232
0.1111111111111111
0.28
0.14814814814814814
0.14814814814814814
0.045454545454545456
0.23684210526315788
0.23076923076923078
0.13793103448275862
0.21212121212121213
0.26666666666666666
0.21428571428571427
0.21621621621621623
0.4074074074074074
0.21428571428571427
0.2857142857142857
0.24242424242424243
0.10714285714285714
0.32
0.06666666666666667
0.20588235294117646
0.14285714285714285
0.2608695652173913
0.175
0.17647058823529413
0.13793103448275862
0.25
0.1111111111111111
0.25
0.07407407407407407
0.07407407407407407
0.16
0.24242424242424243
0.17142857142857143
0.1724137931034483
0.14814814814814814
0.15625
0.2608695652173913
0.25
0.125
0.10714285714285714
0.2222222222222222
0.21212121212121213
0.18421052631578946
0.25
0.2222222222222222
0.2222222222222222
0.15151515151515152
0.15384615384615385
0.3333333333333333
0.1875
0.14285714285714285
0.23076923076923078
0.2647058823529412
0.22857142857142856
0.125
0.25925925925925924
0.10714285714285714
0.2692307692307692
0.25806451612903225
0.17647058823529413
0.25
0.2222222222222222
0.15625
0.125
0.07142857142857142
0.2
0.2727272727272727
0.358974358974359
0.21739130434782608
0.20512820512820512
0.14705882352941177
0.15625
0.25
0.23076923076923078
0.23684210526315788
0.17142857142857143
0.23809523809523808
0.25
0.25
0.2413793103448276
0.28
0.16666666666666666
0.05
0.3157894736842105
0.25925925925925924
0.21621621621621623
0.11428571428571428
0.28125
0.25
0.18518518518518517
0.15151515151515152
0.17142857142857143
0.22857142857142856
0.12903225806451613
0.19230769230769232
0.22580645161290322
0.2
0.2727272727272727
0.20833333333333334
0.2
0.22727272727272727
0.13043478260869565
0.11764705882352941
0.13793103448275862
0.2727272727272727
0.19230769230769232
0.18421052631578946
0.23529411764705882
0.1724137931034483
0.3448275862068966
0.23333333333333334
0.20588235294117646
0.10714285714285714
0.25806451612903225
0.16666666666666666
0.22580645161290322
0.28
0.1875
0.2857142857142857
0.3103448275862069
0.16129032258064516
0.22727272727272727
0.23076923076923078
0.2608695652173913
0.1388888888888889
0.30303030303030304
0.2903225806451613
0.21875
0.23076923076923078
0.25
0.03571428571428571
0.28125
0.1111111111111111
0.25
0.2
0.13793103448275862
0.3055555555555556
0.21875
0.225
0.13333333333333333
0.15384615384615385
0.2647058823529412
0.1935483870967742
0.13043478260869565
0.2631578947368421
0.14285714285714285
0.20689655172413793
0.15
0.12
0.11538461538461539
0.03125
0.12903225806451613
0.11764705882352941
0.21621621621621623
0.15384615384615385
0.24
0.15151515151515152
0.20588235294117646
0.20689655172413793
0.15384615384615385
0.23333333333333334
0.28205128205128205
0.2
0.18181818181818182
0.225
0.1935483870967742
0.18421052631578946
0.2857142857142857
0.2857142857142857
0.21875
0.08823529411764706
0.3793103448275862
0.14814814814814814
0.23529411764705882
0.15151515151515152
0.2727272727272727
0.1
0.21212121212121213
0.23333333333333334
0.13636363636363635
0.1111111111111111
0.12121212121212122
0.24242424242424243
0.2
0.16666666666666666
0.23333333333333334
0.1935483870967742
0.14285714285714285
0.20689655172413793
0.2564102564102564
0.16129032258064516
0.15789473684210525
0.13333333333333333
0.22580645161290322
0.17142857142857143
0.23076923076923078
0.21052631578947367
0.21212121212121213
0.2
0.13513513513513514
0.24
0.1935483870967742
0.10344827586206896
0.21428571428571427
0.19444444444444445
0.2222222222222222
0.2857142857142857
0.27586206896551724
0.20833333333333334
0.21875
0.28
0.14814814814814814
0.17857142857142858
0.06896551724137931
0.1282051282051282
0.16
0.18518518518518517
0.34285714285714286
0.15384615384615385
0.24
0.25
0.391304347826087
0.25
0.125
0.1724137931034483
0.23333333333333334
0.2222222222222222
0.17857142857142858
0.1111111111111111
0.18518518518518517
0.14285714285714285
0.22580645161290322
0.2
0.24242424242424243
0.23076923076923078
0.1951219512195122
0.03571428571428571
0.2
0.3
0.16
0.15
0.35714285714285715
0.08695652173913043
0.2413793103448276
0.20689655172413793
0.24324324324324326
0.25
0.18181818181818182
0.2571428571428571
0.15384615384615385
0.14285714285714285
0.10344827586206896
0.15384615384615385
0.06666666666666667
0.2
0.175
0.1724137931034483
0.21212121212121213
0.2962962962962963
0.13157894736842105
0.16666666666666666
0.12121212121212122
0.2
0.14285714285714285
0.13793103448275862
0.1875
0.28125
0.28
0.20833333333333334
0.2972972972972973
0.20588235294117646
0.14285714285714285
0.2413793103448276
0.2727272727272727
0.21428571428571427
0.1935483870967742
0.20833333333333334
0.25
0.20588235294117646
0.22727272727272727
0.37037037037037035
0.3181818181818182
0.3181818181818182
0.1724137931034483
0.15384615384615385
0.16216216216216217
0.13513513513513514
0.125
0.16129032258064516
0.10526315789473684
0.1875
0.17647058823529413
0.13793103448275862
0.13333333333333333
0.2857142857142857
0.17857142857142858
0.10344827586206896
0.16666666666666666
0.2608695652173913
0.1111111111111111
0.08695652173913043
0.15384615384615385
0.21739130434782608
0.12903225806451613
0.19047619047619047
0.1935483870967742
0.3333333333333333
0.1724137931034483
0.12
0.10714285714285714
0.21212121212121213
0.25925925925925924
0.21875
0.06451612903225806
0.16129032258064516
0.25806451612903225
0.1875
0.25
0.09090909090909091
0.32142857142857145
0.1
0.1891891891891892
0.32
0.2777777777777778
0.2631578947368421
0.08
0.125
0.23076923076923078
0.3
0.2
0.3333333333333333
0.2903225806451613
0.19047619047619047
0.24324324324324326
0.2903225806451613
0.3157894736842105
0.2647058823529412
0.14285714285714285
0.23076923076923078
0.3125
0.175
0.13793103448275862
0.20689655172413793
0.08
0.17391304347826086
0.1891891891891892
0.15384615384615385
0.2903225806451613
0.2222222222222222
0.2692307692307692
0.23076923076923078
0.23529411764705882
0.21212121212121213
0.32142857142857145
0.125
0.14705882352941177
0.15625
0.27586206896551724
0.23333333333333334
0.1935483870967742
0.0625
0.11764705882352941
0.10526315789473684
0.28125
0.30303030303030304
0.26666666666666666
0.25806451612903225
0.0967741935483871
0.23529411764705882
0.25
0.12121212121212122
0.1
0.18181818181818182
0.18181818181818182
0.1111111111111111
0.25925925925925924
0.17391304347826086
0.3333333333333333
0.18518518518518517
0.12903225806451613
0.07692307692307693
0.23333333333333334
0.20689655172413793
0.25
0.1794871794871795
0.16666666666666666
0.1111111111111111
0.13043478260869565
0.15384615384615385
0.1111111111111111
0.23684210526315788
0.21212121212121213
0.16129032258064516
0.2222222222222222
0.12121212121212122
0.1935483870967742
0.09523809523809523
0.16666666666666666
0.16666666666666666
0.19230769230769232
0.22857142857142856
0.2857142857142857
0.16666666666666666
0.0967741935483871
0.13793103448275862
0.24
0.2631578947368421
0.21739130434782608
0.08695652173913043
0.13793103448275862
0.125
0.10344827586206896
0.19444444444444445
0.1724137931034483
0.17857142857142858
0.17647058823529413
0.13043478260869565
0.22727272727272727
0.08571428571428572
0.13157894736842105
0.13333333333333333
0.28
0.23809523809523808
0.18181818181818182
0.11764705882352941
0.2857142857142857
0.09375
0.19230769230769232
0.375
0.2413793103448276
0.2702702702702703
0.12903225806451613
0.12903225806451613
0.24242424242424243
0.15384615384615385
0.21875
0.19444444444444445
0.22857142857142856
0.20689655172413793
0.10526315789473684
0.17391304347826086
0.1111111111111111
0.15151515151515152
0.2222222222222222
0.09090909090909091
0.24242424242424243
0.18518518518518517
0.15
0.15384615384615385
0.11538461538461539
0.375
0.13043478260869565
0.14285714285714285
0.13793103448275862
0.2962962962962963
0.25925925925925924
0.28125
0.20833333333333334
0.25925925925925924
0.1875
0.21428571428571427
0.2
0.17391304347826086
0.23333333333333334
0.1388888888888889
0.36666666666666664
0.13333333333333333
0.18518518518518517
0.14814814814814814
0.2
0.3103448275862069
0.2692307692307692
0.15151515151515152
0.2
0.2962962962962963
0.14285714285714285
