0.24
0.1875
0.19230769230769232
0.2608695652173913
0.21875
0.1
0.13636363636363635
0.125
0.1935483870967742
0.25925925925925924
0.20689655172413793
0.0967741935483871
0.2413793103448276
0.23529411764705882
0.041666666666666664
0.3
0.35714285714285715
0.28125
0.20689655172413793
0.11904761904761904
0.25
0.35294117647058826
0.2
0.11428571428571428
0.12903225806451613
0.15789473684210525
0.11764705882352941
0.2682926829268293
0.14285714285714285
0.06896551724137931
0.20689655172413793
0.07142857142857142
0.20833333333333334
0.2
0.13043478260869565
0.18518518518518517
0.25
0.19230769230769232
0.2
0.225
0.15625
0.23333333333333334
0.09090909090909091
0.20833333333333334
0.2222222222222222
0.037037037037037035
0.2647058823529412
0.14285714285714285
0.16666666666666666
0.25806451612903225
0.21428571428571427
0.20833333333333334
0.13793103448275862
0.3
0.16666666666666666
0.2727272727272727
0.1935483870967742
0.23333333333333334
0.1875
0.22580645161290322
0.17857142857142858
0.11538461538461539
0.30303030303030304
0.23333333333333334
0.2
0.18181818181818182
0.15789473684210525
0.25
0.13043478260869565
0.22580645161290322
0.25
0.32
0.12903225806451613
0.043478260869565216
0.16129032258064516
0.24390243902439024
0.17647058823529413
0.15384615384615385
0.1
0.12
0.15384615384615385
0.2777777777777778
0.20588235294117646
0.19444444444444445
0.12903225806451613
0.34375
0.21875
0.2
0.2
0.2857142857142857
0.3076923076923077
0.1724137931034483
0.13513513513513514
0.18181818181818182
0.2903225806451613
0.12903225806451613
0.22727272727272727
0.17142857142857143
0.25
0.20833333333333334
0.19230769230769232
0.21875
0.1724137931034483
0.15625
0.20689655172413793
0.24
0.21428571428571427
0.12121212121212122
0.15384615384615385
0.14705882352941177
0.2413793103448276
0.16666666666666666
0.2916666666666667
0.20454545454545456
0.1388888888888889
0.1111111111111111
0.2903225806451613
0.1111111111111111
0.18518518518518517
0.23529411764705882
0.21875
0.16666666666666666
0.18181818181818182
0.20833333333333334
0.08333333333333333
0.08823529411764706
0.21052631578947367
0.25806451612903225
0.1875
0.11428571428571428
0.25
0.13793103448275862
0.06666666666666667
0.17073170731707318
0.23809523809523808
0.125
0.16666666666666666
0.21052631578947367
0.17647058823529413
0.23076923076923078
0.1388888888888889
0.10344827586206896
0.20833333333333334
0.2
0.14814814814814814
0.2222222222222222
0.3076923076923077
0.20689655172413793
0.2
0.1724137931034483
0.16129032258064516
0.20588235294117646
0.06666666666666667
0.08571428571428572
0.06666666666666667
0.13333333333333333
0.23529411764705882
0.24242424242424243
0.13333333333333333
0.21052631578947367
0.15384615384615385
0.09375
0.15151515151515152
0.1724137931034483
0.2
0.2608695652173913
0.25
0.18181818181818182
0.25925925925925924
0.17391304347826086
0.16129032258064516
0.21428571428571427
0.1875
0.1111111111111111
0.12
0.14285714285714285
0.21875
0.11764705882352941
0.2571428571428571
0.23684210526315788
0.1111111111111111
0.11764705882352941
0.3181818181818182
0.12903225806451613
0.21212121212121213
0.16129032258064516
0.25
0.25
0.25925925925925924
0.21875
0.19230769230769232
0.21052631578947367
0.18518518518518517
0.09090909090909091
0.15789473684210525
0.1891891891891892
0.15151515151515152
0.1891891891891892
0.16666666666666666
0.20689655172413793
0.13793103448275862
0.20588235294117646
0.16666666666666666
0.21621621621621623
0.25
0.25
0.2631578947368421
0.2571428571428571
0.1935483870967742
0.15151515151515152
0.0
0.20833333333333334
0.32142857142857145
0.17391304347826086
0.16666666666666666
0.1724137931034483
0.14705882352941177
0.1724137931034483
0.25
0.23809523809523808
0.0
0.22857142857142856
0.10714285714285714
0.10344827586206896
0.3333333333333333
0.21212121212121213
0.13793103448275862
0.15384615384615385
0.25
0.25806451612903225
0.09523809523809523
0.13793103448275862
0.25
0.3333333333333333
0.0967741935483871
0.21212121212121213
0.21621621621621623
0.18518518518518517
0.2857142857142857
0.2222222222222222
0.14705882352941177
0.27586206896551724
0.15789473684210525
0.18181818181818182
0.1935483870967742
0.16666666666666666
0.16666666666666666
0.11538461538461539
0.21212121212121213
0.32
0.1724137931034483
0.2222222222222222
0.25
0.11428571428571428
0.15151515151515152
0.25
0.15625
0.16129032258064516
0.19230769230769232
0.20588235294117646
0.20833333333333334
0.21875
0.16666666666666666
0.20588235294117646
0.18518518518518517
0.14814814814814814
0.2692307692307692
0.15384615384615385
0.28
0.14814814814814814
0.20833333333333334
0.32
0.16129032258064516
0.25806451612903225
0.17142857142857143
0.3333333333333333
0.20454545454545456
0.2857142857142857
0.21212121212121213
0.08695652173913043
0.25
0.17142857142857143
0.23684210526315788
0.11764705882352941
0.28125
0.21428571428571427
0.24242424242424243
0.13793103448275862
0.16
0.19230769230769232
0.1935483870967742
0.2222222222222222
0.17857142857142858
0.25
0.2727272727272727
0.10714285714285714
0.3333333333333333
0.3157894736842105
0.15789473684210525
0.10714285714285714
0.041666666666666664
0.2857142857142857
0.17142857142857143
0.16129032258064516
0.23076923076923078
0.26666666666666666
0.2702702702702703
0.05405405405405406
0.0625
0.08695652173913043
0.16
0.18518518518518517
0.23333333333333334
0.08333333333333333
0.17391304347826086
0.3076923076923077
0.25925925925925924
0.22580645161290322
0.17857142857142858
0.23076923076923078
0.24
0.3939393939393939
0.21428571428571427
0.16666666666666666
0.30434782608695654
0.18518518518518517
0.20689655172413793
0.1111111111111111
0.16666666666666666
0.21875
0.20930232558139536
0.06896551724137931
0.19444444444444445
0.2647058823529412
0.22580645161290322
0.125
0.16666666666666666
0.18518518518518517
0.22580645161290322
0.20588235294117646
0.14285714285714285
0.12
0.3333333333333333
0.23076923076923078
0.2916666666666667
0.25
0.32
0.16129032258064516
0.16
0.19230769230769232
0.1111111111111111
0.22580645161290322
0.19444444444444445
0.21428571428571427
0.2
0.28
0.08
0.34375
0.16666666666666666
0.10344827586206896
0.25
0.2962962962962963
0.17142857142857143
0.16666666666666666
0.14285714285714285
0.2222222222222222
0.32
0.20689655172413793
0.15384615384615385
0.25925925925925924
0.2571428571428571
0.30303030303030304
0.15
0.2571428571428571
0.2413793103448276
0.1891891891891892
0.17857142857142858
0.13636363636363635
0.23076923076923078
0.1935483870967742
0.2
0.12121212121212122
0.2857142857142857
0.2413793103448276
0.2857142857142857
0.1794871794871795
0.19230769230769232
0.125
0.21621621621621623
0.2962962962962963
0.35
0.15384615384615385
0.20689655172413793
0.15384615384615385
0.25
0.1388888888888889
0.15151515151515152
0.3333333333333333
0.25
0.2727272727272727
0.21428571428571427
0.4230769230769231
0.1935483870967742
0.2
0.16
0.21875
0.2608695652173913
0.2
0.23684210526315788
0.22727272727272727
0.16666666666666666
0.22857142857142856
0.20689655172413793
0.16666666666666666
0.23529411764705882
0.15
0.25
0.1891891891891892
0.17391304347826086
0.18518518518518517
0.12
0.21052631578947367
0.23333333333333334
0.3142857142857143
0.14285714285714285
0.2571428571428571
0.17857142857142858
0.1891891891891892
0.11764705882352941
0.15384615384615385
0.25925925925925924
0.2857142857142857
0.25
0.18518518518518517
0.2972972972972973
0.20689655172413793
0.3448275862068966
0.32142857142857145
0.10714285714285714
0.1724137931034483
0.09523809523809523
0.2608695652173913
0.25806451612903225
0.21428571428571427
0.21212121212121213
0.23076923076923078
0.12121212121212122
0.23076923076923078
0.25925925925925924
0.23076923076923078
0.16666666666666666
0.29411764705882354
0.25
0.14285714285714285
0.16666666666666666
0.17857142857142858
0.34782608695652173
0.14285714285714285
0.14285714285714285
0.2608695652173913
0.23333333333333334
0.17142857142857143
0.2571428571428571
0.19230769230769232
0.18421052631578946
0.1935483870967742
0.16129032258064516
0.2222222222222222
0.08333333333333333
0.25925925925925924
0.3076923076923077
0.23076923076923078
0.28
0.3333333333333333
0.23529411764705882
0.21875
0.23333333333333334
0.28125
0.16666666666666666
0.15
0.14285714285714285
0.1724137931034483
0.2
0.12903225806451613
0.08823529411764706
0.23076923076923078
0.25
0.275
0.2647058823529412
0.11764705882352941
0.20512820512820512
0.225
0.2
0.25
0.2962962962962963
0.20833333333333334
0.21875
0.2916666666666667
0.08571428571428572
0.17647058823529413
