0.36188766720400295
0.3643068637812953
0.39793077642117647
0.5805640742750281
0.4117149021672812
0.44569516757666083
0.39235525876883615
0.46414627457837476
0.44660965683897563
0.5379816767302247
0.3157921130104611
0.37455130393649655
0.31935277948785945
0.4026489852278827
0.41820064002782653
0.37328077978832536
0.4750532197407229
0.4780291373126557
0.28055467812757107
0.37633277342167654
0.4791630831475604
0.3477298212622887
0.43429115914648697
0.31162510009392014
0.5049015407457889
0.45854517278885726
0.4248643144480592
0.3696674880395095
0.34992493123283375
0.3250675380024044
0.408834548396241
0.36892259350853207
0.444114936306759
0.479736003739234
0.5475930262014255
0.38091703991621423
0.47717118035001926
0.5034824199940352
0.3653970266724064
0.45735963697905163
0.47321779661557123
0.408638773535266
0.4252409295179292
0.3615881116472167
0.38483421436956
0.4086823409366795
0.36130499171124997
0.4118473534876674
0.4424347894432872
0.42993992837467776
0.3611797413820548
0.5319764061178014
0.4210625126444157
0.3661728771924401
0.4055108162208236
0.4578754434235365
0.32662756718665653
0.3506197082256173
0.37094123873822626
0.34604052472721836
0.3218993626982146
0.37495384422412403
0.3581412484661043
0.4597315616791825
0.4353297711385873
0.4100214480873893
0.42779885860849176
0.3410037385645065
0.29796777215124715
0.3588682729104142
0.4335558842586741
0.3932795391260218
0.49703116226861016
0.3656692974545152
0.33918519365589594
0.39106578146410875
0.4350843105446201
0.3327418396147968
0.3578923914673829
0.42013603409511624
0.43234808412108944
0.5576294060145804
0.3978308712113159
0.31880595629794645
0.4688929814112784
0.42055892151852714
0.5521764405501864
0.3518413247883739
0.4359855957302449
0.4817748814355607
0.5089046451210495
0.40135382151009147
0.41854400663314123
0.44017218611650705
0.4379147684577481
0.3964534644590059
0.3353305306787417
0.44312761425725866
0.35460619390021997
0.4452596443991725
0.45941260840601794
0.3879255718681156
0.4827851564972742
0.3920273789844265
0.3902866970515312
0.4663768557890611
0.44800067582701153
0.3566174296798209
0.5102182211968629
0.4555321095514441
0.451972718263715
0.40638596685613726
0.41396410133067396
0.32526672761643877
0.4461787952255405
0.45339680648772596
0.44716764215851335
0.3578070798091457
0.35980766129620306
0.3372838463804316
0.36878051145744306
0.48430663619225195
0.4301975041892542
0.38992517014806793
0.4039427819368807
0.5388015365385143
0.45598394247553486
0.4095967453657873
0.3974068966792452
0.3783721185477806
0.3528751943916173
0.4613337641114498
0.35986921066422983
0.39410728085777036
0.4596321256638689
0.36964167197655606
0.35571550499407323
0.4965932435805719
0.3686289970176881
0.4640122816272356
0.3818574838466887
0.4151431215455702
0.5373112602197349
0.3477799693058029
0.3748153960217767
0.4023122757427629
0.5027242622841345
0.47135022471841087
0.34055289049730453
0.43072222932235354
0.37768850568030177
0.4672141826206106
0.4134369799276567
0.3274312226755242
0.46340845823123816
0.3349339039946956
0.3223773986488909
0.3932404725275154
0.35838201277190274
0.40788035132480693
0.35182357511084417
0.3975450386423401
0.5293039761727798
0.43409123742501854
0.3441154928426028
0.3466626319196486
0.39734481354372897
0.4246219899816431
0.4202061887363293
0.42259076361375214
0.3244885923833066
0.43253888395398077
0.37528560518338727
0.3765204369435184
0.43336126157253874
0.42168057351433397
0.40140461873889177
0.42024725432536036
0.29657359837896746
0.3738093325077511
0.32882639324806373
0.4516778773535595
0.3894127103448696
0.45245257935231603
0.39909762457977804
0.42442309348213136
0.3988716421327853
0.3891064808655868
0.4365785905805091
0.3954076885691837
0.44493617555150977
0.3977146380309802
0.38187688077942117
0.46435587868355677
0.479116934971503
0.4688481258649819
0.4053990730036731
0.2954602384241525
0.3327446626208799
0.382068036270851
0.3566234025614444
0.5241892584283295
0.4405655875436801
0.4244102086525075
0.3385599142304466
0.3823042810592129
0.40677102483127386
0.4124906967498978
0.4024724443907007
0.4082625550897761
0.38041445301388155
0.42895445325267256
0.4192335809218847
0.5632762127322601
0.3810156300417911
0.4309648836296604
0.3406842773100303
0.37774553428417124
0.41348320494461244
0.47008937170001397
0.35600363979767713
0.5237810923485355
0.40841844067189015
0.3308552877052001
0.4747123348214483
0.33959834724633275
0.4331340760171301
0.4163764955215435
0.4934670228506295
0.3690504262829282
0.4406229443841747
0.3264933124581697
0.40154389046729777
0.3486515835514498
0.37136024964538716
0.4944883405149031
0.32474368960375277
0.4494284782326745
0.3641087374641224
0.44197958138629545
0.363886326603394
0.37446356289120697
0.4345394518450728
0.32460834254241744
0.3701307002967355
0.34384565356179664
0.4015625625757917
0.3641230639399972
0.3910971535434786
0.40583846629830733
0.4397016761711444
0.3933198203560955
0.4420492952606778
0.4602126084954725
0.45157533057298727
0.48767629108858346
0.3945518203782796
0.4383404075710452
0.319932874828921
0.3792898465112494
0.4467390330171971
0.4432413888578234
0.3822590763769166
0.5018599420441591
0.30521590636683915
0.46401626871054624
0.43009810496347656
0.4170613707587654
0.3732943627373514
0.32158909925516976
0.3355446855875515
0.362895173319572
0.4047855669774487
0.31342169309781376
0.4009902967527935
0.3639672336940682
0.38720612661472964
0.4291819959902351
0.37357860558843686
0.4407734205701417
0.3568297540508447
0.41577890981529075
0.4403656712457963
0.35297390786810234
0.39721717309253085
0.4058748302669291
0.43641449346347744
0.49923757296415855
0.4255634155959718
0.41624506986103527
0.3821955752707579
0.4214531960714054
0.3842894161569653
0.44209293837513525
0.33622697155064185
0.33203046063202757
0.30176347354186245
0.4031811284512504
0.3160559030123844
0.3306780944016661
0.36362762424282935
0.3888993064478674
0.3715050781131658
0.40630063431841307
0.5007120205490819
0.47271820970468603
0.329994082288495
0.34928138786641366
0.3347796396716531
0.3821590994347008
0.39531251293255704
0.4857562292581661
0.43570978448264724
0.4137820666561731
0.3938169595211574
0.48195513156204633
0.46062477974058236
0.3937283230728749
0.3242161345566983
0.28476473658638773
0.35822678772573535
0.3589566791091681
0.36384755369196997
0.28401095505235974
0.3804627282091582
0.3271569175961748
0.3358773160242066
0.36721977790083893
0.38567129741735917
0.42700048936705737
0.35755958306407165
0.3868979612316698
0.43494920697004175
0.3658721497283739
0.3801266518423095
0.4497553940087005
0.3897089113475563
0.3850745886578661
0.33982748662725526
0.4525249418721474
0.39846838439149446
0.35496901084103616
0.4310965055877308
0.3852824155864466
0.4379328257279057
0.39003783292575045
0.3936895545936544
0.4680945833683816
0.3666393099316759
0.4081570843214287
0.48846881533433484
0.37658124078848726
0.3968895669227104
0.33200216159816975
0.3748870015314658
0.4655423207084127
0.3963225780279605
0.40604503695473404
0.33242673349035956
0.4045747861299168
0.39095774974867886
0.3892763232154506
0.47808169193399097
0.35296778342042134
0.3761043045179742
0.35829194399881376
0.4000946040222825
0.36911116676440486
0.47616573563189996
0.5213143397425765
0.4650297671858057
0.3968232196351263
0.33539754842645497
0.416086555461085
0.3697790841920616
0.33608011542509647
0.5118594287740869
0.35078795735938273
0.499795486578009
0.5051051997705911
0.3599487625356468
0.3909963933513196
0.3298392127204315
0.33117707116473427
0.47167251599704385
0.36875641020154876
0.38858778834885827
0.4503089594457431
0.529839530367578
0.4100291890415019
0.506514785160333
0.33111134569759193
0.42609650184354014
0.4688248715126128
0.45878350215315133
0.37587338191986464
0.4253700855708009
0.513562641750181
0.3773900785428056
0.42698672540927235
0.42672420167262215
0.43338684244125925
0.3387357060131121
0.2879086562293681
0.4710488931860073
0.38693666164130824
0.4915909344477324
0.3670654066901985
0.4455963804537368
0.36112619887802677
0.47691639013986675
0.4056853771204785
0.5642397940315217
0.35383755318299803
0.42334750102600105
0.3793470032995073
0.39583711682173306
0.4800120626981035
0.5069687819941474
0.41247776710233536
0.4481408532434331
0.4234494116609451
0.41988687833208005
0.41794717192900654
0.35941036853112174
0.43874676079287867
0.40691242507335096
0.45764748606005906
0.4828825763661354
0.3748433677824924
0.4666783551181705
0.48774567134520924
0.4805834780960121
0.3326489863381926
0.35586974407202565
0.3628082510484384
0.47209355212071913
0.43676574275158536
0.5150345944688033
0.41092988025474664
0.2876441242968911
0.47831933534855386
0.4795567938973191
0.43440445752061174
0.4055838142913186
0.45208508272187053
0.38376888958049254
0.3678908655910006
0.44978787480019666
0.35271661409293764
0.41305683288330036
0.4590875585898131
0.3499206686306099
0.4015448783772254
0.419936520913927
0.5072851196002549
0.3574669160722982
0.3017680268338594
0.41607499277671545
0.3677418748659532
0.3719528805588856
0.35775824345635754
0.3462277530186378
0.3233336717923018
0.46729195724383343
0.43938914673647905
0.42390078099808914
0.3768479440327652
0.36300718559897066
0.38267491140805804
0.4326701663576545
0.5023720249246134
0.3934176806605552
0.33970460298069294
0.42606172170287726
0.444609770200375
0.3927778516934375
0.4608333802268404
0.49491878951524004
0.4413391707828963
0.42391178633701204
0.43003944886951423
0.3932761920635185
0.3347903022886307
0.3429725724526541
0.37215908957158833
0.4351866991369813
0.371831378015254
0.34799201358003473
0.3313210777177633
0.4304229897855153
0.48335332389914454
0.3736931319665119
0.37218485141241014
0.419035255462056
0.3638764705954128
0.37269090043050446
0.47084693125152477
0.4577576656877693
0.33340362268277823
