0.4629068906012252
0.5637379192268306
0.43919347319347324
0.38185444616917413
0.38167519883918855
0.49037818472029
0.3194089390142022
0.40046833994293374
0.554657377928406
0.4585098835098835
0.42879654871982237
0.5714631569098827
0.4795861868719781
0.5099013248757495
0.5752544866137099
0.5308907455992833
0.3813307204763633
0.41107119634907874
0.38523525328690417
0.5241576858261514
0.4089839396919043
0.4968574582520424
0.4250625498639672
0.34330858579732343
0.5263253552028512
0.48141815929064036
0.555272959487396
0.6097316946553254
0.5320830615351163
0.46660236008306183
0.47064344193345237
0.3742662016765317
0.5238131043965121
0.3473052232183318
0.562972696946987
0.5224125440251555
0.4873948452043873
0.4102136568364027
0.4934091789436835
0.6113528677902247
0.44514840486772245
0.4649997798959391
0.5392760988011746
0.4746930881818257
0.3784836299487332
0.4868968772694263
0.4645790487391457
0.6226286062348333
0.4487698277332423
0.49244878452039575
0.5781486678866347
0.4573900127623012
0.5419206239488653
0.6010663377192983
0.5914083782071587
0.46738253886858694
0.5590752467091706
0.41713301902775585
0.43650067569694495
0.5615928750711838
0.39876716598667816
0.4939862880494077
0.4596596266886122
0.40586150319172176
0.47687950360970577
0.4755129359963451
0.5519734002698803
0.5088740773271533
0.4674091048288026
0.3997631124137607
0.5220017636684304
0.5544577354235302
0.4788371246675899
0.5563832109236665
0.4754691862450514
0.5130611420682576
0.4744347837238231
0.44514469438382476
0.5414437227632659
0.5013577104199556
0.5223883937152304
0.4633447078285956
0.5403897446090837
0.5013678024337388
0.37192809475687144
0.5276841845023663
0.6306197587409177
0.4139793488289617
0.4910007925053701
0.5081908967568411
0.5139517322227829
0.3901184659468827
0.5709294020493196
0.36034205945598397
0.588384483279748
0.36243677842820865
0.48621442196913894
0.5527266036154789
0.3781903069521665
0.495464906435671
0.44083385008385007
0.6189781177406142
0.40523061300839075
0.5448056389723056
0.4771352714040461
0.3887729575596107
0.4112771783150113
0.33513470339216683
0.41345583469445957
0.5805661715407275
0.486961001961002
0.4621726074036814
0.37369798050649117
0.28889900984514105
0.3811556763145142
0.4658574349544192
0.4459636736833849
0.4563217461286655
0.4978325714623957
0.6677821532472694
0.4804506103029053
0.46206665783400547
0.6135552379571518
0.5109787315926665
0.5376006441223833
0.4682141061552826
0.49141127154168607
0.5554766309039338
0.4849288806431663
0.5130903809335181
0.4907649581927698
0.42825178774771067
0.35099789482642774
0.5303741863162251
0.5829604202860017
0.5184709156047274
0.4768674550381867
0.3374961283335274
0.5724845353506179
0.41584946138164885
0.42968658005676663
0.2583522602589423
0.5710833333333333
0.577634832311303
0.4369164876125965
0.49936914245270014
0.6871297904626407
0.43254306307391605
0.6286550471002825
0.633110091313709
0.5885870564441993
0.4643988208480425
0.43001923200981107
0.5730194781038493
0.6115093398972005
0.43884119046179093
0.5710073184357612
0.5222743612889598
0.5061999873469566
0.4937197271687862
0.4897501466163047
0.403265686528511
0.3656980489959213
0.432883335922129
0.33721378398102536
0.4922354392750236
0.36394583976623174
0.3526245471854407
0.47386898528403787
0.5474032908357851
0.32296323277398153
0.5785198806194229
0.628346416099429
0.6064058895069125
0.4963796717648894
0.6010819735819735
0.6078253163081148
0.4894993422850829
0.650078950423778
0.40192903261037427
0.4516088484124503
0.6079043631145137
0.5939476858605738
0.37513983990801636
0.5470167566652732
0.4899003071281207
0.49266969141969136
0.5609657938394657
0.48468361179956604
0.5056705577758225
0.47030203714414237
0.5711036525811679
0.3825919290721164
0.4657875117085643
0.43674095622161224
0.48555480504888565
0.45341641547083866
0.31837087661842833
0.44971134043234506
0.4478421976388241
0.5075521154277346
0.48801185925780843
0.5026109531232446
0.4027574961155315
0.46291525985409976
0.5810372772144008
0.38391175509654973
0.43377104377104375
0.5390426930367404
0.37971704867396927
0.5238294844002607
0.4126873532829485
0.6064212634686019
0.5649461488591924
0.5763706615350479
0.5804151714513556
0.5443524531024531
0.3009946584310472
0.36246256466737
0.584917084687223
0.47142981539179485
0.5794035594035595
0.4236507936507936
0.5086424996094405
0.5133438156967569
0.6126158924008047
0.47057618699653775
0.4487003417289314
0.5266526695104395
0.6023668432019439
0.47834665141427096
0.5650254330587957
0.4290382819794584
0.4908279262055006
0.5786751217509709
0.5593343757814679
0.6120951860317925
0.4625520296498114
0.6362420075180986
0.33315274045877497
0.5448494789770211
0.3530406992323576
0.4600743988686393
0.5489617643565011
0.505584438416717
0.444731711248002
0.482442683702234
0.6072883143329878
0.515529546628167
0.44447585421567837
0.43157017240220735
0.5983734323314532
0.5370313158895067
0.5283346279607302
0.5502928433573595
0.4268592392276603
0.41590017825311937
0.5016091772256156
0.5245173394279355
0.5920507396932854
0.5353586071078331
0.458098223615465
0.6529519015183932
0.4598861336032389
0.44234895732992086
0.5131831654423398
0.5734652271181078
0.5223357320985312
0.4829584440931206
0.5317258639665686
0.5403599036750864
0.5430017372678749
0.47585912223892424
0.42451490344003395
0.4924424600344583
0.37847876851755075
0.4525825400474894
0.45053502817264285
0.3205730877233805
0.49568478312753117
0.3937689151126651
0.47616080165398866
0.482497457052943
0.487508713393955
0.385562099924672
0.4642628260135066
0.3527679315543537
0.4469705014824262
0.6661952682761882
0.4455657890576973
0.3516346573581184
0.4736695688225539
0.45318792318792317
0.36231206930699833
0.579716315819257
0.4021342096318405
0.5087769463516952
0.3928742060205159
0.371226890649316
0.5107620511331377
0.48040928576067893
0.5673844105458908
0.5883361744740914
0.48432806168785536
0.5143385823381881
0.42080705526357703
0.48962035819622346
0.46813285420081535
0.5414433675397804
0.45899589832252374
0.5864288290242022
0.4806622072251385
0.6792260358009524
0.36157520328139736
0.650076966947438
0.5153112530744111
0.5453011437740513
0.43635052879674285
0.3748791387215864
0.5617609837746805
0.3570586251663819
0.4314393694187659
0.44821874044895627
0.4399273344117771
0.5376545765917746
0.6052288751203029
0.43323279321287567
0.5571043124721827
0.45353693802406336
0.6604152046783626
0.5169200464587013
0.37196483260389646
0.4943880850632141
0.3509809641464318
0.4357300243720276
0.5020306185517995
0.5379844475802641
0.29058141939882565
0.46596211041303703
0.5547585141270024
0.45807777882778733
0.4482336995442579
0.5130087515255419
0.4656547125483692
0.531153211324929
0.37169139843210625
0.5186963334072958
0.4058864185137817
0.5700084892423979
0.459334888092256
0.44111157177077576
0.6214574979480347
0.40931115266830476
0.4941834051319335
0.56626188600094
0.4743180533916778
0.5649707236272105
0.6432350903097537
0.5061427983863611
0.45519799398146654
0.45511771148949487
0.4879075824649474
0.34001686773334977
0.5658245411149935
0.4769340941586526
0.3469412797464917
0.4233783047753636
0.5835929959825465
0.49633676860153175
0.5009613113242878
0.3462153321199605
0.5303375153159715
0.3583814009412612
0.43220321900250325
0.5801025380031223
0.5359975733560638
0.5028245655823239
0.4709580364928098
0.5236216264457236
0.4677510092013879
0.41915126508479394
0.501032989210901
0.3988541926277775
0.49036783095925796
0.590863911529176
0.5826111557818874
0.42146580117729404
0.43319223985890654
0.4677349233412382
0.6930581715128896
0.4820344891550874
0.48248334883747795
0.43368894401916025
0.4543716870260649
0.28531919549733914
0.6154267835652036
0.5077176524021184
0.5010374048609343
0.25154130687269605
0.5362255880749409
0.40566255911083493
0.6179949444698477
0.5252099346708584
0.505205458756793
0.3892156792792535
0.5748400190683866
0.45877509194924926
0.5418532266832079
0.43977079839932504
0.4511520713660634
0.6099854141959405
0.5634455324357405
0.509971277668646
0.5034313697102621
0.5667186443991493
0.45816084048965827
0.521193956119444
0.29834302466064966
0.5701097266849481
0.3257789186570664
0.4052604058760273
0.5190861216281384
0.4516211456671983
0.5925854522117409
0.45742076813984506
0.30551667214790557
0.5267017769575315
0.5643090936210596
0.6048272709134112
0.5336941317201516
0.5454513118295455
0.5094485853020535
0.4854444217917649
0.5646465913215739
0.6650876112600012
0.4716515366888501
0.46393521380389535
0.40532321299485474
0.5396950793389285
0.5506039769501069
0.3317392285134221
0.4380564745644506
0.5768640074522428
0.5850645353318885
0.5373995057225527
0.5211301057709996
0.5171122495942639
0.46071680580681384
0.4562275654474236
0.3435022586563945
0.4380324461808847
0.5188273739650036
0.5140121054811801
0.49108290311777214
0.6261504268249543
0.49921401649415176
0.3464519747292857
0.5403832966482868
0.49602714164546224
0.5268725829821476
0.5369533610323649
0.4386123094262887
0.40867488714389727
0.608324030060468
0.49853168600455633
0.40968876190440334
0.5031239503242138
0.6277636354703996
0.5542025325720977
0.46452143772560744
0.3905990493083459
0.4563861897763005
0.44941137150439475
0.36614433267594404
0.577493772137735
0.4875650537961455
0.4670976875598724
0.44341827552642454
0.5268476589257977
0.4341676077545642
0.5402655301804312
0.5987828059749242
0.3969555288330357
0.33890464258939745
0.3214526248080486
0.5030301984827232
0.4513743918916333
0.5295650403097087
0.3946277791787501
0.39785461988168164
0.4340240543170927
0.376125119905512
0.5113619558735838
0.5273892699135903
0.4566629962640485
0.5049485435976738
0.4330027691242645
0.4436337970142043
0.37945026324568837
0.45629961401836183
