0.4888888888888889
0.5531914893617021
0.4137931034482759
0.36363636363636365
0.3137254901960784
0.3928571428571428
0.3529411764705882
0.41935483870967744
0.47058823529411764
0.47826086956521735
0.37499999999999994
0.5306122448979592
0.4090909090909091
0.42553191489361697
0.4081632653061224
0.45833333333333326
0.5217391304347827
0.3555555555555555
0.47826086956521735
0.3809523809523809
0.4166666666666667
0.25
0.4285714285714285
0.43999999999999995
0.46808510638297873
0.39215686274509803
0.32
0.423076923076923
0.44897959183673464
0.47058823529411764
0.4651162790697674
0.4
0.3913043478260869
0.4528301886792453
0.576923076923077
0.5384615384615385
0.33962264150943394
0.30769230769230765
0.42553191489361697
0.5416666666666666
0.4081632653061224
0.4528301886792453
0.4
0.5098039215686274
0.3703703703703704
0.2978723404255319
0.4166666666666667
0.3478260869565218
0.4
0.32
0.4444444444444445
0.3529411764705882
0.5098039215686274
0.3793103448275862
0.48
0.4
0.5531914893617021
0.42553191489361697
0.41509433962264153
0.43999999999999995
0.41509433962264153
0.43999999999999995
0.4313725490196078
0.326530612244898
0.34615384615384615
0.43999999999999995
0.45833333333333326
0.48
0.43478260869565216
0.3829787234042553
0.44897959183673464
0.47058823529411764
0.5490196078431373
0.42553191489361697
0.3478260869565218
0.33333333333333337
0.5
0.5199999999999999
0.4074074074074074
0.4897959183673469
0.41935483870967744
0.42553191489361697
0.4
0.3673469387755102
0.48
0.4090909090909091
0.4615384615384615
0.25
0.5333333333333333
0.4081632653061224
0.3555555555555555
0.43478260869565216
0.31111111111111117
0.5
0.2978723404255319
0.326530612244898
0.3913043478260869
0.4651162790697674
0.46808510638297873
0.4897959183673469
0.5283018867924527
0.4081632653061224
0.44897959183673464
0.3673469387755102
0.4166666666666667
0.3846153846153846
0.4545454545454545
0.43999999999999995
0.34615384615384615
0.3673469387755102
0.4
0.4210526315789474
0.4615384615384615
0.5660377358490566
0.3555555555555555
0.3529411764705882
0.4528301886792453
0.4081632653061224
0.46808510638297873
0.4166666666666667
0.5
0.3478260869565218
0.25
0.45833333333333326
0.5
0.36000000000000004
0.3928571428571428
0.36363636363636365
0.4
0.42553191489361697
0.28571428571428575
0.2564102564102564
0.3404255319148936
0.423076923076923
0.4090909090909091
0.4444444444444444
0.3673469387755102
0.45000000000000007
0.3529411764705882
0.47058823529411764
0.39215686274509803
0.33333333333333337
0.33333333333333337
0.4081632653061224
0.4090909090909091
0.4166666666666667
0.3404255319148936
0.43999999999999995
0.3333333333333333
0.36000000000000004
0.3913043478260869
0.44897959183673464
0.4074074074074074
0.44897959183673464
0.3829787234042553
0.32
0.4313725490196078
0.43999999999999995
0.4444444444444444
0.37499999999999994
0.43478260869565216
0.32
0.3829787234042553
0.3773584905660377
0.5
0.33962264150943394
0.5714285714285714
0.4081632653061224
0.43478260869565216
0.4090909090909091
0.41509433962264153
0.5454545454545455
0.3555555555555555
0.3793103448275862
0.3809523809523809
0.3793103448275862
0.4
0.42857142857142855
0.4642857142857143
0.3404255319148936
0.4827586206896552
0.4
0.4363636363636364
0.4897959183673469
0.43999999999999995
0.5
0.4074074074074074
0.4444444444444444
0.45833333333333326
0.47826086956521735
0.3137254901960784
0.5306122448979592
0.4081632653061224
0.3404255319148936
0.39215686274509803
0.33333333333333326
0.3809523809523809
0.3478260869565218
0.423076923076923
0.39215686274509803
0.3913043478260869
0.30188679245283023
0.48
0.5555555555555556
0.36363636363636365
0.47826086956521735
0.3684210526315789
0.44067796610169496
0.42553191489361697
0.3846153846153846
0.4897959183673469
0.4528301886792453
0.3703703703703704
0.47457627118644075
0.38596491228070173
0.3137254901960784
0.3913043478260869
0.4090909090909091
0.36000000000000004
0.4897959183673469
0.4090909090909091
0.42553191489361697
0.4615384615384615
0.32
0.28571428571428564
0.3529411764705882
0.4313725490196078
0.3529411764705882
0.44897959183673464
0.33962264150943394
0.32
0.4
0.4210526315789474
0.3913043478260869
0.4081632653061224
0.41860465116279066
0.3529411764705882
0.3913043478260869
0.5
0.3928571428571428
0.33333333333333337
0.3913043478260869
0.3043478260869565
0.4081632653061224
0.4166666666666667
0.42553191489361697
0.2978723404255319
0.4090909090909091
0.4166666666666667
0.3
0.41860465116279066
0.3673469387755102
0.47058823529411764
0.46808510638297873
0.3913043478260869
0.43478260869565216
0.44897959183673464
0.32
0.3829787234042553
0.3272727272727273
0.32558139534883723
0.35
0.42553191489361697
0.423076923076923
0.5
0.4090909090909091
0.33333333333333337
0.41860465116279066
0.4
0.3673469387755102
0.32558139534883723
0.4528301886792453
0.3137254901960784
0.3829787234042553
0.4081632653061224
0.4313725490196078
0.3636363636363636
0.46808510638297873
0.3050847457627119
0.4363636363636364
0.34146341463414637
0.3673469387755102
0.4081632653061224
0.3913043478260869
0.48
0.49056603773584906
0.3846153846153846
0.4285714285714285
0.4727272727272728
0.423076923076923
0.3846153846153846
0.32142857142857145
0.3913043478260869
0.4651162790697674
0.37499999999999994
0.42553191489361697
0.46808510638297873
0.3673469387755102
0.31111111111111117
0.41935483870967744
0.4
0.4090909090909091
0.4482758620689655
0.4
0.41509433962264153
0.49056603773584906
0.3157894736842105
0.3555555555555555
0.3846153846153846
0.32786885245901637
0.3404255319148936
0.456140350877193
0.33962264150943394
0.4
0.41860465116279066
0.3846153846153846
0.3913043478260869
0.41860465116279066
0.4166666666666667
0.5098039215686274
0.41025641025641024
0.31111111111111117
0.3137254901960784
0.47058823529411764
0.4081632653061224
0.47058823529411764
0.45833333333333326
0.5283018867924527
0.45833333333333326
0.3529411764705882
0.27906976744186046
0.5
0.5555555555555556
0.3829787234042553
0.3703703703703704
0.4545454545454545
0.31111111111111117
0.3773584905660377
0.3478260869565218
0.4363636363636364
0.3913043478260869
0.4090909090909091
0.3673469387755102
0.41509433962264153
0.3846153846153846
0.33333333333333337
0.3181818181818182
0.3846153846153846
0.4912280701754386
0.37209302325581395
0.30769230769230765
0.3913043478260869
0.4081632653061224
0.32
0.4528301886792453
0.3829787234042553
0.43478260869565216
0.25
0.3829787234042553
0.3703703703703704
0.4166666666666667
0.3703703703703704
0.44897959183673464
0.4166666666666667
0.4545454545454545
0.4000000000000001
0.47826086956521735
0.417910447761194
0.36000000000000004
0.4313725490196078
0.4081632653061224
0.4444444444444444
0.326530612244898
0.38596491228070173
0.4528301886792453
0.5714285714285714
0.3913043478260869
0.43478260869565216
0.4
0.4363636363636364
0.3809523809523809
0.3793103448275862
0.4166666666666667
0.4545454545454545
0.4166666666666667
0.4313725490196078
0.5490196078431373
0.3478260869565218
0.3157894736842105
0.3846153846153846
0.42553191489361697
0.47058823529411764
0.4166666666666667
0.5116279069767441
0.4814814814814815
0.38596491228070173
0.4074074074074074
0.3529411764705882
0.3846153846153846
0.3673469387755102
0.33333333333333337
0.4307692307692308
0.3846153846153846
0.47058823529411764
0.4615384615384615
0.3728813559322034
0.4
0.46808510638297873
0.3103448275862069
0.44067796610169496
0.4210526315789474
0.3181818181818182
0.32
0.3404255319148936
0.36000000000000004
0.33333333333333326
0.380952380952381
0.4081632653061224
0.423076923076923
0.4137931034482759
0.3384615384615384
0.2325581395348837
0.3829787234042553
0.42857142857142855
0.38596491228070173
0.4727272727272728
0.4
0.2978723404255319
0.43902439024390244
0.39215686274509803
0.34146341463414637
0.3125
0.34146341463414637
0.32558139534883723
0.3928571428571428
0.4081632653061224
0.3272727272727273
0.4615384615384615
0.3829787234042553
0.4444444444444444
0.4166666666666667
0.3508771929824561
0.44897959183673464
0.3571428571428571
0.3555555555555555
0.5454545454545454
0.4363636363636364
0.43999999999999995
0.48
0.4081632653061224
0.45833333333333326
0.30769230769230765
0.44897959183673464
0.47619047619047616
0.31111111111111117
0.4
0.42553191489361697
0.41509433962264153
0.46808510638297873
0.44897959183673464
0.4651162790697674
0.33898305084745767
0.46808510638297873
0.37499999999999994
0.4545454545454545
0.3928571428571428
0.45833333333333326
0.423076923076923
0.4363636363636364
0.3404255319148936
0.4313725490196078
0.41509433962264153
0.33333333333333337
0.43902439024390244
0.36363636363636365
0.4615384615384615
0.43902439024390244
0.35
0.41509433962264153
0.4090909090909091
0.41860465116279066
0.4814814814814815
0.423076923076923
0.3902439024390244
0.26666666666666666
0.5833333333333334
0.5454545454545455
0.4
0.3809523809523809
0.5306122448979592
0.5957446808510638
0.33962264150943394
0.3529411764705882
0.47058823529411764
0.3793103448275862
0.4363636363636364
0.4
0.5106382978723405
0.41509433962264153
0.42553191489361697
