0.4000000000000001
0.4166666666666667
0.3703703703703704
0.3846153846153846
0.43902439024390244
0.3703703703703704
0.3703703703703704
0.3492063492063492
0.43478260869565216
0.47826086956521735
0.36363636363636365
0.46808510638297873
0.5106382978723405
0.4166666666666667
0.5106382978723405
0.3829787234042553
0.46808510638297873
0.3137254901960784
0.5106382978723405
0.3043478260869565
0.3673469387755102
0.2769230769230769
0.4313725490196078
0.4897959183673469
0.4166666666666667
0.3913043478260869
0.3555555555555555
0.3913043478260869
0.3478260869565218
0.32
0.4444444444444444
0.42553191489361697
0.423076923076923
0.5098039215686274
0.4
0.5185185185185186
0.4912280701754386
0.326530612244898
0.37209302325581395
0.423076923076923
0.43999999999999995
0.3
0.3478260869565218
0.42553191489361697
0.27450980392156865
0.3829787234042553
0.36363636363636365
0.42553191489361697
0.3913043478260869
0.3555555555555555
0.37499999999999994
0.3529411764705882
0.4897959183673469
0.32786885245901637
0.3673469387755102
0.4
0.5
0.37499999999999994
0.4313725490196078
0.4
0.4615384615384615
0.39215686274509803
0.3809523809523809
0.37499999999999994
0.36000000000000004
0.41860465116279066
0.4
0.44897959183673464
0.5306122448979592
0.45833333333333326
0.45833333333333326
0.5306122448979592
0.5185185185185186
0.326530612244898
0.3404255319148936
0.33962264150943394
0.4912280701754386
0.48
0.3636363636363636
0.45833333333333326
0.30769230769230765
0.49056603773584906
0.2978723404255319
0.28070175438596495
0.48
0.44897959183673464
0.37499999999999994
0.36000000000000004
0.45833333333333326
0.47058823529411764
0.47826086956521735
0.3043478260869565
0.3478260869565218
0.43902439024390244
0.3829787234042553
0.3508771929824561
0.43999999999999995
0.4444444444444444
0.43478260869565216
0.49056603773584906
0.4363636363636364
0.36363636363636365
0.4166666666666667
0.3137254901960784
0.3404255319148936
0.39215686274509803
0.39215686274509803
0.4
0.3529411764705882
0.4
0.5283018867924527
0.3548387096774193
0.3555555555555555
0.42857142857142855
0.3478260869565218
0.3636363636363636
0.3773584905660377
0.42553191489361697
0.4
0.4444444444444445
0.41509433962264153
0.3829787234042553
0.3555555555555555
0.4166666666666667
0.4545454545454545
0.3404255319148936
0.4210526315789474
0.36363636363636365
0.4
0.5
0.30188679245283023
0.33333333333333337
0.4
0.3773584905660377
0.3809523809523809
0.3555555555555555
0.42857142857142855
0.38596491228070173
0.36000000000000004
0.4444444444444445
0.36000000000000004
0.3555555555555555
0.47058823529411764
0.42857142857142855
0.43478260869565216
0.34615384615384615
0.4090909090909091
0.4081632653061224
0.33962264150943394
0.3913043478260869
0.30769230769230765
0.3529411764705882
0.3050847457627119
0.3673469387755102
0.5199999999999999
0.3137254901960784
0.4444444444444445
0.326530612244898
0.423076923076923
0.4
0.3829787234042553
0.37499999999999994
0.3913043478260869
0.44897959183673464
0.5106382978723405
0.33333333333333337
0.4545454545454545
0.3529411764705882
0.45833333333333326
0.3902439024390244
0.3773584905660377
0.5
0.4090909090909091
0.423076923076923
0.3478260869565218
0.30769230769230765
0.46808510638297873
0.4814814814814815
0.4444444444444445
0.42553191489361697
0.38596491228070173
0.3333333333333333
0.39344262295081966
0.5
0.47826086956521735
0.3478260869565218
0.3928571428571428
0.3404255319148936
0.3913043478260869
0.5531914893617021
0.3508771929824561
0.56
0.3673469387755102
0.3913043478260869
0.39215686274509803
0.4444444444444445
0.3809523809523809
0.3636363636363636
0.42857142857142855
0.42857142857142855
0.3137254901960784
0.44897959183673464
0.4081632653061224
0.41935483870967744
0.3703703703703704
0.43999999999999995
0.4363636363636364
0.45901639344262296
0.42553191489361697
0.32
0.4081632653061224
0.3928571428571428
0.4
0.43999999999999995
0.4528301886792453
0.28
0.37499999999999994
0.4
0.423076923076923
0.42857142857142855
0.5245901639344263
0.36000000000000004
0.37499999999999994
0.30769230769230765
0.29508196721311475
0.30769230769230765
0.423076923076923
0.37209302325581395
0.3846153846153846
0.25
0.4482758620689655
0.41509433962264153
0.3333333333333333
0.44897959183673464
0.3478260869565218
0.326530612244898
0.3913043478260869
0.3913043478260869
0.27272727272727276
0.4
0.27450980392156865
0.30188679245283023
0.36000000000000004
0.4
0.37209302325581395
0.4615384615384615
0.3529411764705882
0.4528301886792453
0.37499999999999994
0.3404255319148936
0.3913043478260869
0.423076923076923
0.4166666666666667
0.4444444444444444
0.4918032786885246
0.3829787234042553
0.5283018867924527
0.30769230769230765
0.326530612244898
0.3272727272727273
0.41860465116279066
0.36363636363636365
0.43999999999999995
0.4313725490196078
0.4
0.32558139534883723
0.39215686274509803
0.30769230769230765
0.39215686274509803
0.3272727272727273
0.3673469387755102
0.3913043478260869
0.3703703703703704
0.3673469387755102
0.2916666666666667
0.4
0.4074074074074074
0.33333333333333337
0.3793103448275862
0.33962264150943394
0.3555555555555555
0.48
0.5199999999999999
0.3846153846153846
0.36363636363636365
0.4615384615384615
0.3529411764705882
0.4
0.5490196078431373
0.2916666666666667
0.4615384615384615
0.37500000000000006
0.4
0.5116279069767441
0.4528301886792453
0.45833333333333326
0.5106382978723405
0.32142857142857145
0.3404255319148936
0.4262295081967213
0.3571428571428571
0.3928571428571428
0.4210526315789474
0.3846153846153846
0.3636363636363636
0.37499999999999994
0.3846153846153846
0.33333333333333337
0.4
0.3103448275862069
0.36000000000000004
0.5
0.32
0.4081632653061224
0.47058823529411764
0.326530612244898
0.3928571428571428
0.37499999999999994
0.3404255319148936
0.4444444444444444
0.33333333333333337
0.3846153846153846
0.33333333333333337
0.4
0.33333333333333326
0.4897959183673469
0.48
0.4727272727272728
0.44897959183673464
0.3571428571428571
0.44897959183673464
0.36363636363636365
0.4615384615384615
0.39344262295081966
0.39215686274509803
0.45833333333333326
0.4166666666666667
0.3404255319148936
0.3829787234042553
0.4528301886792453
0.43478260869565216
0.3508771929824561
0.30769230769230765
0.3529411764705882
0.4074074074074074
0.42553191489361697
0.3673469387755102
0.3728813559322034
0.33962264150943394
0.5106382978723405
0.30188679245283023
0.44897959183673464
0.46808510638297873
0.3703703703703704
0.3773584905660377
0.48
0.43999999999999995
0.31111111111111117
0.4814814814814815
0.3773584905660377
0.39215686274509803
0.30769230769230765
0.4
0.43478260869565216
0.41860465116279066
0.3880597014925374
0.4651162790697674
0.4
0.3404255319148936
0.423076923076923
0.4814814814814815
0.39215686274509803
0.3404255319148936
0.3448275862068965
0.4285714285714285
0.45833333333333326
0.4545454545454545
0.2978723404255319
0.423076923076923
0.4081632653061224
0.43478260869565216
0.4137931034482759
0.4912280701754386
0.37499999999999994
0.4210526315789474
0.5490196078431373
0.4528301886792453
0.32
0.42857142857142855
0.3829787234042553
0.3478260869565218
0.4
0.33333333333333326
0.5106382978723405
0.3636363636363636
0.32
0.3508771929824561
0.2916666666666667
0.33962264150943394
0.43478260869565216
0.23529411764705882
0.3773584905660377
0.43478260869565216
0.2909090909090909
0.3137254901960784
0.2916666666666667
0.4210526315789474
0.5263157894736842
0.3728813559322034
0.4074074074074074
0.39215686274509803
0.32558139534883723
0.32
0.4166666666666667
0.3529411764705882
0.48
0.2909090909090909
0.36000000000000004
0.4615384615384615
0.41509433962264153
0.34782608695652173
0.34615384615384615
0.3902439024390244
0.3703703703703704
0.3829787234042553
0.38596491228070173
0.34615384615384615
0.37499999999999994
0.33333333333333337
0.3673469387755102
0.3571428571428571
0.3492063492063492
0.43478260869565216
0.3555555555555555
0.4074074074074074
0.3913043478260869
0.41935483870967744
0.5
0.5
0.46808510638297873
0.42857142857142855
0.4067796610169491
0.41509433962264153
0.36000000000000004
0.3555555555555555
0.5555555555555556
0.3272727272727273
0.41509433962264153
0.47058823529411764
0.4081632653061224
0.4444444444444444
0.32142857142857145
0.3555555555555555
0.4888888888888889
0.37499999999999994
0.35897435897435903
0.4897959183673469
0.29508196721311475
0.3478260869565218
0.5263157894736842
0.36363636363636365
0.28070175438596495
0.4313725490196078
0.35
0.4
0.4727272727272728
0.4166666666666667
0.4642857142857143
0.3846153846153846
0.31111111111111117
0.33333333333333326
0.456140350877193
0.28
0.28
0.3809523809523809
0.4528301886792453
0.3478260869565218
0.4285714285714285
0.32558139534883723
0.41860465116279066
0.36000000000000004
0.4166666666666667
0.4642857142857143
0.33333333333333337
0.3478260869565218
0.4615384615384615
0.47058823529411764
0.4651162790697674
0.48
0.5106382978723405
0.48
0.3846153846153846
0.26666666666666666
0.47058823529411764
0.3673469387755102
0.5
0.44897959183673464
0.32142857142857145
0.423076923076923
0.4545454545454545
