0.15873015873015872
0.13559322033898305
0.14545454545454545
0.1379310344827586
0.25
0.18750000000000003
0.24
0.18461538461538463
0.21212121212121213
0.1515151515151515
0.253968253968254
0.18750000000000003
0.06779661016949153
0.24489795918367346
0.26229508196721313
0.2711864406779661
0.07407407407407407
0.23880597014925373
0.303030303030303
0.125
0.253968253968254
0.23728813559322037
0.19672131147540983
0.17857142857142855
0.10526315789473685
0.2545454545454545
0.14035087719298248
0.14035087719298248
0.03846153846153846
0.2647058823529412
0.21428571428571427
0.13559322033898305
0.22222222222222224
0.26666666666666666
0.20689655172413796
0.23880597014925373
0.38596491228070173
0.20689655172413796
0.23529411764705882
0.253968253968254
0.10344827586206898
0.2909090909090909
0.06666666666666667
0.21874999999999997
0.11764705882352941
0.31578947368421056
0.2
0.18750000000000003
0.13559322033898305
0.2727272727272727
0.10526315789473685
0.2727272727272727
0.07017543859649124
0.07017543859649124
0.14545454545454545
0.253968253968254
0.18461538461538463
0.16949152542372883
0.14035087719298248
0.16129032258064516
0.22641509433962265
0.2
0.12903225806451615
0.10344827586206898
0.2424242424242424
0.22222222222222224
0.20588235294117646
0.2727272727272727
0.2105263157894737
0.2424242424242424
0.15873015873015872
0.14285714285714288
0.3157894736842105
0.19354838709677422
0.1379310344827586
0.21428571428571427
0.28125
0.24615384615384614
0.12903225806451615
0.2456140350877193
0.10344827586206898
0.25
0.26229508196721313
0.12765957446808512
0.2727272727272727
0.2105263157894737
0.16129032258064516
0.11111111111111112
0.0689655172413793
0.1818181818181818
0.28571428571428564
0.40579710144927544
0.18867924528301885
0.2318840579710145
0.15625
0.16129032258064516
0.2727272727272727
0.21428571428571427
0.2647058823529412
0.18461538461538463
0.19607843137254902
0.28571428571428575
0.2580645161290323
0.23728813559322037
0.2545454545454545
0.16666666666666666
0.04
0.35294117647058826
0.2456140350877193
0.23880597014925373
0.12307692307692307
0.29032258064516125
0.2413793103448276
0.17543859649122806
0.15873015873015872
0.18461538461538463
0.24615384615384614
0.13114754098360656
0.17857142857142855
0.22950819672131148
0.20000000000000004
0.23076923076923075
0.1851851851851852
0.1818181818181818
0.1923076923076923
0.11320754716981132
0.125
0.13559322033898305
0.28571428571428564
0.17857142857142855
0.20588235294117646
0.25
0.16949152542372883
0.33898305084745767
0.23333333333333334
0.21874999999999997
0.10344827586206898
0.26229508196721313
0.16666666666666666
0.22950819672131148
0.2545454545454545
0.19354838709677422
0.2758620689655172
0.3050847457627119
0.16393442622950818
0.27027027027027023
0.21428571428571427
0.22641509433962265
0.1515151515151515
0.31746031746031744
0.29508196721311475
0.22580645161290322
0.2608695652173913
0.2580645161290323
0.03448275862068965
0.29032258064516125
0.10526315789473685
0.2727272727272727
0.2153846153846154
0.13559322033898305
0.3333333333333333
0.22580645161290322
0.2571428571428572
0.13333333333333333
0.14285714285714288
0.28125
0.19672131147540983
0.11320754716981132
0.29411764705882354
0.1379310344827586
0.20338983050847456
0.17142857142857143
0.1090909090909091
0.10714285714285714
0.03225806451612904
0.13114754098360656
0.125
0.23880597014925373
0.14285714285714288
0.2181818181818182
0.15873015873015872
0.21874999999999997
0.20338983050847456
0.17391304347826086
0.23333333333333334
0.31884057971014496
0.1818181818181818
0.15384615384615383
0.2571428571428572
0.19672131147540983
0.20588235294117646
0.2758620689655172
0.2758620689655172
0.22580645161290322
0.09375000000000001
0.3728813559322034
0.14035087719298248
0.25
0.15873015873015872
0.28571428571428564
0.10000000000000002
0.22222222222222224
0.23333333333333334
0.11538461538461538
0.10526315789473685
0.126984126984127
0.253968253968254
0.2153846153846154
0.1818181818181818
0.23333333333333334
0.19672131147540983
0.1379310344827586
0.20338983050847456
0.2898550724637681
0.16393442622950818
0.12244897959183673
0.13333333333333333
0.22950819672131148
0.18461538461538463
0.21428571428571427
0.23529411764705882
0.22222222222222224
0.20000000000000004
0.14925373134328357
0.2181818181818182
0.19672131147540983
0.10169491525423728
0.20689655172413796
0.21212121212121213
0.2105263157894737
0.23529411764705882
0.2711864406779661
0.1851851851851852
0.22580645161290322
0.2545454545454545
0.14035087719298248
0.17241379310344826
0.06779661016949153
0.14492753623188406
0.14545454545454545
0.17543859649122806
0.36923076923076925
0.14285714285714288
0.2181818181818182
0.2580645161290323
0.33962264150943394
0.2727272727272727
0.11111111111111112
0.16949152542372883
0.23333333333333334
0.2105263157894737
0.17241379310344826
0.10526315789473685
0.17543859649122806
0.15384615384615383
0.22950819672131148
0.20000000000000004
0.253968253968254
0.21428571428571427
0.22535211267605634
0.03448275862068965
0.20000000000000004
0.3
0.14545454545454545
0.17142857142857143
0.3448275862068965
0.07547169811320756
0.23728813559322037
0.20338983050847456
0.26865671641791045
0.2580645161290323
0.1904761904761905
0.2769230769230769
0.14285714285714288
0.16666666666666666
0.10169491525423728
0.17391304347826086
0.06666666666666667
0.20000000000000004
0.2
0.16949152542372883
0.22222222222222224
0.28070175438596495
0.14705882352941177
0.125
0.126984126984127
0.1818181818181818
0.15384615384615383
0.13559322033898305
0.19354838709677422
0.29032258064516125
0.2545454545454545
0.1851851851851852
0.3283582089552239
0.21874999999999997
0.11764705882352941
0.23728813559322037
0.28571428571428564
0.20689655172413796
0.19672131147540983
0.1851851851851852
0.2413793103448276
0.21874999999999997
0.1923076923076923
0.3508771929824561
0.2692307692307693
0.2692307692307693
0.16949152542372883
0.14285714285714288
0.1791044776119403
0.14925373134328357
0.12903225806451615
0.16393442622950818
0.11764705882352941
0.19354838709677422
0.18750000000000003
0.13559322033898305
0.13333333333333333
0.2758620689655172
0.17241379310344826
0.10169491525423728
0.16666666666666666
0.22641509433962265
0.10526315789473685
0.07547169811320756
0.14285714285714288
0.18867924528301885
0.13114754098360656
0.1568627450980392
0.19672131147540983
0.3333333333333333
0.16949152542372883
0.1090909090909091
0.10344827586206898
0.22222222222222224
0.2456140350877193
0.22580645161290322
0.06557377049180328
0.16393442622950818
0.26229508196721313
0.19354838709677422
0.22222222222222224
0.07692307692307691
0.3103448275862069
0.10000000000000002
0.208955223880597
0.2909090909090909
0.303030303030303
0.2040816326530612
0.07272727272727272
0.11111111111111112
0.2608695652173913
0.24
0.20000000000000004
0.3157894736842105
0.29508196721311475
0.1568627450980392
0.26865671641791045
0.29508196721311475
0.24489795918367346
0.28125
0.11764705882352941
0.21428571428571427
0.3225806451612903
0.2
0.13559322033898305
0.20338983050847456
0.07272727272727272
0.15094339622641512
0.208955223880597
0.14285714285714288
0.29508196721311475
0.2424242424242424
0.25
0.2608695652173913
0.25
0.22222222222222224
0.3103448275862069
0.11111111111111112
0.15625
0.16129032258064516
0.2711864406779661
0.23333333333333334
0.19672131147540983
0.04347826086956522
0.125
0.11764705882352941
0.29032258064516125
0.31746031746031744
0.26666666666666666
0.26229508196721313
0.09836065573770492
0.25
0.2413793103448276
0.126984126984127
0.10000000000000002
0.1904761904761905
0.1904761904761905
0.10526315789473685
0.2456140350877193
0.15094339622641512
0.3636363636363636
0.17543859649122806
0.13114754098360656
0.07142857142857144
0.23333333333333334
0.20338983050847456
0.2580645161290323
0.20289855072463772
0.16666666666666666
0.10526315789473685
0.11320754716981132
0.14285714285714288
0.10526315789473685
0.2647058823529412
0.22222222222222224
0.16393442622950818
0.2105263157894737
0.126984126984127
0.19672131147540983
0.0784313725490196
0.1818181818181818
0.14814814814814814
0.17857142857142855
0.24615384615384614
0.2758620689655172
0.16666666666666666
0.09836065573770492
0.13559322033898305
0.2181818181818182
0.2040816326530612
0.18867924528301885
0.07547169811320756
0.13559322033898305
0.11111111111111112
0.10169491525423728
0.21212121212121213
0.16949152542372883
0.17241379310344826
0.18750000000000003
0.11320754716981132
0.1923076923076923
0.09230769230769231
0.14705882352941177
0.13333333333333333
0.2545454545454545
0.19607843137254902
0.1904761904761905
0.0851063829787234
0.2758620689655172
0.09677419354838711
0.17857142857142855
0.38709677419354843
0.23728813559322037
0.29850746268656714
0.13114754098360656
0.13114754098360656
0.253968253968254
0.14285714285714288
0.22580645161290322
0.21212121212121213
0.24615384615384614
0.20338983050847456
0.0816326530612245
0.15094339622641512
0.10526315789473685
0.15873015873015872
0.2424242424242424
0.09523809523809525
0.253968253968254
0.17543859649122806
0.17142857142857143
0.14285714285714288
0.10714285714285714
0.38709677419354843
0.11320754716981132
0.11764705882352941
0.13559322033898305
0.28070175438596495
0.2456140350877193
0.29032258064516125
0.1851851851851852
0.2456140350877193
0.19354838709677422
0.20689655172413796
0.2285714285714286
0.15094339622641512
0.23333333333333334
0.1515151515151515
0.36666666666666664
0.13333333333333333
0.17543859649122806
0.14035087719298248
0.1818181818181818
0.3050847457627119
0.25
0.15873015873015872
0.2153846153846154
0.28070175438596495
0.1379310344827586
