0.4947112143305791
0.47860155124826687
0.4746693808145248
0.4330558920110304
0.5043920025787862
0.39515971926055193
0.49074465337026446
0.4275883616074546
0.5205103846239878
0.5769699602279841
0.5133717482353638
0.5400653757438472
0.6087632289149059
0.48481866470238133
0.5786043515287037
0.5134692448235841
0.5638564296837314
0.4345445295467896
0.5983311749061031
0.4571413795024377
0.5007456399225172
0.3226510279244321
0.5907003347287638
0.5390562080538238
0.47813305758515645
0.5054315988453301
0.49390675033778775
0.4461469401683914
0.4807356790513265
0.4831813423807697
0.5907422745427482
0.535616699211016
0.5485052671525255
0.5371121399073558
0.5267632399199669
0.5725975783532278
0.4801783754253238
0.4676188287147883
0.5157018552763184
0.5820146755868866
0.525373715847839
0.4590544046497419
0.45200165040504814
0.5677227722694227
0.38316416023511635
0.4476536876619919
0.5030108056062681
0.49774745380272234
0.48483202772046424
0.49248296043556916
0.4545525113371317
0.4344664897875841
0.5292258821867504
0.4652158414130273
0.48879036247485097
0.428627821749197
0.5957306648922049
0.5225508935685798
0.5379867472814541
0.4842536746648181
0.5191230807342044
0.48673945794196843
0.4983714682784981
0.438211344444167
0.42189107309073
0.5191643272209986
0.46896728021908435
0.5275814566213911
0.5742265135683906
0.46695720802747265
0.5461789838081851
0.5848843850683413
0.6172607093749658
0.49412746667110313
0.46838759222728793
0.45039919422196306
0.5254710456791849
0.566797004297379
0.4975065858863852
0.539937812211775
0.49772318489837136
0.48766145200797306
0.47460894711875434
0.43454520178357875
0.5354266171265617
0.5185468261216153
0.49449132742741
0.41440907369695307
0.532083857502521
0.4883635617912052
0.5551083078040252
0.46045256673964724
0.4331258845507621
0.5339345745336443
0.4454164746147753
0.4193298700593899
0.5254382673275301
0.5099101905534205
0.5445508716120776
0.564300861888814
0.5025950119987642
0.49530354424940304
0.4993213581040628
0.4732749177923859
0.47070426509060903
0.47256747933617715
0.46609147167686416
0.5291521543480969
0.4149309407067117
0.4920404940693402
0.5389743627467745
0.4393549497358663
0.5147489017595726
0.5458234032001572
0.4660564260326735
0.4635952833332079
0.40044695907991157
0.4996686851992322
0.5308896634778507
0.4794454968970765
0.4300184073392511
0.47575936605298486
0.5135418990696985
0.5402021034999058
0.5987510788706653
0.4325207454851894
0.5039624394463269
0.47368383792145075
0.5285893896962033
0.5751429873946504
0.4066611428244232
0.46440249077091483
0.45961432660789747
0.4729297356256333
0.5185150844241202
0.4869638608963458
0.4771088722863966
0.4794177270863369
0.41446353359907656
0.5288338975336595
0.5060757365298084
0.41466781991823004
0.5141482179927135
0.4843104598653747
0.4631324283848094
0.49306736231646286
0.5413403374868446
0.527056652498539
0.43625535816459043
0.4961752603532042
0.4668025221076334
0.49173464300935665
0.4499204716168892
0.537514202347066
0.6070940462366814
0.48214468323110654
0.5572576199563603
0.42880209045637796
0.5234622540098652
0.43378756815577846
0.5267873059887754
0.43248934542834316
0.5021877693756712
0.4769295713724363
0.6213359963121923
0.44815962518150365
0.5825033835451512
0.43795221712658927
0.6024434120876448
0.5333550293912542
0.461767051254647
0.6103903226355258
0.5806334112132024
0.44409677851538065
0.4790344885624631
0.4208258172169868
0.6119275707007343
0.46743969880903646
0.5517677066169167
0.5096021458270426
0.48531258067369865
0.42883232526732223
0.49332560549977567
0.5483209080447448
0.5482671179062173
0.49443200152558847
0.44731683725277793
0.43639795990842706
0.5405321315220862
0.6089260775365648
0.43144442804840955
0.5476236077321636
0.448614563054083
0.5180560768980083
0.46253312618374864
0.506452988734684
0.5280327452306164
0.36809506048292395
0.5181791539665178
0.5149518513832427
0.4073452215094863
0.44481294714228703
0.5527773446301382
0.43721437269595276
0.5375599650611353
0.487695789625166
0.4731524100383847
0.45840892514441567
0.5016838236440968
0.42960890478439545
0.43057767581303125
0.4857649197627597
0.44955700438225743
0.5062648885792141
0.4886278651579117
0.43406849843643414
0.4845708022299552
0.5182627230293702
0.47356621073813165
0.4535163978273897
0.6028046118036459
0.5164518599647832
0.4908604175365331
0.3877802510769575
0.40255522787638826
0.4527962996017293
0.5034204885353768
0.4773977015540115
0.5063555892227127
0.43878630385108164
0.46015606955328026
0.5013050166323163
0.46017115381279855
0.4941209509057794
0.5089581882404373
0.47957040489231456
0.5005981951645925
0.48909944475275907
0.47743752028543995
0.5548121492964132
0.45886552940209635
0.45991221166744334
0.4816789016177774
0.5144767215639735
0.47181080786760055
0.4728254025690647
0.5035243296459089
0.5385185905692793
0.4903563241175165
0.5081046907703586
0.5264071497632886
0.4634162598129949
0.484298860494403
0.49243719547790893
0.43072997117462564
0.49156027339404296
0.5345734953009488
0.4363125195350511
0.49412365028943506
0.39302808860280636
0.5343555007860814
0.48981781681386843
0.5050078789597864
0.5751562922709579
0.39677046747746186
0.5272653864832094
0.42937079913101767
0.486411654872909
0.4433061042634527
0.46823571926201146
0.43905563307082374
0.49412821176864313
0.3460545650573467
0.4653870793345145
0.4542925435765907
0.4855027374498869
0.4023235998674456
0.48544403885415743
0.37240795929289355
0.4797969116159851
0.47389329100886984
0.5201293251730651
0.5743356398474212
0.47069518733177973
0.47769836873976756
0.5191815099755516
0.4387774937031743
0.5848915851422596
0.5978278803311319
0.4545742760635975
0.4612753736226823
0.43031250934755627
0.4370425729373212
0.6485160542548639
0.5577832651642379
0.556563915085653
0.6283542935472163
0.48012747258233734
0.466305616927352
0.532557357408262
0.39998552448155794
0.5089319270589685
0.48495101092808285
0.49941278415076285
0.4390900248685996
0.49291562926224397
0.47247995032089773
0.4540332335380702
0.49254524355413215
0.40834051262434046
0.45161489030196245
0.5201196667260048
0.42670543170782965
0.4857602648793946
0.5708499881595771
0.5010585621249726
0.4549445004918297
0.48272704749098416
0.4552153274824844
0.5112406596699933
0.4745717837451203
0.4835273104996761
0.3976426566554935
0.5234687462105243
0.4030163961294284
0.5485225038489401
0.5096903599383662
0.5098171360790111
0.5072747052620706
0.4627923472927157
0.4503824148497164
0.4827301245759735
0.5590529128920901
0.45381557760659097
0.46220754854885215
0.47948812889883885
0.5598307387934353
0.48837154799719573
0.4507100380159272
0.48701622918911874
0.5101048012984101
0.42913337628305004
0.45132509315372604
0.4132823427511173
0.5452102545697298
0.5353563029125551
0.4536701278081088
0.48315296517738837
0.46738387184290714
0.5536062931128067
0.4034330225157804
0.5519316084210999
0.5290307828640222
0.37216123094960596
0.5128245629014988
0.5146465242402134
0.49831030655845876
0.40209024168554164
0.4450310357221863
0.4527006992411655
0.4059149072997096
0.4252259386044128
0.477442319589686
0.5626251583555969
0.5158525098749086
0.4122031476079765
0.5680197666327168
0.46774638288135234
0.43745947403156626
0.4742493173092796
0.5107204364044707
0.4801146208805718
0.44381984760735754
0.45439907438008853
0.5320567115467575
0.5309697515826571
0.5605183698396837
0.45257398968218304
0.5275722153264428
0.5011695425226075
0.5761173111425013
0.5164828781295687
0.4701694676551456
0.5223648613501907
0.529374196651067
0.6218844076825455
0.47708364120594077
0.4535423154196119
0.4172032449174485
0.4723333717575765
0.4913912614167337
0.4956703816889213
0.5071557321434605
0.5532464657680457
0.3943187483379517
0.4592632240938094
0.443555259397994
0.39122634614780993
0.46685835070296533
0.5458698990741727
0.4154459384077379
0.4450280280757376
0.5413709092728319
0.4827661501593899
0.43599196665371187
0.45512019494022427
0.5115287713131196
0.6002414040925059
0.42743234738975266
0.5485687708403846
0.5459750789130218
0.4705725909710293
0.44326341907443156
0.5884096904923991
0.44365821677336226
0.46855067590388416
0.3850023205148353
0.4980210358306241
0.5517491788652933
0.434658747477593
0.39496860024356234
0.4782448906100783
0.5189017994298174
0.4376258868824542
0.41969823954058416
0.5078708529665268
0.46875245075868094
0.48139537482716177
0.5137193276994045
0.4731139326755549
0.44579516681531
0.4484314562113748
0.5701310795540172
0.5256615817260776
0.46645095097091693
0.5079841292776877
0.43453053421937987
0.5200795868122947
0.544479602195864
0.5046060282186108
0.43349606674190927
0.40865574732812776
0.4967321449441567
0.4818206954405306
0.45398968329017664
0.5250529522046072
0.48619120497773527
0.4613584598791039
0.49861163877775305
0.5393203210523836
0.5122124400533904
0.42037182174750803
0.5014031693854243
0.5874939981211003
0.4331647246021607
0.47991390807962164
0.5589896247774594
0.3864578050337312
0.4895265443547397
0.5580885036694649
0.5054885674213278
0.3204229284758295
0.5359210272316963
0.48049928155670785
0.5646416450870906
0.49593022388863106
0.5183506654357675
0.531061393715265
0.4442664184192975
0.44280260615987105
0.4881142221080873
0.5127895319920902
0.43971961050875813
0.46444695402045766
0.5281138924674145
0.5113474297781071
0.4842254455435824
0.5817031617268068
0.4964899341201562
0.5792826331761817
0.48445663492687696
0.47128997700056746
0.501650302820353
0.46636345793106193
0.517092099937989
0.5383967532878114
0.5938813953126141
0.5867515374301088
0.5101068823767538
0.6048173311102196
0.5670285079730463
0.47039458204107476
0.43700562344639426
0.5805193604778919
0.4750986347881516
0.5722039607247956
0.5164284109322078
0.4603685917070838
0.5142169249545723
0.5747237622155492
