0.6551852292737367
0.6799655302340062
0.6441403424921203
0.6598760036008582
0.6043204311002441
0.6125601439699341
0.6342637397042886
0.5981847757005629
0.632561285946974
0.691383780252104
0.6314355042884529
0.6289292297772908
0.6295143128145488
0.6905591515926016
0.6680775627072147
0.6577050788571709
0.5651314208895575
0.5572615673524369
0.6126443745689624
0.6427263887962263
0.685541460162562
0.6360653540996762
0.6510080246625461
0.620915112277154
0.6595542044088796
0.6627138349868731
0.6096425802802827
0.6873799354009831
0.6295831527600009
0.6646626804894289
0.5747596863162044
0.6324007996838017
0.6596092506489517
0.6789074429811984
0.6361548253515364
0.6963069212569127
0.6240850934967344
0.5833365528816322
0.6449136712099448
0.5607566307270403
0.6803681917456613
0.6779271464601831
0.5688977711596606
0.6626908171666119
0.5788547307381237
0.621206302621369
0.6175987041097517
0.6352025672236034
0.620777225995334
0.5933684608836665
0.6731046440275139
0.6345281458002566
0.5804286925040709
0.7181297585117054
0.6775813131047321
0.5756658937120318
0.6755844397805834
0.6169601505792194
0.6407061802317691
0.6220136718058236
0.65374164726475
0.6666479828028211
0.609369131439042
0.6234402224914455
0.6359892464530854
0.5802086425719015
0.6268481714339651
0.6592344145043676
0.5898503911740464
0.6555473839077041
0.593493847357488
0.6619785346250222
0.6404127535801216
0.6461344274886103
0.6709349578823999
0.5684247326441039
0.6659290940352982
0.6682300698124967
0.6196225721330582
0.5885559512082151
0.6796426810541893
0.6746635139047625
0.6541441638061679
0.6079201777758705
0.6117154159690368
0.6141026737078956
0.6008956080475268
0.6216588548088186
0.6823761528607605
0.6457798535388641
0.6768816909116496
0.5961937971488208
0.6151087944621806
0.5825155274457144
0.6814138667543223
0.6314972595165422
0.6389136692713311
0.6118599858884531
0.7084213751817856
0.6815293648901296
0.6839644173674029
0.6511133002751154
0.6418988193199793
0.5464682766694996
0.6168463984426995
0.6153428548761803
0.6784417880753203
0.6474787714208685
0.6423283794222246
0.6271112629841599
0.6812230496255494
0.5753301684694927
0.5742043796961225
0.6604519779735194
0.5910452929846567
0.6770080667593124
0.5912137016075941
0.6727944265301281
0.5964111240540984
0.5903761430357783
0.6819804535909022
0.6632046101031247
0.6946877256018573
0.6818313494571671
0.6737550693025993
0.6514043661429061
0.6394002287537254
0.6647135524958043
0.6784422797902181
0.5879561717629995
0.6009264699665089
0.6280163811422943
0.6177374814641104
0.6106636241293335
0.6723777678924441
0.6305823252927942
0.6550288651459307
0.5473693533162566
0.6628987422660974
0.6153160454034032
0.5336729597656225
0.5531266108197669
0.7273645613575059
0.6076850441101911
0.6343979945657187
0.6619712463507909
0.6892513539105565
0.596473284377601
0.545788283770474
0.6733903484107161
0.6186377175185781
0.619193258462371
0.6256914792386488
0.6093984775852276
0.6208842067623017
0.6442053760707194
0.6200339709434028
0.6089200680148186
0.674689012630418
0.6741798685709703
0.6878590273092167
0.6117093751855092
0.6349861399889241
0.5949188310136531
0.6549670071513439
0.653021012064946
0.6279091436476499
0.6410295285611326
0.6050483986093551
0.6919912517917216
0.5730986022452971
0.6321414001653731
0.6671945688651671
0.6810693900361361
0.697294464355964
0.6399504175495705
0.6941988073888893
0.6260834548433459
0.6539611765094635
0.6515311680273501
0.5746731987184293
0.5991397708455932
0.6261823060203244
0.6239610409715314
0.6886046254852003
0.5953642344151601
0.6466508754290466
0.642361528179886
0.6203582969277708
0.6151106820372563
0.5150183018131403
0.7631474985449193
0.6155608100168147
0.5269257991246008
0.6369050463921767
0.654852463650545
0.5169212030225951
0.57050821241379
0.6618423877034878
0.6502532863380448
0.6359641595214438
0.6869513419978606
0.627962723454072
0.6236629476323714
0.6422343806677001
0.6513477176581044
0.5994070545513261
0.5779152967704578
0.6270097976411629
0.7236937524435109
0.6375693751590714
0.6257780723006795
0.5370855999779021
0.5894760458272843
0.6451300819112753
0.56510703642849
0.6571394542226987
0.6932131306699557
0.6554061800891066
0.6372723753088324
0.629836969307853
0.6335622610060654
0.6056807630458318
0.7071926762092112
0.6475405786465489
0.6607918626322131
0.6268089941157753
0.6222387959980845
0.5839367239579022
0.7142289474849057
0.6187293662188412
0.7099879701344521
0.6103428405596587
0.6314414751560418
0.5925131157691899
0.6146474835648249
0.6018160053704503
0.668245080960947
0.6332718373326628
0.6304308061376402
0.5707662519272113
0.5827277253062494
0.6810016604212135
0.6154127794191668
0.6534236137095808
0.6215083370989557
0.6295065108025679
0.656289104796159
0.5831664833572451
0.5623770913215846
0.5559180080413221
0.6289424810291975
0.5883339278775415
0.6026480478775965
0.705872978218645
0.6091772233327357
0.6351432856883706
0.6133404348237451
0.6484049607039359
0.6534316250126053
0.7563627818751729
0.6204151412512472
0.6408858261901936
0.6102235838063815
0.6025644707749218
0.6885381480742788
0.7341478199800101
0.6404881771171731
0.6551897452845008
0.5624121054727945
0.6033128032271744
0.5740997076631605
0.6145065724777892
0.6366599430632187
0.6115062272819856
0.6346696270109876
0.6987052202465418
0.6718058766062786
0.6361296550949308
0.5551970193281129
0.6667662602960578
0.6453357660928476
0.48845502499879934
0.6682759571636638
0.6786347512358645
0.59946070513094
0.6780399272503326
0.6690022599424184
0.5668379461038725
0.6601822716020709
0.6654554179067894
0.7075427998722141
0.6144733321037218
0.688411428496033
0.6465538918651277
0.6636748841324428
0.6495461596958525
0.5598141405195933
0.6110110275191034
0.5905399461066801
0.6441201450561405
0.6907749604413042
0.6342197070817424
0.6243796670305011
0.5804610364872547
0.6886861265292541
0.5406262342140948
0.5805459011221996
0.5872587680668719
0.639229065435954
0.6042052796655838
0.6497976889085684
0.6037916926059903
0.5734554985468886
0.6360603043816616
0.6785090028803826
0.6103187050652743
0.6135687152635713
0.6456106480886251
0.6916193747198937
0.5845063558646186
0.6272378275343801
0.5203050777718121
0.6716712070018971
0.6194859150081344
0.6777558798838482
0.722118995985853
0.6298491288109631
0.574786460138556
0.6838993533513895
0.5812032463929047
0.5957976882794515
0.5922456748100149
0.5861553887873313
0.5421486278135894
0.6101189387560509
0.6754384726134345
0.631414173578428
0.5414618420315774
0.6582895201032475
0.6648292780945593
0.6093340313910774
0.6358977691406393
0.6578680400379813
0.6395329287674084
0.6189080343226566
0.6610760668775781
0.6631970408084099
0.6419380516953196
0.5782591033273833
0.6337145814163649
0.6558714555458591
0.5518647863114059
0.6213415598950587
0.5942648477145401
0.7004593663877658
0.588323258845715
0.6076833550374248
0.5513162341791165
0.6175361792757461
0.6490284878122868
0.6186887922298973
0.6728455573658872
0.6225709600680371
0.6523963856966876
0.6730976672869509
0.6162352218071435
0.673458921600363
0.5558239513874503
0.6813807131268022
0.6768307202181422
0.6177422359141693
0.6528587168642253
0.6400140001777593
0.5966655046222016
0.6895336808080599
0.7006524598573073
0.6783995600964368
0.6396303598188112
0.5565536315207344
0.6687861528711103
0.6711672749053668
0.6333622115397142
0.5855106243317068
0.6308906469695856
0.6663699341606492
0.6455546155602477
0.5736051484551372
0.6679463668882561
0.5733145895240934
0.5953375343084291
0.6002247561172058
0.6919733584178318
0.6838727000948297
0.6525734008422469
0.6920175677418517
0.6055181665652684
0.6427960678698083
0.4880477972760057
0.6502146455140804
0.6177820007374041
0.5897367755956922
0.6406065920457362
0.62824440685014
0.675027044515223
0.6860064894317891
0.644623377822304
0.6495201121497628
0.6224006551197779
0.6691090036815209
0.6612915866648523
0.5963719374605319
0.6040481989342924
0.7193479384539642
0.6284885670531444
0.5878873412108852
0.6477333940359931
0.6095317515421295
0.660976881826417
0.6274295430820871
0.5635016278357203
0.6046866817704943
0.5676475037825014
0.6374436998596973
0.6477759060521758
0.6171505891495345
0.580183964698406
0.680280680828634
0.6134499887519814
0.6284557037154371
0.6274717057070857
0.7151883065790423
0.6295730844089011
0.6521264419010468
0.63099218991772
0.5857039735985804
0.6019198036188442
0.6313519292073284
0.6210444326639539
0.6306406498038567
0.6042997081675175
0.6234154606305194
0.5546878615266809
0.6158135382331865
0.6009090492116469
0.6562020084018785
0.6603990099489573
0.5502576729686496
0.6601586280113105
0.6577689780068329
0.6899867398589106
0.6948272930968558
0.5974038594832084
0.5653287673305366
0.6625288575274932
0.6106178237042512
0.6422734998917953
0.6529939288362123
0.5878756374483236
0.46145376594529797
0.6130275978243263
0.681382183017135
0.6838256654055956
0.6864083334810094
0.5916814914778208
0.6438322640563183
0.5844137927056686
0.6324283506199545
0.5935094176686585
0.6970909901345187
0.6508612075190281
0.6252144909924293
0.5771103222166754
0.6754554599132725
0.5992967300312698
0.632717716686473
0.6220598916503407
0.6010277562859705
0.596815392736017
0.5765187668715611
0.6281243798581704
0.6083822514523574
0.6393325701730308
0.63296518304824
0.6174453020108781
0.656551102110831
0.608948137810136
0.6630354173751756
0.5931589309850772
0.6775030535083215
0.6558518551735335
0.6651877627783461
0.6201725023481842
0.6258074213758749
0.5678872378951744
0.6394512639926874
0.6592290625402077
0.5423511224018607
0.6404550910974364
0.6318226967845084
