0.6504166666666668
0.7412499999999999
0.7020833333333333
0.7079166666666666
0.6797222222222221
0.6673611111111111
0.7168055555555556
0.6520833333333333
0.7061111111111111
0.795
0.7291666666666667
0.7005555555555556
0.798888888888889
0.7025
0.7844444444444445
0.7127777777777777
0.7479166666666667
0.7108333333333333
0.7238888888888889
0.7616666666666666
0.7013888888888888
0.5965277777777778
0.7841666666666667
0.7113888888888888
0.6569444444444444
0.6772222222222223
0.6886111111111112
0.6966666666666667
0.7233333333333333
0.7025
0.7630555555555556
0.7183333333333334
0.7669444444444444
0.7141666666666668
0.711111111111111
0.7322222222222221
0.6627777777777778
0.6716666666666665
0.7075
0.7666666666666667
0.6991666666666667
0.7
0.6852777777777778
0.7530555555555556
0.6044444444444445
0.6719444444444445
0.7093055555555556
0.6761111111111111
0.7183333333333334
0.6773611111111111
0.6886111111111112
0.6419444444444444
0.7138888888888889
0.6808333333333333
0.7325000000000002
0.6731944444444444
0.7606944444444445
0.7195833333333334
0.6925000000000001
0.6697222222222222
0.7041666666666667
0.6902777777777778
0.7022222222222223
0.6616666666666666
0.6751388888888888
0.7380555555555556
0.6819444444444445
0.7530555555555555
0.7255555555555555
0.6905555555555556
0.7230555555555556
0.715
0.7819444444444446
0.6911111111111111
0.6879166666666668
0.6761111111111111
0.7570833333333333
0.7416666666666667
0.7069444444444444
0.6873611111111111
0.7065277777777778
0.7309722222222222
0.7169444444444445
0.6869444444444445
0.7409722222222223
0.7038888888888888
0.7183333333333333
0.6451388888888889
0.7041666666666667
0.7293055555555555
0.7366666666666667
0.7348611111111111
0.6390277777777778
0.6883333333333334
0.6722222222222223
0.6380555555555556
0.7102777777777778
0.6555555555555556
0.7058333333333334
0.7168055555555556
0.6975
0.6869444444444444
0.7158333333333333
0.7241666666666665
0.6641666666666667
0.67375
0.6418055555555555
0.6991666666666666
0.6326388888888888
0.6680555555555555
0.7202777777777778
0.6429166666666667
0.7540277777777777
0.7416666666666667
0.7280555555555557
0.6854166666666667
0.6393055555555555
0.6797222222222222
0.7602777777777778
0.7331944444444445
0.6816666666666666
0.7240277777777778
0.7155555555555556
0.7230555555555557
0.7691666666666667
0.6561111111111111
0.6963888888888888
0.7376388888888888
0.7306944444444445
0.6925
0.6811111111111112
0.6470833333333333
0.6706944444444444
0.6898611111111111
0.7479166666666667
0.7259722222222222
0.6970833333333333
0.701388888888889
0.661388888888889
0.7294444444444445
0.6541666666666668
0.6266666666666667
0.7234722222222223
0.7052777777777779
0.7241666666666666
0.7502777777777777
0.7736111111111111
0.7163888888888891
0.6504166666666666
0.7068055555555556
0.6845833333333333
0.6676388888888889
0.6686111111111112
0.7347222222222223
0.7873611111111111
0.6780555555555555
0.7341666666666667
0.6734722222222221
0.7088888888888889
0.6272222222222222
0.6891666666666667
0.6297222222222222
0.6973611111111112
0.6898611111111111
0.7755555555555556
0.6813888888888888
0.7306944444444444
0.6443055555555555
0.7895833333333333
0.7305555555555556
0.6880555555555555
0.7648611111111111
0.77875
0.7061111111111111
0.6876388888888888
0.6002777777777779
0.7383333333333333
0.7123611111111111
0.7197222222222224
0.7072222222222222
0.7091666666666667
0.6704166666666668
0.7334722222222223
0.7394444444444445
0.7077777777777778
0.7266666666666667
0.7411111111111112
0.6355555555555555
0.6794444444444444
0.7316666666666667
0.635
0.7352777777777777
0.7123611111111111
0.7315277777777778
0.66875
0.6455555555555554
0.7176388888888889
0.6493055555555556
0.6925
0.7266666666666666
0.6613888888888889
0.7451388888888889
0.7024999999999999
0.7083333333333334
0.7468055555555555
0.7216666666666666
0.7026388888888888
0.6497222222222223
0.7580555555555555
0.69875
0.6701388888888888
0.7093055555555555
0.6727777777777779
0.721388888888889
0.6991666666666667
0.6952777777777778
0.6672222222222223
0.6913888888888889
0.7079166666666667
0.678888888888889
0.7444444444444445
0.6947222222222221
0.7368055555555556
0.6198611111111111
0.6266666666666666
0.7005555555555555
0.7388888888888889
0.6736111111111112
0.6741666666666667
0.6720833333333334
0.7166666666666667
0.7319444444444444
0.6177777777777778
0.6937500000000001
0.7343055555555555
0.7401388888888889
0.6941666666666666
0.6815277777777778
0.7420833333333332
0.7311111111111112
0.7024999999999999
0.6747222222222221
0.6972222222222223
0.6894444444444445
0.6793055555555556
0.6088888888888888
0.6861111111111111
0.7122222222222222
0.6852777777777778
0.7358333333333333
0.7127777777777777
0.6633333333333333
0.7083333333333333
0.7002777777777778
0.6244444444444442
0.6616666666666667
0.6979166666666667
0.6463888888888889
0.6780555555555555
0.6797222222222222
0.6994444444444445
0.6868055555555556
0.6916666666666668
0.7325
0.6272222222222222
0.7297222222222222
0.6591666666666666
0.7097222222222223
0.6318055555555556
0.6373611111111113
0.6572222222222222
0.6959722222222222
0.58875
0.6581944444444444
0.6647222222222221
0.6797222222222222
0.6477777777777778
0.7327777777777778
0.6233333333333334
0.7125
0.6855555555555556
0.67625
0.7218055555555556
0.6883333333333334
0.6947222222222222
0.7170833333333334
0.6629166666666667
0.7258333333333334
0.7200000000000001
0.6769444444444445
0.7250000000000001
0.6873611111111111
0.7461111111111112
0.7890277777777778
0.7445833333333334
0.6858333333333333
0.7608333333333334
0.7105555555555556
0.7072222222222222
0.7513888888888889
0.6572222222222222
0.6966666666666665
0.6934722222222223
0.6933333333333334
0.7213888888888889
0.7431944444444445
0.6509722222222223
0.6733333333333332
0.7508333333333334
0.6886111111111111
0.7455555555555555
0.6816666666666668
0.6002777777777778
0.6866666666666668
0.7469444444444444
0.7202777777777778
0.725277777777778
0.6977777777777778
0.6930555555555556
0.7016666666666667
0.696111111111111
0.709861111111111
0.6125
0.6947222222222222
0.5877777777777777
0.6833333333333332
0.7675000000000002
0.6708333333333333
0.7011111111111111
0.6969444444444444
0.6851388888888889
0.6547222222222222
0.7215277777777778
0.7105555555555556
0.7241666666666667
0.7315277777777777
0.7836111111111111
0.7283333333333334
0.6306944444444444
0.6655555555555556
0.7033333333333334
0.6430555555555556
0.6523611111111111
0.6222222222222222
0.7383333333333333
0.7461111111111112
0.7130555555555556
0.6519444444444444
0.6919444444444445
0.7552777777777777
0.6355555555555557
0.7433333333333334
0.6422222222222221
0.6444444444444446
0.7397222222222222
0.7404166666666667
0.7131944444444445
0.6519444444444444
0.7011111111111111
0.7080555555555555
0.6986111111111111
0.6188888888888888
0.6572222222222222
0.7458333333333333
0.7386111111111111
0.6491666666666667
0.7227777777777779
0.6397222222222223
0.6618055555555555
0.7033333333333334
0.736111111111111
0.6923611111111111
0.7111111111111111
0.6769444444444445
0.7250000000000001
0.7594444444444444
0.7481944444444444
0.6683333333333333
0.6981944444444446
0.736111111111111
0.7541666666666667
0.6649999999999999
0.711111111111111
0.705
0.7052777777777779
0.7569444444444444
0.6699999999999999
0.6630555555555555
0.6520833333333335
0.675
0.7627777777777778
0.6630555555555555
0.7133333333333333
0.6816666666666666
0.6216666666666667
0.6805555555555556
0.6894444444444444
0.6288888888888888
0.6655555555555556
0.7393055555555557
0.6436111111111111
0.6763888888888888
0.6929166666666667
0.6902777777777778
0.7256944444444444
0.6625
0.6906944444444445
0.727638888888889
0.6527777777777778
0.7327777777777778
0.7193055555555555
0.7180555555555556
0.6766666666666667
0.7772222222222223
0.7030555555555555
0.7258333333333333
0.64125
0.7290277777777777
0.7269444444444444
0.663611111111111
0.6875
0.6886111111111112
0.6972222222222223
0.7138888888888888
0.6236111111111111
0.7120833333333333
0.6602777777777779
0.6891666666666667
0.7327777777777779
0.6969444444444445
0.6791666666666667
0.6334722222222221
0.7465277777777778
0.725
0.6873611111111111
0.7694444444444445
0.678611111111111
0.6841666666666667
0.7438888888888888
0.7158333333333333
0.7218055555555556
0.6505555555555556
0.6702777777777779
0.7005555555555556
0.7045833333333333
0.7216666666666667
0.7116666666666667
0.6475
0.6958333333333333
0.6925
0.6451388888888889
0.6312499999999999
0.73625
0.7505555555555555
0.6302777777777778
0.6838888888888889
0.6938888888888889
0.643888888888889
0.7381944444444445
0.7552777777777778
0.6943055555555555
0.6444444444444445
0.6986111111111112
0.6511111111111111
0.7247222222222224
0.6972222222222223
0.7077777777777777
0.696388888888889
0.6527777777777777
0.6729166666666666
0.7312500000000001
0.6919444444444445
0.6611111111111112
0.6722222222222223
0.7594444444444445
0.7001388888888889
0.7072222222222222
0.7380555555555556
0.7301388888888889
0.7733333333333333
0.7236111111111112
0.7125
0.7094444444444444
0.6665277777777778
0.7370833333333333
0.7951388888888888
0.7902777777777777
0.7241666666666666
0.7002777777777778
0.7388888888888889
0.6938888888888889
0.7044444444444445
0.7094444444444444
0.7466666666666666
0.6838888888888889
0.7169444444444445
0.7011111111111109
0.6681944444444445
0.6951388888888889
0.7358333333333333
