0.4528301886792453
0.4545454545454545
0.47619047619047616
0.3703703703703704
0.37499999999999994
0.43478260869565216
0.3636363636363636
0.3928571428571428
0.4651162790697674
0.45833333333333326
0.3555555555555555
0.4313725490196078
0.5
0.3846153846153846
0.4363636363636364
0.4090909090909091
0.4313725490196078
0.3809523809523809
0.4897959183673469
0.3181818181818182
0.41860465116279066
0.3157894736842105
0.3728813559322034
0.4615384615384615
0.4878048780487804
0.3913043478260869
0.3137254901960784
0.3913043478260869
0.3902439024390244
0.326530612244898
0.4
0.4
0.44897959183673464
0.5199999999999999
0.4081632653061224
0.47457627118644075
0.5490196078431373
0.3478260869565218
0.3478260869565218
0.47826086956521735
0.46808510638297873
0.33333333333333326
0.3478260869565218
0.39215686274509803
0.28
0.41860465116279066
0.326530612244898
0.4
0.3913043478260869
0.3404255319148936
0.4
0.37499999999999994
0.4615384615384615
0.3448275862068965
0.3673469387755102
0.423076923076923
0.4210526315789474
0.4
0.4074074074074074
0.42553191489361697
0.4897959183673469
0.4545454545454545
0.3137254901960784
0.3913043478260869
0.36000000000000004
0.45000000000000007
0.41509433962264153
0.45833333333333326
0.5531914893617021
0.4313725490196078
0.41509433962264153
0.5306122448979592
0.4912280701754386
0.3902439024390244
0.36363636363636365
0.3103448275862069
0.4827586206896552
0.4897959183673469
0.4166666666666667
0.43999999999999995
0.2962962962962963
0.5652173913043479
0.2857142857142857
0.2909090909090909
0.4897959183673469
0.4313725490196078
0.33333333333333326
0.33333333333333326
0.38596491228070173
0.4615384615384615
0.43999999999999995
0.2916666666666667
0.3555555555555555
0.43902439024390244
0.3913043478260869
0.3508771929824561
0.46808510638297873
0.4545454545454545
0.42553191489361697
0.4727272727272728
0.4528301886792453
0.3404255319148936
0.3571428571428571
0.3478260869565218
0.37209302325581395
0.39215686274509803
0.42553191489361697
0.39215686274509803
0.41860465116279066
0.47826086956521735
0.5185185185185186
0.4074074074074074
0.3404255319148936
0.47058823529411764
0.37209302325581395
0.4444444444444444
0.3703703703703704
0.3571428571428571
0.42553191489361697
0.5
0.4313725490196078
0.4090909090909091
0.326530612244898
0.4
0.4545454545454545
0.3478260869565218
0.4210526315789474
0.33333333333333337
0.34615384615384615
0.43999999999999995
0.3478260869565218
0.35897435897435903
0.4090909090909091
0.4444444444444444
0.37209302325581395
0.36363636363636365
0.47058823529411764
0.43999999999999995
0.3829787234042553
0.4897959183673469
0.3673469387755102
0.37209302325581395
0.4528301886792453
0.4615384615384615
0.4166666666666667
0.37499999999999994
0.33962264150943394
0.39215686274509803
0.3913043478260869
0.3829787234042553
0.36363636363636365
0.3913043478260869
0.33962264150943394
0.4
0.5199999999999999
0.37209302325581395
0.4137931034482759
0.3555555555555555
0.423076923076923
0.43999999999999995
0.37499999999999994
0.37499999999999994
0.4
0.4888888888888889
0.48
0.37209302325581395
0.4166666666666667
0.37499999999999994
0.46808510638297873
0.36363636363636365
0.4081632653061224
0.4897959183673469
0.4090909090909091
0.43999999999999995
0.3809523809523809
0.3555555555555555
0.41509433962264153
0.5416666666666666
0.5217391304347827
0.39215686274509803
0.4074074074074074
0.4166666666666667
0.4528301886792453
0.5306122448979592
0.47826086956521735
0.36363636363636365
0.45833333333333326
0.3404255319148936
0.41860465116279066
0.5098039215686274
0.4
0.4912280701754386
0.4090909090909091
0.3103448275862069
0.4
0.4615384615384615
0.36363636363636365
0.4
0.5
0.4528301886792453
0.36363636363636365
0.41509433962264153
0.4081632653061224
0.5098039215686274
0.4081632653061224
0.46808510638297873
0.4615384615384615
0.5
0.4651162790697674
0.3555555555555555
0.4081632653061224
0.44897959183673464
0.4545454545454545
0.4313725490196078
0.4444444444444445
0.2857142857142857
0.3829787234042553
0.36000000000000004
0.44897959183673464
0.4444444444444445
0.5714285714285715
0.3529411764705882
0.3673469387755102
0.3555555555555555
0.3673469387755102
0.3555555555555555
0.41509433962264153
0.3404255319148936
0.4081632653061224
0.26086956521739135
0.4482758620689655
0.43999999999999995
0.46808510638297873
0.46808510638297873
0.41025641025641024
0.37209302325581395
0.3829787234042553
0.36000000000000004
0.27272727272727276
0.43478260869565216
0.34146341463414637
0.2909090909090909
0.3913043478260869
0.4166666666666667
0.3478260869565218
0.4444444444444445
0.3913043478260869
0.4615384615384615
0.3829787234042553
0.3404255319148936
0.37499999999999994
0.45833333333333326
0.4166666666666667
0.43478260869565216
0.576923076923077
0.41860465116279066
0.5714285714285714
0.326530612244898
0.3478260869565218
0.33962264150943394
0.43902439024390244
0.33333333333333337
0.43999999999999995
0.4888888888888889
0.3846153846153846
0.31111111111111117
0.43478260869565216
0.2962962962962963
0.42553191489361697
0.37499999999999994
0.36000000000000004
0.3913043478260869
0.3773584905660377
0.3829787234042553
0.28
0.4
0.4313725490196078
0.3478260869565218
0.41509433962264153
0.33962264150943394
0.33333333333333337
0.5333333333333333
0.5652173913043479
0.4545454545454545
0.36363636363636365
0.5217391304347827
0.3272727272727273
0.41025641025641024
0.4827586206896552
0.34146341463414637
0.4897959183673469
0.4897959183673469
0.3846153846153846
0.4888888888888889
0.5454545454545455
0.5
0.39344262295081966
0.36000000000000004
0.3555555555555555
0.49056603773584906
0.3571428571428571
0.423076923076923
0.4528301886792453
0.42553191489361697
0.3508771929824561
0.3913043478260869
0.3703703703703704
0.3809523809523809
0.4545454545454545
0.4090909090909091
0.3829787234042553
0.5199999999999999
0.3478260869565218
0.4166666666666667
0.4363636363636364
0.3809523809523809
0.44897959183673464
0.37499999999999994
0.30769230769230765
0.4081632653061224
0.3043478260869565
0.4
0.3555555555555555
0.39215686274509803
0.3673469387755102
0.5
0.5217391304347827
0.5
0.43999999999999995
0.39215686274509803
0.4888888888888889
0.33333333333333337
0.4363636363636364
0.4444444444444445
0.42553191489361697
0.47826086956521735
0.42553191489361697
0.3902439024390244
0.3529411764705882
0.4897959183673469
0.39215686274509803
0.43478260869565216
0.32
0.3913043478260869
0.43999999999999995
0.4
0.41860465116279066
0.4
0.3829787234042553
0.5
0.4
0.44897959183673464
0.423076923076923
0.4
0.4081632653061224
0.4897959183673469
0.43999999999999995
0.3043478260869565
0.5098039215686274
0.4
0.4081632653061224
0.36363636363636365
0.4081632653061224
0.39215686274509803
0.3673469387755102
0.3880597014925374
0.43478260869565216
0.4642857142857143
0.3555555555555555
0.423076923076923
0.5652173913043479
0.3703703703703704
0.3404255319148936
0.4166666666666667
0.3673469387755102
0.44897959183673464
0.4545454545454545
0.35
0.4313725490196078
0.4081632653061224
0.4444444444444444
0.38709677419354843
0.509090909090909
0.3673469387755102
0.48
0.56
0.48
0.3902439024390244
0.47058823529411764
0.3913043478260869
0.3404255319148936
0.4166666666666667
0.3913043478260869
0.4528301886792453
0.42553191489361697
0.3555555555555555
0.3773584905660377
0.3043478260869565
0.36000000000000004
0.42553191489361697
0.26086956521739135
0.4
0.3846153846153846
0.30769230769230765
0.3404255319148936
0.34146341463414637
0.4528301886792453
0.5084745762711865
0.44897959183673464
0.4888888888888889
0.4081632653061224
0.3181818181818182
0.3809523809523809
0.4545454545454545
0.3913043478260869
0.4897959183673469
0.3478260869565218
0.4
0.5
0.4313725490196078
0.4528301886792453
0.41860465116279066
0.326530612244898
0.39215686274509803
0.4
0.38596491228070173
0.3913043478260869
0.3829787234042553
0.3809523809523809
0.37499999999999994
0.42553191489361697
0.3793103448275862
0.4166666666666667
0.33333333333333337
0.41509433962264153
0.43902439024390244
0.49056603773584906
0.5283018867924527
0.4615384615384615
0.45833333333333326
0.5
0.4528301886792453
0.44897959183673464
0.4285714285714285
0.33333333333333337
0.588235294117647
0.33333333333333326
0.47826086956521735
0.4528301886792453
0.42553191489361697
0.47619047619047616
0.34615384615384615
0.37209302325581395
0.44897959183673464
0.4
0.35897435897435903
0.5333333333333333
0.34615384615384615
0.36363636363636365
0.5357142857142857
0.3478260869565218
0.326530612244898
0.4074074074074074
0.3181818181818182
0.33333333333333326
0.456140350877193
0.4545454545454545
0.49056603773584906
0.43478260869565216
0.3043478260869565
0.3829787234042553
0.5306122448979592
0.2978723404255319
0.2978723404255319
0.3809523809523809
0.4528301886792453
0.3555555555555555
0.37499999999999994
0.2978723404255319
0.37499999999999994
0.41860465116279066
0.3846153846153846
0.4727272727272728
0.34146341463414637
0.3555555555555555
0.4528301886792453
0.48
0.4444444444444444
0.48
0.4528301886792453
0.5106382978723405
0.3508771929824561
0.26666666666666666
0.48
0.37499999999999994
0.47619047619047616
0.4313725490196078
0.37499999999999994
0.45833333333333326
0.4166666666666667
