0.2181818181818182
0.19354838709677422
0.17857142857142855
0.22641509433962265
0.22580645161290322
0.10000000000000002
0.11538461538461538
0.11111111111111112
0.19672131147540983
0.2456140350877193
0.20338983050847456
0.09836065573770492
0.23728813559322037
0.25
0.037037037037037035
0.3
0.3448275862068965
0.29032258064516125
0.20338983050847456
0.1388888888888889
0.2727272727272727
0.37500000000000006
0.1818181818181818
0.12307692307692307
0.13114754098360656
0.17647058823529413
0.125
0.30985915492957744
0.09090909090909091
0.06779661016949153
0.20338983050847456
0.0689655172413793
0.1851851851851852
0.1818181818181818
0.11320754716981132
0.17543859649122806
0.22222222222222224
0.17857142857142855
0.20000000000000004
0.2571428571428572
0.16129032258064516
0.23333333333333334
0.07692307692307691
0.1851851851851852
0.2105263157894737
0.03508771929824562
0.28125
0.11764705882352941
0.16666666666666666
0.26229508196721313
0.20689655172413796
0.1851851851851852
0.13559322033898305
0.3
0.14814814814814814
0.23076923076923075
0.19672131147540983
0.23333333333333334
0.13043478260869568
0.22950819672131148
0.17241379310344826
0.10714285714285714
0.31746031746031744
0.23333333333333334
0.20000000000000004
0.1904761904761905
0.17647058823529413
0.22222222222222224
0.11320754716981132
0.22950819672131148
0.22222222222222224
0.2909090909090909
0.13114754098360656
0.03773584905660378
0.16393442622950818
0.28169014084507044
0.12765957446808512
0.14285714285714288
0.08
0.1090909090909091
0.14285714285714288
0.20833333333333334
0.21874999999999997
0.21212121212121213
0.13114754098360656
0.3548387096774193
0.22580645161290322
0.2153846153846154
0.2153846153846154
0.2758620689655172
0.28571428571428575
0.16949152542372883
0.14925373134328357
0.1904761904761905
0.29508196721311475
0.13114754098360656
0.1923076923076923
0.18461538461538463
0.22222222222222224
0.1851851851851852
0.17857142857142855
0.22580645161290322
0.16949152542372883
0.16129032258064516
0.20338983050847456
0.2181818181818182
0.20689655172413796
0.126984126984127
0.17391304347826086
0.15625
0.23728813559322037
0.14814814814814814
0.2592592592592593
0.24324324324324326
0.1515151515151515
0.10526315789473685
0.29508196721311475
0.10526315789473685
0.17543859649122806
0.25
0.22580645161290322
0.16666666666666666
0.1904761904761905
0.1851851851851852
0.07407407407407407
0.09375000000000001
0.23529411764705882
0.26229508196721313
0.19354838709677422
0.12307692307692307
0.2580645161290323
0.13559322033898305
0.06666666666666667
0.1971830985915493
0.19607843137254902
0.12903225806451615
0.14814814814814814
0.23529411764705882
0.18750000000000003
0.21428571428571427
0.1515151515151515
0.10169491525423728
0.1851851851851852
0.20000000000000004
0.14035087719298248
0.16666666666666669
0.28571428571428575
0.20338983050847456
0.20000000000000004
0.16949152542372883
0.16393442622950818
0.21874999999999997
0.06666666666666667
0.09230769230769231
0.06666666666666667
0.13333333333333333
0.25
0.253968253968254
0.13333333333333333
0.23529411764705882
0.17391304347826086
0.09677419354838711
0.15873015873015872
0.16949152542372883
0.20000000000000004
0.22641509433962265
0.22222222222222224
0.1904761904761905
0.2456140350877193
0.15094339622641512
0.16393442622950818
0.20689655172413796
0.19354838709677422
0.10526315789473685
0.1090909090909091
0.1379310344827586
0.22580645161290322
0.125
0.2769230769230769
0.2647058823529412
0.10526315789473685
0.125
0.2692307692307693
0.13114754098360656
0.22222222222222224
0.16393442622950818
0.2580645161290323
0.2580645161290323
0.2456140350877193
0.22580645161290322
0.17857142857142855
0.163265306122449
0.17543859649122806
0.09523809523809525
0.12244897959183673
0.208955223880597
0.15873015873015872
0.208955223880597
0.1818181818181818
0.20338983050847456
0.13559322033898305
0.21874999999999997
0.16666666666666666
0.23880597014925373
0.2727272727272727
0.22222222222222224
0.29411764705882354
0.2769230769230769
0.19672131147540983
0.15873015873015872
0.0
0.1851851851851852
0.3103448275862069
0.15094339622641512
0.16666666666666666
0.16949152542372883
0.15625
0.16949152542372883
0.2580645161290323
0.19607843137254902
0.0
0.24615384615384614
0.10344827586206898
0.10169491525423728
0.3333333333333333
0.22222222222222224
0.13559322033898305
0.14285714285714288
0.2413793103448276
0.26229508196721313
0.0784313725490196
0.13559322033898305
0.2413793103448276
0.3157894736842105
0.09836065573770492
0.22222222222222224
0.23880597014925373
0.17543859649122806
0.2758620689655172
0.2105263157894737
0.15625
0.2711864406779661
0.17647058823529413
0.1904761904761905
0.19672131147540983
0.1818181818181818
0.1818181818181818
0.10714285714285714
0.22222222222222224
0.2909090909090909
0.16949152542372883
0.2105263157894737
0.2413793103448276
0.12307692307692307
0.15873015873015872
0.2580645161290323
0.16129032258064516
0.16393442622950818
0.17857142857142855
0.21874999999999997
0.1851851851851852
0.22580645161290322
0.16666666666666666
0.21874999999999997
0.17543859649122806
0.14035087719298248
0.25
0.14285714285714288
0.2545454545454545
0.14035087719298248
0.1851851851851852
0.2909090909090909
0.16393442622950818
0.26229508196721313
0.18461538461538463
0.2962962962962963
0.24324324324324326
0.23529411764705882
0.22222222222222224
0.07547169811320756
0.2413793103448276
0.18461538461538463
0.2647058823529412
0.125
0.29032258064516125
0.20689655172413796
0.253968253968254
0.13559322033898305
0.14545454545454545
0.17857142857142855
0.19672131147540983
0.2424242424242424
0.17241379310344826
0.2413793103448276
0.23076923076923075
0.10344827586206898
0.27450980392156865
0.24489795918367346
0.17647058823529413
0.10344827586206898
0.037037037037037035
0.2758620689655172
0.18461538461538463
0.16393442622950818
0.21428571428571427
0.26666666666666666
0.29850746268656714
0.05970149253731343
0.04347826086956522
0.07547169811320756
0.14545454545454545
0.17543859649122806
0.23333333333333334
0.07407407407407407
0.2105263157894737
0.28571428571428575
0.2456140350877193
0.22950819672131148
0.17241379310344826
0.21428571428571427
0.2181818181818182
0.4126984126984127
0.20689655172413796
0.1818181818181818
0.26415094339622636
0.17543859649122806
0.20338983050847456
0.1212121212121212
0.16666666666666666
0.22580645161290322
0.24657534246575347
0.06779661016949153
0.21212121212121213
0.28125
0.22950819672131148
0.11111111111111112
0.16666666666666666
0.17543859649122806
0.22950819672131148
0.21874999999999997
0.1379310344827586
0.1090909090909091
0.3157894736842105
0.21428571428571427
0.2592592592592593
0.2580645161290323
0.2909090909090909
0.16393442622950818
0.14545454545454545
0.17857142857142855
0.10526315789473685
0.22950819672131148
0.21212121212121213
0.20689655172413796
0.2285714285714286
0.2545454545454545
0.07272727272727272
0.3548387096774193
0.16666666666666666
0.10169491525423728
0.2413793103448276
0.28070175438596495
0.18461538461538463
0.1818181818181818
0.1379310344827586
0.2105263157894737
0.2909090909090909
0.20338983050847456
0.14285714285714288
0.2456140350877193
0.2769230769230769
0.31746031746031744
0.17142857142857143
0.2769230769230769
0.23728813559322037
0.208955223880597
0.17241379310344826
0.16216216216216214
0.21428571428571427
0.19672131147540983
0.20000000000000004
0.126984126984127
0.2758620689655172
0.23728813559322037
0.30769230769230765
0.20289855072463772
0.17857142857142855
0.12903225806451615
0.23880597014925373
0.28070175438596495
0.28
0.14285714285714288
0.20338983050847456
0.14285714285714288
0.2580645161290323
0.1515151515151515
0.15873015873015872
0.3157894736842105
0.22222222222222224
0.28571428571428564
0.20689655172413796
0.3928571428571428
0.19672131147540983
0.20000000000000004
0.14545454545454545
0.22580645161290322
0.22641509433962265
0.2285714285714286
0.2647058823529412
0.1923076923076923
0.1818181818181818
0.24615384615384614
0.20338983050847456
0.14814814814814814
0.25
0.17142857142857143
0.2580645161290323
0.208955223880597
0.15094339622641512
0.17543859649122806
0.1090909090909091
0.23529411764705882
0.23333333333333334
0.3384615384615384
0.1379310344827586
0.2769230769230769
0.17241379310344826
0.208955223880597
0.125
0.14285714285714288
0.2456140350877193
0.2758620689655172
0.1739130434782609
0.17543859649122806
0.3283582089552239
0.20338983050847456
0.33898305084745767
0.3103448275862069
0.10344827586206898
0.16949152542372883
0.0784313725490196
0.22641509433962265
0.26229508196721313
0.20689655172413796
0.22222222222222224
0.21428571428571427
0.126984126984127
0.2608695652173913
0.2456140350877193
0.21428571428571427
0.16666666666666666
0.3125
0.2580645161290323
0.1379310344827586
0.1818181818181818
0.17241379310344826
0.30188679245283023
0.1379310344827586
0.1379310344827586
0.22641509433962265
0.23333333333333334
0.18461538461538463
0.2769230769230769
0.17857142857142855
0.20588235294117646
0.19672131147540983
0.16393442622950818
0.2424242424242424
0.07407407407407407
0.2456140350877193
0.28571428571428575
0.21428571428571427
0.2545454545454545
0.2962962962962963
0.1702127659574468
0.22580645161290322
0.23333333333333334
0.29032258064516125
0.19444444444444445
0.12
0.1379310344827586
0.16949152542372883
0.20000000000000004
0.13114754098360656
0.09375000000000001
0.21428571428571427
0.2413793103448276
0.3142857142857143
0.28125
0.125
0.2318840579710145
0.2571428571428572
0.20000000000000004
0.2413793103448276
0.28070175438596495
0.1851851851851852
0.22580645161290322
0.2592592592592593
0.09230769230769231
0.18750000000000003
