0.7394444444444443
0.7355555555555555
0.7358333333333333
0.7269444444444444
0.7077777777777777
0.6952777777777778
0.715
0.7038888888888889
0.7294444444444445
0.7352777777777778
0.7350000000000001
0.7044444444444444
0.7722222222222223
0.741388888888889
0.7536111111111112
0.7438888888888888
0.6652777777777779
0.6641666666666668
0.7177777777777777
0.7013888888888888
0.7222222222222223
0.6977777777777779
0.7297222222222223
0.7152777777777779
0.7230555555555556
0.7344444444444443
0.678611111111111
0.7497222222222222
0.7077777777777778
0.7777777777777777
0.7052777777777778
0.6955555555555555
0.7508333333333334
0.7438888888888889
0.7133333333333333
0.7875
0.7088888888888888
0.71
0.7455555555555555
0.7091666666666666
0.7438888888888888
0.7855555555555556
0.7013888888888888
0.7272222222222222
0.673888888888889
0.7
0.6691666666666667
0.7155555555555555
0.711388888888889
0.7052777777777777
0.7474999999999999
0.7044444444444445
0.6980555555555554
0.7794444444444445
0.7549999999999999
0.6950000000000002
0.7111111111111112
0.7225
0.7319444444444445
0.6877777777777778
0.7327777777777779
0.7402777777777778
0.7141666666666667
0.6819444444444445
0.7122222222222221
0.6508333333333334
0.7430555555555556
0.7477777777777778
0.69
0.7394444444444443
0.6922222222222222
0.7672222222222222
0.7197222222222224
0.7105555555555556
0.7577777777777778
0.6644444444444444
0.7375
0.7555555555555555
0.7383333333333334
0.7113888888888888
0.73
0.7233333333333333
0.7183333333333333
0.7144444444444444
0.741388888888889
0.6958333333333333
0.7230555555555556
0.7438888888888888
0.78
0.7275
0.7436111111111111
0.7091666666666668
0.7172222222222222
0.7002777777777778
0.7575
0.7102777777777778
0.7236111111111112
0.7041666666666666
0.7591666666666667
0.7444444444444446
0.7625
0.7119444444444445
0.7069444444444444
0.6747222222222223
0.7369444444444444
0.7019444444444444
0.7265277777777779
0.7125
0.7111111111111111
0.6872222222222222
0.7563888888888889
0.6869444444444445
0.6938888888888889
0.7791666666666667
0.6963888888888888
0.7488888888888888
0.6638888888888889
0.7172222222222222
0.6988888888888889
0.7491666666666666
0.7636111111111111
0.7427777777777779
0.7405555555555556
0.7794444444444445
0.7702777777777777
0.7341666666666666
0.7355555555555556
0.7327777777777778
0.7374999999999999
0.6752777777777778
0.7011111111111111
0.7116666666666668
0.7236111111111111
0.7147222222222223
0.7466666666666666
0.7341666666666667
0.7352777777777777
0.6824999999999999
0.7347222222222222
0.705
0.6816666666666666
0.6516666666666667
0.7780555555555556
0.6944444444444444
0.7172222222222222
0.7291666666666667
0.7477777777777779
0.7027777777777777
0.6908333333333334
0.7583333333333333
0.7105555555555555
0.716388888888889
0.7013888888888891
0.6927777777777778
0.7575
0.7016666666666667
0.7047222222222222
0.7013888888888888
0.7347222222222222
0.7322222222222223
0.7475
0.7130555555555556
0.7305555555555556
0.7008333333333333
0.6936111111111111
0.7536111111111112
0.6752777777777778
0.7108333333333334
0.7105555555555555
0.7733333333333334
0.6758333333333334
0.7216666666666667
0.7286111111111111
0.7600000000000001
0.7622222222222222
0.7500000000000001
0.7755555555555556
0.7372222222222222
0.7486111111111111
0.7324999999999999
0.6894444444444443
0.7130555555555554
0.7341666666666667
0.7227777777777779
0.7311111111111112
0.6927777777777778
0.7336111111111111
0.7352777777777777
0.6841666666666666
0.7369444444444444
0.6563888888888889
0.7963888888888888
0.7141666666666666
0.6449999999999999
0.7216666666666667
0.7252777777777777
0.6708333333333333
0.6672222222222223
0.7566666666666667
0.7022222222222222
0.7436111111111111
0.7502777777777778
0.7077777777777778
0.7308333333333334
0.7375
0.7269444444444444
0.7069444444444444
0.7033333333333334
0.7127777777777777
0.7844444444444445
0.7269444444444445
0.7038888888888889
0.6325000000000001
0.6799999999999999
0.736388888888889
0.7061111111111111
0.6980555555555554
0.7641666666666667
0.7197222222222222
0.7306944444444445
0.7361111111111112
0.7030555555555555
0.6980555555555555
0.7727777777777779
0.7133333333333334
0.7286111111111111
0.69
0.7277777777777779
0.7294444444444445
0.7755555555555556
0.6966666666666668
0.7877777777777778
0.7294444444444445
0.7572222222222222
0.6872222222222223
0.7377777777777778
0.7155555555555556
0.7647222222222223
0.6988888888888889
0.7336111111111111
0.69
0.6863888888888888
0.7483333333333333
0.7197222222222223
0.7094444444444445
0.6941666666666667
0.7236111111111111
0.7625000000000001
0.6966666666666667
0.6925
0.7288888888888889
0.7269444444444445
0.6830555555555555
0.7438888888888889
0.7566666666666666
0.7363888888888889
0.7275
0.6919444444444445
0.7441666666666666
0.7358333333333333
0.798611111111111
0.7152777777777778
0.7444444444444445
0.7180555555555554
0.7119444444444444
0.7502777777777777
0.7916666666666667
0.7611111111111111
0.7494444444444445
0.6938888888888889
0.7097222222222223
0.6872222222222222
0.7122222222222222
0.6775
0.7019444444444445
0.7550000000000001
0.7622222222222222
0.7158333333333333
0.7288888888888889
0.7094444444444444
0.7324999999999999
0.7355555555555556
0.6330555555555556
0.7505555555555554
0.7611111111111112
0.7069444444444444
0.7266666666666667
0.7488888888888889
0.7288888888888888
0.7444444444444444
0.7152777777777777
0.7533333333333333
0.6980555555555554
0.7683333333333333
0.7322222222222222
0.7030555555555555
0.7427777777777778
0.6772222222222222
0.7277777777777779
0.6936111111111112
0.7027777777777778
0.7652777777777777
0.7172222222222223
0.7113888888888888
0.7216666666666667
0.7488888888888888
0.6947222222222222
0.6952777777777778
0.6950000000000001
0.6919444444444445
0.6980555555555555
0.7430555555555556
0.7002777777777778
0.6972222222222222
0.7619444444444443
0.7274999999999999
0.6994444444444445
0.7202777777777778
0.7294444444444445
0.7594444444444445
0.6958333333333333
0.7277777777777779
0.6638888888888889
0.7433333333333334
0.6949999999999998
0.7447222222222223
0.7652777777777777
0.7219444444444445
0.71
0.7527777777777779
0.6908333333333334
0.6955555555555555
0.6638888888888889
0.6744444444444444
0.6402777777777777
0.6830555555555555
0.7552777777777778
0.7252777777777778
0.6808333333333334
0.7244444444444444
0.7325
0.7161111111111111
0.691111111111111
0.6905555555555556
0.6958333333333334
0.7091666666666666
0.7147222222222221
0.7333333333333334
0.7358333333333333
0.7130555555555557
0.7280555555555556
0.7411111111111112
0.7166666666666666
0.6933333333333334
0.6963888888888888
0.7675000000000001
0.7030555555555555
0.7166666666666666
0.6702777777777778
0.6894444444444445
0.7441666666666668
0.7175
0.7458333333333333
0.7127777777777776
0.73
0.7261111111111112
0.7302777777777778
0.7427777777777778
0.6777777777777777
0.7622222222222221
0.7499999999999999
0.6736111111111112
0.7038888888888889
0.7288888888888888
0.7197222222222223
0.7619444444444444
0.7872222222222223
0.7538888888888888
0.7077777777777778
0.673888888888889
0.7466666666666667
0.7505555555555555
0.7269444444444445
0.725
0.7286111111111111
0.7288888888888889
0.6936111111111112
0.6663888888888889
0.7375
0.7008333333333333
0.7191666666666665
0.6780555555555555
0.7477777777777778
0.7552777777777777
0.7013888888888888
0.7730555555555556
0.6908333333333333
0.7138888888888889
0.6836111111111112
0.7266666666666667
0.7424999999999999
0.6825000000000001
0.6977777777777778
0.7208333333333333
0.7322222222222222
0.7625000000000001
0.7233333333333333
0.7188888888888888
0.7211111111111111
0.7597222222222223
0.7525
0.6986111111111111
0.7130555555555556
0.7655555555555557
0.7209722222222222
0.6761111111111111
0.7288888888888888
0.7075
0.7377777777777779
0.7008333333333333
0.7383333333333333
0.7086111111111112
0.7111111111111111
0.7044444444444444
0.7372222222222222
0.7019444444444445
0.6844444444444444
0.7341666666666666
0.7047222222222222
0.7158333333333334
0.7261111111111112
0.7913888888888889
0.7011111111111111
0.7230555555555556
0.6986111111111111
0.7102777777777778
0.7341666666666666
0.7216666666666667
0.7127777777777777
0.7508333333333334
0.7630555555555555
0.6875
0.6844444444444444
0.6936111111111111
0.7011111111111111
0.7613888888888889
0.7261111111111112
0.6561111111111111
0.7127777777777778
0.7694444444444444
0.7383333333333333
0.776388888888889
0.6791666666666667
0.6541666666666667
0.7416666666666667
0.7
0.7205555555555556
0.7383333333333333
0.6875
0.6508333333333334
0.7180555555555556
0.7688888888888887
0.7341666666666666
0.7469444444444444
0.7033333333333334
0.7005555555555556
0.6938888888888889
0.7386111111111111
0.6983333333333334
0.7805555555555556
0.7169444444444446
0.7113888888888888
0.6799999999999999
0.7472222222222222
0.7
0.7355555555555555
0.7394444444444443
0.7147222222222223
0.6775
0.6816666666666668
0.7066666666666668
0.7388888888888889
0.7175
0.7338888888888888
0.6920833333333335
0.7208333333333333
0.7069444444444444
0.7638888888888888
0.681111111111111
0.745
0.7352777777777777
0.7258333333333333
0.7680555555555555
0.7791666666666667
0.6950000000000001
0.7416666666666667
0.716388888888889
0.6708333333333334
0.7155555555555555
0.7516666666666667
