0.3488372093023256
0.27419354838709675
0.32653061224489793
0.5666666666666667
0.4
0.3684210526315789
0.3269230769230769
0.4642857142857143
0.3488372093023256
0.40476190476190477
0.29310344827586204
0.3125
0.29545454545454547
0.35555555555555557
0.38095238095238093
0.3409090909090909
0.358974358974359
0.38461538461538464
0.25
0.4375
0.4
0.38461538461538464
0.35714285714285715
0.28
0.4444444444444444
0.3125
0.43243243243243246
0.34
0.3783783783783784
0.3191489361702128
0.3170731707317073
0.3148148148148148
0.4473684210526316
0.2982456140350877
0.5
0.32075471698113206
0.30952380952380953
0.5172413793103449
0.2857142857142857
0.3888888888888889
0.3090909090909091
0.30612244897959184
0.3333333333333333
0.32653061224489793
0.3939393939393939
0.4411764705882353
0.2962962962962963
0.3125
0.3469387755102041
0.4411764705882353
0.34782608695652173
0.375
0.3333333333333333
0.3333333333333333
0.28846153846153844
0.30612244897959184
0.2786885245901639
0.2830188679245283
0.30612244897959184
0.2857142857142857
0.29508196721311475
0.3469387755102041
0.29411764705882354
0.36363636363636365
0.36585365853658536
0.45161290322580644
0.36585365853658536
0.32558139534883723
0.2459016393442623
0.32653061224489793
0.3191489361702128
0.3
0.4
0.40540540540540543
0.3076923076923077
0.3488372093023256
0.35555555555555557
0.3333333333333333
0.36585365853658536
0.3409090909090909
0.3333333333333333
0.37209302325581395
0.3191489361702128
0.2982456140350877
0.5
0.35
0.4090909090909091
0.2926829268292683
0.358974358974359
0.3125
0.3953488372093023
0.45161290322580644
0.3409090909090909
0.35294117647058826
0.3191489361702128
0.3333333333333333
0.2542372881355932
0.32
0.3829787234042553
0.3617021276595745
0.3541666666666667
0.32653061224489793
0.4166666666666667
0.28846153846153844
0.2692307692307692
0.42424242424242425
0.3404255319148936
0.2962962962962963
0.4166666666666667
0.3333333333333333
0.3488372093023256
0.29411764705882354
0.38461538461538464
0.3137254901960784
0.3684210526315789
0.30612244897959184
0.40540540540540543
0.3404255319148936
0.35555555555555557
0.2857142857142857
0.34782608695652173
0.42105263157894735
0.288135593220339
0.3404255319148936
0.30612244897959184
0.43902439024390244
0.32558139534883723
0.32075471698113206
0.3469387755102041
0.3090909090909091
0.2916666666666667
0.36585365853658536
0.3684210526315789
0.32653061224489793
0.3333333333333333
0.3
0.2786885245901639
0.375
0.34615384615384615
0.3939393939393939
0.32608695652173914
0.3125
0.40476190476190477
0.3
0.3125
0.3269230769230769
0.42105263157894735
0.36363636363636365
0.3181818181818182
0.40540540540540543
0.35135135135135137
0.35555555555555557
0.3191489361702128
0.2545454545454545
0.425
0.2909090909090909
0.3684210526315789
0.37209302325581395
0.35555555555555557
0.35555555555555557
0.35294117647058826
0.2631578947368421
0.46875
0.3684210526315789
0.2909090909090909
0.3488372093023256
0.3469387755102041
0.2830188679245283
0.3
0.4146341463414634
0.34210526315789475
0.36585365853658536
0.3
0.3541666666666667
0.4
0.41025641025641024
0.3333333333333333
0.30357142857142855
0.29411764705882354
0.2830188679245283
0.32727272727272727
0.42857142857142855
0.3333333333333333
0.3
0.3541666666666667
0.32608695652173914
0.37142857142857144
0.32
0.288135593220339
0.32558139534883723
0.3902439024390244
0.34615384615384615
0.29411764705882354
0.37142857142857144
0.47058823529411764
0.46875
0.3076923076923077
0.25757575757575757
0.3333333333333333
0.3018867924528302
0.2641509433962264
0.48484848484848486
0.3181818181818182
0.3404255319148936
0.38636363636363635
0.28
0.3409090909090909
0.3617021276595745
0.3333333333333333
0.37209302325581395
0.38
0.34146341463414637
0.3684210526315789
0.4444444444444444
0.29310344827586204
0.3333333333333333
0.2909090909090909
0.3018867924528302
0.3090909090909091
0.3333333333333333
0.34146341463414637
0.27419354838709675
0.34782608695652173
0.3404255319148936
0.3877551020408163
0.34615384615384615
0.35555555555555557
0.29545454545454547
0.3333333333333333
0.3269230769230769
0.41025641025641024
0.3404255319148936
0.30952380952380953
0.40816326530612246
0.37209302325581395
0.4146341463414634
0.3191489361702128
0.36585365853658536
0.33962264150943394
0.3888888888888889
0.38461538461538464
0.39473684210526316
0.2982456140350877
0.3181818181818182
0.2727272727272727
0.2765957446808511
0.4
0.38461538461538464
0.37777777777777777
0.375
0.30952380952380953
0.37142857142857144
0.25925925925925924
0.375
0.3220338983050847
0.4166666666666667
0.3617021276595745
0.42105263157894735
0.26229508196721313
0.30612244897959184
0.33962264150943394
0.3076923076923077
0.3333333333333333
0.35294117647058826
0.3137254901960784
0.4
0.34
0.41379310344827586
0.3137254901960784
0.32
0.30434782608695654
0.3333333333333333
0.4
0.2982456140350877
0.28888888888888886
0.29545454545454547
0.36363636363636365
0.36363636363636365
0.2830188679245283
0.4838709677419355
0.27586206896551724
0.29310344827586204
0.28888888888888886
0.34782608695652173
0.3333333333333333
0.38461538461538464
0.35555555555555557
0.47058823529411764
0.41379310344827586
0.3137254901960784
0.3137254901960784
0.37777777777777777
0.2857142857142857
0.40540540540540543
0.2727272727272727
0.32
0.2857142857142857
0.32608695652173914
0.3090909090909091
0.2978723404255319
0.3137254901960784
0.3157894736842105
0.32608695652173914
0.3076923076923077
0.4166666666666667
0.34782608695652173
0.265625
0.30434782608695654
0.30434782608695654
0.3953488372093023
0.35
0.4358974358974359
0.34782608695652173
0.32558139534883723
0.3023255813953488
0.34
0.34146341463414637
0.3333333333333333
0.375
0.26666666666666666
0.35
0.37209302325581395
0.3404255319148936
0.32
0.3333333333333333
0.2982456140350877
0.3275862068965517
0.30952380952380953
0.3939393939393939
0.3404255319148936
0.2857142857142857
0.2978723404255319
0.35
0.4
0.2962962962962963
0.35
0.29411764705882354
0.40540540540540543
0.30612244897959184
0.4666666666666667
0.3902439024390244
0.3488372093023256
0.3333333333333333
0.36363636363636365
0.425
0.32608695652173914
0.38095238095238093
0.4
0.3125
0.5
0.37209302325581395
0.28846153846153844
0.36585365853658536
0.34146341463414637
0.3170731707317073
0.32653061224489793
0.35714285714285715
0.37142857142857144
0.29411764705882354
0.3333333333333333
0.25806451612903225
0.3953488372093023
0.4358974358974359
0.3
0.3333333333333333
0.3076923076923077
0.34782608695652173
0.30612244897959184
0.35135135135135137
0.40476190476190477
0.3409090909090909
0.3333333333333333
0.3050847457627119
0.3617021276595745
0.35555555555555557
0.25862068965517243
0.32653061224489793
0.32608695652173914
0.43243243243243246
0.42857142857142855
0.32653061224489793
0.36585365853658536
0.28846153846153844
0.32653061224489793
0.3783783783783784
0.38095238095238093
0.36363636363636365
0.38095238095238093
0.38095238095238093
0.35294117647058826
0.39473684210526316
0.3
0.3269230769230769
0.375
0.41025641025641024
0.34285714285714286
0.32558139534883723
0.40476190476190477
0.375
0.42105263157894735
0.2708333333333333
0.3404255319148936
0.2982456140350877
0.2549019607843137
0.375
0.391304347826087
0.36585365853658536
0.2916666666666667
0.3333333333333333
0.2857142857142857
0.34
0.3888888888888889
0.5357142857142857
0.375
0.3191489361702128
0.35714285714285715
0.3333333333333333
0.42424242424242425
0.40540540540540543
0.3695652173913043
0.3191489361702128
0.3783783783783784
0.4
0.4
0.3469387755102041
0.3333333333333333
0.3783783783783784
0.40540540540540543
0.3488372093023256
0.32142857142857145
0.36363636363636365
0.40476190476190477
0.4411764705882353
0.32608695652173914
0.288135593220339
0.3939393939393939
0.35
0.32608695652173914
0.4857142857142857
0.3191489361702128
0.25
0.3902439024390244
0.5
0.28
0.3181818181818182
0.34146341463414637
0.36363636363636365
0.32075471698113206
0.3404255319148936
0.3902439024390244
0.34782608695652173
0.32727272727272727
0.35714285714285715
0.32653061224489793
0.4146341463414634
0.45161290322580644
0.296875
0.26785714285714285
0.4117647058823529
0.32
0.32
0.35555555555555557
0.3673469387755102
0.3333333333333333
0.4
0.39473684210526316
0.3125
0.325
0.3170731707317073
0.3148148148148148
0.32
0.4666666666666667
0.3191489361702128
0.3333333333333333
0.3902439024390244
0.35714285714285715
0.4666666666666667
0.375
0.375
0.4642857142857143
0.3018867924528302
0.3235294117647059
0.3684210526315789
0.32558139534883723
0.2916666666666667
0.32653061224489793
0.32653061224489793
0.3148148148148148
0.36585365853658536
0.3488372093023256
0.35
0.4117647058823529
0.3111111111111111
0.27586206896551724
0.3404255319148936
0.2909090909090909
0.3333333333333333
0.42424242424242425
0.40476190476190477
0.2857142857142857
