0.5
1.0
0.625
0.45
0.47619047619047616
0.6153846153846154
0.3333333333333333
0.5
0.8
0.5833333333333334
0.4782608695652174
0.7333333333333333
0.6666666666666666
0.65
1.0
0.7058823529411765
0.5333333333333333
0.4444444444444444
0.38461538461538464
0.7692307692307693
0.5714285714285714
0.6666666666666666
0.6111111111111112
0.4375
0.6
0.6111111111111112
0.8125
0.7368421052631579
0.7272727272727273
0.5384615384615384
0.65
0.5
0.6875
0.5
0.8666666666666667
0.625
0.7142857142857143
0.4
0.8888888888888888
0.9
0.6
0.75
0.6923076923076923
0.6666666666666666
0.5
0.7142857142857143
0.47058823529411764
0.8888888888888888
0.5454545454545454
0.6666666666666666
0.7647058823529411
0.7333333333333333
0.8461538461538461
0.8888888888888888
0.9
0.6428571428571429
0.6666666666666666
0.46153846153846156
0.4
0.6521739130434783
0.5714285714285714
0.5714285714285714
0.5
0.55
0.8181818181818182
0.6363636363636364
0.7857142857142857
0.875
0.5833333333333334
0.6153846153846154
0.8
0.75
0.7
0.875
0.6428571428571429
0.6470588235294118
0.6363636363636364
0.7
0.7333333333333333
0.5454545454545454
0.6923076923076923
0.6111111111111112
0.6875
0.7857142857142857
0.5
0.7333333333333333
0.9285714285714286
0.6666666666666666
0.7692307692307693
0.5416666666666666
0.5882352941176471
0.5
0.6923076923076923
0.4375
0.9
0.3333333333333333
0.5
0.7368421052631579
0.5
0.5217391304347826
0.7142857142857143
0.7368421052631579
0.5
0.75
0.6
0.3888888888888889
0.6153846153846154
0.42105263157894735
0.5333333333333333
0.7058823529411765
0.8888888888888888
0.6111111111111112
0.4444444444444444
0.2222222222222222
0.4
0.6428571428571429
0.6470588235294118
0.6
0.6428571428571429
0.8571428571428571
0.75
0.6666666666666666
0.8571428571428571
0.6666666666666666
0.7777777777777778
0.6666666666666666
0.7
0.7647058823529411
0.6875
0.7058823529411765
0.6875
0.6
0.5454545454545454
0.8333333333333334
0.8888888888888888
0.6363636363636364
0.6666666666666666
0.36363636363636365
0.6923076923076923
0.5263157894736842
0.5333333333333333
0.3333333333333333
0.6470588235294118
0.875
0.5714285714285714
0.8888888888888888
0.9285714285714286
0.625
0.9230769230769231
0.8
0.6875
0.8181818181818182
0.6363636363636364
0.7857142857142857
0.9166666666666666
0.631578947368421
0.7777777777777778
0.8181818181818182
0.48
0.75
0.55
0.5555555555555556
0.5333333333333333
0.5333333333333333
0.21428571428571427
0.6666666666666666
0.5
0.4375
0.7272727272727273
0.9
0.2857142857142857
0.6875
0.7
0.8
0.6153846153846154
0.9230769230769231
0.7647058823529411
0.5
0.7857142857142857
0.6923076923076923
0.6111111111111112
0.8
0.9285714285714286
0.5555555555555556
0.7142857142857143
0.8888888888888888
0.7142857142857143
0.7692307692307693
0.6153846153846154
0.8
0.5384615384615384
0.8
0.6086956521739131
0.625
0.5833333333333334
0.5294117647058824
0.5625
0.375
0.5
0.5789473684210527
0.7777777777777778
0.6875
0.7
0.4666666666666667
1.0
0.8571428571428571
0.4666666666666667
0.5555555555555556
0.8
0.6666666666666666
0.75
0.6
0.7368421052631579
0.6428571428571429
0.7857142857142857
0.75
1.0
0.35714285714285715
0.3333333333333333
0.7368421052631579
0.6666666666666666
0.65
0.6666666666666666
0.7692307692307693
0.6923076923076923
0.9230769230769231
0.6666666666666666
0.7777777777777778
0.7647058823529411
1.0
0.7777777777777778
0.75
0.5625
0.6363636363636364
0.8461538461538461
0.7368421052631579
0.9
0.6153846153846154
0.8461538461538461
0.42857142857142855
0.6666666666666666
0.4
0.48
0.8571428571428571
0.875
0.6923076923076923
0.6111111111111112
0.9166666666666666
0.8
0.6923076923076923
0.46153846153846156
0.9090909090909091
0.65
0.8461538461538461
0.7333333333333333
0.6923076923076923
0.6
0.7222222222222222
0.6666666666666666
0.9230769230769231
0.8333333333333334
0.55
0.8666666666666667
0.5
0.6363636363636364
0.9090909090909091
0.8888888888888888
0.625
0.6666666666666666
0.75
0.6666666666666666
0.7692307692307693
0.6923076923076923
0.5
0.6666666666666666
0.45454545454545453
0.5882352941176471
0.5384615384615384
0.3076923076923077
0.8
0.45454545454545453
0.75
0.5333333333333333
0.875
0.42857142857142855
0.7272727272727273
0.3684210526315789
0.6363636363636364
0.8421052631578947
0.6363636363636364
0.5
0.7
0.6923076923076923
0.45454545454545453
0.7647058823529411
0.625
0.7692307692307693
0.6666666666666666
0.6
0.75
0.6666666666666666
0.6842105263157895
0.6875
0.6875
0.65
0.46153846153846156
0.5789473684210527
0.5625
0.7
0.5294117647058824
0.8125
0.8
0.875
0.46153846153846156
0.75
0.7
0.75
0.44
0.38095238095238093
0.6190476190476191
0.4
0.5384615384615384
0.5
0.6363636363636364
0.7272727272727273
0.9166666666666666
0.5238095238095238
0.6470588235294118
0.6111111111111112
1.0
0.5555555555555556
0.625
0.7857142857142857
0.5
0.5384615384615384
0.8
0.6470588235294118
0.3333333333333333
0.6
0.8
0.6111111111111112
0.625
0.5384615384615384
0.8333333333333334
0.7142857142857143
0.5
0.6666666666666666
0.47368421052631576
0.7857142857142857
0.6666666666666666
0.75
0.7142857142857143
0.5
0.75
0.7058823529411765
0.6153846153846154
0.7272727272727273
0.7222222222222222
0.8
0.7142857142857143
0.6
0.6
0.5333333333333333
1.0
0.7222222222222222
0.45454545454545453
0.5882352941176471
0.8125
0.6666666666666666
0.5555555555555556
0.45454545454545453
0.7333333333333333
0.5833333333333334
0.6666666666666666
0.8333333333333334
0.8888888888888888
0.6666666666666666
0.5294117647058824
0.6470588235294118
0.6428571428571429
0.5333333333333333
0.5882352941176471
0.7
0.6666666666666666
0.8125
0.9090909090909091
0.6
0.75
0.7142857142857143
1.0
0.631578947368421
0.5
0.6666666666666666
0.5555555555555556
0.23076923076923078
0.9090909090909091
0.6666666666666666
0.6470588235294118
0.2777777777777778
0.7142857142857143
0.5555555555555556
0.7857142857142857
0.7272727272727273
0.5882352941176471
0.5833333333333334
0.7368421052631579
0.625
0.8
0.5555555555555556
0.5714285714285714
0.6842105263157895
0.7222222222222222
0.6875
0.5
0.8333333333333334
0.5555555555555556
0.631578947368421
0.3333333333333333
0.6470588235294118
0.4
0.5
0.7692307692307693
0.7142857142857143
0.7692307692307693
0.5714285714285714
0.5
0.7142857142857143
0.7857142857142857
0.7391304347826086
0.7368421052631579
0.5454545454545454
0.6923076923076923
0.6153846153846154
0.6875
1.0
0.7
0.5294117647058824
0.3076923076923077
0.8235294117647058
0.7333333333333333
0.38461538461538464
0.5238095238095238
0.7692307692307693
0.8571428571428571
0.6666666666666666
0.7142857142857143
0.7777777777777778
0.47368421052631576
0.6428571428571429
0.5
0.5714285714285714
0.6875
0.6428571428571429
0.5555555555555556
0.7647058823529411
0.6
0.47058823529411764
0.875
0.6666666666666666
0.75
0.7692307692307693
0.6428571428571429
0.6923076923076923
0.9166666666666666
0.625
0.631578947368421
0.6666666666666666
0.9
0.7272727272727273
0.5625
0.6
0.5625
0.6666666666666666
0.4375
0.9
0.6470588235294118
0.7272727272727273
0.8
0.5384615384615384
0.375
0.8888888888888888
0.8666666666666667
0.35294117647058826
0.3888888888888889
0.4666666666666667
0.7
0.7142857142857143
0.7333333333333333
0.5
0.5
0.5833333333333334
0.5714285714285714
0.6666666666666666
0.7
0.6
0.7058823529411765
0.6
0.6923076923076923
0.5714285714285714
0.6666666666666666
