0.8823529411764706
0.8095238095238095
0.7272727272727273
0.7727272727272727
0.64
0.5185185185185185
0.7391304347826086
0.7222222222222222
0.625
0.7391304347826086
0.7391304347826086
0.6818181818181818
0.8125
0.7619047619047619
0.8421052631578947
0.8333333333333334
0.875
0.625
0.64
0.8235294117647058
0.782608695652174
0.7894736842105263
0.6521739130434783
0.7
0.8888888888888888
0.7142857142857143
0.6666666666666666
0.5666666666666667
0.8235294117647058
0.8333333333333334
0.6190476190476191
0.7727272727272727
0.7727272727272727
0.8095238095238095
0.6666666666666666
0.7391304347826086
0.7647058823529411
0.7894736842105263
0.8
0.8235294117647058
0.7727272727272727
0.5769230769230769
0.8666666666666667
0.64
0.8125
0.7894736842105263
0.7272727272727273
0.75
0.8095238095238095
0.7142857142857143
0.7272727272727273
0.5769230769230769
0.6153846153846154
0.9411764705882353
0.75
0.9375
0.7083333333333334
0.7142857142857143
0.6818181818181818
0.8235294117647058
0.75
0.6296296296296297
0.6521739130434783
0.6956521739130435
0.5769230769230769
0.7777777777777778
0.6818181818181818
0.8235294117647058
0.75
0.7619047619047619
0.6818181818181818
0.6818181818181818
0.8
0.6521739130434783
0.6666666666666666
0.8333333333333334
0.5
0.875
0.6521739130434783
0.75
0.8095238095238095
0.7619047619047619
0.6818181818181818
0.8095238095238095
0.8571428571428571
0.5384615384615384
0.6
0.631578947368421
0.7368421052631579
0.75
0.6538461538461539
0.875
0.8333333333333334
0.72
0.6521739130434783
0.6538461538461539
0.8823529411764706
0.5714285714285714
0.6
0.68
0.8947368421052632
0.7619047619047619
0.7894736842105263
0.46875
0.7368421052631579
0.8235294117647058
0.7272727272727273
0.7272727272727273
0.8823529411764706
0.6666666666666666
0.9375
0.6
0.6818181818181818
0.6666666666666666
0.6086956521739131
0.75
0.75
0.5925925925925926
0.64
0.64
0.8
0.6956521739130435
0.7727272727272727
0.8
0.7142857142857143
0.8181818181818182
0.7777777777777778
0.7727272727272727
0.8095238095238095
0.6071428571428571
0.875
0.75
0.7777777777777778
0.7272727272727273
0.8333333333333334
0.7894736842105263
0.7391304347826086
0.5217391304347826
0.782608695652174
0.7647058823529411
0.625
0.6
0.68
0.75
0.6521739130434783
0.6538461538461539
0.6956521739130435
0.6666666666666666
0.7777777777777778
0.7894736842105263
0.7222222222222222
0.7619047619047619
0.6521739130434783
0.6666666666666666
0.6538461538461539
0.8
0.7777777777777778
0.7272727272727273
0.7272727272727273
0.8
0.6923076923076923
0.6818181818181818
0.7142857142857143
0.6666666666666666
0.6956521739130435
0.8333333333333334
0.7083333333333334
0.7894736842105263
0.7142857142857143
0.6296296296296297
0.5416666666666666
0.8333333333333334
0.8333333333333334
0.7391304347826086
0.8
0.8421052631578947
0.8823529411764706
0.5862068965517241
0.7142857142857143
0.7894736842105263
0.5294117647058824
0.6818181818181818
0.7083333333333334
0.7894736842105263
0.7391304347826086
0.8333333333333334
0.65
0.8421052631578947
0.6538461538461539
0.7
0.5517241379310345
0.6923076923076923
0.5555555555555556
0.5416666666666666
0.7619047619047619
0.7894736842105263
0.631578947368421
0.68
0.8823529411764706
0.7272727272727273
0.7777777777777778
0.6666666666666666
0.6086956521739131
0.6956521739130435
0.7083333333333334
0.7777777777777778
0.6521739130434783
0.68
0.8125
0.8
0.8636363636363636
0.875
0.6666666666666666
0.5333333333333333
0.6296296296296297
0.6521739130434783
0.8888888888888888
0.9411764705882353
0.7727272727272727
0.6296296296296297
0.6666666666666666
0.7391304347826086
0.7272727272727273
0.7272727272727273
0.7916666666666666
0.75
0.8421052631578947
0.7647058823529411
0.7272727272727273
0.7727272727272727
0.6666666666666666
0.8888888888888888
0.7647058823529411
0.8
0.7619047619047619
0.7391304347826086
0.75
0.75
0.4186046511627907
0.6086956521739131
0.7894736842105263
0.6521739130434783
0.7727272727272727
0.7368421052631579
0.8823529411764706
0.7222222222222222
0.7777777777777778
0.6818181818181818
0.8095238095238095
0.6521739130434783
0.8125
0.8125
0.6363636363636364
0.5769230769230769
0.5135135135135135
0.9375
0.7727272727272727
0.6666666666666666
0.8
0.5357142857142857
0.782608695652174
0.5714285714285714
0.6956521739130435
0.72
0.7272727272727273
0.8
0.85
0.75
0.9411764705882353
0.5925925925925926
0.875
0.7619047619047619
0.6956521739130435
0.8095238095238095
0.65
0.6842105263157895
0.6956521739130435
1.0
0.6521739130434783
0.7894736842105263
0.7272727272727273
0.7727272727272727
0.65
0.7619047619047619
0.9411764705882353
0.7894736842105263
0.7619047619047619
0.7619047619047619
0.75
0.6666666666666666
0.8
0.8095238095238095
0.6086956521739131
0.7142857142857143
0.8333333333333334
0.7272727272727273
0.7777777777777778
0.6
0.6071428571428571
0.6666666666666666
0.8421052631578947
0.6923076923076923
0.6521739130434783
0.6666666666666666
0.7894736842105263
0.8421052631578947
0.5862068965517241
0.4666666666666667
0.7777777777777778
0.68
0.56
0.8095238095238095
0.8
0.6666666666666666
0.7222222222222222
0.85
0.7777777777777778
0.7727272727272727
0.6818181818181818
0.7272727272727273
0.6363636363636364
0.8421052631578947
0.6666666666666666
0.6666666666666666
0.7368421052631579
0.7727272727272727
0.7916666666666666
0.7222222222222222
0.65
0.8888888888888888
0.7058823529411765
0.5384615384615384
0.7368421052631579
0.8
0.6956521739130435
0.7
0.8333333333333334
0.7142857142857143
0.75
0.7777777777777778
0.7272727272727273
0.8333333333333334
0.9375
0.7272727272727273
0.7727272727272727
0.75
0.7619047619047619
0.64
0.7894736842105263
0.7391304347826086
0.5925925925925926
0.625
0.75
0.6363636363636364
0.6190476190476191
0.6666666666666666
0.5769230769230769
0.6190476190476191
0.625
0.7894736842105263
0.5925925925925926
0.85
0.8095238095238095
0.4864864864864865
0.7391304347826086
0.7272727272727273
0.8
0.6
0.6190476190476191
0.6538461538461539
0.9375
0.7272727272727273
0.782608695652174
0.6538461538461539
0.7619047619047619
0.7142857142857143
0.7272727272727273
0.6818181818181818
0.5925925925925926
0.5217391304347826
0.8421052631578947
0.7142857142857143
0.75
0.5925925925925926
0.6086956521739131
0.8888888888888888
0.7619047619047619
0.5333333333333333
0.8
0.6666666666666666
0.6521739130434783
0.6521739130434783
0.7083333333333334
0.75
0.7619047619047619
1.0
0.6666666666666666
0.8095238095238095
0.5769230769230769
0.8
0.43333333333333335
0.8421052631578947
0.7083333333333334
0.5909090909090909
0.8571428571428571
0.6428571428571429
0.7142857142857143
0.7777777777777778
0.7142857142857143
0.9411764705882353
0.7083333333333334
0.6363636363636364
0.75
0.6666666666666666
0.7142857142857143
0.7142857142857143
0.75
0.7368421052631579
0.8333333333333334
0.6071428571428571
0.5555555555555556
0.8235294117647058
0.6666666666666666
0.6666666666666666
0.8947368421052632
0.7
0.5833333333333334
0.7894736842105263
0.6818181818181818
0.6666666666666666
0.7272727272727273
0.8095238095238095
0.6
0.75
0.8095238095238095
0.5652173913043478
0.7
0.75
0.8095238095238095
0.6818181818181818
0.6875
0.6153846153846154
0.8095238095238095
0.6086956521739131
0.7777777777777778
0.875
0.7272727272727273
0.4722222222222222
0.6956521739130435
0.8888888888888888
0.7272727272727273
0.8181818181818182
0.7142857142857143
0.7619047619047619
0.7083333333333334
0.7
0.48717948717948717
0.8333333333333334
0.7
0.6666666666666666
0.7619047619047619
0.6956521739130435
0.6428571428571429
1.0
0.6153846153846154
0.6521739130434783
0.6818181818181818
0.8125
0.7647058823529411
0.6538461538461539
0.8
0.7368421052631579
0.6521739130434783
0.6956521739130435
0.5517241379310345
0.5555555555555556
0.6086956521739131
0.9375
0.6818181818181818
0.8125
0.6666666666666666
0.7333333333333333
0.7368421052631579
0.5185185185185185
0.7777777777777778
0.6956521739130435
0.6153846153846154
0.8947368421052632
0.7142857142857143
0.6818181818181818
0.7
0.5833333333333334
0.6086956521739131
0.8421052631578947
0.5333333333333333
0.8
0.8095238095238095
0.5185185185185185
0.68
0.8888888888888888
