0.37499999999999994
0.4615384615384615
0.2631578947368421
0.36000000000000004
0.39215686274509803
0.37209302325581395
0.19047619047619044
0.3181818181818182
0.4
0.33333333333333337
0.41509433962264153
0.4888888888888889
0.3809523809523809
0.5199999999999999
0.4615384615384615
0.5106382978723405
0.3555555555555555
0.33333333333333337
0.2325581395348837
0.4651162790697674
0.47058823529411764
0.4444444444444444
0.45833333333333326
0.3043478260869565
0.4
0.45833333333333326
0.5652173913043479
0.5714285714285714
0.3902439024390244
0.32558139534883723
0.5199999999999999
0.25
0.47826086956521735
0.37499999999999994
0.5777777777777778
0.43478260869565216
0.4545454545454545
0.2
0.41025641025641024
0.45000000000000007
0.4
0.4285714285714285
0.41860465116279066
0.3809523809523809
0.16666666666666669
0.4545454545454545
0.3404255319148936
0.41025641025641024
0.4615384615384615
0.4444444444444444
0.5531914893617021
0.4888888888888889
0.5116279069767441
0.41025641025641024
0.45000000000000007
0.4090909090909091
0.4444444444444444
0.27906976744186046
0.32
0.5660377358490566
0.36363636363636365
0.47058823529411764
0.3181818181818182
0.43999999999999995
0.43902439024390244
0.34146341463414637
0.5
0.3684210526315789
0.33333333333333337
0.37209302325581395
0.4
0.4285714285714285
0.35
0.3684210526315789
0.4090909090909091
0.46808510638297873
0.34146341463414637
0.35
0.4888888888888889
0.4615384615384615
0.41860465116279066
0.45833333333333326
0.47826086956521735
0.5
0.3181818181818182
0.4888888888888889
0.5909090909090909
0.30769230769230765
0.4651162790697674
0.4814814814814815
0.42553191489361697
0.3478260869565218
0.41860465116279066
0.3043478260869565
0.45000000000000007
0.3157894736842105
0.4
0.5714285714285714
0.28571428571428575
0.4528301886792453
0.2702702702702703
0.5714285714285714
0.25
0.4285714285714285
0.3
0.2916666666666667
0.37209302325581395
0.326530612244898
0.3555555555555555
0.5106382978723405
0.41025641025641024
0.45833333333333326
0.33333333333333337
0.10256410256410256
0.26666666666666666
0.4090909090909091
0.46808510638297873
0.4
0.4090909090909091
0.5454545454545455
0.4285714285714285
0.5
0.5454545454545455
0.3809523809523809
0.35897435897435903
0.4444444444444444
0.35
0.5531914893617021
0.47826086956521735
0.5106382978723405
0.47826086956521735
0.3
0.29268292682926833
0.47619047619047616
0.41025641025641024
0.34146341463414637
0.3809523809523809
0.1951219512195122
0.41860465116279066
0.4081632653061224
0.3555555555555555
0.19047619047619044
0.46808510638297873
0.3684210526315789
0.36363636363636365
0.41025641025641024
0.5909090909090909
0.43478260869565216
0.5581395348837209
0.64
0.47826086956521735
0.43902439024390244
0.34146341463414637
0.5
0.5238095238095238
0.4897959183673469
0.35897435897435903
0.43902439024390244
0.4363636363636364
0.31578947368421056
0.43999999999999995
0.2564102564102564
0.3555555555555555
0.3555555555555555
0.13636363636363638
0.3809523809523809
0.37499999999999994
0.3043478260869565
0.3902439024390244
0.45000000000000007
0.18181818181818182
0.47826086956521735
0.56
0.5333333333333333
0.37209302325581395
0.5581395348837209
0.5531914893617021
0.4444444444444445
0.5
0.41860465116279066
0.45833333333333326
0.5333333333333333
0.5909090909090909
0.2564102564102564
0.4545454545454545
0.41025641025641024
0.4545454545454545
0.4651162790697674
0.37209302325581395
0.4
0.32558139534883723
0.5333333333333333
0.5283018867924527
0.43478260869565216
0.33333333333333337
0.3829787234042553
0.3913043478260869
0.26086956521739135
0.28571428571428575
0.44897959183673464
0.35897435897435903
0.47826086956521735
0.35
0.31111111111111117
0.23529411764705882
0.5454545454545455
0.31111111111111117
0.4166666666666667
0.4
0.3809523809523809
0.4285714285714285
0.17142857142857143
0.5714285714285714
0.4090909090909091
0.5
0.4285714285714285
0.4615384615384615
0.22727272727272724
0.2962962962962963
0.5714285714285714
0.4444444444444444
0.5199999999999999
0.30769230769230765
0.4651162790697674
0.41860465116279066
0.5581395348837209
0.4444444444444444
0.35897435897435903
0.5531914893617021
0.33333333333333337
0.35897435897435903
0.5217391304347827
0.3913043478260869
0.34146341463414637
0.5116279069767441
0.5714285714285714
0.45000000000000007
0.37209302325581395
0.5116279069767441
0.27272727272727276
0.4444444444444444
0.26666666666666666
0.4363636363636364
0.5454545454545455
0.3684210526315789
0.41860465116279066
0.45833333333333326
0.5238095238095238
0.4
0.41860465116279066
0.27906976744186046
0.4878048780487804
0.5199999999999999
0.5116279069767441
0.4888888888888889
0.41860465116279066
0.3
0.5416666666666666
0.5
0.5581395348837209
0.47619047619047616
0.43999999999999995
0.5777777777777778
0.2105263157894737
0.34146341463414637
0.4878048780487804
0.41025641025641024
0.43478260869565216
0.3809523809523809
0.4285714285714285
0.4444444444444444
0.4651162790697674
0.41860465116279066
0.25
0.5
0.2439024390243902
0.42553191489361697
0.32558139534883723
0.18604651162790697
0.4
0.2439024390243902
0.31578947368421056
0.3555555555555555
0.3684210526315789
0.3529411764705882
0.3902439024390244
0.2857142857142857
0.34146341463414637
0.653061224489796
0.34146341463414637
0.25
0.35
0.41860465116279066
0.2439024390243902
0.5531914893617021
0.2631578947368421
0.4651162790697674
0.3809523809523809
0.3
0.5217391304347827
0.4444444444444444
0.5306122448979592
0.47826086956521735
0.47826086956521735
0.5199999999999999
0.27906976744186046
0.44897959183673464
0.3913043478260869
0.35
0.3829787234042553
0.5652173913043479
0.4
0.608695652173913
0.27906976744186046
0.5217391304347827
0.35
0.5217391304347827
0.4
0.3137254901960784
0.5098039215686274
0.2
0.32558139534883723
0.37499999999999994
0.34146341463414637
0.3902439024390244
0.5238095238095238
0.4313725490196078
0.46808510638297873
0.45833333333333326
0.5
0.2564102564102564
0.2631578947368421
0.5
0.3478260869565218
0.32558139534883723
0.4
0.46808510638297873
0.19047619047619044
0.48
0.4
0.45833333333333326
0.43478260869565216
0.32558139534883723
0.2777777777777778
0.4545454545454545
0.37499999999999994
0.3809523809523809
0.3673469387755102
0.5
0.3809523809523809
0.31578947368421056
0.588235294117647
0.25
0.4285714285714285
0.5106382978723405
0.37209302325581395
0.3902439024390244
0.5416666666666666
0.4
0.4545454545454545
0.4
0.48
0.3555555555555555
0.4615384615384615
0.5416666666666666
0.2439024390243902
0.42553191489361697
0.5652173913043479
0.3809523809523809
0.4166666666666667
0.3846153846153846
0.4888888888888889
0.33333333333333337
0.30769230769230765
0.47619047619047616
0.41025641025641024
0.5490196078431373
0.3829787234042553
0.46808510638297873
0.4090909090909091
0.3555555555555555
0.42553191489361697
0.35
0.4444444444444444
0.5652173913043479
0.4878048780487804
0.3
0.31578947368421056
0.2702702702702703
0.6363636363636364
0.4897959183673469
0.4
0.3809523809523809
0.4166666666666667
0.13953488372093023
0.4878048780487804
0.5
0.46808510638297873
0.20833333333333334
0.4545454545454545
0.4166666666666667
0.5
0.3902439024390244
0.42553191489361697
0.33333333333333337
0.5714285714285714
0.43478260869565216
0.4
0.4166666666666667
0.36363636363636365
0.5306122448979592
0.5416666666666666
0.47826086956521735
0.25
0.47619047619047616
0.4166666666666667
0.4897959183673469
0.19047619047619044
0.46808510638297873
0.32
0.28571428571428575
0.4651162790697674
0.4545454545454545
0.4651162790697674
0.36363636363636365
0.28571428571428575
0.4545454545454545
0.5
0.6415094339622641
0.5714285714285714
0.4615384615384615
0.41860465116279066
0.37209302325581395
0.47826086956521735
0.5365853658536585
0.35
0.3829787234042553
0.18604651162790697
0.5957446808510638
0.4888888888888889
0.2325581395348837
0.4313725490196078
0.4651162790697674
0.5454545454545455
0.3809523809523809
0.4545454545454545
0.35897435897435903
0.3673469387755102
0.4090909090909091
0.25
0.36363636363636365
0.47826086956521735
0.4090909090909091
0.4166666666666667
0.5531914893617021
0.3
0.3404255319148936
0.3684210526315789
0.4444444444444444
0.4285714285714285
0.4651162790697674
0.4090909090909091
0.41860465116279066
0.5238095238095238
0.2631578947368421
0.4897959183673469
0.4444444444444444
0.45000000000000007
0.3902439024390244
0.3913043478260869
0.3
0.3913043478260869
0.30769230769230765
0.3043478260869565
0.45000000000000007
0.46808510638297873
0.3902439024390244
0.2285714285714286
0.32558139534883723
0.26086956521739135
0.41025641025641024
0.5777777777777778
0.25531914893617025
0.2916666666666667
0.31111111111111117
0.56
0.4545454545454545
0.4888888888888889
0.25
0.3478260869565218
0.33333333333333337
0.36363636363636365
0.4444444444444444
0.35
0.3
0.5106382978723405
0.3
0.41860465116279066
0.36363636363636365
0.3809523809523809
