0.14285714285714285
0.2
0.21212121212121213
0.2608695652173913
0.15625
0.12
0.22857142857142856
0.24
0.25806451612903225
0.1935483870967742
0.16129032258064516
0.2727272727272727
0.1
0.14285714285714285
0.21212121212121213
0.18181818181818182
0.26666666666666666
0.15625
0.2972972972972973
0.13513513513513514
0.29411764705882354
0.23076923076923078
0.23529411764705882
0.3103448275862069
0.17857142857142858
0.2
0.19047619047619047
0.12121212121212122
0.14285714285714285
0.25
0.14634146341463414
0.2
0.3103448275862069
0.3548387096774194
0.15151515151515152
0.17857142857142858
0.21428571428571427
0.1111111111111111
0.1111111111111111
0.2857142857142857
0.22580645161290322
0.12
0.2
0.18518518518518517
0.2857142857142857
0.25
0.1
0.17391304347826086
0.3333333333333333
0.23333333333333334
0.13793103448275862
0.1935483870967742
0.2222222222222222
0.17391304347826086
0.19444444444444445
0.12195121951219512
0.23333333333333334
0.15625
0.21951219512195122
0.2647058823529412
0.25806451612903225
0.14285714285714285
0.20689655172413793
0.3333333333333333
0.1891891891891892
0.25806451612903225
0.21212121212121213
0.2413793103448276
0.19230769230769232
0.2692307692307692
0.14814814814814814
0.24
0.3333333333333333
0.14285714285714285
0.13157894736842105
0.25
0.29545454545454547
0.14634146341463414
0.1875
0.2413793103448276
0.16
0.25925925925925924
0.2647058823529412
0.1724137931034483
0.28125
0.20833333333333334
0.13333333333333333
0.13793103448275862
0.19444444444444445
0.2
0.13333333333333333
0.16666666666666666
0.175
0.19230769230769232
0.25
0.2727272727272727
0.3
0.13043478260869565
0.2647058823529412
0.2
0.2
0.10344827586206896
0.1935483870967742
0.20689655172413793
0.08571428571428572
0.15384615384615385
0.19444444444444445
0.14285714285714285
0.04
0.15789473684210525
0.17857142857142858
0.22857142857142856
0.07407407407407407
0.1111111111111111
0.15
0.23076923076923078
0.1935483870967742
0.25
0.1794871794871795
0.125
0.10344827586206896
0.18518518518518517
0.1724137931034483
0.22857142857142856
0.1891891891891892
0.038461538461538464
0.27586206896551724
0.25925925925925924
0.16666666666666666
0.19230769230769232
0.3
0.14285714285714285
0.2857142857142857
0.08333333333333333
0.2222222222222222
0.23333333333333334
0.2
0.18181818181818182
0.3076923076923077
0.14285714285714285
0.22857142857142856
0.07692307692307693
0.21212121212121213
0.20689655172413793
0.21052631578947367
0.2413793103448276
0.08695652173913043
0.10344827586206896
0.14285714285714285
0.2608695652173913
0.18181818181818182
0.3181818181818182
0.2222222222222222
0.35294117647058826
0.14285714285714285
0.23076923076923078
0.24242424242424243
0.14814814814814814
0.21621621621621623
0.11538461538461539
0.03571428571428571
0.13793103448275862
0.3
0.22580645161290322
0.25
0.08333333333333333
0.20588235294117646
0.2222222222222222
0.1935483870967742
0.1111111111111111
0.1891891891891892
0.15151515151515152
0.18518518518518517
0.28125
0.25
0.14285714285714285
0.14814814814814814
0.21739130434782608
0.10714285714285714
0.23333333333333334
0.18518518518518517
0.20588235294117646
0.17391304347826086
0.2
0.34782608695652173
0.11538461538461539
0.18421052631578946
0.23333333333333334
0.52
0.23809523809523808
0.14634146341463414
0.13793103448275862
0.2962962962962963
0.18518518518518517
0.1875
0.2413793103448276
0.3125
0.17142857142857143
0.21875
0.25
0.16
0.18181818181818182
0.058823529411764705
0.2
0.13333333333333333
0.25
0.09090909090909091
0.16
0.125
0.25
0.3181818181818182
0.18518518518518517
0.2
0.17857142857142858
0.2
0.12
0.25
0.13513513513513514
0.25
0.14814814814814814
0.2222222222222222
0.10344827586206896
0.2857142857142857
0.23076923076923078
0.3170731707317073
0.16666666666666666
0.15151515151515152
0.12903225806451613
0.08823529411764706
0.13043478260869565
0.1935483870967742
0.28125
0.13793103448275862
0.12
0.23333333333333334
0.18181818181818182
0.23529411764705882
0.1724137931034483
0.3181818181818182
0.08823529411764706
0.2
0.23076923076923078
0.25925925925925924
0.24324324324324326
0.15625
0.25806451612903225
0.125
0.2727272727272727
0.25
0.16
0.19047619047619047
0.2
0.1935483870967742
0.23076923076923078
0.15384615384615385
0.2727272727272727
0.18421052631578946
0.17857142857142858
0.12903225806451613
0.4166666666666667
0.14285714285714285
0.041666666666666664
0.11538461538461539
0.09375
0.05
0.1875
0.1111111111111111
0.20588235294117646
0.125
0.1724137931034483
0.2222222222222222
0.17073170731707318
0.06451612903225806
0.2
0.18181818181818182
0.3611111111111111
0.2413793103448276
0.27586206896551724
0.2962962962962963
0.21212121212121213
0.3333333333333333
0.21621621621621623
0.1951219512195122
0.09375
0.23333333333333334
0.16666666666666666
0.25
0.09090909090909091
0.1794871794871795
0.19230769230769232
0.20689655172413793
0.16666666666666666
0.14285714285714285
0.2962962962962963
0.21212121212121213
0.1282051282051282
0.2
0.1724137931034483
0.19444444444444445
0.3103448275862069
0.045454545454545456
0.13793103448275862
0.2608695652173913
0.17857142857142858
0.11764705882352941
0.23529411764705882
0.19230769230769232
0.3103448275862069
0.03571428571428571
0.22857142857142856
0.20588235294117646
0.25
0.12
0.2
0.1891891891891892
0.25
0.2916666666666667
0.25
0.21052631578947367
0.15625
0.17857142857142858
0.25806451612903225
0.39285714285714285
0.08333333333333333
0.2
0.06666666666666667
0.36363636363636365
0.28125
0.11428571428571428
0.19230769230769232
0.11428571428571428
0.25925925925925924
0.07142857142857142
0.16666666666666666
0.15384615384615385
0.3
0.24242424242424243
0.13157894736842105
0.17647058823529413
0.23529411764705882
0.18518518518518517
0.125
0.14285714285714285
0.14705882352941177
0.1724137931034483
0.07692307692307693
0.13333333333333333
0.13793103448275862
0.2
0.25
0.2222222222222222
0.19444444444444445
0.2857142857142857
0.20588235294117646
0.3
0.22580645161290322
0.34375
0.03571428571428571
0.25
0.12121212121212122
0.08695652173913043
0.23076923076923078
0.20512820512820512
0.24242424242424243
0.20588235294117646
0.2857142857142857
0.2631578947368421
0.21212121212121213
0.24
0.175
0.14705882352941177
0.2962962962962963
0.20588235294117646
0.23333333333333334
0.125
0.21428571428571427
0.2972972972972973
0.1724137931034483
0.18518518518518517
0.1935483870967742
0.17391304347826086
0.25
0.2608695652173913
0.19230769230769232
0.2571428571428571
0.22580645161290322
0.25806451612903225
0.21739130434782608
0.1875
0.18518518518518517
0.14285714285714285
0.20833333333333334
0.15151515151515152
0.21621621621621623
0.20689655172413793
0.22857142857142856
0.24242424242424243
0.13333333333333333
0.21875
0.16
0.20588235294117646
0.20689655172413793
0.20588235294117646
0.21428571428571427
0.25
0.20588235294117646
0.16666666666666666
0.07407407407407407
0.21739130434782608
0.18518518518518517
0.08333333333333333
0.2857142857142857
0.27586206896551724
0.2962962962962963
0.14705882352941177
0.23333333333333334
0.23333333333333334
0.19444444444444445
0.14814814814814814
0.2608695652173913
0.08333333333333333
0.25925925925925924
0.21621621621621623
0.25
0.21428571428571427
0.10344827586206896
0.14814814814814814
0.21052631578947367
0.12
0.16
0.13157894736842105
0.36363636363636365
0.2222222222222222
0.19230769230769232
0.25925925925925924
0.1
0.23529411764705882
0.10714285714285714
0.13333333333333333
0.12
0.11538461538461539
0.3055555555555556
0.24242424242424243
0.21428571428571427
0.3
0.14285714285714285
0.19230769230769232
0.26666666666666666
0.12903225806451613
0.2
0.20454545454545456
0.1794871794871795
0.14705882352941177
0.21428571428571427
0.18518518518518517
0.1388888888888889
0.16
0.23333333333333334
0.24324324324324326
0.17857142857142858
0.20689655172413793
0.32142857142857145
0.16666666666666666
0.20588235294117646
0.1111111111111111
0.21428571428571427
0.08
0.15384615384615385
0.23076923076923078
0.18518518518518517
0.21875
0.14285714285714285
0.10714285714285714
0.21739130434782608
0.18518518518518517
0.20588235294117646
0.12
0.18518518518518517
0.24242424242424243
0.16666666666666666
0.2413793103448276
0.058823529411764705
0.19444444444444445
0.21739130434782608
0.14285714285714285
0.30303030303030304
0.2
0.125
0.125
0.2857142857142857
0.25
0.13513513513513514
0.2962962962962963
0.22580645161290322
0.18518518518518517
0.08333333333333333
0.21875
0.21875
0.2647058823529412
0.25
