0.1590909090909091
0.21739130434782608
0.20754716981132076
0.2073170731707317
0.21951219512195122
0.175
0.11224489795918367
0.14583333333333334
0.1717171717171717
0.1588785046728972
0.1511627906976744
0.1834862385321101
0.1686746987951807
0.13636363636363635
0.1724137931034483
0.2
0.23076923076923078
0.16822429906542055
0.17894736842105263
0.2542372881355932
0.18032786885245902
0.21212121212121213
0.20967741935483872
0.22580645161290322
0.1935483870967742
0.16842105263157894
0.1978021978021978
0.17204301075268819
0.2087912087912088
0.14432989690721648
0.16455696202531644
0.18811881188118812
0.19101123595505617
0.17567567567567569
0.1839080459770115
0.21348314606741572
0.25
0.140625
0.21505376344086022
0.15789473684210525
0.14942528735632185
0.20253164556962025
0.21359223300970873
0.16455696202531644
0.2261904761904762
0.25
0.1917808219178082
0.21428571428571427
0.18604651162790697
0.16455696202531644
0.16666666666666666
0.20987654320987653
0.1728395061728395
0.16326530612244897
0.1643835616438356
0.20967741935483872
0.1782178217821782
0.21212121212121213
0.20224719101123595
0.1651376146788991
0.15730337078651685
0.2037037037037037
0.18888888888888888
0.21666666666666667
0.2112676056338028
0.16666666666666666
0.16831683168316833
0.16129032258064516
0.16666666666666666
0.10256410256410256
0.24096385542168675
0.19230769230769232
0.16666666666666666
0.2037037037037037
0.16666666666666666
0.17647058823529413
0.18018018018018017
0.20967741935483872
0.3090909090909091
0.22093023255813954
0.21428571428571427
0.25396825396825395
0.19230769230769232
0.15476190476190477
0.18085106382978725
0.2
0.25287356321839083
0.1724137931034483
0.14893617021276595
0.1568627450980392
0.21621621621621623
0.23529411764705882
0.208955223880597
0.23863636363636365
0.1791044776119403
0.14893617021276595
0.20652173913043478
0.1782178217821782
0.2
0.1574074074074074
0.16822429906542055
0.1595744680851064
0.21794871794871795
0.19148936170212766
0.15217391304347827
0.1527777777777778
0.17307692307692307
0.15463917525773196
0.22807017543859648
0.18947368421052632
0.20588235294117646
0.18947368421052632
0.24050632911392406
0.19736842105263158
0.1702127659574468
0.18681318681318682
0.24050632911392406
0.189873417721519
0.1595744680851064
0.18478260869565216
0.21518987341772153
0.17105263157894737
0.13592233009708737
0.24
0.14583333333333334
0.2
0.1875
0.1595744680851064
0.18085106382978725
0.21428571428571427
0.1744186046511628
0.17525773195876287
0.16216216216216217
0.16049382716049382
0.18181818181818182
0.16666666666666666
0.14457831325301204
0.21333333333333335
0.14772727272727273
0.1797752808988764
0.16129032258064516
0.20454545454545456
0.1875
0.18421052631578946
0.2191780821917808
0.1935483870967742
0.2054794520547945
0.20430107526881722
0.14634146341463414
0.14444444444444443
0.1511627906976744
0.1956521739130435
0.2
0.12903225806451613
0.17391304347826086
0.1927710843373494
0.17582417582417584
0.1506849315068493
0.18055555555555555
0.25
0.14705882352941177
0.2087912087912088
0.18421052631578946
0.15217391304347827
0.17045454545454544
0.21518987341772153
0.23529411764705882
0.19696969696969696
0.15555555555555556
0.2077922077922078
0.16279069767441862
0.2054794520547945
0.15789473684210525
0.19047619047619047
0.1896551724137931
0.16666666666666666
0.17647058823529413
0.20481927710843373
0.20238095238095238
0.16842105263157894
0.21153846153846154
0.18181818181818182
0.18604651162790697
0.1743119266055046
0.17777777777777778
0.20481927710843373
0.1875
0.1780821917808219
0.21739130434782608
0.1717171717171717
0.13793103448275862
0.22580645161290322
0.18691588785046728
0.24324324324324326
0.20930232558139536
0.1958762886597938
0.17391304347826086
0.20930232558139536
0.22535211267605634
0.20952380952380953
0.18681318681318682
0.21052631578947367
0.24358974358974358
0.18478260869565216
0.18181818181818182
0.22727272727272727
0.24561403508771928
0.18085106382978725
0.1625
0.1724137931034483
0.175
0.20930232558139536
0.18055555555555555
0.23255813953488372
0.1917808219178082
0.16470588235294117
0.14473684210526316
0.2112676056338028
0.19767441860465115
0.15555555555555556
0.1568627450980392
0.17777777777777778
0.18333333333333332
0.15853658536585366
0.21794871794871795
0.16666666666666666
0.13829787234042554
0.17857142857142858
0.20512820512820512
0.23170731707317074
0.17391304347826086
0.19444444444444445
0.18556701030927836
0.16842105263157894
0.15841584158415842
0.22093023255813954
0.1978021978021978
0.26666666666666666
0.16049382716049382
0.12359550561797752
0.20588235294117646
0.16304347826086957
0.16666666666666666
0.16176470588235295
0.19767441860465115
0.1375
0.20512820512820512
0.2073170731707317
0.21212121212121213
0.14942528735632185
0.18181818181818182
0.20430107526881722
0.22950819672131148
0.16091954022988506
0.20430107526881722
0.23076923076923078
0.13414634146341464
0.2
0.1375
0.1728395061728395
0.1891891891891892
0.1702127659574468
0.19047619047619047
0.15384615384615385
0.1728395061728395
0.16666666666666666
0.18181818181818182
0.175
0.17105263157894737
0.15
0.1926605504587156
0.19736842105263158
0.1590909090909091
0.15463917525773196
0.15306122448979592
0.2289156626506024
0.21621621621621623
0.17045454545454544
0.19767441860465115
0.16304347826086957
0.21904761904761905
0.2
0.24615384615384617
0.16455696202531644
0.1836734693877551
0.1978021978021978
0.15306122448979592
0.18518518518518517
0.2127659574468085
0.22448979591836735
0.16831683168316833
0.16494845360824742
0.1935483870967742
0.1896551724137931
0.17721518987341772
0.19753086419753085
0.18691588785046728
0.225
0.18095238095238095
0.1565217391304348
0.12048192771084337
0.17142857142857143
0.175
0.1875
0.1839080459770115
0.1686746987951807
0.2261904761904762
0.18
0.21428571428571427
0.20212765957446807
0.13541666666666666
0.1125
0.16129032258064516
0.14912280701754385
0.16049382716049382
0.21621621621621623
0.19047619047619047
0.18269230769230768
0.16326530612244897
0.15730337078651685
0.18681318681318682
0.22077922077922077
0.1927710843373494
0.21875
0.18604651162790697
0.16455696202531644
0.12658227848101267
0.16483516483516483
0.16666666666666666
0.20588235294117646
0.20224719101123595
0.19607843137254902
0.2289156626506024
0.15463917525773196
0.15789473684210525
0.17708333333333334
0.16666666666666666
0.2549019607843137
0.13274336283185842
0.12195121951219512
0.21875
0.17346938775510204
0.17721518987341772
0.20930232558139536
0.13
0.2028985507246377
0.18840579710144928
0.1702127659574468
0.16279069767441862
0.22727272727272727
0.17073170731707318
0.19387755102040816
0.21505376344086022
0.18556701030927836
0.15555555555555556
0.18681318681318682
0.1728395061728395
0.2
0.1717171717171717
0.14444444444444443
0.16455696202531644
0.15789473684210525
0.21794871794871795
0.1956521739130435
0.1702127659574468
0.14666666666666667
0.14814814814814814
0.14285714285714285
0.17894736842105263
0.20202020202020202
0.16483516483516483
0.18292682926829268
0.18571428571428572
0.16470588235294117
0.17567567567567569
0.14953271028037382
0.19801980198019803
0.24285714285714285
0.14814814814814814
0.17117117117117117
0.19767441860465115
0.18666666666666668
0.14634146341463414
0.15942028985507245
0.18085106382978725
0.1917808219178082
0.18823529411764706
0.2087912087912088
0.1728395061728395
0.14102564102564102
0.20634920634920634
0.2125
0.21052631578947367
0.2692307692307692
0.18518518518518517
0.16049382716049382
0.15151515151515152
0.2087912087912088
0.16455696202531644
0.1935483870967742
0.18518518518518517
0.18181818181818182
0.19801980198019803
0.16
0.1232876712328767
0.1651376146788991
0.1724137931034483
0.1951219512195122
0.20588235294117646
0.21875
0.19318181818181818
0.20224719101123595
0.23880597014925373
0.2
0.2054794520547945
0.2
0.22784810126582278
0.1978021978021978
0.23376623376623376
0.1566265060240964
0.1875
0.21621621621621623
0.1875
0.1686746987951807
0.21311475409836064
0.1518987341772152
0.2037037037037037
0.23529411764705882
0.12643678160919541
0.16494845360824742
0.18556701030927836
0.25675675675675674
0.18888888888888888
0.20238095238095238
0.24242424242424243
0.2079207920792079
0.21951219512195122
0.18691588785046728
0.19047619047619047
0.1728395061728395
0.18604651162790697
0.13636363636363635
0.1518987341772152
0.19753086419753085
0.19230769230769232
0.13095238095238096
0.16326530612244897
0.17045454545454544
0.16
0.20238095238095238
0.1744186046511628
0.17204301075268819
0.26744186046511625
0.18478260869565216
0.14423076923076922
0.20634920634920634
0.20454545454545456
0.2028985507246377
0.1951219512195122
0.1743119266055046
0.17346938775510204
0.2054794520547945
0.17647058823529413
0.1794871794871795
0.1839080459770115
0.15306122448979592
0.1797752808988764
0.2087912087912088
0.2289156626506024
0.14473684210526316
0.21052631578947367
0.2
0.22988505747126436
0.24675324675324675
0.20224719101123595
0.19540229885057472
0.20481927710843373
0.21505376344086022
0.18681318681318682
0.18666666666666668
0.16923076923076924
0.1981981981981982
0.19480519480519481
0.20238095238095238
0.15306122448979592
0.1794871794871795
0.14285714285714285
0.13580246913580246
0.17857142857142858
0.16161616161616163
0.2
0.1941747572815534
0.2
0.18518518518518517
0.18072289156626506
0.20634920634920634
0.1782178217821782
0.18085106382978725
0.15555555555555556
0.17142857142857143
