0.5498230991713445
0.5322204928144088
0.5903658947076994
0.5200870873849043
0.5243525537706082
0.4970856203332839
0.4982520757816635
0.5016276899429073
0.4611555516376822
0.5469649257552484
0.5252897548276914
0.43415431425214035
0.5131594065619287
0.4631129909435069
0.5232232254688527
0.49071518519794377
0.453475388161545
0.5345724337996428
0.5633871538107912
0.5796710984855962
0.570246510834656
0.5207388189022372
0.4954653448833015
0.49095117950953193
0.5735673781583737
0.574619076774061
0.547797708679014
0.6269332309302307
0.49685077599439503
0.42219326992984285
0.4511510361356598
0.5821499607490319
0.47801762617585186
0.4913027777484853
0.5527711318794548
0.563056114045972
0.5385974660675026
0.5604274099939734
0.44072127045531306
0.4961294261294261
0.44558499342704017
0.43299622551723393
0.5511745144108398
0.5632423643425516
0.43684216399836096
0.487038157401628
0.5179374049151564
0.4190212175461038
0.5291627569863573
0.4900718996258726
0.5186331426672982
0.5922327289124605
0.444691105749788
0.5346209170582018
0.5631976187778605
0.458237937206354
0.5554054948838762
0.53423402211126
0.4912203228869896
0.5896978167863978
0.39422113528874336
0.4645084525285008
0.48956940515351727
0.5662394369261529
0.5122137236782527
0.4361731136155688
0.4931653698516444
0.55195806988462
0.5528714063714064
0.40845641824048384
0.4406825431824789
0.5300243874850922
0.4588886511328967
0.5073817697192311
0.547033653219275
0.49332940909460976
0.5499809689724651
0.5735986089618312
0.5478348098978364
0.5190182521486726
0.46467257826575736
0.5764536592575974
0.5006029756143977
0.566976396646018
0.520357888352938
0.5092355613037702
0.4991913069283442
0.460124425853742
0.4838014773478246
0.617035802891066
0.5365579712764544
0.5480294431073912
0.4907098234282701
0.5248554550025137
0.4481369377240937
0.46248915191562245
0.5559100220129631
0.6129235197070433
0.5181155066902862
0.5795350326652613
0.48455234993988994
0.43710322303979965
0.5312722509871867
0.5259683127330186
0.5187837665116227
0.4996246700385071
0.5335772832465822
0.5114800230968644
0.5681140727006373
0.5298830409356725
0.5755984103042926
0.5437257062257062
0.468431331036373
0.500467901627587
0.4497089105912635
0.5846115525752622
0.5681145777499214
0.4706706974677487
0.4850124040843655
0.5850018040912067
0.5654548314653794
0.5197419573890162
0.5676817666866211
0.5830357270782802
0.5478136680936317
0.47291658761040223
0.5662728631063492
0.5261669774335437
0.3867034138269354
0.482927995493785
0.5186920468959304
0.6101579942138159
0.5936242512880862
0.5525054158285866
0.5417159644017804
0.5779879689561234
0.5116646475523848
0.47563137200628813
0.516228247387579
0.5448168134233707
0.5251543917230193
0.5307981044044564
0.4745883587262898
0.49514937701929573
0.5309045615608091
0.48327679554150144
0.4011796963565735
0.4671212470455896
0.517193188811075
0.45439199689199694
0.5592427856830344
0.5661265415432786
0.5015826411435538
0.4947386959151665
0.557179561951858
0.4522263621259386
0.40071675716549177
0.44256599284237624
0.4787659011620725
0.48240848129379615
0.468906856509569
0.5739373241949054
0.5076613500262385
0.4322557920816712
0.47080197150468067
0.5828997123733966
0.46589979883606525
0.4392719986545343
0.5572764158768818
0.5324132690613421
0.5984971790852494
0.5039490021597864
0.6525166211062738
0.5389343023278259
0.5318255180291515
0.5659773748739907
0.5562624239727043
0.44657905665326103
0.5893945540598684
0.5343717210320535
0.5330140984365465
0.5369161403516265
0.5255551113202203
0.5049416654435835
0.4868195069273501
0.48944229096936354
0.4980389363722697
0.4961714020190271
0.5517947479126566
0.6285253413504687
0.4259371239866596
0.4719018964045931
0.5667913531991201
0.43626426651600825
0.474372571053987
0.46330845130845133
0.5723496776128355
0.5507936507936507
0.4369436305032598
0.4909626171656246
0.4893157907304394
0.38826731240402396
0.5068693514088252
0.570429912038823
0.5372325316339023
0.5345602062705659
0.6204503653838976
0.5175928633230275
0.5886933561318471
0.5458071469483814
0.47261086487428206
0.535774074567178
0.4747915120132728
0.41395678027122373
0.5447062997377884
0.519427034470154
0.5214386106004456
0.5059848212229754
0.49976680427986575
0.49074909890231366
0.5020128967444715
0.559980861567098
0.5116132643115726
0.5296691441707018
0.6080665682452318
0.5447707913693957
0.48120186830713146
0.5394754945301121
0.5247349057377529
0.5914694869002313
0.4984839637233254
0.5932340183939522
0.621338024810089
0.5839306589753018
0.5113276726212773
0.5358156819026384
0.4544185770656359
0.579036456375166
0.4787696579276671
0.6352689139802542
0.6437042229203697
0.4984533984533984
0.42621369718071367
0.48288384396249034
0.5040729238555325
0.48159697401121476
0.43543463106710517
0.47952741702741697
0.5548360036128478
0.4065086250244021
0.46320720596464304
0.575212129925898
0.5448986677335587
0.4499565250660279
0.530793760845943
0.5297614259378965
0.5449017151587412
0.45085686053077356
0.6229425622686492
0.45364161247882173
0.6157804599895257
0.43372796878928715
0.4244151175662726
0.535647917458716
0.49549108108675755
0.4880669167952081
0.450756322708056
0.44181026465534906
0.5484639321573568
0.47429456845298434
0.43254502001460526
0.5175153547212371
0.5320681137433384
0.508118267217353
0.5487117324950264
0.4618391662562335
0.46272097954325886
0.4722469617697941
0.4947774293392069
0.5460586421315896
0.38275112581564197
0.5060604741487094
0.4877264163618109
0.5415475761290168
0.404021384021384
0.4871300573335966
0.4926916221033868
0.6456738409575837
0.5097600280689342
0.46427627659511717
0.5595956693522813
0.4942533936651584
0.487327194809358
0.43563181354334773
0.5069438428866124
0.5476355544400473
0.44412284334023466
0.569157206742346
0.5695763439459091
0.5235904229570124
0.4485874286111652
0.5182375586459744
0.4635773863947076
0.5755168819121939
0.48694538300141743
0.3916474246176824
0.5096759480633409
0.5696792886150716
0.5649949811121608
0.5796964248418888
0.527688704131223
0.514793930639001
0.5026370672670982
0.4675542695334498
0.5620280419257402
0.5237596008327716
0.44837247227658183
0.421400811312136
0.46669783945679805
0.5653236528781083
0.47264259334668063
0.5014259097558775
0.5003083839134563
0.4087246610602775
0.49281175487044393
0.5498422808957358
0.5653488592906909
0.5454567845947156
0.44783293926235435
0.5348373071761378
0.5498941409467726
0.5382910052910053
0.5152533595431571
0.4308650082928587
0.43796486706703286
0.5908274391512378
0.5158191557002756
0.4696034954029983
0.5322964608490924
0.48413492259907864
0.5564377289377289
0.46748963190621584
0.5155591666866177
0.4040848559540149
0.4961099930998816
0.44933132388109
0.47937618772205237
0.5533237662131881
0.5512434070917043
0.48866832677446237
0.5595435137104187
0.505068672411519
0.5430335914293934
0.5132313329255378
0.493897748777814
0.5651047825644823
0.4348086287464664
0.4865227462595884
0.5700876900876901
0.49586476441518457
0.5349797333735513
0.5209296625115835
0.5778992286727624
0.5256967557400222
0.483126137489298
0.5881443653133548
0.48497277421040264
0.5486326897998335
0.5135995175210861
0.4884456339593086
0.44853710558743565
0.49066196155380215
0.611571249537781
0.6111496415770609
0.48321040273007565
0.5349600454550949
0.5269763629256627
0.553083699083699
0.4728426909580442
0.524953913995138
0.42395381046152436
0.41578220773663643
0.5029381613756614
0.6224262710311717
0.5186855073129711
0.6243027933630206
0.5209017170724488
0.46730511395672175
0.4213877218877219
0.5280393603551499
0.48859380170540506
0.5197516981637913
0.6107701551876095
0.4772533022533022
0.47437057542986194
0.3868984800431342
0.3913061338856004
0.5511865780628011
0.5110474639848978
0.45022745772745765
0.4511136848979016
0.5080502731938529
0.5629910992039139
0.4410022762839664
0.49642999061913484
0.5272014117726292
0.488917162484107
0.48607239036488387
0.5336353817090934
0.5686179969800924
0.49616993212857874
0.4653978219922492
0.5378524785399785
0.5116815768234145
0.4820978742675704
0.4981895424836601
0.4587024167024166
0.5521011774433542
0.5181456639143667
0.5400699970590416
0.4941201209673206
0.5459698358151966
0.43861401898894836
0.5317062987350321
0.5647271240159485
0.5764061864061865
0.43139194139194137
0.5936964745494158
0.45859363387532404
0.49935379013004577
0.6184324981376657
0.45341593341593345
0.5298446874762663
0.49888123688357333
0.5062866518850028
0.606494480934136
0.5690725178960473
0.4093865095477999
0.533388540745953
0.5141294926195916
0.582014224399824
0.5672094583072395
0.6504140190693692
0.5326454577760549
0.5211612713032591
0.4900635402183138
0.4729575308574057
0.5428213055092013
0.4732988709022439
0.5572121329987406
0.5696591666969818
0.559978444831386
0.4423772958929432
0.4196594941006705
0.5364881910266497
0.5744662367162798
0.5423265994908615
0.5022009466281911
0.49069969000269875
0.5145068455769174
0.4943154374654761
0.562965133867336
0.4718434664840594
0.5073809523809524
0.5160649035239199
0.5207712544525764
0.5490683973983551
0.5562901383688172
0.5635336089405453
0.5464517814866513
0.6272884325162701
0.6170772953858692
0.5289398851478647
0.48887886902398
0.516481282613964
0.46308794862974423
0.495700108865755
0.5159011468149765
0.49212385809024467
0.47360985197842714
0.5553172488961962
0.4826238533040918
0.5111132230742901
0.4648878147750329
0.45425717279944616
0.5945833735017192
0.594924539115199
0.551247705799006
0.5152653596223729
0.5249397214290832
0.5345510120510121
0.491692165541732
0.4961427862917225
0.5124565547358029
0.5510513465949124
0.3950792253796093
0.5094154261917421
0.5129124124124124
0.5438232768180586
0.5741297639336855
