0.8409722222222222
0.8165277777777779
0.8487499999999999
0.7730555555555555
0.8384722222222223
0.8213888888888888
0.8234722222222222
0.7743055555555556
0.8170833333333334
0.8829166666666667
0.8345833333333333
0.8155555555555556
0.8925
0.867638888888889
0.842361111111111
0.8765277777777778
0.7830555555555556
0.8698611111111112
0.8679166666666667
0.8630555555555556
0.8474999999999999
0.8398611111111111
0.7761111111111111
0.7379166666666667
0.8608333333333333
0.8609722222222222
0.8204166666666666
0.8547222222222223
0.8884722222222222
0.8340277777777778
0.8202777777777778
0.8443055555555555
0.8505555555555555
0.8470833333333334
0.8540277777777777
0.8736111111111111
0.8377777777777778
0.7698611111111112
0.8322222222222222
0.7502777777777778
0.9049999999999999
0.8158333333333334
0.8154166666666667
0.7616666666666666
0.924861111111111
0.8833333333333334
0.8537499999999999
0.8454166666666666
0.8556944444444444
0.8565277777777778
0.8829166666666667
0.8286111111111112
0.7741666666666668
0.7306944444444445
0.8125000000000001
0.8305555555555555
0.7805555555555557
0.9051388888888889
0.8418055555555556
0.8798611111111112
0.8929166666666667
0.8250000000000001
0.8961111111111111
0.8234722222222223
0.8047222222222222
0.8136111111111111
0.8143055555555555
0.8291666666666667
0.8206944444444445
0.8544444444444446
0.8226388888888888
0.773888888888889
0.8805555555555556
0.8090277777777778
0.8662500000000001
0.8901388888888888
0.7798611111111111
0.7383333333333333
0.8802777777777778
0.8708333333333335
0.8425000000000001
0.8486111111111111
0.8134722222222224
0.8254166666666667
0.877638888888889
0.8022222222222223
0.8106944444444445
0.8911111111111112
0.8505555555555556
0.752638888888889
0.8037499999999999
0.8618055555555556
0.8406944444444444
0.8725
0.8144444444444444
0.8016666666666666
0.8566666666666668
0.8776388888888889
0.8698611111111111
0.8749999999999999
0.8052777777777778
0.7858333333333333
0.8030555555555555
0.8594444444444445
0.8736111111111111
0.84375
0.8875000000000001
0.8086111111111112
0.8165277777777777
0.8251388888888889
0.8430555555555556
0.7801388888888888
0.8516666666666667
0.8247222222222222
0.8497222222222223
0.7634722222222222
0.8741666666666666
0.8830555555555555
0.8472222222222221
0.8231944444444446
0.8868055555555555
0.7863888888888888
0.8893055555555556
0.7815277777777778
0.8120833333333333
0.8536111111111111
0.8913888888888889
0.7980555555555555
0.8655555555555555
0.8133333333333332
0.8568055555555556
0.8386111111111111
0.8265277777777778
0.8359722222222222
0.831388888888889
0.7980555555555556
0.8695833333333333
0.8451388888888889
0.8602777777777779
0.851388888888889
0.8304166666666666
0.7686111111111111
0.857361111111111
0.806111111111111
0.8341666666666667
0.8781944444444445
0.8901388888888889
0.8538888888888889
0.71
0.8713888888888889
0.8780555555555556
0.8508333333333332
0.87875
0.8415277777777778
0.8893055555555556
0.8538888888888889
0.8209722222222221
0.8879166666666666
0.8725
0.8604166666666666
0.8255555555555556
0.8536111111111111
0.885
0.8633333333333333
0.782361111111111
0.8091666666666668
0.8536111111111111
0.8601388888888889
0.8488888888888889
0.7606944444444446
0.8148611111111111
0.8655555555555555
0.8388888888888889
0.8425
0.8668055555555556
0.8802777777777777
0.82375
0.8181944444444444
0.7540277777777777
0.725
0.855138888888889
0.8131944444444444
0.8111111111111111
0.8170833333333334
0.8266666666666667
0.8466666666666667
0.8611111111111112
0.8570833333333333
0.8500000000000001
0.8580555555555556
0.7716666666666666
0.7751388888888887
0.8345833333333333
0.8147222222222222
0.8529166666666667
0.8498611111111111
0.7926388888888889
0.7913888888888888
0.7550000000000001
0.8190277777777778
0.8790277777777777
0.8222222222222222
0.9051388888888888
0.8295833333333333
0.8620833333333334
0.8518055555555556
0.8343055555555555
0.7902777777777779
0.8086111111111112
0.7947222222222222
0.8172222222222223
0.8358333333333332
0.8527777777777779
0.8593055555555555
0.8705555555555556
0.8365277777777779
0.8695833333333334
0.8159722222222222
0.7836111111111111
0.8422222222222221
0.8247222222222222
0.9009722222222222
0.7594444444444445
0.8090277777777778
0.8522222222222222
0.8693055555555556
0.8973611111111112
0.8415277777777779
0.9026388888888889
0.8715277777777778
0.8327777777777778
0.8369444444444445
0.7948611111111111
0.8634722222222222
0.8245833333333333
0.8718055555555555
0.92625
0.8818055555555555
0.7579166666666666
0.87375
0.8497222222222223
0.8052777777777778
0.8811111111111112
0.8890277777777778
0.830138888888889
0.8569444444444444
0.8502777777777778
0.8122222222222222
0.7926388888888889
0.8404166666666667
0.8156944444444444
0.8681944444444445
0.7886111111111113
0.8466666666666667
0.78625
0.9122222222222223
0.8843055555555555
0.8234722222222223
0.8943055555555555
0.852361111111111
0.8431944444444444
0.8445833333333335
0.8036111111111112
0.8224999999999999
0.8290277777777778
0.8733333333333333
0.8170833333333333
0.8165277777777779
0.7876388888888889
0.8516666666666667
0.8479166666666667
0.8154166666666667
0.8820833333333334
0.8554166666666667
0.8183333333333335
0.85875
0.8536111111111111
0.8324999999999999
0.8131944444444444
0.7830555555555556
0.7977777777777778
0.805
0.851111111111111
0.7541666666666667
0.7831944444444444
0.8720833333333334
0.8827777777777778
0.7297222222222223
0.9020833333333333
0.8383333333333333
0.8701388888888889
0.8704166666666667
0.90375
0.7859722222222222
0.8527777777777777
0.8555555555555555
0.8288888888888889
0.9020833333333333
0.7718055555555555
0.8490277777777778
0.7844444444444444
0.7898611111111111
0.855
0.856111111111111
0.7761111111111111
0.83875
0.8451388888888891
0.8625
0.8056944444444445
0.7731944444444445
0.8391666666666666
0.7704166666666666
0.8406944444444444
0.8772222222222222
0.8175
0.8311111111111111
0.8225
0.7990277777777778
0.8390277777777777
0.7941666666666667
0.7973611111111112
0.8827777777777779
0.8534722222222222
0.8340277777777777
0.7347222222222222
0.837361111111111
0.9229166666666667
0.8388888888888889
0.8336111111111111
0.7013888888888888
0.8786111111111111
0.8768055555555556
0.8915277777777778
0.8406944444444445
0.8395833333333333
0.763888888888889
0.8490277777777778
0.8575
0.8269444444444445
0.8086111111111112
0.8370833333333334
0.8927777777777778
0.8584722222222222
0.8833333333333333
0.8558333333333333
0.8269444444444444
0.8454166666666667
0.8513888888888889
0.8168055555555556
0.8756944444444444
0.8884722222222222
0.82
0.8370833333333333
0.9138888888888889
0.8131944444444446
0.8659722222222221
0.8370833333333334
0.8765277777777778
0.7868055555555556
0.8048611111111111
0.8584722222222223
0.8077777777777777
0.8570833333333333
0.7744444444444444
0.8506944444444445
0.8184722222222223
0.8537500000000001
0.8354166666666667
0.81875
0.8376388888888889
0.8072222222222223
0.7795833333333333
0.8627777777777778
0.8644444444444443
0.8508333333333333
0.7523611111111111
0.7851388888888889
0.7759722222222222
0.8865277777777777
0.8102777777777779
0.8447222222222222
0.8390277777777777
0.8513888888888889
0.8577777777777779
0.9147222222222222
0.8647222222222222
0.8401388888888889
0.80375
0.8219444444444445
0.8409722222222222
0.7972222222222222
0.8554166666666667
0.8509722222222222
0.8831944444444444
0.8175000000000001
0.883888888888889
0.8254166666666667
0.7940277777777778
0.806111111111111
0.8472222222222222
0.8598611111111111
0.8104166666666667
0.8265277777777778
0.8416666666666667
0.8659722222222223
0.8016666666666666
0.8611111111111112
0.8548611111111112
0.8530555555555556
0.8238888888888889
0.8395833333333333
0.8458333333333332
0.8573611111111111
0.8195833333333333
0.8577777777777779
0.8784722222222222
0.8629166666666667
0.7313888888888889
0.8822222222222222
0.8554166666666667
0.9413888888888888
0.7054166666666667
0.8373611111111111
0.7583333333333335
0.8259722222222223
0.7865277777777778
0.8129166666666666
0.79875
0.7561111111111112
0.7993055555555555
0.8009722222222222
0.7845833333333332
0.8794444444444446
0.8394444444444444
0.7783333333333333
0.7734722222222222
0.8172222222222223
0.8455555555555555
0.8618055555555557
0.8552777777777777
0.8137500000000001
0.76625
0.7768055555555555
0.8386111111111111
0.8677777777777778
0.83875
0.8683333333333334
0.7355555555555555
0.8643055555555555
0.8056944444444445
0.8056944444444446
0.8245833333333333
0.7863888888888889
0.8722222222222222
0.831388888888889
0.7304166666666667
0.8275
0.8361111111111111
0.8323611111111112
0.8341666666666665
0.9233333333333333
0.8461111111111111
0.8236111111111111
0.8123611111111111
0.7905555555555557
0.7752777777777778
0.874861111111111
0.86875
0.8759722222222223
0.8695833333333334
0.8325
0.8373611111111111
0.8490277777777778
0.7911111111111112
0.7873611111111112
0.7868055555555555
0.7859722222222223
0.8648611111111111
0.7947222222222222
0.7912500000000001
0.76375
0.8847222222222222
0.8755555555555555
0.8488888888888889
0.8959722222222223
0.8286111111111112
0.8006944444444445
0.8543055555555555
0.8630555555555556
0.861111111111111
0.703888888888889
0.8593055555555555
0.8043055555555555
0.88875
0.7368055555555555
0.8165277777777777
0.8561111111111112
0.8313888888888888
0.8613888888888889
0.825
