0.6879166666666666
0.7745833333333335
0.7705555555555555
0.7456944444444444
0.7695833333333333
0.8094444444444444
0.75625
0.7529166666666667
0.6425
0.6581944444444444
0.6733333333333333
0.7530555555555556
0.6747222222222222
0.74
0.7063888888888888
0.7388888888888888
0.7136111111111111
0.7844444444444444
0.6538888888888889
0.7126388888888888
0.7404166666666667
0.7948611111111111
0.8118055555555556
0.7784722222222222
0.7651388888888888
0.5868055555555555
0.6627777777777778
0.7770833333333333
0.8215277777777779
0.7870833333333334
0.7156944444444445
0.7120833333333333
0.7316666666666667
0.7941666666666667
0.8093055555555555
0.7498611111111111
0.7656944444444445
0.7869444444444444
0.7390277777777778
0.7936111111111113
0.7115277777777778
0.8090277777777778
0.7626388888888889
0.8070833333333334
0.6697222222222223
0.8466666666666668
0.7497222222222223
0.8548611111111112
0.6666666666666666
0.7894444444444445
0.7673611111111112
0.7794444444444444
0.7827777777777778
0.7515277777777778
0.7495833333333334
0.8047222222222221
0.7890277777777778
0.8366666666666666
0.7255555555555555
0.73
0.6334722222222222
0.6970833333333333
0.7877777777777777
0.7715277777777778
0.8086111111111111
0.8023611111111112
0.7570833333333333
0.7902777777777777
0.5988888888888889
0.6225
0.7616666666666666
0.788888888888889
0.6991666666666667
0.8309722222222222
0.775
0.8173611111111111
0.7447222222222222
0.7933333333333333
0.6565277777777778
0.765277777777778
0.6736111111111112
0.7619444444444444
0.7208333333333332
0.7095833333333333
0.6390277777777778
0.823888888888889
0.7048611111111113
0.7436111111111112
0.7045833333333335
0.7008333333333333
0.7436111111111112
0.7263888888888889
0.7416666666666667
0.785
0.6756944444444444
0.7554166666666668
0.795
0.762638888888889
0.7188888888888889
0.826388888888889
0.8247222222222221
0.8018055555555557
0.7625
0.7174999999999999
0.7548611111111112
0.7615277777777778
0.8918055555555555
0.7884722222222222
0.7751388888888889
0.8523611111111112
0.7068055555555556
0.778611111111111
0.6781944444444444
0.7543055555555557
0.8356944444444444
0.7919444444444445
0.7930555555555555
0.7706944444444445
0.7579166666666667
0.7355555555555555
0.7983333333333332
0.7188888888888889
0.8523611111111111
0.8243055555555555
0.7256944444444445
0.6904166666666667
0.7456944444444445
0.7693055555555556
0.8279166666666667
0.7690277777777778
0.8354166666666667
0.6798611111111111
0.6308333333333334
0.80875
0.6905555555555556
0.821388888888889
0.7847222222222222
0.6944444444444445
0.6998611111111112
0.746388888888889
0.6631944444444444
0.7336111111111111
0.8272222222222223
0.8336111111111112
0.8111111111111112
0.7841666666666668
0.7573611111111112
0.7684722222222222
0.7470833333333333
0.8237500000000001
0.7506944444444444
0.7522222222222222
0.7561111111111111
0.7513888888888889
0.7398611111111111
0.7905555555555555
0.7347222222222223
0.6625000000000001
0.7730555555555555
0.7380555555555556
0.7429166666666667
0.7447222222222223
0.7147222222222223
0.7283333333333334
0.7393055555555555
0.7090277777777778
0.824861111111111
0.6818055555555556
0.7772222222222223
0.6726388888888888
0.8280555555555555
0.6880555555555556
0.6541666666666668
0.8141666666666667
0.77625
0.7343055555555555
0.8641666666666666
0.72375
0.7958333333333334
0.6922222222222223
0.8159722222222222
0.8173611111111111
0.752638888888889
0.6509722222222222
0.7618055555555555
0.6931944444444444
0.6619444444444444
0.8122222222222222
0.8294444444444444
0.6766666666666666
0.7168055555555555
0.7604166666666666
0.7565277777777777
0.6865277777777777
0.6877777777777777
0.7519444444444444
0.6870833333333333
0.8134722222222223
0.6316666666666667
0.7855555555555556
0.7029166666666666
0.7119444444444444
0.7865277777777777
0.8331944444444445
0.7215277777777779
0.6554166666666668
0.7713888888888889
0.7997222222222222
0.75625
0.7393055555555555
0.7954166666666667
0.7943055555555556
0.7197222222222222
0.757638888888889
0.6854166666666666
0.7645833333333332
0.7931944444444444
0.7872222222222223
0.7193055555555555
0.86
0.8036111111111112
0.7268055555555556
0.8380555555555556
0.7443055555555556
0.8408333333333334
0.8243055555555555
0.7948611111111112
0.71375
0.7944444444444444
0.7991666666666667
0.7341666666666666
0.7395833333333334
0.7780555555555556
0.6926388888888889
0.7123611111111111
0.8572222222222222
0.7311111111111112
0.7370833333333333
0.8248611111111112
0.8395833333333332
0.8005555555555556
0.6919444444444445
0.7809722222222221
0.7725000000000001
0.8206944444444445
0.6977777777777777
0.7993055555555555
0.7877777777777777
0.7101388888888889
0.74375
0.7243055555555556
0.6781944444444444
0.6938888888888888
0.7518055555555555
0.6575000000000001
0.7798611111111111
0.8061111111111111
0.7561111111111112
0.7556944444444446
0.8070833333333334
0.7370833333333334
0.8093055555555555
0.7565277777777778
0.7054166666666666
0.8079166666666667
0.72875
0.8036111111111112
0.7820833333333332
0.7479166666666667
0.7125000000000001
0.7459722222222223
0.7179166666666666
0.7954166666666667
0.7363888888888889
0.7415277777777778
0.8005555555555555
0.7586111111111111
0.7716666666666666
0.75125
0.6641666666666668
0.778888888888889
0.83375
0.6581944444444444
0.7951388888888888
0.7209722222222222
0.7913888888888889
0.6811111111111111
0.7259722222222222
0.8143055555555555
0.7941666666666666
0.7602777777777778
0.7854166666666668
0.7723611111111112
0.8506944444444444
0.7393055555555555
0.7543055555555556
0.7763888888888889
0.7536111111111112
0.8080555555555556
0.6826388888888889
0.6884722222222222
0.7626388888888889
0.8243055555555554
0.727638888888889
0.8422222222222222
0.8145833333333333
0.7590277777777777
0.75375
0.7240277777777778
0.7465277777777777
0.7509722222222222
0.7180555555555554
0.7779166666666666
0.7680555555555556
0.6520833333333332
0.6773611111111112
0.7472222222222221
0.7266666666666666
0.6951388888888889
0.7615277777777777
0.7430555555555555
0.7969444444444445
0.6897222222222222
0.6991666666666667
0.6884722222222222
0.7630555555555556
0.7679166666666666
0.7844444444444444
0.7815277777777778
0.7141666666666667
0.8016666666666666
0.73125
0.8558333333333332
0.6929166666666666
0.7265277777777778
0.6769444444444443
0.8208333333333334
0.7975000000000001
0.8355555555555556
0.7023611111111111
0.7211111111111111
0.7963888888888889
0.7751388888888889
0.7712500000000001
0.7758333333333334
0.7144444444444444
0.655
0.8081944444444444
0.8220833333333333
0.8209722222222222
0.7969444444444445
0.8123611111111111
0.8522222222222222
0.7131944444444445
0.7381944444444444
0.8326388888888889
0.7015277777777778
0.7181944444444445
0.7630555555555555
0.7345833333333334
0.7405555555555555
0.7355555555555556
0.6956944444444444
0.6915277777777777
0.7343055555555557
0.7847222222222222
0.8622222222222222
0.6816666666666666
0.7902777777777779
0.747638888888889
0.8270833333333334
0.8004166666666667
0.815
0.7304166666666667
0.7008333333333333
0.785
0.7669444444444443
0.7959722222222222
0.7370833333333333
0.7238888888888888
0.7204166666666666
0.7480555555555556
0.8097222222222223
0.6906944444444444
0.6644444444444444
0.7855555555555556
0.8325
0.6370833333333333
0.7423611111111111
0.7823611111111111
0.7768055555555556
0.6913888888888888
0.7297222222222223
0.7879166666666667
0.8176388888888888
0.6898611111111111
0.7493055555555557
0.7566666666666667
0.7823611111111111
0.7393055555555555
0.8115277777777777
0.7636111111111111
0.7209722222222222
0.7602777777777777
0.6852777777777778
0.7076388888888888
0.7801388888888888
0.7344444444444445
0.7545833333333334
0.7015277777777778
0.7256944444444444
0.67
0.7208333333333334
0.7938888888888889
0.7322222222222222
0.8604166666666667
0.7077777777777778
0.8016666666666667
0.6227777777777778
0.8175
0.6822222222222222
0.7951388888888888
0.7166666666666667
0.7890277777777778
0.8129166666666667
0.7284722222222222
0.7890277777777778
0.7318055555555555
0.6627777777777778
0.7954166666666667
0.7856944444444445
0.8344444444444445
0.8201388888888889
0.8002777777777778
0.762638888888889
0.7502777777777778
0.77375
0.6790277777777777
0.8016666666666666
0.7675000000000001
0.7465277777777778
0.8069444444444445
0.76375
0.803611111111111
0.7630555555555556
0.7804166666666668
0.8236111111111111
0.8084722222222223
0.8306944444444445
0.7890277777777779
0.8029166666666667
0.6822222222222222
0.7202777777777778
0.7729166666666667
0.68625
0.7930555555555555
0.73875
0.8036111111111112
0.7802777777777778
0.7966666666666666
0.6361111111111112
0.7506944444444444
0.7606944444444445
0.6998611111111112
0.765
0.6725000000000001
0.7358333333333332
0.7545833333333333
0.700138888888889
0.78375
0.7390277777777777
0.7508333333333334
0.7816666666666667
0.8047222222222222
0.8534722222222223
0.7265277777777778
0.71625
0.8747222222222222
0.7373611111111111
0.7279166666666667
0.7987500000000001
0.7561111111111111
0.7684722222222222
0.8312499999999999
0.8136111111111111
0.7341666666666666
0.6956944444444444
0.7559722222222223
0.6805555555555556
0.6919444444444445
0.7659722222222222
0.82625
0.7894444444444444
0.8179166666666667
0.7520833333333334
0.7572222222222222
0.7715277777777778
0.7591666666666667
0.6406944444444445
0.7258333333333333
