0.15586322149146553
0.1923872332827698
0.25843225977603823
0.18832530864465086
0.2645612907638243
0.19890608313120117
0.2459651198908373
0.21604449470277753
0.22285053051584247
0.2155094324594175
0.25655414733001836
0.2192556993939282
0.15862772773325487
0.2439257812021801
0.17507871891705581
0.19609288804352887
0.27252967193660604
0.19460510505345335
0.24728468714061186
0.30354817208101836
0.2326943075374273
0.2275251151534085
0.313702881878275
0.22921983117660333
0.21370728736611275
0.18973670978188648
0.2844147080411364
0.2610666969762111
0.22756937691418405
0.25091574295839003
0.22705513951970094
0.23418154113216183
0.26679938943723425
0.2944328796842962
0.2264025784058324
0.29604825981639515
0.2733021169609429
0.2102282549462527
0.20848027712083822
0.2667004207713648
0.2763925378846571
0.27848256526506854
0.26102729446897865
0.1981506733787286
0.2565436167848153
0.2826483934259805
0.3089313687323383
0.20809758472591303
0.22746082617501906
0.28252743833547844
0.23076710195354821
0.2045069878836805
0.23328206105275226
0.22579076458284844
0.23401994551736427
0.3099848793130803
0.21318118523951804
0.23494667220924967
0.24173081634187396
0.19388731651252994
0.18531234041570008
0.2086159671757152
0.23242049463425732
0.2774806582833412
0.20043288605774834
0.2090809983170333
0.298700904994069
0.22203937045105154
0.25733933109430673
0.1985091078355365
0.33900672368906104
0.3258828136119599
0.19283617677284842
0.25262384717489766
0.21591763964414276
0.2234257141128975
0.1942635463463071
0.19629027413438976
0.2229223384510517
0.2743962046451096
0.2385623504645796
0.19282385852604617
0.2048299264996261
0.19226677068312054
0.22398404767493735
0.27548916605284646
0.22591418393200163
0.2029553095861601
0.193499202844558
0.223320093418451
0.23007302391302475
0.24123546838104287
0.23396203701957785
0.249432303516623
0.1572977228173162
0.22141856327002554
0.2456284308214486
0.21928283292935036
0.19459328849598395
0.18472546457445616
0.2241999274398283
0.33235862054543996
0.347944996808497
0.24950622647623305
0.20847796497997892
0.23851947887356148
0.23353258284025216
0.2723556549771397
0.2991382190026458
0.2810912021094563
0.19360810367611303
0.22587537139060396
0.1898713224204534
0.19919349787958573
0.193791989287762
0.2642961076244467
0.27946967246056187
0.20152487415725423
0.27936332795167146
0.29467486977466273
0.23465378108777973
0.2737220737474477
0.1824556142250499
0.2402217709843511
0.23670903025925538
0.2603773250348561
0.17766797505746842
0.2147210514804962
0.23441895837727855
0.2534077611021731
0.18881468399214965
0.17569861771425743
0.21588933386399622
0.23822687434974157
0.2266160921983929
0.2395419863984301
0.24304655833293137
0.3488625823991036
0.29805994956476217
0.24978760695213192
0.19504418012814193
0.20107786932912597
0.2553742782890106
0.26181830888806085
0.21288410065563462
0.21960891887397785
0.22209097034543226
0.23694129834785357
0.20273745626117706
0.30561552075746923
0.21414932361403838
0.1970903316469908
0.18458837520754864
0.3016782471532037
0.19304357372929204
0.2482724054875435
0.20800097225762798
0.20846461790315976
0.21562675817065827
0.22971971590731374
0.18821812988639483
0.2573906875301595
0.18704073635693397
0.20374814330048385
0.2382368632357325
0.21935898211150873
0.3011137932788211
0.22152141486860993
0.21668990248192216
0.2522343506091893
0.15925842157822082
0.2112641533706331
0.1940247556840639
0.2395668693318479
0.2422410085043652
0.1957830923518022
0.33427727658434925
0.23957487230045335
0.27089488723943816
0.244996105546691
0.25711416634749557
0.24241349978574267
0.18498552278018865
0.22439527586324376
0.2713686478509808
0.26388183585298575
0.21673034375423866
0.234662924795869
0.22489221359834627
0.19593997840370603
0.18818336072135589
0.19879145694732736
0.1535066025516793
0.2899854349880682
0.22056428496267233
0.2630020816537762
0.19316596210667436
0.18358438876926514
0.20975916626336755
0.21601408524283267
0.31225169654582074
0.19454321909808622
0.35176885998154706
0.22263314230522352
0.29897090846396657
0.21332593551385215
0.28170296360889885
0.23759919997758353
0.25957187733411274
0.2277344589598337
0.2706736199222844
0.24756317770657948
0.22518636666075276
0.2652108861577389
0.2358789492703052
0.24610541966798993
0.229419338303048
0.28832101213889094
0.24013128107494427
0.2021084732793981
0.2853752166432841
0.20379592715887282
0.2439705179159583
0.2578006767204367
0.2886321848756489
0.22006320587234884
0.16940110344227827
0.22528448994701605
0.2906525490604738
0.2619994720122534
0.2901952730528513
0.20798588389738792
0.21636450205860877
0.19250621772353993
0.19734469268271954
0.20216920734929772
0.21267564588363905
0.26713112740984324
0.2218608069757833
0.21048416765151548
0.2950708436907522
0.2059319646549181
0.2715819308258027
0.27829616931896173
0.24816019613813523
0.2471299529123749
0.24110957452679072
0.23701869606310053
0.2184590165801473
0.21924330279863224
0.22860355369195226
0.3498173331860607
0.20745248044722514
0.26106299570439284
0.231259513664306
0.20835320186630224
0.21951688042544348
0.23794530215645646
0.21363216763544146
0.3016440993368626
0.21557061013431544
0.20762128959325515
0.24211750889980752
0.2635006458264033
0.20548772993619324
0.23886791738823143
0.19737949374057812
0.18717376675119038
0.28037323228216265
0.23395921033674733
0.18891554920757675
0.2326396364214666
0.20163090261214295
0.23799131551739763
0.2132429001401781
0.24006299694569477
0.2573962765408908
0.2121472059835466
0.26435424339026786
0.23558380739804258
0.3076577179408252
0.27422610517406
0.26759262385435345
0.20965921563401968
0.18869699023365213
0.2772272206852972
0.2949617841344069
0.1944579706474712
0.2561217465544656
0.27740809311081027
0.26796445001844627
0.3080780184362956
0.2307096745507167
0.24918664894023873
0.22160291042403035
0.24531770900117694
0.20263779467061344
0.22758608740746894
0.2194676902407039
0.20336295652395048
0.2648609494017756
0.22450076952889308
0.2112871044047728
0.22282674810071393
0.26092762372478395
0.25914338861583314
0.2126694909300736
0.19544396799109343
0.1966745288640884
0.3485621815429298
0.1896382394750854
0.24261562438660883
0.22604913739165966
0.16388672679907057
0.22888509118861353
0.2839347783782201
0.22354575196545057
0.29377368206563037
0.20850639034537893
0.24474330620960533
0.23756501916228995
0.19103792702336406
0.23713060735010402
0.24677062785372014
0.3271919833824027
0.26101292385395686
0.20161845326934463
0.225745149921731
0.191858310489732
0.20817861201082297
0.23254425288892436
0.24745455317193282
0.23775833202767252
0.22632490226800933
0.21734785780054022
0.1947024635772747
0.21101129270433472
0.41526119799172645
0.2073437670593466
0.2219250183076936
0.18903630200710414
0.22870199022146426
0.23302946265997945
0.26448341293307825
0.22450034056466725
0.1775166919096748
0.2549238858278232
0.24232381460528513
0.2385769336480988
0.36018298468675813
0.17558861701877687
0.1969803170911298
0.270605323455254
0.24693845534937886
0.19893901549056633
0.1909281559068856
0.24148951296310545
0.26296382275494673
0.16397537737401402
0.2970797088388584
0.2783158933244434
0.22864374308860763
0.21467206539592804
0.23136787751114482
0.23303827555994522
0.23101226519800297
0.2445376983494621
0.18602893839887913
0.30350354948029773
0.22829503781867927
0.1999288074447903
0.2152587725819063
0.24179192419045223
0.23444253717557714
0.20546222592732116
0.1774056333324819
0.2349136092858289
0.2866549026643243
0.22377081910027502
0.22948016282719996
0.24464883991598024
0.22937672774978696
0.32302135144288824
0.2600309025503894
0.2262210943634746
0.19072956446279848
0.25715380023630685
0.2301710465767634
0.2807390183059121
0.20777922547703115
0.26501627748220746
0.23945556688061254
0.2878983618754033
0.26209961684273325
0.1947849949268355
0.2643152909043917
0.20585321272571705
0.21927488284813473
0.23884644363135443
0.2755475788007625
0.2044234096297582
0.18798350055970287
0.2069366363839377
0.17528376645934
0.2110586512374687
0.2098459645779049
0.1762010048032834
0.2447539855476139
0.18954849459808432
0.20172978282921322
0.20930263814324462
0.23754982182721956
0.18499967487572444
0.19070342059980916
0.21520419528443696
0.34135269021200837
0.22996319037927546
0.2194503242480718
0.21548289072850974
0.239854803822046
0.20429364780709117
0.2514608198207644
0.2640709976939184
0.21738958403959902
0.26579468792937677
0.188912452428376
0.2491622873128671
0.21165798550866677
0.24707390901464243
0.2129523948855459
0.18454238802610146
0.23146942703080262
0.2610852124836079
0.284222533073284
0.21790696282684377
0.22345009261089147
0.19833285633334524
0.2427382977957147
0.24519572927184186
0.23028385846003405
0.19187547779712227
0.22094119924614714
0.1893985806442149
0.22762204424355653
0.23550909475330287
0.3744417561174398
0.19414449388554775
0.22389822190719894
0.21673772665298546
0.2941722035199921
0.2799591049206216
0.27089376423616224
0.21597596824754
0.2776355002545625
0.2092728905269083
0.2011524870914546
0.2828233876735858
0.22201414849960088
0.25796249208940075
0.17410853629108775
0.2081301594381999
0.2119065036241407
0.2065985979436294
0.3225413138197259
0.26913709041382655
0.24220051605434112
0.2485994110381881
0.3006556269488515
0.25581259917329247
0.32201876453320005
0.25245593908348263
0.2041321101841072
0.20610637334163356
0.19527795232356385
0.2740198371758906
0.21210167978374828
0.22922849145392193
0.2788243552087841
0.21286101376677036
0.2502154159567366
0.236353686272693
0.21814134944174918
0.32666987868933095
0.194081645340081
0.19571284730226657
0.19515383682358536
0.22218507343976976
0.20313543697569064
0.25941548966215144
0.2340505192882806
0.2020777033007547
0.24652378932308996
0.21944228554182638
0.228627212557258
0.25808439667655625
0.2664230765529047
0.18029403940460312
0.21950943056000688
0.18590795854523331
0.21547552569579737
