0.485981308411215
0.5434782608695652
0.4807692307692308
0.5416666666666666
0.4821428571428572
0.5252525252525253
0.5897435897435898
0.48543689320388356
0.4905660377358491
0.5411764705882354
0.45454545454545453
0.4660194174757281
0.5567010309278351
0.4516129032258065
0.5052631578947369
0.5306122448979592
0.5
0.6
0.4601769911504426
0.625
0.5434782608695652
0.64
0.5306122448979592
0.524271844660194
0.45283018867924535
0.5306122448979592
0.5333333333333333
0.5000000000000001
0.5306122448979592
0.6075949367088609
0.5977011494252873
0.6024096385542169
0.44247787610619466
0.5833333333333333
0.625
0.47826086956521735
0.5647058823529413
0.5517241379310345
0.5714285714285713
0.5376344086021505
0.5137614678899083
0.5681818181818181
0.5208333333333334
0.5102040816326531
0.5098039215686274
0.5434782608695652
0.5945945945945945
0.5142857142857143
0.5376344086021505
0.5617977528089888
0.608695652173913
0.4716981132075471
0.4695652173913043
0.5000000000000001
0.5333333333333333
0.6352941176470589
0.5434782608695652
0.6769230769230768
0.5217391304347827
0.5777777777777778
0.47706422018348627
0.684931506849315
0.5346534653465346
0.46938775510204084
0.4909090909090909
0.4752475247524753
0.5853658536585367
0.5797101449275363
0.5
0.6506024096385542
0.5000000000000001
0.49411764705882355
0.5842696629213483
0.49462365591397855
0.54320987654321
0.52
0.5000000000000001
0.5168539325842697
0.49019607843137253
0.4646464646464646
0.514851485148515
0.5647058823529413
0.676056338028169
0.6341463414634146
0.4827586206896553
0.4778761061946903
0.5494505494505496
0.5142857142857143
0.6
0.5494505494505496
0.6575342465753425
0.485981308411215
0.5294117647058825
0.5952380952380952
0.5301204819277109
0.4905660377358491
0.5842696629213483
0.5591397849462365
0.4909090909090909
0.5434782608695652
0.5142857142857143
0.5154639175257731
0.5365853658536585
0.4489795918367347
0.46938775510204084
0.5681818181818181
0.5360824742268041
0.5591397849462365
0.5098039215686274
0.5142857142857143
0.6024096385542169
0.5263157894736842
0.5333333333333333
0.5909090909090909
0.5909090909090909
0.5384615384615385
0.5192307692307692
0.5227272727272728
0.43396226415094336
0.5416666666666666
0.6486486486486486
0.5384615384615384
0.4642857142857143
0.4893617021276596
0.5360824742268041
0.5773195876288659
0.46153846153846156
0.5319148936170213
0.5
0.568421052631579
0.4576271186440678
0.5714285714285714
0.5675675675675677
0.6575342465753425
0.5510204081632653
0.6097560975609756
0.7200000000000001
0.5531914893617021
0.6575342465753425
0.5866666666666667
0.5952380952380952
0.5252525252525253
0.47619047619047616
0.5866666666666667
0.5106382978723405
0.49504950495049505
0.5348837209302325
0.5517241379310345
0.6027397260273971
0.4807692307692308
0.5783132530120482
0.5384615384615385
0.5161290322580645
0.5625000000000001
0.5833333333333333
0.5434782608695652
0.5348837209302325
0.5052631578947369
0.5050505050505051
0.4835164835164835
0.47058823529411764
0.5652173913043478
0.5116279069767441
0.48000000000000004
0.47058823529411764
0.5934065934065934
0.5517241379310345
0.5274725274725275
0.5494505494505496
0.5393258426966292
0.5238095238095238
0.5217391304347827
0.5106382978723405
0.574712643678161
0.5434782608695652
0.5301204819277109
0.5154639175257731
0.49504950495049505
0.5679012345679013
0.5208333333333334
0.5185185185185185
0.5882352941176471
0.5882352941176471
0.5567010309278351
0.5714285714285714
0.4821428571428572
0.6585365853658537
0.5052631578947369
0.5346534653465346
0.5316455696202531
0.5000000000000001
0.4380952380952381
0.4554455445544555
0.5060240963855422
0.46153846153846156
0.4521739130434783
0.4778761061946903
0.5641025641025641
0.4873949579831933
0.5052631578947369
0.5714285714285714
0.5348837209302325
0.47826086956521735
0.5263157894736842
0.5591397849462365
0.5360824742268041
0.5227272727272728
0.5333333333333333
0.6
0.5360824742268041
0.6024096385542169
0.5617977528089888
0.5617977528089888
0.5454545454545454
0.5434782608695652
0.5000000000000001
0.5822784810126582
0.6136363636363636
0.5142857142857143
0.5252525252525253
0.514851485148515
0.5555555555555556
0.5714285714285714
0.5454545454545454
0.6046511627906976
0.625
0.4807692307692308
0.45454545454545453
0.524271844660194
0.5346534653465346
0.48148148148148145
0.5647058823529413
0.5376344086021505
0.5714285714285714
0.5555555555555556
0.5094339622641509
0.4642857142857143
0.45045045045045046
0.39622641509433965
0.4098360655737705
0.5909090909090909
0.6857142857142857
0.5161290322580645
0.5333333333333333
0.5641025641025641
0.6024096385542169
0.5348837209302325
0.5581395348837209
0.4237288135593221
0.47916666666666674
0.5714285714285714
0.42424242424242425
0.4778761061946903
0.6666666666666667
0.611764705882353
0.6301369863013698
0.5882352941176471
0.5274725274725275
0.5227272727272728
0.48000000000000004
0.574712643678161
0.574712643678161
0.6285714285714286
0.5974025974025974
0.608695652173913
0.5494505494505496
0.5494505494505496
0.49523809523809526
0.5
0.5882352941176471
0.41269841269841273
0.45614035087719296
0.6024096385542169
0.4821428571428572
0.4107142857142857
0.5882352941176471
0.5346534653465346
0.6478873239436621
0.5416666666666666
0.5208333333333334
0.5106382978723405
0.45283018867924535
0.49523809523809526
0.5
0.5176470588235295
0.5263157894736842
0.5581395348837209
0.43333333333333335
0.49019607843137253
0.524271844660194
0.6585365853658537
0.5517241379310345
0.6075949367088609
0.5952380952380952
0.5454545454545454
0.5609756097560975
0.5416666666666666
0.5154639175257731
0.5591397849462365
0.5161290322580645
0.5094339622641509
0.46938775510204084
0.5
0.6153846153846154
0.5050505050505051
0.4509803921568627
0.5454545454545454
0.6315789473684211
0.5952380952380952
0.47727272727272735
0.575
0.49019607843137253
0.65625
0.5617977528089888
0.49523809523809526
0.6153846153846154
0.5046728971962617
0.44067796610169496
0.6097560975609756
0.6506024096385542
0.5333333333333333
0.5679012345679013
0.5517241379310345
0.4273504273504274
0.5360824742268041
0.5227272727272728
0.43243243243243246
0.5274725274725275
0.5161290322580645
0.5544554455445544
0.5555555555555556
0.5882352941176471
0.4166666666666667
0.5813953488372092
0.5617977528089888
0.574712643678161
0.6944444444444444
0.4719101123595506
0.5510204081632653
0.5517241379310345
0.3969465648854962
0.5227272727272728
0.5
0.5000000000000001
0.3968253968253969
0.6329113924050633
0.5111111111111111
0.5333333333333333
0.5102040816326531
0.489795918367347
0.4601769911504426
0.5777777777777778
0.5581395348837209
0.5542168674698795
0.625
0.5783132530120482
0.45999999999999996
0.5052631578947369
0.45714285714285713
0.5617977528089888
0.54320987654321
0.5217391304347827
0.64
0.45283018867924535
0.4909090909090909
0.5882352941176471
0.5274725274725275
0.627906976744186
0.5656565656565656
0.5542168674698795
0.48148148148148145
0.4684684684684684
0.5161290322580645
0.48148148148148145
0.5111111111111111
0.5806451612903225
0.5384615384615385
0.5283018867924527
0.5454545454545454
0.65
0.6
0.5319148936170213
0.5102040816326531
0.4893617021276596
0.5319148936170213
0.5319148936170213
0.5813953488372092
0.5217391304347827
0.574712643678161
0.5925925925925927
0.5569620253164558
0.5974025974025974
0.5454545454545454
0.6478873239436621
0.5227272727272728
0.5555555555555556
0.5106382978723405
0.5393258426966292
0.49462365591397855
0.6
0.5510204081632653
0.5925925925925927
0.5098039215686274
0.5897435897435898
0.5217391304347827
0.514851485148515
0.5531914893617021
0.5333333333333333
0.52
0.45000000000000007
0.6172839506172839
0.5591397849462365
0.5454545454545454
0.6046511627906976
0.5116279069767441
0.5416666666666666
0.5853658536585367
0.5476190476190477
0.5641025641025641
0.48148148148148145
0.49019607843137253
0.489795918367347
0.5227272727272728
0.5000000000000001
0.5227272727272728
0.5000000000000001
0.6172839506172839
0.5168539325842697
0.5238095238095238
0.7042253521126761
0.6315789473684211
0.5360824742268041
0.5909090909090909
0.5454545454545453
0.5384615384615385
0.4807692307692308
0.5306122448979592
0.5316455696202531
0.6097560975609756
0.5360824742268041
0.5217391304347827
0.5102040816326531
0.5111111111111111
0.46551724137931033
0.52
0.45614035087719296
0.5263157894736842
0.6153846153846154
0.5333333333333333
0.5050505050505051
0.47826086956521735
0.5510204081632653
0.4716981132075471
0.514851485148515
0.5591397849462365
0.4466019417475728
0.5294117647058825
0.5454545454545454
0.6376811594202899
0.5866666666666667
0.49019607843137253
0.5102040816326531
0.5052631578947369
0.5609756097560975
0.5098039215686274
0.4948453608247423
0.5142857142857143
0.514851485148515
0.4660194174757281
0.4642857142857143
0.4684684684684684
0.47706422018348627
0.45378151260504207
0.5434782608695652
0.5393258426966292
0.49019607843137253
0.5274725274725275
0.5052631578947369
0.489795918367347
0.4842105263157895
0.611111111111111
0.6388888888888888
0.5813953488372092
0.48543689320388356
0.5208333333333334
0.5111111111111111
0.6153846153846154
0.5773195876288659
0.4752475247524753
0.5499999999999999
0.5882352941176471
0.5319148936170213
0.5121951219512195
0.49019607843137253
0.489795918367347
0.4752475247524753
0.5048543689320387
0.5393258426966292
0.52
0.5294117647058825
