0.32775610442878944
0.557837057777026
0.4912765772889295
0.5561997014305974
0.4250581014419225
0.4701827549799632
0.47361475337026915
0.3847462850665265
0.3471250761703665
0.42989246464903097
0.4895908693710818
0.5230375214025158
0.26296716085603267
0.6039836927627603
0.26066008377814726
0.4808879124580237
0.47388103700954437
0.40915305201110025
0.4483834302782676
0.5674136456757363
0.34434809015953083
0.5131894673555942
0.622873491201578
0.499837974864957
0.49026593289877196
0.30965138644961787
0.42218765589877616
0.4572582411943768
0.4388290640409531
0.4628445934162748
0.4067441012331983
0.5042640648561679
0.6403217833989516
0.41702000087276
0.5266568005646435
0.48193149907503996
0.5048815539714683
0.44139291307807416
0.39873031362651756
0.43734837417924377
0.551113130681397
0.47194962287742726
0.5209816895094359
0.4499147003158774
0.48891674750173475
0.5443091748664846
0.46010257747221533
0.49451977550230597
0.35390726706543263
0.55453287875464
0.41019215665460185
0.5975337424600822
0.4627632503381557
0.5488825999748261
0.5593345869808436
0.6074362282671857
0.5402520254402231
0.5628290769644767
0.4749662328921831
0.4098026423362698
0.3274724740758429
0.546198082320317
0.43640405870041477
0.46636146183431415
0.4377063249360847
0.5235614945351112
0.4656285337785915
0.43864816048785193
0.4693092416785092
0.44700416416300914
0.5180238801891184
0.583832422936728
0.3800118709971835
0.43149142124663964
0.45320291951273073
0.48896803748764284
0.4576690525562708
0.4594000067428404
0.4181175580840855
0.4796124000429749
0.38432148919018816
0.49304813409672704
0.4280677173936702
0.33737684065829543
0.4384961401040369
0.42359176009744565
0.42634908457283205
0.46369917078870104
0.39976695323343053
0.42749408102632547
0.4451771740746307
0.5423148979264019
0.4392572869820421
0.5018771088037983
0.2686292952429556
0.43212649838081935
0.5662101897528268
0.49864920487762604
0.46607710388439927
0.3393445543650814
0.46310885527427764
0.6228503019892593
0.6014586137695326
0.4640502336920445
0.4563479819760343
0.4202064408550169
0.5199243709759683
0.5359274734310692
0.5245483076647174
0.5514507680545733
0.3451131172858242
0.5734680736694314
0.33663781514921576
0.5196119858980777
0.4975071129410126
0.4836458533098986
0.5037017676504919
0.4661732287872401
0.5090856458589078
0.5195482236838341
0.5110694763434144
0.6352372152769145
0.330540075744318
0.45808247471470737
0.37920368577541713
0.5153788243698315
0.3915261377910466
0.4966406753972674
0.4051064345715218
0.45430828251012134
0.36862763776789675
0.2680761951679122
0.4381550965881091
0.4392305947131713
0.4272834620473892
0.475055622279586
0.486294299974565
0.5329023798020142
0.483466306072055
0.45807560678652903
0.49786548073468484
0.4508615717288744
0.5768435281078819
0.5684294916164916
0.4314197590640677
0.37904163525672085
0.441565532908603
0.4113056275340149
0.48045754779910294
0.6316790517778086
0.40080407691196757
0.3407229300275061
0.4875530315342998
0.5854944062210268
0.4511258936549448
0.508251512358311
0.491542635991057
0.4169897848198658
0.4025701220342408
0.43231941199038537
0.40897656314787556
0.5292404958128752
0.4641669819323156
0.5133199080630582
0.5926335406234575
0.38870867118676394
0.5101509933806059
0.45258350388540103
0.39844126441293504
0.5515845946800639
0.38322118384435133
0.4522216966058181
0.4144139149540452
0.5815303309466493
0.4817330346427867
0.4901321292489333
0.4220659825656083
0.5158170686872159
0.479400830959211
0.5154860888909958
0.5855307499728624
0.43962189763117593
0.4533534381508837
0.435913696146613
0.5214237594077837
0.459361950984899
0.38378799192355173
0.5883068875686435
0.4788544368754821
0.42601311721560375
0.35062083246860276
0.3959322593815931
0.32072123752355014
0.4981050251387607
0.4424022588606349
0.5328828922877096
0.3393962580425273
0.42595895217535484
0.5411778490963715
0.5180423684205915
0.49573961518906784
0.3430416426641916
0.5419519767170677
0.5615192054130242
0.5811804279579369
0.4242448232706292
0.5502461107831139
0.47512406686678876
0.502400261697957
0.5288464001426829
0.43098004760677006
0.5803128955456407
0.46600418036499636
0.4461743073795719
0.38358871141681483
0.5839651216504965
0.5928005186299297
0.5598556649586545
0.42209145408392423
0.47992867662029687
0.45229237753765744
0.6397640513964842
0.5952160353169286
0.6466883917922805
0.48590951373078434
0.4344866775251513
0.3502781705468847
0.6023391400017054
0.5740736389261601
0.4811838535153509
0.5396628072566796
0.37459864134790005
0.44226733556943953
0.30639792723146325
0.41259457441728575
0.43750352686605987
0.5308107375151911
0.49888620698923636
0.3986115558039564
0.48722444804621645
0.5592920501097377
0.45583589674251396
0.48325928766568155
0.5123340097736883
0.6077919034102398
0.5766189777960579
0.5338908110272018
0.43729655674422313
0.5237444675460159
0.5085280575354568
0.45412841053841774
0.4817462529645603
0.4340536788344848
0.5342976100321662
0.5085991901220317
0.3178560740503563
0.4980887756314435
0.4948884814177928
0.43259783382411265
0.5141442026653882
0.4414977808202687
0.44143359772643925
0.524703129631094
0.5472521794271961
0.5154387428240897
0.41807451130050766
0.4143620649494396
0.40971548250563605
0.44273866612584156
0.4655839039723998
0.3510517315807647
0.4451976394276225
0.5085797575058687
0.5408278722862482
0.4569439443072786
0.5023383167590897
0.43182744407790297
0.5312070405851856
0.561699282359448
0.40740728538393073
0.5070754873321752
0.4097265584553581
0.4464141132795151
0.5169793096018577
0.48979921539012744
0.47433338513707746
0.5369366560783122
0.37518889589357696
0.6359176351806127
0.3924395967485565
0.5240269727209715
0.47855641271966176
0.39195697946183267
0.4615923482314113
0.515738521520498
0.5670489402547898
0.4031641550171078
0.4500579976297345
0.48473514224385983
0.45244466927133575
0.5369932777306095
0.544239573158811
0.4030469437926991
0.43037663491480627
0.4654026735217306
0.5217365608207158
0.41177252671358844
0.49197663955537896
0.4238281787522814
0.5050032002668148
0.4718503861636665
0.47357366869460465
0.4596915448661848
0.35267366096903935
0.4260567893883085
0.44530915886935846
0.4837728806628139
0.45580303234567376
0.42271198152249057
0.48505292450718157
0.402547764508587
0.3438947013267922
0.5282520505775382
0.4335745179920055
0.6558914413126523
0.552820007667061
0.4979205765177699
0.41257974451218626
0.3962247147433756
0.44952953795976675
0.41605553548587426
0.4069998638157021
0.4880523352993974
0.4470411594428405
0.42239841669843725
0.34644194038016796
0.4743573857378719
0.47806982456557434
0.4801357710266955
0.44926225041151685
0.39234936349123484
0.5088378263288266
0.4594397069757493
0.4870693480798802
0.3712855580845824
0.4454793645197461
0.537580188013217
0.41805717826598066
0.5484906724629579
0.5123459454905852
0.3746411602814505
0.5562032426003434
0.4571530603591979
0.5399093088132132
0.3716842903850771
0.4319629531319672
0.45675697395970893
0.5111615704737746
0.48581031733241403
0.5219956407419267
0.4984319593899222
0.47581613382332527
0.48336226505764324
0.33149150179209613
0.5204186635767927
0.49143597310488507
0.5355853897231396
0.34969162202009174
0.5341354444939547
0.4413490568767899
0.43371485587110026
0.4033669625209406
0.5736551563601391
0.5771304789081163
0.5268026310372704
0.39854840822073073
0.41090281337111834
0.4584878771555769
0.4516103120167851
0.43041719958500735
0.48059292788453556
0.4044970210920919
0.5114237409032244
0.521829761740305
0.3590982274175222
0.3296586750755853
0.5341232150170079
0.427869871789827
0.5202927290745653
0.3909301753442451
0.538472778045976
0.3879307553820643
0.4539541947531478
0.6647987360926706
0.42343945262007915
0.49847223123593554
0.4599681747213818
0.35087054445676824
0.5043358999372997
0.43799216282739467
0.4118926408840107
0.37824933069552036
0.4639223968154571
0.5405519788864361
0.3530446388449686
0.5581055343364455
0.4670011131124928
0.5233361595071279
0.43286564169274583
0.29880090664420617
0.39419211852186553
0.3977293927655344
0.4100294298070052
0.5127573196546914
0.4210347351076976
0.5726799977540409
0.5044558212047114
0.47271899934809825
0.4858170303589298
0.591098834870293
0.4478603616716648
0.4639781750549547
0.4935279761657926
0.41264000721573774
0.5245588316739419
0.4417283851592446
0.4765332011209997
0.3463921834536413
0.5018594702459772
0.5123219416854721
0.3352707650462854
0.37199040275962175
0.5056799614680203
0.5236583892075906
0.43848067938222
0.3196958354338572
0.46993945154056543
0.4505468628138851
0.4097734673681738
0.5171243293514153
0.4133770556052844
0.5637421283599453
0.3355580384253646
0.4913373881636606
0.49392124882873123
0.5374191957355686
0.4667135305933024
0.464232150423735
0.4704549345231046
0.43013812792183415
0.5889025788067102
0.5247770406594827
0.38792286030993506
0.3936401622016915
0.4810904540431169
0.47054683112153234
0.6188211802916943
0.4384365368907812
0.5436772845590979
0.4237426481304841
0.47625684141905106
0.4617263565666575
0.5587964419840403
0.4979499771579537
0.47358002025953333
0.5369417735082945
0.4580749180280876
0.5535048528802562
0.41531474211561503
0.5209503545828571
0.39407148113454105
0.3233549688315457
0.34241052863494176
0.4567601450192272
0.5565734205203405
0.41955065762017024
0.3781023474434162
0.46579189465623017
0.48750500355431664
0.5333099486563605
0.5641109557460955
0.4423579582171955
0.5789734210443819
0.37661322252568846
0.4400620983448882
0.5928272177521111
0.4768527299350638
0.44905675105269693
0.49483533793686174
0.564347427157506
0.41862431505682046
0.6180689214474947
0.4131124475377361
0.4384252025327386
0.4041426911986783
0.6242460928844167
0.3687719370451351
0.40478190983300416
0.5160548612019009
0.43273765258492647
