0.8483333333333334
0.8702777777777777
0.8463888888888889
0.8650000000000001
0.8427777777777777
0.8477777777777779
0.8633333333333333
0.8411111111111111
0.8481944444444444
0.826388888888889
0.8333333333333333
0.835
0.8591666666666667
0.8297222222222222
0.8747222222222222
0.8608333333333333
0.8716666666666667
0.8733333333333332
0.8808333333333334
0.9027777777777779
0.8805555555555555
0.8727777777777778
0.8758333333333334
0.8825000000000001
0.8475
0.8547222222222223
0.89
0.8765277777777778
0.8808333333333334
0.8775
0.8616666666666667
0.8916666666666667
0.8287500000000001
0.8719444444444444
0.8747222222222222
0.8208333333333333
0.8744444444444445
0.8813888888888889
0.9008333333333334
0.8827777777777778
0.8665277777777778
0.8922222222222221
0.8825000000000001
0.8088888888888889
0.8572222222222222
0.8419444444444444
0.8786111111111111
0.8747222222222222
0.8738888888888888
0.8616666666666667
0.9147222222222222
0.8308333333333333
0.8086111111111112
0.8747222222222222
0.8833333333333333
0.9252777777777779
0.8633333333333333
0.8872222222222222
0.8425
0.8494444444444444
0.8288888888888889
0.9013888888888889
0.8894444444444444
0.8277777777777777
0.85625
0.8136111111111112
0.8930555555555556
0.8580555555555557
0.8663888888888889
0.9166666666666666
0.8538888888888889
0.8322222222222222
0.8572222222222222
0.8183333333333332
0.8408333333333333
0.8519444444444445
0.8305555555555556
0.8213888888888888
0.8555555555555555
0.8202777777777778
0.8430555555555557
0.8411111111111111
0.8788888888888889
0.8822222222222222
0.9008333333333334
0.8272222222222223
0.8905555555555555
0.8644444444444446
0.8744444444444445
0.861388888888889
0.9072222222222223
0.8558333333333332
0.8827777777777778
0.8658333333333335
0.8200000000000001
0.8377777777777778
0.8602777777777778
0.8900000000000001
0.8636111111111111
0.8786111111111111
0.8711111111111112
0.8755555555555555
0.8372222222222222
0.8319444444444445
0.8208333333333333
0.85
0.8458333333333334
0.8541666666666666
0.8650000000000001
0.8427777777777778
0.8963888888888889
0.8516666666666667
0.8522222222222222
0.898888888888889
0.8908333333333334
0.9047222222222222
0.8444444444444444
0.863888888888889
0.8047222222222223
0.8633333333333333
0.8744444444444446
0.8411111111111111
0.8369444444444445
0.8486111111111111
0.8655555555555555
0.8891666666666667
0.795
0.8783333333333333
0.8547222222222222
0.8847222222222222
0.8311111111111111
0.8773611111111111
0.8566666666666667
0.8888888888888888
0.86
0.8841666666666667
0.9061111111111112
0.8800000000000001
0.9163888888888889
0.8558333333333333
0.8843055555555556
0.8472222222222222
0.8500000000000001
0.8444444444444446
0.8494444444444446
0.8488888888888889
0.8633333333333333
0.836111111111111
0.8675
0.8477777777777777
0.8825000000000001
0.8684722222222223
0.8616666666666667
0.8944444444444445
0.8880555555555557
0.8586111111111111
0.8549999999999999
0.8636111111111111
0.8844444444444445
0.8230555555555555
0.8297222222222221
0.8897222222222223
0.8744444444444445
0.8166666666666668
0.8219444444444444
0.8977777777777778
0.8602777777777777
0.8544444444444445
0.8772222222222222
0.8430555555555556
0.8233333333333334
0.8669444444444445
0.8738888888888889
0.8777777777777778
0.8891666666666667
0.856111111111111
0.8577777777777778
0.8158333333333333
0.8658333333333333
0.8625
0.8238888888888889
0.8888888888888888
0.8866666666666667
0.8766666666666667
0.8652777777777778
0.8522222222222223
0.9116666666666667
0.8291666666666666
0.8697222222222222
0.8519444444444444
0.8283333333333334
0.7883333333333333
0.8366666666666667
0.8205555555555555
0.8430555555555556
0.8416666666666666
0.8244444444444445
0.8811111111111112
0.8558333333333333
0.8388888888888889
0.8577777777777778
0.8322222222222222
0.8483333333333334
0.8465277777777778
0.8705555555555555
0.8691666666666668
0.8605555555555555
0.8825
0.8788888888888889
0.8694444444444446
0.8761111111111111
0.8830555555555556
0.8858333333333334
0.8705555555555555
0.8629166666666667
0.87375
0.8625
0.8769444444444444
0.8441666666666667
0.8647222222222222
0.8797222222222223
0.8569444444444444
0.8863888888888889
0.8697222222222222
0.8852777777777778
0.875
0.8093055555555556
0.8072222222222222
0.8675
0.8688888888888889
0.8444444444444444
0.85
0.8674999999999999
0.8825000000000001
0.8855555555555555
0.8033333333333333
0.8475
0.8177777777777777
0.7895833333333334
0.8222222222222223
0.8722222222222222
0.9044444444444445
0.8620833333333333
0.8655555555555555
0.8941666666666667
0.8844444444444445
0.8416666666666667
0.8577777777777778
0.8097222222222222
0.818888888888889
0.8644444444444445
0.8633333333333334
0.8205555555555555
0.8936111111111111
0.8825
0.8552777777777778
0.8694444444444445
0.8480555555555556
0.8580555555555555
0.8177777777777777
0.8706944444444444
0.8366666666666668
0.8641666666666667
0.8741666666666666
0.8625
0.89
0.8727777777777778
0.8352777777777778
0.8694444444444446
0.8858333333333335
0.8005555555555556
0.8372222222222222
0.8716666666666667
0.8877777777777778
0.8250000000000001
0.8430555555555556
0.8794444444444445
0.9066666666666666
0.8683333333333334
0.8525
0.8405555555555556
0.8322222222222222
0.8763888888888889
0.8225
0.8352777777777778
0.8472222222222222
0.8819444444444444
0.8300000000000001
0.821388888888889
0.9
0.8861111111111112
0.8854166666666666
0.8627777777777779
0.8711111111111112
0.8480555555555556
0.8655555555555556
0.8605555555555556
0.8825000000000001
0.8883333333333333
0.8475
0.841388888888889
0.8241666666666667
0.8586111111111111
0.8805555555555555
0.8658333333333333
0.8141666666666667
0.8555555555555555
0.8777777777777778
0.8858333333333334
0.8097222222222222
0.8555555555555556
0.8472222222222223
0.8866666666666667
0.8497222222222223
0.8466666666666668
0.8830555555555555
0.8666666666666667
0.7733333333333333
0.9025
0.9
0.8313888888888888
0.8533333333333334
0.8575
0.795
0.8663888888888889
0.8608333333333333
0.8097222222222222
0.8630555555555556
0.8025
0.8822222222222224
0.8830555555555555
0.8891666666666667
0.7947222222222223
0.89
0.865
0.8691666666666666
0.893888888888889
0.8233333333333333
0.9016666666666667
0.86875
0.8119444444444445
0.8288888888888889
0.8380555555555556
0.8519444444444444
0.7733333333333333
0.8894444444444445
0.8527777777777779
0.8572222222222222
0.8562500000000001
0.8222222222222222
0.8213888888888888
0.883888888888889
0.8822222222222221
0.831388888888889
0.8605555555555555
0.8444444444444446
0.8158333333333334
0.8330555555555555
0.8222222222222222
0.87875
0.8508333333333333
0.8161111111111111
0.865
0.84875
0.8777777777777778
0.8566666666666667
0.8377777777777777
0.885
0.9033333333333334
0.8452777777777778
0.8225
0.8441666666666667
0.8505555555555556
0.8383333333333333
0.8530555555555556
0.8838888888888888
0.8552777777777778
0.8716666666666666
0.8625
0.8925
0.9063888888888889
0.8708333333333333
0.8666666666666667
0.8161111111111111
0.8547222222222223
0.8441666666666667
0.8627777777777778
0.8544444444444445
0.8530555555555556
0.8616666666666667
0.8583333333333334
0.8866666666666667
0.8441666666666666
0.9091666666666667
0.8525
0.8608333333333335
0.8813888888888889
0.8127777777777777
0.8369444444444445
0.861111111111111
0.8761111111111111
0.8713888888888889
0.8799999999999999
0.8636111111111111
0.8740277777777778
0.8722222222222222
0.8777777777777778
0.8669444444444445
0.8908333333333334
0.8508333333333334
0.8936111111111111
0.8875000000000001
0.8491666666666666
0.8624999999999999
0.8375
0.8675
0.9055555555555557
0.8813888888888889
0.8805555555555555
0.8325
0.8133333333333334
0.821388888888889
0.8455555555555556
0.8497222222222222
0.8525
0.8536111111111111
0.8840277777777777
0.8186111111111112
0.8554166666666668
0.9066666666666666
0.881388888888889
0.8533333333333333
0.8955555555555555
0.8344444444444445
0.895
0.8272222222222223
0.8572222222222222
0.8547222222222222
0.8719444444444445
0.8930555555555556
0.8105555555555556
0.838888888888889
0.8516666666666667
0.8558333333333333
0.8475
0.7952777777777778
0.8238888888888889
0.8683333333333333
0.8302777777777778
0.8447222222222222
0.8536111111111111
0.8930555555555556
0.8541666666666666
0.8655555555555555
0.8477777777777779
0.8161111111111111
0.8991666666666667
0.8327777777777777
0.8711111111111112
0.8600000000000001
0.8305555555555555
0.8408333333333333
0.8597222222222223
0.8705555555555555
0.8602777777777778
0.8505555555555556
0.8695833333333333
0.8680555555555556
0.8108333333333334
0.8333333333333334
0.8986111111111111
0.8197222222222222
0.8319444444444445
0.8705555555555555
0.8433333333333334
0.8286111111111111
0.875
0.8538888888888889
0.8397222222222223
0.8316666666666667
0.8734722222222223
0.8875
0.8938888888888888
0.8333333333333333
0.8733333333333334
0.8436111111111112
0.8725
0.8761111111111111
0.8172222222222223
0.8586111111111111
0.8447222222222223
0.8727777777777779
0.8380555555555557
0.8586111111111111
0.8341666666666667
0.8058333333333333
0.8580555555555556
0.8519444444444444
0.8275
0.8972222222222223
