0.24761904761904763
0.2808988764044944
0.24509803921568626
0.3291139240506329
0.25961538461538464
0.2653061224489796
0.26136363636363635
0.25773195876288657
0.23423423423423423
0.25274725274725274
0.2631578947368421
0.24742268041237114
0.25471698113207547
0.27722772277227725
0.22641509433962265
0.25
0.25
0.2962962962962963
0.24299065420560748
0.28735632183908044
0.2717391304347826
0.32432432432432434
0.33766233766233766
0.2872340425531915
0.22857142857142856
0.26804123711340205
0.2616822429906542
0.24528301886792453
0.26262626262626265
0.3582089552238806
0.2708333333333333
0.32051282051282054
0.29411764705882354
0.32558139534883723
0.352112676056338
0.2619047619047619
0.25806451612903225
0.27906976744186046
0.26666666666666666
0.2631578947368421
0.2641509433962264
0.26881720430107525
0.25510204081632654
0.29069767441860467
0.2736842105263158
0.29069767441860467
0.275
0.2727272727272727
0.24509803921568626
0.29411764705882354
0.2828282828282828
0.25510204081632654
0.3
0.24
0.3218390804597701
0.2903225806451613
0.2358490566037736
0.30985915492957744
0.2696629213483146
0.2826086956521739
0.26804123711340205
0.3048780487804878
0.2571428571428571
0.24468085106382978
0.24770642201834864
0.32432432432432434
0.2962962962962963
0.2857142857142857
0.26732673267326734
0.3103448275862069
0.3058823529411765
0.27631578947368424
0.25
0.25555555555555554
0.27848101265822783
0.2988505747126437
0.2857142857142857
0.25274725274725274
0.25773195876288657
0.25274725274725274
0.2708333333333333
0.2608695652173913
0.3
0.2653061224489796
0.23931623931623933
0.3
0.2631578947368421
0.2571428571428571
0.24242424242424243
0.28735632183908044
0.2727272727272727
0.2736842105263158
0.24545454545454545
0.29069767441860467
0.26506024096385544
0.27956989247311825
0.3023255813953488
0.2988505747126437
0.25
0.2808988764044944
0.26732673267326734
0.35714285714285715
0.3492063492063492
0.24444444444444444
0.2875
0.2777777777777778
0.3466666666666667
0.35135135135135137
0.26
0.27
0.28735632183908044
0.29411764705882354
0.24489795918367346
0.3023255813953488
0.3170731707317073
0.2692307692307692
0.2621359223300971
0.3026315789473684
0.2804878048780488
0.29213483146067415
0.2696629213483146
0.3387096774193548
0.23008849557522124
0.22772277227722773
0.2826086956521739
0.3076923076923077
0.25806451612903225
0.26881720430107525
0.3068181818181818
0.2903225806451613
0.23275862068965517
0.21311475409836064
0.28
0.3076923076923077
0.2571428571428571
0.3424657534246575
0.3103448275862069
0.29545454545454547
0.2962962962962963
0.2558139534883721
0.29411764705882354
0.3023255813953488
0.27472527472527475
0.2972972972972973
0.26373626373626374
0.25773195876288657
0.27058823529411763
0.2608695652173913
0.3055555555555556
0.3048780487804878
0.2727272727272727
0.25225225225225223
0.2962962962962963
0.3103448275862069
0.2857142857142857
0.28735632183908044
0.2804878048780488
0.25
0.24271844660194175
0.2558139534883721
0.23529411764705882
0.27956989247311825
0.275
0.3037974683544304
0.2696629213483146
0.28125
0.2823529411764706
0.2857142857142857
0.2777777777777778
0.2857142857142857
0.29333333333333333
0.2553191489361702
0.2608695652173913
0.3424657534246575
0.26881720430107525
0.275
0.2777777777777778
0.2840909090909091
0.2839506172839506
0.2808988764044944
0.3684210526315789
0.3246753246753247
0.2808988764044944
0.27
0.35135135135135137
0.2872340425531915
0.313953488372093
0.26373626373626374
0.2571428571428571
0.24705882352941178
0.23008849557522124
0.26744186046511625
0.24210526315789474
0.29577464788732394
0.24242424242424243
0.2524271844660194
0.23684210526315788
0.2716049382716049
0.30851063829787234
0.2926829268292683
0.2857142857142857
0.26136363636363635
0.2972972972972973
0.2631578947368421
0.3132530120481928
0.30952380952380953
0.2948717948717949
0.2823529411764706
0.3
0.26262626262626265
0.32894736842105265
0.28735632183908044
0.2631578947368421
0.2962962962962963
0.2604166666666667
0.2765957446808511
0.3770491803278688
0.3375
0.27
0.3023255813953488
0.24761904761904763
0.3125
0.3170731707317073
0.34177215189873417
0.2765957446808511
0.25773195876288657
0.27472527472527475
0.25773195876288657
0.32926829268292684
0.25961538461538464
0.2736842105263158
0.26666666666666666
0.24271844660194175
0.25
0.24271844660194175
0.25
0.26804123711340205
0.2604166666666667
0.24705882352941178
0.25773195876288657
0.2857142857142857
0.2926829268292683
0.2857142857142857
0.2823529411764706
0.3055555555555556
0.28735632183908044
0.26744186046511625
0.2891566265060241
0.27472527472527475
0.24731182795698925
0.26373626373626374
0.22764227642276422
0.25471698113207547
0.2911392405063291
0.2653061224489796
0.25555555555555554
0.31645569620253167
0.27586206896551724
0.2839506172839506
0.3
0.25510204081632654
0.30864197530864196
0.30985915492957744
0.2839506172839506
0.28
0.28735632183908044
0.2808988764044944
0.26804123711340205
0.24271844660194175
0.2857142857142857
0.23214285714285715
0.24761904761904763
0.3472222222222222
0.23275862068965517
0.22330097087378642
0.3333333333333333
0.27
0.323943661971831
0.3132530120481928
0.25
0.3333333333333333
0.24242424242424243
0.26804123711340205
0.2604166666666667
0.28205128205128205
0.3125
0.27906976744186046
0.21666666666666667
0.373134328358209
0.24545454545454545
0.30337078651685395
0.22641509433962265
0.3157894736842105
0.3048780487804878
0.27586206896551724
0.2948717948717949
0.23636363636363636
0.2976190476190476
0.3170731707317073
0.2553191489361702
0.2967032967032967
0.3026315789473684
0.2717391304347826
0.2727272727272727
0.24509803921568626
0.26744186046511625
0.25961538461538464
0.3333333333333333
0.2840909090909091
0.28378378378378377
0.2987012987012987
0.25252525252525254
0.31343283582089554
0.29069767441860467
0.22608695652173913
0.2696629213483146
0.24107142857142858
0.24299065420560748
0.30120481927710846
0.3176470588235294
0.26666666666666666
0.2875
0.3076923076923077
0.23148148148148148
0.2736842105263158
0.2804878048780488
0.2222222222222222
0.3
0.26373626373626374
0.3111111111111111
0.25510204081632654
0.24509803921568626
0.25510204081632654
0.30120481927710846
0.29069767441860467
0.25
0.31645569620253167
0.2692307692307692
0.2872340425531915
0.2608695652173913
0.23214285714285715
0.30666666666666664
0.27472527472527475
0.2708333333333333
0.21551724137931033
0.3333333333333333
0.25842696629213485
0.26373626373626374
0.3048780487804878
0.24242424242424243
0.2524271844660194
0.3170731707317073
0.24
0.27058823529411763
0.2808988764044944
0.27906976744186046
0.23958333333333334
0.3287671232876712
0.2376237623762376
0.2777777777777778
0.275
0.27586206896551724
0.32
0.21818181818181817
0.23478260869565218
0.29069767441860467
0.3333333333333333
0.26732673267326734
0.2978723404255319
0.24210526315789474
0.29213483146067415
0.24299065420560748
0.24
0.25742574257425743
0.27058823529411763
0.28421052631578947
0.28
0.2616822429906542
0.26732673267326734
0.2708333333333333
0.3068181818181818
0.2631578947368421
0.2717391304347826
0.27710843373493976
0.25773195876288657
0.2717391304347826
0.32051282051282054
0.27586206896551724
0.2717391304347826
0.2553191489361702
0.3283582089552239
0.2948717948717949
0.2696629213483146
0.39655172413793105
0.2875
0.29069767441860467
0.2376237623762376
0.2891566265060241
0.2911392405063291
0.2857142857142857
0.2727272727272727
0.26373626373626374
0.2736842105263158
0.27380952380952384
0.21818181818181817
0.30952380952380953
0.2826086956521739
0.2608695652173913
0.28888888888888886
0.24545454545454545
0.31645569620253167
0.26804123711340205
0.2608695652173913
0.3333333333333333
0.25287356321839083
0.29213483146067415
0.2857142857142857
0.26744186046511625
0.25
0.2653061224489796
0.2604166666666667
0.32432432432432434
0.30666666666666664
0.25
0.24210526315789474
0.3023255813953488
0.3333333333333333
0.25
0.26506024096385544
0.2976190476190476
0.3
0.26262626262626265
0.33766233766233766
0.3181818181818182
0.23140495867768596
0.22522522522522523
0.2857142857142857
0.28378378378378377
0.3048780487804878
0.26804123711340205
0.2696629213483146
0.30120481927710846
0.25274725274725274
0.2647058823529412
0.28888888888888886
0.25
0.2976190476190476
0.2823529411764706
0.26666666666666666
0.2777777777777778
0.3013698630136986
0.25961538461538464
0.22935779816513763
0.24528301886792453
0.2708333333333333
0.23958333333333334
0.27
0.2696629213483146
0.30985915492957744
0.3055555555555556
0.2777777777777778
0.2631578947368421
0.27586206896551724
0.3026315789473684
0.2826086956521739
0.23076923076923078
0.24770642201834864
0.325
0.24489795918367346
0.23853211009174313
0.25742574257425743
0.2524271844660194
0.24107142857142858
0.2631578947368421
0.25806451612903225
0.24752475247524752
0.25806451612903225
0.2696629213483146
0.27906976744186046
0.26436781609195403
0.3235294117647059
0.2987012987012987
0.30864197530864196
0.2631578947368421
0.2717391304347826
0.24731182795698925
0.3380281690140845
0.35
0.2696629213483146
0.28205128205128205
0.31645569620253167
0.3125
0.3181818181818182
0.25252525252525254
0.25806451612903225
0.3287671232876712
0.2736842105263158
0.26666666666666666
0.28888888888888886
0.23684210526315788
