0.2758620689655172
0.09375000000000001
0.2456140350877193
0.23728813559322037
0.2580645161290323
0.11320754716981132
0.11111111111111112
0.38596491228070173
0.20689655172413796
0.20000000000000004
0.17241379310344826
0.2456140350877193
0.253968253968254
0.2153846153846154
0.2711864406779661
0.125
0.25
0.06779661016949153
0.10714285714285714
0.11111111111111112
0.14285714285714288
0.28125
0.07407407407407407
0.17857142857142855
0.14814814814814814
0.18867924528301885
0.35294117647058826
0.19672131147540983
0.23333333333333334
0.07017543859649124
0.24615384615384614
0.10169491525423728
0.22950819672131148
0.28125
0.126984126984127
0.19672131147540983
0.208955223880597
0.03846153846153846
0.03278688524590164
0.38709677419354843
0.1379310344827586
0.2105263157894737
0.1379310344827586
0.17857142857142855
0.2
0.23333333333333334
0.1568627450980392
0.10526315789473685
0.23529411764705882
0.1090909090909091
0.19607843137254902
0.23880597014925373
0.07547169811320756
0.19354838709677422
0.14545454545454545
0.17241379310344826
0.2545454545454545
0.28571428571428564
0.18750000000000003
0.14035087719298248
0.2769230769230769
0.13333333333333333
0.09677419354838711
0.19354838709677422
0.17857142857142855
0.14814814814814814
0.08333333333333334
0.1379310344827586
0.3333333333333333
0.21212121212121213
0.09836065573770492
0.17391304347826086
0.22641509433962265
0.14814814814814814
0.21212121212121213
0.1090909090909091
0.20689655172413796
0.2105263157894737
0.22580645161290322
0.19672131147540983
0.17142857142857143
0.20338983050847456
0.21874999999999997
0.03571428571428572
0.12903225806451615
0.2153846153846154
0.12307692307692307
0.13559322033898305
0.2153846153846154
0.25
0.1818181818181818
0.11111111111111112
0.22535211267605634
0.1851851851851852
0.2105263157894737
0.21428571428571427
0.20689655172413796
0.057971014492753624
0.12903225806451615
0.29729729729729726
0.20588235294117646
0.34375
0.2456140350877193
0.2105263157894737
0.2580645161290323
0.15873015873015872
0.1212121212121212
0.2105263157894737
0.14035087719298248
0.22222222222222224
0.23076923076923075
0.1904761904761905
0.23529411764705882
0.0689655172413793
0.14285714285714288
0.1904761904761905
0.13559322033898305
0.14814814814814814
0.2424242424242424
0.21874999999999997
0.34782608695652173
0.2153846153846154
0.14814814814814814
0.28571428571428575
0.17543859649122806
0.3050847457627119
0.2285714285714286
0.17857142857142855
0.09836065573770492
0.09523809523809525
0.15625
0.2105263157894737
0.15873015873015872
0.15625
0.18461538461538463
0.28571428571428575
0.23333333333333334
0.26666666666666666
0.11594202898550725
0.20338983050847456
0.23728813559322037
0.28571428571428564
0.07547169811320756
0.16666666666666666
0.22580645161290322
0.16949152542372883
0.1891891891891892
0.19354838709677422
0.21212121212121213
0.16666666666666666
0.38596491228070173
0.3103448275862069
0.2727272727272727
0.26666666666666666
0.1212121212121212
0.16666666666666666
0.16393442622950818
0.380952380952381
0.14285714285714288
0.18461538461538463
0.22580645161290322
0.1818181818181818
0.24615384615384614
0.19672131147540983
0.24
0.16666666666666666
0.18750000000000003
0.10526315789473685
0.22222222222222224
0.28571428571428575
0.17241379310344826
0.34375
0.2
0.15384615384615383
0.23529411764705882
0.14035087719298248
0.29850746268656714
0.23333333333333334
0.14035087719298248
0.2
0.07407407407407407
0.2222222222222222
0.18867924528301885
0.20689655172413796
0.23728813559322037
0.2711864406779661
0.06666666666666667
0.19672131147540983
0.22222222222222224
0.12903225806451615
0.16949152542372883
0.3
0.1090909090909091
0.23333333333333334
0.1904761904761905
0.12307692307692307
0.13559322033898305
0.14035087719298248
0.21874999999999997
0.17543859649122806
0.12903225806451615
0.1923076923076923
0.1212121212121212
0.17241379310344826
0.2153846153846154
0.1851851851851852
0.31746031746031744
0.20689655172413796
0.1818181818181818
0.3050847457627119
0.22222222222222224
0.15384615384615383
0.16129032258064516
0.16393442622950818
0.20000000000000004
0.22580645161290322
0.13333333333333333
0.2105263157894737
0.0816326530612245
0.1851851851851852
0.2769230769230769
0.13114754098360656
0.16949152542372883
0.1090909090909091
0.23333333333333334
0.26229508196721313
0.1904761904761905
0.21874999999999997
0.19354838709677422
0.15625
0.20588235294117646
0.28169014084507044
0.2181818181818182
0.16949152542372883
0.2413793103448276
0.10000000000000002
0.06666666666666667
0.04166666666666667
0.19672131147540983
0.15094339622641512
0.07142857142857144
0.3636363636363636
0.1904761904761905
0.21212121212121213
0.3673469387755102
0.2456140350877193
0.19672131147540983
0.07547169811320756
0.16949152542372883
0.3
0.10000000000000002
0.09836065573770492
0.1923076923076923
0.20289855072463772
0.14814814814814814
0.11111111111111112
0.17241379310344826
0.1923076923076923
0.10526315789473685
0.25
0.21212121212121213
0.1818181818181818
0.15094339622641512
0.1923076923076923
0.15094339622641512
0.037037037037037035
0.14545454545454545
0.29032258064516125
0.19354838709677422
0.09523809523809525
0.23529411764705882
0.16438356164383564
0.2909090909090909
0.36666666666666664
0.2711864406779661
0.19607843137254902
0.06666666666666667
0.1212121212121212
0.22222222222222224
0.28070175438596495
0.13114754098360656
0.17647058823529413
0.1568627450980392
0.126984126984127
0.1818181818181818
0.1090909090909091
0.23076923076923075
0.14285714285714288
0.3272727272727273
0.16393442622950818
0.11320754716981132
0.22950819672131148
0.16129032258064516
0.253968253968254
0.17857142857142855
0.16666666666666666
0.14492753623188406
0.21428571428571427
0.17647058823529413
0.2758620689655172
0.19354838709677422
0.18461538461538463
0.2
0.0689655172413793
0.1379310344827586
0.26666666666666666
0.29032258064516125
0.20338983050847456
0.18750000000000003
0.14545454545454545
0.16949152542372883
0.2424242424242424
0.19354838709677422
0.1818181818181818
0.19672131147540983
0.2413793103448276
0.1818181818181818
0.26229508196721313
0.208955223880597
0.2318840579710145
0.2153846153846154
0.29508196721311475
0.06779661016949153
0.15384615384615383
0.2727272727272727
0.22222222222222224
0.2758620689655172
0.2727272727272727
0.3055555555555555
0.10344827586206898
0.16949152542372883
0.22580645161290322
0.2758620689655172
0.23333333333333334
0.13333333333333333
0.14545454545454545
0.22950819672131148
0.20689655172413796
0.15625
0.13114754098360656
0.1904761904761905
0.26666666666666666
0.2909090909090909
0.25
0.10000000000000002
0.14285714285714288
0.2758620689655172
0.26666666666666666
0.23728813559322037
0.2711864406779661
0.2318840579710145
0.14545454545454545
0.07692307692307691
0.15384615384615383
0.29508196721311475
0.11111111111111112
0.14925373134328357
0.21428571428571427
0.16129032258064516
0.14035087719298248
0.2758620689655172
0.1851851851851852
0.2909090909090909
0.13333333333333333
0.14545454545454545
0.20689655172413796
0.10526315789473685
0.303030303030303
0.10714285714285714
0.3157894736842105
0.125
0.2758620689655172
0.13333333333333333
0.17857142857142855
0.10714285714285714
0.1090909090909091
0.03174603174603175
0.10344827586206898
0.21212121212121213
0.28
0.2105263157894737
0.14285714285714288
0.18867924528301885
0.11764705882352941
0.3773584905660377
0.3880597014925374
0.2727272727272727
0.1904761904761905
0.2456140350877193
0.2769230769230769
0.16666666666666666
0.2318840579710145
0.17857142857142855
0.12903225806451615
0.17857142857142855
0.2545454545454545
0.19354838709677422
0.13114754098360656
0.1791044776119403
0.10526315789473685
0.17647058823529413
0.11111111111111112
0.17241379310344826
0.17543859649122806
0.19354838709677422
0.15873015873015872
0.25
0.030769230769230767
0.19672131147540983
0.22641509433962265
0.23333333333333334
0.15384615384615383
0.09677419354838711
0.18750000000000003
0.33333333333333326
0.2711864406779661
0.17647058823529413
0.22641509433962265
0.20000000000000004
0.03636363636363636
0.20588235294117646
0.23333333333333334
0.2
0.126984126984127
0.1791044776119403
0.19672131147540983
0.09230769230769231
0.2413793103448276
0.16949152542372883
0.20588235294117646
0.126984126984127
0.22222222222222224
0.22950819672131148
0.1818181818181818
0.08571428571428572
0.45161290322580644
0.15873015873015872
0.17241379310344826
0.16
0.17543859649122806
0.2909090909090909
0.28571428571428564
0.1923076923076923
0.18750000000000003
0.253968253968254
0.09375000000000001
0.17543859649122806
0.1791044776119403
0.0634920634920635
0.21874999999999997
0.26415094339622636
0.16666666666666666
0.1791044776119403
0.3492063492063492
0.2647058823529412
0.20338983050847456
0.26666666666666666
0.25
0.29032258064516125
0.18461538461538463
0.23076923076923075
0.303030303030303
0.22950819672131148
0.16666666666666666
0.2153846153846154
0.20000000000000004
0.13333333333333333
0.28571428571428564
0.20000000000000004
0.16949152542372883
0.2456140350877193
0.15625
0.23728813559322037
0.09523809523809525
0.208955223880597
0.18461538461538463
0.17857142857142855
0.21428571428571427
0.2181818181818182
0.16949152542372883
0.15625
0.25
0.26666666666666666
0.1851851851851852
0.18750000000000003
0.17543859649122806
0.16949152542372883
0.14084507042253522
0.37500000000000006
0.16129032258064516
0.3157894736842105
0.10344827586206898
0.21874999999999997
0.28125
0.125
0.11538461538461538
0.28
0.3125
0.09836065573770492
0.1090909090909091
