0.1829998679001115
0.24512700985049163
0.22931335773342645
0.19642035856010176
0.275259410831713
0.1852732724046181
0.1609903205903005
0.16797986587259345
0.17493001645613795
0.18497175989699374
0.18258516205722836
0.23167965266202012
0.20183406345847796
0.15214348076182832
0.18937710915325573
0.21073370073370074
0.2921613597436871
0.1741413153729133
0.20911913916009672
0.2564786055735948
0.2173332425271814
0.23539392968907907
0.24666926949070292
0.25056371405992584
0.19401776217824054
0.18854147491371032
0.2520894319485869
0.1853613946333603
0.2532340623132321
0.1920461724929063
0.19461464233381418
0.2117955815673416
0.19430428826179863
0.22202508931486958
0.19366523854497533
0.2321674576265621
0.21742106707596703
0.15809510309663785
0.21509181650718015
0.18155036387107218
0.15854334821184635
0.22393294954458334
0.18668755900064893
0.19151641861700403
0.25084183603203025
0.2750923360832789
0.2216793482426652
0.22642891439689958
0.1855371664169705
0.2072050300471036
0.17373497717822345
0.18500119569196638
0.18807839790999825
0.16042848996042225
0.1951483000306989
0.23328196249613245
0.24091136430725268
0.19502732053921878
0.2176015096098511
0.2079832652086227
0.19914176075820622
0.20571187129494925
0.1936414044851846
0.2195121098084624
0.21110247700485749
0.212802106630766
0.17951710320666772
0.18258038696703155
0.22069700095562164
0.16951321705624758
0.2017988469760185
0.18274175862493325
0.18509715131762375
0.23107432299650335
0.1838662732817409
0.25778012781945625
0.17696533209905843
0.23182056020834818
0.2792032875744817
0.18555763713708617
0.23243860230142055
0.26357567836441076
0.18423662494830378
0.209816791218167
0.17742058080816617
0.2297443935471667
0.22226230694449944
0.18008869280010095
0.2010508726572934
0.16214206116343413
0.19180572220760816
0.20900682080841573
0.22859185847739225
0.21707466787830781
0.19834633569094087
0.17693679896497955
0.21321838418302197
0.18898312050609503
0.20682062220951136
0.17852486441312432
0.1613591819033627
0.20666286301026604
0.23514768118834023
0.18907237913548208
0.15972103782320995
0.16431781173214483
0.17915436390823825
0.1864704836744965
0.2277521644171157
0.1990419788957613
0.1879600024868567
0.2092739007862811
0.24164501792463225
0.20340285716363526
0.17734977230994464
0.1990039845964981
0.2464749221104438
0.1787644875306883
0.17692875574113204
0.24587349175708353
0.24995351469328686
0.18490389388669098
0.17037839048018916
0.2391604280208931
0.21126393085115092
0.21260120499163904
0.24987327258168324
0.19977851983773798
0.20325070501019854
0.22262040041911796
0.2467372662726257
0.17731336519076618
0.19539049678082537
0.1754524363524536
0.20444450420347632
0.20096193331317747
0.16702097884919856
0.20451230462148484
0.1801269210714589
0.18830259939810504
0.18226867282248382
0.20331982939676568
0.1771200198255613
0.21053038735617524
0.2683428124035868
0.23628697921933575
0.20425370482251515
0.21673479059978376
0.18520142979390425
0.17477497442467943
0.20084436021304125
0.21069484495890728
0.18103305025748948
0.17065280632259444
0.24103745847810845
0.22440736626774177
0.17743151091910636
0.15943262918941212
0.23366733208661028
0.28738252754641286
0.1698870975773767
0.1868172932372529
0.1994299634846904
0.18387652532137594
0.2156121923115927
0.2041015037932296
0.23466568198628077
0.19476425325226035
0.16581243229901074
0.1936799247702402
0.17772965522706197
0.21915169057593356
0.20570965171114372
0.18845257778683752
0.1934881127637106
0.17631366571018653
0.1788152620984643
0.21962987223425529
0.18942840785338994
0.1932508708655393
0.19541708406127592
0.1755179146373588
0.1668688571391724
0.16220268518347927
0.17688069433832146
0.23780996521963518
0.23465262650040536
0.214747043991868
0.24284303311672809
0.2096262866458259
0.16923525175959775
0.2738743514630869
0.17808729043466828
0.24646858404742297
0.1952985414252948
0.20407497927097545
0.19918302863459533
0.21470055639985475
0.2428924153065858
0.2302821137296172
0.21087463311361657
0.2203076742661952
0.2944147885971193
0.1851275788799924
0.16510428866944965
0.27481351409097265
0.20644840334074868
0.1923116263433554
0.16498402395876938
0.21942438601394196
0.1908103684932953
0.20224766597471616
0.21269871615586394
0.25172101309366357
0.18010176057004335
0.20058287394922947
0.17708456690733584
0.19147059869439748
0.20576067165504366
0.178166042902885
0.2085828818637389
0.18315762190762191
0.1801870430732031
0.17944739240638222
0.20578018127127187
0.21061261118155014
0.16141476641685235
0.1737047490889062
0.1999198098265152
0.20203413118047264
0.22556226095935342
0.17983473054626165
0.18014144301745308
0.1662421779729897
0.17005143333383368
0.19348558490391932
0.18496189169086366
0.2743474995799506
0.2027151967276507
0.19828925936123595
0.21353078611816703
0.19532228151595682
0.18308120510284406
0.17783296512617328
0.2028055591662768
0.1605638275713636
0.2028065847096558
0.20342847443605244
0.20482263466969508
0.17859163014943025
0.20086901027956588
0.25173169931775025
0.21199366068210118
0.18643999349484403
0.20636472603776454
0.26252639517345405
0.15682867618464316
0.20811517683499703
0.1722911097911098
0.19091424909075463
0.24933552248534552
0.1727916246627839
0.18918358052708675
0.2028713566380343
0.1830012575385385
0.18980690056029614
0.1801269449312498
0.21565899856018464
0.2206077942684187
0.19504258597746219
0.2015412273273333
0.19123693338909203
0.178633028208751
0.1552584877491367
0.2295233921251041
0.2536812268856377
0.20387345417103236
0.17029467410702495
0.2725933194294313
0.26579211166678646
0.2350320933450557
0.24470851343847416
0.225752973177392
0.22695050999952074
0.17674178321705433
0.2088777688313292
0.1735756080517128
0.1764800943613737
0.20025499229383778
0.26246662851663993
0.17648675726229213
0.21657538865896714
0.2105426709617948
0.20077569087890518
0.1958405923311969
0.2318215521285697
0.19447909182736778
0.22776149859570932
0.1859599114010879
0.16102182473425714
0.18827106214117603
0.22093613519489053
0.16563215009243765
0.17675047975255687
0.18412785290740863
0.17131156668068273
0.23348899281934993
0.18869130338730472
0.21964104384403532
0.18095825956169567
0.15430621229917005
0.16721111603348549
0.18012276279767303
0.162086666038089
0.18429353928623085
0.1963812982087191
0.17293713048443088
0.18615578865578866
0.18553983224379195
0.16383528170648676
0.18706792516083487
0.2867051391786095
0.21363269681040767
0.19988756880765812
0.2355978603899133
0.18454615198465588
0.17498217572836017
0.19224026387706217
0.19674706857633686
0.23325915424803395
0.19305753500676565
0.19021475256769377
0.24976997438997223
0.1634701511315727
0.19569634268106362
0.17006340972932463
0.1799481967227284
0.266914548310197
0.15467050073679034
0.17549909961520946
0.1894018136942167
0.19966809706438093
0.2311175633363624
0.20770054054586554
0.16011810179185842
0.24410630206295247
0.1919871964342035
0.20773993076701006
0.19729666364198814
0.22696443187392362
0.17366221559065625
0.20310997102796724
0.23030993059838503
0.2186636192883319
0.1754163589374857
0.18439380020334065
0.17373561458571385
0.19970113115108246
0.2110593586958243
0.1720061219161264
0.176903519399144
0.18829398733326852
0.25498250018006857
0.20032024068255955
0.163952957807941
0.17391009120404394
0.22995501172635233
0.161830870610283
0.2034270471628071
0.2050020637882539
0.19556520949525333
0.20160529093354268
0.19322969744725638
0.1850499123252689
0.19090329981353826
0.2163217274284037
0.23110016043438358
0.23050348701898
0.1790202174332323
0.17242078638602737
0.2191842880798754
0.1910070836420666
0.1806873973424496
0.2119773554652255
0.17449501817070776
0.2343350071839999
0.18636678795728584
0.20331282279607077
0.17022278251351053
0.17010121179316623
0.2574237339719331
0.2775210822972385
0.2669542443194659
0.2903892186959563
0.19526202233027898
0.17634325987524485
0.19115248319190836
0.19851899772665424
0.18211542537824454
0.19292881138129708
0.22322487823296852
0.23741433996296757
0.1880529313947012
0.16662029726752625
0.16348867614120696
0.19979152719267496
0.18953874030514836
0.18460797685079655
0.20335690672641776
0.2216368844717185
0.25266796765821276
0.22318507333956378
0.22933785566746817
0.19088609171693166
0.196013792130937
0.2435028525233877
0.22167880315467453
0.22060682532087403
0.2084537370777684
0.2052097395585624
0.2156758148783181
0.19969484173599822
0.18706216084473928
0.20797289421290566
0.26298755787335054
0.1794122162527514
0.26170764941304847
0.22000991644681486
0.1624189693735797
0.18809298320110907
0.19239116508056378
0.2726657548396679
0.1940133753611532
0.18208703492395792
0.2489335594852682
0.22068398348210427
0.2102025999597853
0.2020428503900858
0.18382067827694104
0.1883093777545683
0.18934848119949266
0.19549660138194802
0.21383212747359837
0.2282554693338001
0.21239454599613017
0.1587332300410913
0.16147849277439957
0.18931618510950698
0.19637486095866846
0.28976982083914327
0.18677072534381953
0.17669879200428928
0.289987207770322
0.1860056310343695
0.18461045095412543
0.24508458862505203
0.2590292898582487
0.23758524024728775
0.25464932717289
0.1873641312627689
0.19517492059990615
0.24341125883232181
0.17935894594362337
0.17659201882961967
0.17549166642554598
0.16104805145801668
0.18515489392354895
0.2306627836663072
0.24712094962044198
0.19225526762861694
0.21327336541856512
0.19230364272265615
0.20560440033062455
0.2961782919444174
0.2038646102689124
0.20743301946931014
0.25965645259651626
0.21289383227823994
0.1937751037751038
0.18748403139960798
0.1911115908773508
0.18736243138589026
0.2214629003533844
0.19350196662514996
0.18838670173424868
0.19832597562357684
0.18224414232580943
0.16739182129785082
0.1875830557992031
0.17566570714009463
0.23169421326232276
0.1902432363771487
0.19127394079177396
0.1817033780274816
0.1886066476187388
0.22563759595486013
0.18119635537548057
0.1705785756413634
0.23094042510302368
0.18215385132758014
