0.32298136645962733
0.3225806451612903
0.3205128205128205
0.32298136645962733
0.3375
0.33986928104575165
0.2911392405063291
0.3246753246753247
0.32098765432098764
0.3006535947712418
0.3246753246753247
0.3018867924528302
0.32727272727272727
0.3478260869565218
0.2962962962962963
0.32298136645962733
0.3246753246753247
0.3096774193548387
0.32911392405063294
0.3311258278145695
0.3164556962025316
0.3356643356643356
0.3537414965986394
0.3483870967741935
0.2981366459627329
0.3354838709677419
0.35443037974683544
0.3151515151515151
0.3333333333333333
0.3116883116883117
0.33986928104575165
0.33333333333333337
0.364963503649635
0.35443037974683544
0.3597122302158274
0.32835820895522383
0.31578947368421056
0.32000000000000006
0.35443037974683544
0.33333333333333337
0.34355828220858897
0.3311258278145695
0.33783783783783783
0.3311258278145695
0.31901840490797545
0.3401360544217687
0.3055555555555555
0.3312883435582822
0.3144654088050315
0.33557046979865773
0.3612903225806452
0.3225806451612903
0.3417721518987342
0.3137254901960785
0.358974358974359
0.33333333333333337
0.3184713375796178
0.3055555555555555
0.31578947368421056
0.3151515151515151
0.3421052631578947
0.33557046979865773
0.3375
0.30872483221476515
0.3506493506493507
0.33103448275862074
0.31578947368421056
0.2777777777777778
0.3461538461538461
0.36000000000000004
0.3586206896551724
0.3088235294117647
0.32298136645962733
0.2967741935483871
0.2972972972972973
0.3354838709677419
0.33766233766233766
0.289308176100629
0.34246575342465746
0.32857142857142857
0.32911392405063294
0.31578947368421056
0.3057324840764331
0.33766233766233766
0.34355828220858897
0.339622641509434
0.32679738562091504
0.3253012048192771
0.3116883116883117
0.3225806451612903
0.3
0.32298136645962733
0.33333333333333337
0.33783783783783783
0.30136986301369867
0.3537414965986394
0.32704402515723274
0.3333333333333333
0.3253012048192771
0.3164556962025316
0.3253012048192771
0.3311258278145695
0.30136986301369867
0.29931972789115646
0.2987012987012987
0.33557046979865773
0.33986928104575165
0.33766233766233766
0.32911392405063294
0.32926829268292684
0.3184713375796178
0.32679738562091504
0.3137254901960785
0.34437086092715236
0.33121019108280253
0.34146341463414637
0.32926829268292684
0.304635761589404
0.2929936305732484
0.3354838709677419
0.326530612244898
0.3111111111111111
0.3132530120481928
0.2987012987012987
0.3333333333333333
0.3708609271523179
0.3096774193548387
0.3164556962025316
0.33333333333333337
0.339622641509434
0.3439490445859873
0.32298136645962733
0.3088235294117647
0.31578947368421056
0.3461538461538461
0.3205128205128205
0.3483870967741935
0.35616438356164387
0.3116883116883117
0.2875816993464052
0.3225806451612903
0.325
0.3246753246753247
0.33082706766917286
0.3057324840764331
0.308641975308642
0.3066666666666667
0.3404255319148936
0.303448275862069
0.3597122302158274
0.3096774193548387
0.3500000000000001
0.3057324840764331
0.3439490445859873
0.358974358974359
0.3164556962025316
0.2929936305732484
0.32214765100671144
0.32679738562091504
0.3076923076923077
0.3037974683544304
0.3513513513513513
0.29139072847682124
0.31578947368421056
0.3
0.33333333333333337
0.3037974683544304
0.3137254901960785
0.32679738562091504
0.31788079470198677
0.2838709677419355
0.3018867924528302
0.31578947368421056
0.3164556962025316
0.3225806451612903
0.2953020134228188
0.33557046979865773
0.33783783783783783
0.30872483221476515
0.3184713375796178
0.3
0.3401360544217687
0.3105590062111801
0.3461538461538461
0.3611111111111111
0.3529411764705882
0.3375
0.3096774193548387
0.3483870967741935
0.2857142857142857
0.31901840490797545
0.2948717948717949
0.2911392405063291
0.2978723404255319
0.3096774193548387
0.325
0.3354037267080746
0.2857142857142857
0.34730538922155685
0.3116883116883117
0.3354838709677419
0.289308176100629
0.3188405797101449
0.3246753246753247
0.3661971830985915
0.33986928104575165
0.3066666666666667
0.3116883116883117
0.3076923076923077
0.3354838709677419
0.34246575342465746
0.3225806451612903
0.3164556962025316
0.33103448275862074
0.303030303030303
0.33766233766233766
0.3172413793103448
0.3576158940397351
0.3253012048192771
0.3170731707317074
0.32098765432098764
0.33557046979865773
0.33766233766233766
0.37241379310344824
0.33121019108280253
0.3125
0.3105590062111801
0.3184713375796178
0.32926829268292684
0.3375
0.32298136645962733
0.3137254901960785
0.3164556962025316
0.32704402515723274
0.3144654088050315
0.3506493506493507
0.31901840490797545
0.3401360544217687
0.2818791946308725
0.3144654088050315
0.3466666666666666
0.31788079470198677
0.33103448275862074
0.3243243243243243
0.30136986301369867
0.3144654088050315
0.30872483221476515
0.31788079470198677
0.308641975308642
0.2948717948717949
0.3057324840764331
0.3478260869565218
0.3417721518987342
0.3309352517985612
0.3151515151515151
0.3006535947712418
0.3225806451612903
0.33103448275862074
0.30263157894736836
0.32000000000000006
0.308641975308642
0.35211267605633806
0.29931972789115646
0.30263157894736836
0.28767123287671237
0.3205128205128205
0.3205128205128205
0.33766233766233766
0.3164556962025316
0.30534351145038163
0.32298136645962733
0.33121019108280253
0.3205128205128205
0.3253012048192771
0.28571428571428575
0.3623188405797101
0.339622641509434
0.3006535947712418
0.35616438356164387
0.32894736842105265
0.3287671232876712
0.2962962962962963
0.3333333333333333
0.32679738562091504
0.2857142857142857
0.33783783783783783
0.32214765100671144
0.325
0.34246575342465746
0.33333333333333337
0.3354037267080746
0.3037974683544304
0.32000000000000006
0.3246753246753247
0.33103448275862074
0.32857142857142857
0.32098765432098764
0.32894736842105265
0.31901840490797545
0.2981366459627329
0.3673469387755102
0.30872483221476515
0.3048780487804878
0.3057324840764331
0.3125
0.32394366197183094
0.33333333333333337
0.31788079470198677
0.32894736842105265
0.30215827338129503
0.2987012987012987
0.3184713375796178
0.2857142857142857
0.3144654088050315
0.3421052631578947
0.3116883116883117
0.339622641509434
0.31901840490797545
0.3125
0.36486486486486486
0.32000000000000006
0.2948717948717949
0.31788079470198677
0.3225806451612903
0.3333333333333333
0.3129251700680272
0.3
0.3018867924528302
0.3116883116883117
0.34355828220858897
0.3205128205128205
0.3205128205128205
0.32894736842105265
0.3125
0.308641975308642
0.3205128205128205
0.3125
0.27999999999999997
0.3417721518987342
0.3116883116883117
0.32098765432098764
0.3108108108108108
0.32679738562091504
0.36879432624113473
0.3048780487804878
0.3144654088050315
0.3172413793103448
0.32000000000000006
0.3311258278145695
0.31788079470198677
0.31901840490797545
0.33986928104575165
0.2981366459627329
0.2987012987012987
0.3144654088050315
0.31578947368421056
0.3066666666666667
0.32214765100671144
0.2962962962962963
0.3144654088050315
0.33082706766917286
0.326530612244898
0.32000000000000006
0.3057324840764331
0.33333333333333337
0.3246753246753247
0.326530612244898
0.3375
0.3684210526315789
0.3006535947712418
0.3354838709677419
0.31901840490797545
0.3404255319148936
0.32704402515723274
0.30263157894736836
0.3439490445859873
0.3612903225806452
0.358974358974359
0.3461538461538461
0.32098765432098764
0.3233532934131737
0.33557046979865773
0.3205128205128205
0.3309352517985612
0.3225806451612903
0.3144654088050315
0.3225806451612903
0.326530612244898
0.3448275862068966
0.32214765100671144
0.31205673758865243
0.3108108108108108
0.3243243243243243
0.3129251700680272
0.30263157894736836
0.32894736842105265
0.29268292682926833
0.3380281690140845
0.304635761589404
0.3137254901960785
0.339622641509434
0.3333333333333333
0.33986928104575165
0.2911392405063291
0.3096774193548387
0.32911392405063294
0.32704402515723274
0.3137254901960785
0.32298136645962733
0.3312883435582822
0.3205128205128205
0.33986928104575165
0.3116883116883117
0.3333333333333333
0.2972972972972973
0.33986928104575165
0.3137254901960785
0.2948717948717949
0.2953020134228188
0.3354838709677419
0.3311258278145695
0.3478260869565218
0.3172413793103448
0.3076923076923077
0.31506849315068497
0.32098765432098764
0.3311258278145695
0.3216783216783217
0.2875816993464052
0.3246753246753247
0.3116883116883117
0.3354838709677419
0.32911392405063294
0.30215827338129503
0.358974358974359
0.3164556962025316
0.31901840490797545
0.2937062937062937
0.32894736842105265
0.33121019108280253
0.3018867924528302
0.33333333333333337
0.2929936305732484
0.32727272727272727
0.32911392405063294
0.3586206896551724
0.3401360544217687
0.3037974683544304
0.31788079470198677
0.32894736842105265
0.32116788321167883
0.3461538461538461
0.3184713375796178
0.3354838709677419
0.3170731707317074
0.30263157894736836
0.33333333333333337
0.3057324840764331
0.303448275862069
0.2875816993464052
0.3184713375796178
0.3225806451612903
0.2981366459627329
0.3216783216783217
0.32911392405063294
0.32214765100671144
0.3439490445859873
0.3537414965986394
0.3287671232876712
0.3333333333333333
0.3354838709677419
0.33121019108280253
0.33333333333333337
0.3311258278145695
0.3
0.3311258278145695
0.3333333333333333
0.31578947368421056
0.3018867924528302
0.2967741935483871
0.2933333333333333
0.304635761589404
0.33783783783783783
0.3144654088050315
0.3164556962025316
0.289308176100629
0.3380281690140845
0.345679012345679
0.3243243243243243
0.2894736842105263
0.33783783783783783
0.33783783783783783
0.2978723404255319
0.3311258278145695
0.3037974683544304
0.34532374100719426
0.3333333333333333
0.31788079470198677
0.33121019108280253
0.3439490445859873
