0.47619047619047616
0.4848484848484848
0.56
0.47761194029850745
0.507936507936508
0.46875
0.4523809523809524
0.509090909090909
0.4307692307692308
0.38461538461538464
0.3548387096774193
0.4819277108433735
0.3495145631067961
0.43749999999999994
0.4691358024691358
0.5066666666666666
0.40579710144927544
0.5070422535211268
0.33898305084745767
0.4130434782608696
0.45
0.5245901639344263
0.53125
0.509090909090909
0.4444444444444445
0.3106796116504854
0.3513513513513514
0.5964912280701755
0.5714285714285715
0.5396825396825397
0.47761194029850745
0.41666666666666663
0.45161290322580644
0.4923076923076923
0.5263157894736842
0.456140350877193
0.5142857142857143
0.47457627118644075
0.46341463414634143
0.47761194029850745
0.40963855421686746
0.56
0.4347826086956522
0.6071428571428571
0.4137931034482759
0.5507246376811593
0.38596491228070173
0.547945205479452
0.40540540540540543
0.5217391304347826
0.4912280701754386
0.4482758620689655
0.5454545454545454
0.4864864864864865
0.4727272727272728
0.5411764705882354
0.3928571428571428
0.611111111111111
0.43243243243243246
0.5
0.3863636363636363
0.4117647058823529
0.5333333333333333
0.576271186440678
0.44067796610169496
0.47058823529411764
0.4533333333333333
0.5405405405405405
0.325
0.27027027027027023
0.47457627118644075
0.44943820224719105
0.3283582089552239
0.5396825396825397
0.5423728813559322
0.5373134328358209
0.40625
0.5573770491803278
0.31578947368421056
0.5
0.4347826086956522
0.5352112676056339
0.4067796610169491
0.3492063492063492
0.39999999999999997
0.4912280701754386
0.37500000000000006
0.3703703703703704
0.41379310344827586
0.42696629213483145
0.47457627118644075
0.4819277108433735
0.5070422535211268
0.5405405405405405
0.3943661971830986
0.4363636363636364
0.46341463414634143
0.5483870967741935
0.3846153846153846
0.47761194029850745
0.5333333333333333
0.5714285714285713
0.4912280701754386
0.425
0.4722222222222222
0.4848484848484848
0.6388888888888888
0.46875
0.5084745762711865
0.5454545454545454
0.3880597014925374
0.53125
0.4
0.4927536231884058
0.5
0.5
0.456140350877193
0.4666666666666667
0.5060240963855422
0.4615384615384615
0.5161290322580646
0.3272727272727273
0.6666666666666666
0.5
0.43749999999999994
0.43037974683544306
0.5217391304347826
0.5
0.5396825396825397
0.5405405405405405
0.45901639344262296
0.4126984126984127
0.3888888888888889
0.5573770491803278
0.40449438202247195
0.5901639344262295
0.5405405405405405
0.41509433962264153
0.39393939393939387
0.48571428571428565
0.33898305084745767
0.4444444444444444
0.5609756097560975
0.4827586206896552
0.5671641791044775
0.5128205128205129
0.5161290322580646
0.47368421052631576
0.4235294117647059
0.5373134328358209
0.41666666666666663
0.5205479452054794
0.4307692307692308
0.4615384615384615
0.38709677419354843
0.47457627118644075
0.5
0.4074074074074074
0.5476190476190477
0.39344262295081966
0.5352112676056339
0.5070422535211268
0.4473684210526315
0.4444444444444445
0.4473684210526315
0.40540540540540543
0.6101694915254238
0.45454545454545453
0.5423728813559322
0.4383561643835616
0.5714285714285713
0.4117647058823529
0.39344262295081966
0.5714285714285713
0.3793103448275862
0.4533333333333333
0.6666666666666667
0.2962962962962963
0.41509433962264153
0.4117647058823529
0.5660377358490566
0.4615384615384615
0.41935483870967744
0.4421052631578948
0.45454545454545453
0.3928571428571428
0.380952380952381
0.4814814814814815
0.5357142857142857
0.3684210526315789
0.4235294117647059
0.5373134328358209
0.4615384615384615
0.4102564102564102
0.40963855421686746
0.5538461538461538
0.379746835443038
0.4838709677419355
0.4074074074074074
0.4166666666666667
0.4444444444444445
0.4126984126984127
0.3571428571428571
0.6461538461538462
0.4383561643835616
0.3125
0.4444444444444445
0.47619047619047616
0.3793103448275862
0.4722222222222222
0.523076923076923
0.5396825396825397
0.42857142857142855
0.47058823529411764
0.34567901234567905
0.5277777777777778
0.4912280701754386
0.5074626865671642
0.43749999999999994
0.5964912280701755
0.5625
0.42424242424242425
0.509090909090909
0.44067796610169496
0.59375
0.5405405405405405
0.5373134328358209
0.47761194029850745
0.5316455696202531
0.5084745762711865
0.4675324675324675
0.3773584905660377
0.47058823529411764
0.39344262295081966
0.42424242424242425
0.5573770491803278
0.47887323943661975
0.47058823529411764
0.4918032786885246
0.6153846153846153
0.5
0.379746835443038
0.5666666666666667
0.4594594594594595
0.5507246376811593
0.45454545454545453
0.5294117647058824
0.4313725490196078
0.4117647058823529
0.4109589041095891
0.40540540540540543
0.4225352112676056
0.4444444444444444
0.45901639344262296
0.41558441558441556
0.4927536231884058
0.5084745762711865
0.42857142857142855
0.46575342465753417
0.5185185185185186
0.4444444444444445
0.53125
0.5806451612903225
0.4383561643835616
0.4615384615384615
0.41463414634146345
0.5797101449275363
0.5135135135135135
0.4533333333333333
0.417910447761194
0.4482758620689655
0.4750000000000001
0.5846153846153846
0.4307692307692308
0.4
0.5217391304347826
0.37681159420289856
0.5161290322580646
0.4444444444444444
0.37500000000000006
0.5
0.5757575757575758
0.3582089552238806
0.6129032258064516
0.46575342465753417
0.5263157894736841
0.3950617283950617
0.3880597014925374
0.5625
0.5135135135135135
0.5151515151515152
0.4912280701754386
0.4415584415584416
0.6779661016949153
0.47761194029850745
0.4918032786885246
0.5
0.47761194029850745
0.5084745762711865
0.3448275862068965
0.4415584415584416
0.507936507936508
0.5789473684210527
0.34782608695652173
0.5714285714285713
0.5970149253731343
0.4871794871794872
0.4864864864864865
0.45454545454545453
0.4918032786885246
0.4827586206896552
0.46575342465753417
0.5
0.5
0.3950617283950617
0.43243243243243246
0.4347826086956522
0.42857142857142855
0.3950617283950617
0.4067796610169491
0.40625
0.5555555555555556
0.44067796610169496
0.4848484848484848
0.39344262295081966
0.5428571428571427
0.41935483870967744
0.59375
0.46875
0.4307692307692308
0.5588235294117647
0.417910447761194
0.6031746031746033
0.31746031746031744
0.4126984126984127
0.3595505617977528
0.5405405405405405
0.4838709677419355
0.53125
0.4750000000000001
0.43181818181818177
0.5806451612903225
0.5263157894736842
0.54320987654321
0.507936507936508
0.48571428571428565
0.4
0.4727272727272728
0.5172413793103449
0.5074626865671642
0.5365853658536585
0.47619047619047616
0.6101694915254238
0.36666666666666664
0.43333333333333335
0.5588235294117647
0.4337349397590361
0.5070422535211268
0.43243243243243246
0.4307692307692308
0.4225352112676056
0.4074074074074074
0.3611111111111111
0.4489795918367347
0.425
0.5454545454545453
0.6071428571428571
0.4
0.547945205479452
0.47368421052631576
0.5797101449275363
0.47619047619047616
0.5283018867924527
0.425
0.41558441558441556
0.4444444444444444
0.4827586206896552
0.509090909090909
0.46875
0.4347826086956522
0.4383561643835616
0.45901639344262296
0.5499999999999999
0.45161290322580644
0.41666666666666663
0.4477611940298507
0.5753424657534246
0.35443037974683544
0.4722222222222222
0.5151515151515152
0.5172413793103449
0.3783783783783784
0.4666666666666667
0.47457627118644075
0.6229508196721313
0.41860465116279066
0.4571428571428572
0.5373134328358209
0.4727272727272728
0.4
0.5294117647058824
0.4927536231884058
0.4383561643835616
0.4444444444444445
0.3928571428571428
0.4
0.5070422535211268
0.4363636363636364
0.42424242424242425
0.3943661971830986
0.41935483870967744
0.39999999999999997
0.41935483870967744
0.5757575757575758
0.3880597014925374
0.4313725490196078
0.39393939393939387
0.5846153846153846
0.32098765432098764
0.4827586206896552
0.3333333333333333
0.5066666666666666
0.4137931034482759
0.5176470588235295
0.44897959183673464
0.4358974358974359
0.5217391304347827
0.4358974358974359
0.3950617283950617
0.5454545454545454
0.5
0.5333333333333333
0.625
0.53125
0.42857142857142855
0.4918032786885246
0.47761194029850745
0.24
0.5176470588235295
0.5714285714285713
0.47761194029850745
0.4081632653061224
0.4473684210526315
0.5294117647058824
0.4210526315789474
0.5
0.576271186440678
0.5333333333333333
0.5846153846153846
0.5245901639344263
0.5333333333333333
0.4109589041095891
0.5
0.4927536231884058
0.4
0.507936507936508
0.5135135135135135
0.4848484848484848
0.4927536231884058
0.5614035087719299
0.2040816326530612
0.43333333333333335
0.42424242424242425
0.40625
0.5714285714285714
0.40963855421686746
0.37142857142857144
0.47761194029850745
0.38709677419354843
0.5757575757575758
0.4225352112676056
0.5063291139240507
0.53125
0.5
0.6551724137931035
0.42424242424242425
0.45
0.6027397260273971
0.5151515151515152
0.417910447761194
0.5
0.4594594594594595
0.48
0.626865671641791
0.6
0.49315068493150693
0.43243243243243246
0.5
0.4
0.423076923076923
0.44067796610169496
0.6129032258064516
0.3928571428571428
0.5283018867924527
0.4383561643835616
0.4727272727272728
0.47761194029850745
0.40625
0.37681159420289856
0.41666666666666663
