0.48
0.4081632653061224
0.4888888888888889
0.3555555555555555
0.5263157894736842
0.4444444444444444
0.4888888888888889
0.4888888888888889
0.45833333333333326
0.43478260869565216
0.5306122448979592
0.45833333333333326
0.6122448979591837
0.39215686274509803
0.4074074074074074
0.4313725490196078
0.4444444444444445
0.4444444444444444
0.5306122448979592
0.5199999999999999
0.5106382978723405
0.45833333333333326
0.41509433962264153
0.5
0.41860465116279066
0.56
0.3478260869565218
0.4897959183673469
0.5
0.47058823529411764
0.39215686274509803
0.48
0.4528301886792453
0.4
0.41025641025641024
0.4081632653061224
0.4444444444444444
0.4545454545454545
0.44897959183673464
0.37209302325581395
0.3928571428571428
0.3913043478260869
0.5714285714285714
0.5
0.3846153846153846
0.47058823529411764
0.5
0.4
0.5217391304347827
0.4727272727272728
0.5306122448979592
0.46808510638297873
0.48
0.5531914893617021
0.5106382978723405
0.42857142857142855
0.5531914893617021
0.5
0.5
0.509090909090909
0.41509433962264153
0.43478260869565216
0.37499999999999994
0.4313725490196078
0.45833333333333326
0.46808510638297873
0.4166666666666667
0.4528301886792453
0.47058823529411764
0.326530612244898
0.4727272727272728
0.43478260869565216
0.509090909090909
0.3809523809523809
0.4090909090909091
0.5098039215686274
0.5
0.5
0.4545454545454545
0.4897959183673469
0.4482758620689655
0.5555555555555556
0.3773584905660377
0.5416666666666666
0.45833333333333326
0.47619047619047616
0.49056603773584906
0.47058823529411764
0.4081632653061224
0.4444444444444444
0.47619047619047616
0.4615384615384615
0.43478260869565216
0.44897959183673464
0.48
0.3846153846153846
0.4814814814814815
0.6
0.4482758620689655
0.5
0.36000000000000004
0.48
0.3478260869565218
0.4912280701754386
0.3478260869565218
0.4651162790697674
0.4651162790697674
0.5185185185185186
0.5660377358490566
0.5
0.5384615384615385
0.42553191489361697
0.29268292682926833
0.5098039215686274
0.37209302325581395
0.4651162790697674
0.5416666666666666
0.45833333333333326
0.37209302325581395
0.43902439024390244
0.3913043478260869
0.5098039215686274
0.5
0.5
0.5
0.3404255319148936
0.5454545454545454
0.34615384615384615
0.4166666666666667
0.3829787234042553
0.42553191489361697
0.5217391304347827
0.5306122448979592
0.41509433962264153
0.4444444444444445
0.5454545454545455
0.3684210526315789
0.3829787234042553
0.43478260869565216
0.4888888888888889
0.43999999999999995
0.5283018867924527
0.4166666666666667
0.4081632653061224
0.44897959183673464
0.5283018867924527
0.42857142857142855
0.47619047619047616
0.49056603773584906
0.3673469387755102
0.5199999999999999
0.47826086956521735
0.46808510638297873
0.41860465116279066
0.41860465116279066
0.39215686274509803
0.3829787234042553
0.44897959183673464
0.4615384615384615
0.47457627118644075
0.39215686274509803
0.4615384615384615
0.41860465116279066
0.43999999999999995
0.4615384615384615
0.42553191489361697
0.3478260869565218
0.41509433962264153
0.39215686274509803
0.4615384615384615
0.4897959183673469
0.5
0.5217391304347827
0.4642857142857143
0.4888888888888889
0.4912280701754386
0.5185185185185186
0.423076923076923
0.42553191489361697
0.3829787234042553
0.42553191489361697
0.49056603773584906
0.43478260869565216
0.3809523809523809
0.47457627118644075
0.4615384615384615
0.41860465116279066
0.3673469387755102
0.5
0.5555555555555556
0.4313725490196078
0.3636363636363636
0.5777777777777778
0.36000000000000004
0.4313725490196078
0.5531914893617021
0.42553191489361697
0.5660377358490566
0.37499999999999994
0.43999999999999995
0.5490196078431373
0.4262295081967213
0.3846153846153846
0.5106382978723405
0.5106382978723405
0.46808510638297873
0.5106382978723405
0.4
0.5384615384615385
0.4897959183673469
0.47619047619047616
0.36363636363636365
0.36363636363636365
0.36000000000000004
0.4313725490196078
0.5098039215686274
0.5306122448979592
0.47826086956521735
0.49056603773584906
0.35897435897435903
0.4615384615384615
0.4444444444444444
0.4615384615384615
0.46808510638297873
0.6274509803921569
0.42553191489361697
0.4651162790697674
0.4528301886792453
0.4
0.30769230769230765
0.42553191489361697
0.5283018867924527
0.56
0.5833333333333334
0.5
0.4090909090909091
0.33333333333333337
0.42553191489361697
0.44897959183673464
0.3809523809523809
0.5957446808510638
0.4615384615384615
0.37499999999999994
0.48
0.4081632653061224
0.41935483870967744
0.3043478260869565
0.4615384615384615
0.5
0.3703703703703704
0.3555555555555555
0.5306122448979592
0.4090909090909091
0.3829787234042553
0.43902439024390244
0.3913043478260869
0.5818181818181818
0.41860465116279066
0.5454545454545455
0.4444444444444444
0.5714285714285714
0.5306122448979592
0.423076923076923
0.4888888888888889
0.36363636363636365
0.4081632653061224
0.4528301886792453
0.5
0.5333333333333333
0.4814814814814815
0.3703703703703704
0.4897959183673469
0.509090909090909
0.5
0.45833333333333326
0.3846153846153846
0.5199999999999999
0.47058823529411764
0.44897959183673464
0.4912280701754386
0.32
0.4888888888888889
0.5098039215686274
0.5777777777777778
0.39215686274509803
0.5614035087719299
0.48
0.588235294117647
0.4074074074074074
0.4897959183673469
0.4727272727272728
0.48
0.4615384615384615
0.5
0.4888888888888889
0.43478260869565216
0.423076923076923
0.4090909090909091
0.49056603773584906
0.423076923076923
0.4363636363636364
0.5283018867924527
0.3773584905660377
0.4666666666666667
0.4444444444444445
0.4363636363636364
0.47457627118644075
0.5490196078431373
0.4912280701754386
0.5199999999999999
0.48
0.4444444444444444
0.3555555555555555
0.45833333333333326
0.5283018867924527
0.3902439024390244
0.4727272727272728
0.4727272727272728
0.4081632653061224
0.43478260869565216
0.4166666666666667
0.4528301886792453
0.56
0.3829787234042553
0.4081632653061224
0.43999999999999995
0.45833333333333326
0.43478260869565216
0.3181818181818182
0.4
0.49056603773584906
0.5517241379310344
0.49056603773584906
0.43749999999999994
0.4313725490196078
0.5531914893617021
0.4888888888888889
0.5098039215686274
0.3913043478260869
0.5098039215686274
0.5333333333333333
0.43999999999999995
0.47826086956521735
0.4081632653061224
0.5283018867924527
0.34615384615384615
0.47826086956521735
0.5333333333333333
0.39215686274509803
0.4444444444444445
0.43999999999999995
0.4482758620689655
0.5199999999999999
0.42857142857142855
0.4285714285714285
0.5306122448979592
0.4
0.5199999999999999
0.5
0.4444444444444445
0.5416666666666666
0.4
0.49056603773584906
0.39215686274509803
0.5106382978723405
0.3773584905660377
0.4313725490196078
0.48
0.4888888888888889
0.45833333333333326
0.41860465116279066
0.41860465116279066
0.5217391304347827
0.44897959183673464
0.43478260869565216
0.41860465116279066
0.423076923076923
0.43478260869565216
0.3913043478260869
0.5306122448979592
0.4727272727272728
0.4827586206896552
0.4444444444444444
0.4888888888888889
0.4897959183673469
0.5
0.44897959183673464
0.41509433962264153
0.41509433962264153
0.5098039215686274
0.4
0.5531914893617021
0.5531914893617021
0.43478260869565216
0.3809523809523809
0.3181818181818182
0.4
0.4313725490196078
0.3809523809523809
0.41509433962264153
0.39215686274509803
0.47826086956521735
0.43999999999999995
0.4166666666666667
0.6037735849056605
0.4363636363636364
0.4444444444444445
0.44897959183673464
0.5333333333333333
0.5490196078431373
0.3272727272727273
0.34615384615384615
0.3809523809523809
0.4444444444444445
0.43478260869565216
0.41860465116279066
0.45000000000000007
0.45833333333333326
0.4444444444444444
0.5106382978723405
0.47058823529411764
0.4444444444444444
0.43999999999999995
0.5116279069767441
0.5098039215686274
0.5
0.48
0.5777777777777778
0.3773584905660377
0.4545454545454545
0.5
0.509090909090909
0.46808510638297873
0.43478260869565216
0.3673469387755102
0.5833333333333334
0.5116279069767441
0.3928571428571428
0.4081632653061224
0.4878048780487804
0.4545454545454545
0.41860465116279066
0.5416666666666666
0.5833333333333334
0.4081632653061224
0.4444444444444444
0.4067796610169491
0.5199999999999999
0.509090909090909
0.4285714285714285
0.47826086956521735
0.4
0.4897959183673469
0.43478260869565216
0.56
0.41025641025641024
0.5490196078431373
0.4615384615384615
0.3913043478260869
0.5416666666666666
0.5
0.5199999999999999
0.5098039215686274
0.47457627118644075
0.47826086956521735
0.4444444444444445
0.4166666666666667
0.4
0.509090909090909
0.5
0.5416666666666666
0.5283018867924527
0.5
0.3673469387755102
0.4642857142857143
0.36363636363636365
0.3673469387755102
0.3846153846153846
0.5199999999999999
0.5660377358490566
0.5199999999999999
0.4
0.5660377358490566
0.47058823529411764
0.37499999999999994
0.4444444444444444
0.4545454545454545
0.4545454545454545
0.4615384615384615
0.49056603773584906
0.5
0.5084745762711865
0.4888888888888889
0.47826086956521735
0.47058823529411764
0.4074074074074074
0.5
0.4363636363636364
0.44897959183673464
0.47058823529411764
