0.39344262295081966
0.43902439024390244
0.43478260869565216
0.3902439024390244
0.5172413793103449
0.33333333333333337
0.48
0.41860465116279066
0.48
0.43478260869565216
0.3773584905660377
0.46808510638297873
0.47457627118644075
0.5416666666666666
0.37499999999999994
0.5416666666666666
0.37499999999999994
0.3555555555555555
0.4444444444444445
0.5555555555555556
0.5
0.4
0.3404255319148936
0.47058823529411764
0.3181818181818182
0.4482758620689655
0.3673469387755102
0.4528301886792453
0.3508771929824561
0.47619047619047616
0.3913043478260869
0.5306122448979592
0.43902439024390244
0.45833333333333326
0.4285714285714285
0.43999999999999995
0.46808510638297873
0.45833333333333326
0.3636363636363636
0.3181818181818182
0.42553191489361697
0.42553191489361697
0.5098039215686274
0.4
0.47619047619047616
0.5116279069767441
0.4444444444444444
0.4897959183673469
0.5416666666666666
0.5454545454545454
0.46808510638297873
0.37209302325581395
0.3673469387755102
0.46808510638297873
0.31578947368421056
0.4528301886792453
0.4444444444444445
0.5306122448979592
0.5238095238095238
0.456140350877193
0.47826086956521735
0.3846153846153846
0.42553191489361697
0.3673469387755102
0.43478260869565216
0.49056603773584906
0.37209302325581395
0.33333333333333337
0.4166666666666667
0.33333333333333337
0.3913043478260869
0.45833333333333326
0.4363636363636364
0.4615384615384615
0.3478260869565218
0.4615384615384615
0.3555555555555555
0.41860465116279066
0.42553191489361697
0.49056603773584906
0.47058823529411764
0.6122448979591837
0.4
0.49056603773584906
0.4210526315789474
0.3913043478260869
0.3913043478260869
0.41509433962264153
0.46808510638297873
0.4
0.47619047619047616
0.43478260869565216
0.25531914893617025
0.5833333333333334
0.4444444444444444
0.4
0.5777777777777778
0.5833333333333334
0.5098039215686274
0.44897959183673464
0.5333333333333333
0.4081632653061224
0.36363636363636365
0.48
0.5116279069767441
0.5217391304347827
0.5490196078431373
0.5106382978723405
0.4615384615384615
0.34146341463414637
0.41860465116279066
0.326530612244898
0.33333333333333337
0.4615384615384615
0.43902439024390244
0.4081632653061224
0.4545454545454545
0.4444444444444444
0.32558139534883723
0.35897435897435903
0.37209302325581395
0.4897959183673469
0.588235294117647
0.4545454545454545
0.47826086956521735
0.3404255319148936
0.4528301886792453
0.5
0.34146341463414637
0.4
0.42553191489361697
0.5454545454545454
0.47058823529411764
0.4090909090909091
0.5
0.5
0.43478260869565216
0.47826086956521735
0.45000000000000007
0.4615384615384615
0.5
0.42857142857142855
0.32
0.5199999999999999
0.46808510638297873
0.4363636363636364
0.48
0.33333333333333337
0.4067796610169491
0.39215686274509803
0.5
0.423076923076923
0.3793103448275862
0.4888888888888889
0.3902439024390244
0.47826086956521735
0.5116279069767441
0.45833333333333326
0.4444444444444444
0.5517241379310344
0.4166666666666667
0.5454545454545455
0.5
0.423076923076923
0.41860465116279066
0.41860465116279066
0.4081632653061224
0.5490196078431373
0.3478260869565218
0.47058823529411764
0.5384615384615385
0.43999999999999995
0.5652173913043479
0.4166666666666667
0.4166666666666667
0.5714285714285715
0.4727272727272728
0.4615384615384615
0.4166666666666667
0.28571428571428575
0.4897959183673469
0.48
0.43478260869565216
0.4081632653061224
0.456140350877193
0.42857142857142855
0.3
0.3913043478260869
0.5
0.47058823529411764
0.43478260869565216
0.3829787234042553
0.5283018867924527
0.47826086956521735
0.46808510638297873
0.5
0.4166666666666667
0.47826086956521735
0.45833333333333326
0.5116279069767441
0.4615384615384615
0.36666666666666664
0.5490196078431373
0.5106382978723405
0.4
0.5217391304347827
0.44897959183673464
0.45833333333333326
0.4727272727272728
0.4313725490196078
0.4651162790697674
0.42553191489361697
0.2564102564102564
0.33333333333333337
0.4528301886792453
0.5714285714285714
0.5217391304347827
0.5
0.48
0.35
0.4666666666666667
0.4
0.4313725490196078
0.45833333333333326
0.5517241379310344
0.4
0.41860465116279066
0.5333333333333333
0.4081632653061224
0.4897959183673469
0.3846153846153846
0.5384615384615385
0.5185185185185186
0.49056603773584906
0.5
0.3
0.4615384615384615
0.43902439024390244
0.3181818181818182
0.37209302325581395
0.43478260869565216
0.4615384615384615
0.46808510638297873
0.44897959183673464
0.45833333333333326
0.5714285714285715
0.3913043478260869
0.5106382978723405
0.5283018867924527
0.3404255319148936
0.5777777777777778
0.4827586206896552
0.3043478260869565
0.4166666666666667
0.37209302325581395
0.37209302325581395
0.5818181818181818
0.4285714285714285
0.43902439024390244
0.41509433962264153
0.5384615384615385
0.4814814814814815
0.4814814814814815
0.4210526315789474
0.32558139534883723
0.42553191489361697
0.5416666666666666
0.5306122448979592
0.5909090909090909
0.509090909090909
0.4081632653061224
0.4878048780487804
0.5957446808510638
0.5416666666666666
0.3913043478260869
0.43999999999999995
0.41509433962264153
0.46808510638297873
0.5106382978723405
0.5
0.37209302325581395
0.45833333333333326
0.41860465116279066
0.4081632653061224
0.46808510638297873
0.4727272727272728
0.5106382978723405
0.4615384615384615
0.39215686274509803
0.4090909090909091
0.5416666666666666
0.42553191489361697
0.4642857142857143
0.5185185185185186
0.30769230769230765
0.3913043478260869
0.5416666666666666
0.4888888888888889
0.5199999999999999
0.48
0.46808510638297873
0.48
0.4888888888888889
0.5490196078431373
0.6122448979591837
0.4137931034482759
0.4363636363636364
0.5106382978723405
0.5660377358490566
0.5283018867924527
0.41509433962264153
0.4363636363636364
0.4888888888888889
0.5106382978723405
0.33333333333333326
0.42553191489361697
0.4897959183673469
0.47619047619047616
0.5116279069767441
0.5
0.4166666666666667
0.4166666666666667
0.5
0.35
0.45833333333333326
0.47058823529411764
0.5098039215686274
0.41860465116279066
0.37499999999999994
0.3555555555555555
0.456140350877193
0.4262295081967213
0.45000000000000007
0.43333333333333335
0.42553191489361697
0.5416666666666666
0.43999999999999995
0.33962264150943394
0.5
0.3673469387755102
0.4313725490196078
0.47826086956521735
0.4
0.5116279069767441
0.47058823529411764
0.43999999999999995
0.45833333333333326
0.42553191489361697
0.5199999999999999
0.3913043478260869
0.56
0.4545454545454545
0.5416666666666666
0.46808510638297873
0.4878048780487804
0.5199999999999999
0.33333333333333337
0.5106382978723405
0.5217391304347827
0.3913043478260869
0.4285714285714285
0.44897959183673464
0.5454545454545454
0.509090909090909
0.5714285714285714
0.423076923076923
0.3478260869565218
0.3673469387755102
0.4090909090909091
0.4615384615384615
0.4651162790697674
0.4090909090909091
0.48
0.29268292682926833
0.43902439024390244
0.4545454545454545
0.32558139534883723
0.4166666666666667
0.3928571428571428
0.4912280701754386
0.4
0.326530612244898
0.4
0.5714285714285714
0.45833333333333326
0.47826086956521735
0.47826086956521735
0.5
0.4528301886792453
0.5199999999999999
0.41509433962264153
0.48
0.43999999999999995
0.5454545454545455
0.3902439024390244
0.26666666666666666
0.43333333333333335
0.42553191489361697
0.37209302325581395
0.48
0.4444444444444445
0.4545454545454545
0.3902439024390244
0.47826086956521735
0.41509433962264153
0.43999999999999995
0.4615384615384615
0.37209302325581395
0.36363636363636365
0.43478260869565216
0.30769230769230765
0.4090909090909091
0.4897959183673469
0.47826086956521735
0.41860465116279066
0.4444444444444444
0.29268292682926833
0.4444444444444444
0.4545454545454545
0.44897959183673464
0.5
0.47826086956521735
0.4444444444444444
0.3555555555555555
0.3809523809523809
0.5199999999999999
0.3829787234042553
0.45833333333333326
0.3829787234042553
0.4081632653061224
0.5416666666666666
0.4528301886792453
0.4444444444444444
0.4545454545454545
0.5
0.5
0.44897959183673464
0.47457627118644075
0.4651162790697674
0.46808510638297873
0.5
0.4444444444444445
0.5
0.5306122448979592
0.5106382978723405
0.5106382978723405
0.4166666666666667
0.5306122448979592
0.423076923076923
0.44897959183673464
0.42553191489361697
0.37209302325581395
0.5
0.47058823529411764
0.4444444444444444
0.5116279069767441
0.4363636363636364
0.5306122448979592
0.4651162790697674
0.4444444444444444
0.4651162790697674
0.423076923076923
0.42553191489361697
0.56
0.46808510638297873
0.5333333333333333
0.56
0.34146341463414637
0.45833333333333326
0.47058823529411764
0.5217391304347827
0.5333333333333333
0.45833333333333326
0.46808510638297873
0.5
0.32558139534883723
0.4444444444444445
0.46808510638297873
0.48
0.423076923076923
0.5
0.43902439024390244
0.43478260869565216
0.47058823529411764
0.3913043478260869
0.42553191489361697
0.46808510638297873
0.4651162790697674
0.5185185185185186
0.3829787234042553
0.3636363636363636
0.5833333333333334
0.5
0.48
0.5
0.5
0.48
0.4
0.35
0.5263157894736842
