0.7559722222222222
0.7448611111111111
0.7281944444444444
0.7325
0.735
0.7280555555555556
0.8027777777777777
0.6730555555555555
0.72375
0.76
0.7827777777777778
0.7680555555555556
0.7384722222222222
0.7186111111111112
0.7402777777777778
0.7597222222222222
0.8272222222222223
0.7234722222222223
0.7265277777777778
0.7968055555555555
0.7251388888888889
0.7141666666666667
0.7555555555555556
0.7547222222222223
0.7422222222222222
0.8066666666666668
0.7119444444444445
0.8383333333333334
0.7248611111111112
0.7147222222222223
0.7479166666666667
0.7765277777777778
0.7016666666666667
0.7422222222222222
0.7716666666666666
0.74
0.7447222222222222
0.7015277777777778
0.7843055555555556
0.7820833333333332
0.7591666666666667
0.6888888888888889
0.7551388888888889
0.7227777777777777
0.736111111111111
0.7402777777777778
0.7290277777777778
0.7356944444444444
0.7616666666666667
0.7954166666666667
0.7424999999999999
0.7625000000000001
0.7588888888888888
0.7822222222222223
0.7525
0.6805555555555556
0.7730555555555555
0.7536111111111111
0.7704166666666669
0.7666666666666666
0.7369444444444446
0.8016666666666667
0.7319444444444444
0.7694444444444446
0.7294444444444445
0.7422222222222222
0.7058333333333333
0.7427777777777778
0.7269444444444444
0.6826388888888889
0.7423611111111111
0.7511111111111111
0.7725
0.7620833333333333
0.7522222222222222
0.7995833333333334
0.7591666666666668
0.7916666666666667
0.7569444444444444
0.8156944444444444
0.7397222222222222
0.705
0.6790277777777778
0.7427777777777778
0.7706944444444445
0.6902777777777778
0.73
0.7222222222222223
0.7850000000000001
0.7065277777777779
0.7375
0.7858333333333334
0.7373611111111111
0.7377777777777778
0.7205555555555556
0.7825000000000001
0.73
0.7644444444444445
0.7324999999999999
0.7036111111111111
0.7381944444444444
0.7118055555555555
0.7166666666666667
0.7436111111111111
0.7476388888888889
0.7769444444444444
0.7438888888888889
0.745
0.7494444444444445
0.7786111111111111
0.7756944444444445
0.731111111111111
0.6761111111111111
0.7297222222222223
0.7019444444444445
0.7619444444444444
0.7884722222222224
0.7251388888888889
0.7705555555555557
0.7359722222222222
0.7686111111111111
0.815
0.8091666666666667
0.8125
0.7966666666666667
0.7058333333333333
0.77125
0.7498611111111111
0.7922222222222223
0.8136111111111111
0.7320833333333332
0.7486111111111111
0.7469444444444444
0.7322222222222222
0.7316666666666667
0.7362500000000001
0.7854166666666668
0.6979166666666666
0.7540277777777777
0.7166666666666667
0.7544444444444445
0.7597222222222222
0.7162499999999999
0.775
0.7883333333333333
0.76125
0.7348611111111111
0.7455555555555555
0.7652777777777777
0.7322222222222222
0.76125
0.7636111111111111
0.6636111111111112
0.7943055555555556
0.7622222222222221
0.7080555555555555
0.7166666666666667
0.7323611111111111
0.7534722222222223
0.8102777777777778
0.7159722222222222
0.7498611111111112
0.7736111111111111
0.6891666666666667
0.7641666666666667
0.8006944444444445
0.7411111111111112
0.7944444444444445
0.7022222222222222
0.7711111111111111
0.748888888888889
0.7154166666666667
0.8063888888888889
0.7995833333333333
0.7854166666666667
0.7898611111111111
0.7829166666666667
0.7202777777777778
0.7573611111111112
0.7736111111111111
0.7656944444444443
0.7486111111111112
0.7422222222222222
0.7297222222222223
0.6988888888888889
0.7455555555555555
0.7274999999999999
0.7536111111111111
0.7649999999999999
0.7583333333333334
0.7495833333333333
0.7586111111111111
0.8125
0.6958333333333333
0.73125
0.7556944444444444
0.6802777777777778
0.8452777777777778
0.7236111111111112
0.6952777777777778
0.7006944444444445
0.7625000000000001
0.7193055555555555
0.7868055555555555
0.7777777777777778
0.7670833333333333
0.7761111111111111
0.7508333333333334
0.7136111111111111
0.7365277777777778
0.7148611111111112
0.6963888888888888
0.6900000000000001
0.7372222222222221
0.7080555555555555
0.8366666666666668
0.7547222222222223
0.7811111111111111
0.7581944444444445
0.7250000000000001
0.7547222222222223
0.7463888888888889
0.82375
0.8068055555555556
0.7565277777777779
0.755
0.7425
0.7354166666666666
0.8198611111111112
0.7513888888888889
0.7472222222222222
0.7508333333333332
0.7972222222222223
0.7815277777777777
0.7972222222222223
0.7766666666666666
0.7536111111111111
0.7733333333333333
0.7258333333333332
0.7369444444444445
0.803611111111111
0.7522222222222222
0.7055555555555556
0.7277777777777777
0.7768055555555555
0.7625
0.6651388888888888
0.7520833333333333
0.7377777777777779
0.7875
0.772638888888889
0.7740277777777778
0.76125
0.716388888888889
0.7297222222222223
0.7679166666666667
0.7725
0.7708333333333334
0.7822222222222222
0.7008333333333334
0.7841666666666667
0.8058333333333332
0.7858333333333333
0.7626388888888889
0.7291666666666666
0.8086111111111112
0.7433333333333333
0.7401388888888889
0.7633333333333333
0.7818055555555555
0.7356944444444444
0.7472222222222221
0.7583333333333333
0.6981944444444445
0.7627777777777777
0.7802777777777778
0.7883333333333333
0.7970833333333335
0.7477777777777778
0.75625
0.7594444444444445
0.7316666666666667
0.7297222222222222
0.7827777777777779
0.7538888888888888
0.7438888888888889
0.7347222222222223
0.7351388888888888
0.7272222222222222
0.7725
0.7886111111111112
0.77
0.7530555555555556
0.743611111111111
0.8191666666666667
0.725138888888889
0.6983333333333334
0.674861111111111
0.8156944444444444
0.8038888888888889
0.7430555555555555
0.7766666666666666
0.7183333333333333
0.7854166666666667
0.7443055555555556
0.7176388888888889
0.7804166666666666
0.7868055555555555
0.7430555555555556
0.7443055555555556
0.777638888888889
0.7347222222222222
0.7458333333333335
0.6995833333333334
0.7294444444444443
0.7833333333333333
0.7565277777777778
0.67
0.6383333333333333
0.7070833333333334
0.7572222222222222
0.7425
0.7247222222222223
0.7143055555555555
0.7781944444444445
0.7270833333333333
0.7218055555555556
0.7731944444444445
0.7283333333333333
0.7084722222222222
0.7633333333333334
0.7637500000000002
0.7302777777777778
0.7469444444444444
0.7666666666666666
0.7256944444444445
0.7476388888888889
0.7594444444444445
0.755
0.7388888888888888
0.73
0.7669444444444445
0.7540277777777777
0.7516666666666667
0.7386111111111112
0.7119444444444445
0.7204166666666667
0.8068055555555556
0.7380555555555556
0.7461111111111112
0.7380555555555556
0.6576388888888889
0.7897222222222222
0.7038888888888889
0.726388888888889
0.7384722222222223
0.6930555555555555
0.7319444444444445
0.7608333333333334
0.7190277777777777
0.7111111111111111
0.7241666666666666
0.8015277777777778
0.7308333333333333
0.7954166666666667
0.7788888888888889
0.7168055555555555
0.7829166666666666
0.6833333333333333
0.7448611111111112
0.7155555555555555
0.7127777777777778
0.74875
0.703888888888889
0.6905555555555556
0.7566666666666666
0.7787500000000002
0.6873611111111112
0.7777777777777778
0.7208333333333332
0.7126388888888888
0.6719444444444446
0.7452777777777778
0.7595833333333333
0.7225
0.8216666666666665
0.7580555555555556
0.7151388888888889
0.7255555555555555
0.7195833333333334
0.7495833333333333
0.7206944444444443
0.785
0.741111111111111
0.6994444444444444
0.7766666666666667
0.7477777777777778
0.7845833333333334
0.727638888888889
0.7187499999999999
0.7862500000000001
0.7591666666666668
0.7402777777777778
0.7837500000000001
0.6906944444444445
0.7118055555555555
0.7570833333333333
0.7704166666666667
0.7358333333333333
0.7813888888888889
0.7533333333333333
0.705
0.7340277777777778
0.7905555555555555
0.8105555555555556
0.7906944444444445
0.6826388888888888
0.7104166666666667
0.7383333333333334
0.6991666666666666
0.7306944444444444
0.681111111111111
0.7166666666666667
0.7356944444444444
0.8311111111111111
0.7625
0.76875
0.7620833333333333
0.7698611111111111
0.7288888888888889
0.7587499999999999
0.741388888888889
0.7248611111111112
0.7536111111111111
0.7308333333333334
0.7722222222222223
0.7363888888888889
0.6779166666666666
0.7312500000000001
0.7393055555555555
0.7718055555555555
0.7205555555555556
0.70875
0.7258333333333334
0.7572222222222222
0.7413888888888889
0.7605555555555557
0.7493055555555557
0.7284722222222223
0.6956944444444445
0.7356944444444444
0.647361111111111
0.7323611111111111
0.7858333333333334
0.7784722222222222
0.7272222222222222
0.7379166666666667
0.7694444444444445
0.7138888888888889
0.7369444444444444
0.7433333333333335
0.7218055555555556
0.7272222222222222
0.7365277777777778
0.7613888888888889
0.765
0.7559722222222223
0.7616666666666666
0.7558333333333334
0.7569444444444444
0.7519444444444444
0.7886111111111112
0.7238888888888889
0.7591666666666665
0.7511111111111111
0.7483333333333333
0.7302777777777778
0.7418055555555554
0.7308333333333333
0.7502777777777777
0.7656944444444445
0.7447222222222222
0.7709722222222223
0.6902777777777778
0.6893055555555555
0.7525
0.7522222222222222
0.7016666666666667
0.7461111111111112
0.7491666666666666
0.7819444444444444
0.7058333333333333
0.6765277777777777
0.7316666666666667
0.7498611111111111
0.7322222222222223
0.7605555555555557
0.75
0.7386111111111111
0.7551388888888889
