0.7206944444444444
0.7175
0.7343055555555555
0.7834722222222222
0.7283333333333333
0.7211111111111111
0.8088888888888888
0.7179166666666668
0.7295833333333335
0.7245833333333334
0.7159722222222222
0.7324999999999999
0.7481944444444444
0.7377777777777778
0.6766666666666665
0.7172222222222222
0.7630555555555556
0.6969444444444444
0.705138888888889
0.7220833333333333
0.7086111111111111
0.7155555555555555
0.7455555555555555
0.7468055555555556
0.7313888888888889
0.7801388888888889
0.7022222222222223
0.7004166666666667
0.7216666666666667
0.6669444444444445
0.6834722222222223
0.7352777777777778
0.7629166666666667
0.7604166666666667
0.7318055555555556
0.7119444444444445
0.7797222222222222
0.74
0.6962499999999999
0.6894444444444444
0.7811111111111111
0.6956944444444445
0.7636111111111111
0.7634722222222223
0.675138888888889
0.7056944444444444
0.7665277777777778
0.7469444444444444
0.7977777777777778
0.7838888888888889
0.7343055555555555
0.736388888888889
0.7727777777777778
0.7381944444444444
0.7183333333333333
0.678611111111111
0.7577777777777778
0.7968055555555555
0.7272222222222222
0.8130555555555555
0.7280555555555557
0.7345833333333334
0.7715277777777778
0.70125
0.6777777777777778
0.7106944444444445
0.7883333333333333
0.7243055555555555
0.6980555555555555
0.7293055555555555
0.6791666666666667
0.74
0.7172222222222222
0.7613888888888889
0.7105555555555556
0.7881944444444444
0.77
0.7887500000000001
0.7555555555555555
0.7766666666666666
0.7390277777777778
0.7284722222222222
0.7075
0.7413888888888889
0.7477777777777779
0.6645833333333333
0.7251388888888889
0.7083333333333334
0.7469444444444444
0.7659722222222223
0.7498611111111111
0.6930555555555555
0.6720833333333334
0.73125
0.75125
0.7438888888888888
0.7755555555555556
0.7583333333333333
0.7191666666666667
0.7047222222222222
0.6773611111111113
0.7026388888888888
0.7763888888888889
0.7266666666666667
0.7466666666666667
0.7484722222222222
0.7447222222222223
0.7569444444444444
0.7244444444444444
0.7440277777777777
0.7331944444444445
0.6708333333333334
0.7008333333333333
0.7775
0.6931944444444444
0.74875
0.7651388888888889
0.735
0.767361111111111
0.7127777777777777
0.7375
0.7527777777777778
0.7569444444444444
0.7673611111111112
0.7481944444444444
0.7595833333333333
0.7844444444444445
0.76375
0.762361111111111
0.7384722222222222
0.7501388888888889
0.7076388888888889
0.7175
0.7129166666666666
0.758888888888889
0.6781944444444444
0.7224999999999999
0.7374999999999999
0.7537499999999999
0.7197222222222222
0.7898611111111111
0.7530555555555556
0.7266666666666668
0.7452777777777777
0.7497222222222222
0.7658333333333334
0.7179166666666668
0.7393055555555555
0.7173611111111111
0.7113888888888888
0.7538888888888888
0.7398611111111111
0.7118055555555555
0.7141666666666666
0.7695833333333333
0.695138888888889
0.7245833333333332
0.6895833333333333
0.7354166666666666
0.7779166666666666
0.6933333333333334
0.7452777777777778
0.7566666666666666
0.7175
0.7702777777777778
0.76375
0.7341666666666666
0.7830555555555556
0.6955555555555555
0.6973611111111111
0.7484722222222222
0.6766666666666667
0.8008333333333335
0.7324999999999999
0.7404166666666667
0.7238888888888889
0.7840277777777778
0.6904166666666667
0.785
0.7231944444444446
0.7579166666666667
0.6766666666666666
0.7943055555555555
0.7034722222222223
0.6923611111111112
0.7122222222222223
0.7798611111111111
0.725
0.6881944444444446
0.7445833333333334
0.7324999999999999
0.7704166666666667
0.7666666666666668
0.6812500000000001
0.7198611111111112
0.7176388888888888
0.7318055555555556
0.7790277777777779
0.7163888888888889
0.6766666666666667
0.773611111111111
0.7488888888888889
0.685
0.7540277777777777
0.6894444444444444
0.8005555555555555
0.70875
0.7618055555555555
0.6969444444444444
0.7636111111111111
0.7427777777777778
0.6851388888888889
0.6969444444444445
0.7222222222222223
0.7547222222222222
0.7659722222222223
0.7511111111111111
0.7229166666666667
0.7458333333333333
0.6955555555555556
0.709861111111111
0.6891666666666667
0.6641666666666666
0.8062499999999999
0.7252777777777777
0.7031944444444442
0.7488888888888889
0.7552777777777778
0.7094444444444444
0.7223611111111111
0.7533333333333333
0.6940277777777778
0.7865277777777777
0.7894444444444444
0.7904166666666668
0.8044444444444444
0.7686111111111111
0.75375
0.7090277777777778
0.7033333333333334
0.76625
0.6995833333333332
0.7095833333333332
0.6752777777777778
0.7233333333333333
0.7229166666666667
0.6801388888888888
0.6829166666666666
0.7694444444444445
0.7334722222222222
0.7759722222222222
0.7820833333333334
0.7188888888888889
0.7204166666666667
0.7423611111111111
0.7825
0.7486111111111111
0.7652777777777778
0.7866666666666666
0.6415277777777778
0.7652777777777778
0.7819444444444444
0.7723611111111112
0.755
0.7458333333333333
0.723888888888889
0.7462500000000001
0.7338888888888889
0.7266666666666666
0.7626388888888889
0.7234722222222223
0.6847222222222222
0.7716666666666667
0.74
0.6779166666666667
0.7120833333333333
0.8308333333333333
0.7444444444444445
0.7355555555555555
0.8026388888888889
0.7352777777777777
0.6798611111111111
0.7426388888888888
0.7394444444444446
0.7119444444444445
0.7391666666666666
0.7024999999999999
0.6920833333333334
0.699861111111111
0.7304166666666667
0.7631944444444445
0.7455555555555555
0.7029166666666666
0.7372222222222222
0.7830555555555556
0.7394444444444445
0.7401388888888889
0.669861111111111
0.7109722222222222
0.7765277777777778
0.6954166666666666
0.7213888888888889
0.6937500000000001
0.72125
0.7269444444444445
0.7447222222222223
0.7643055555555556
0.76625
0.6745833333333333
0.715
0.7522222222222222
0.7679166666666667
0.7143055555555555
0.743611111111111
0.7334722222222222
0.7352777777777777
0.7841666666666666
0.7102777777777778
0.6669444444444446
0.7225
0.7493055555555556
0.7116666666666667
0.6551388888888889
0.7243055555555555
0.7655555555555555
0.7295833333333333
0.7648611111111112
0.7115277777777778
0.6947222222222222
0.6977777777777778
0.7770833333333333
0.7438888888888888
0.6930555555555555
0.7427777777777778
0.7473611111111111
0.7044444444444444
0.7152777777777779
0.7920833333333334
0.704861111111111
0.7194444444444444
0.7693055555555555
0.7669444444444444
0.7241666666666666
0.7445833333333334
0.7144444444444444
0.74375
0.7427777777777778
0.7740277777777778
0.7468055555555555
0.7320833333333334
0.7637499999999999
0.6716666666666666
0.7351388888888888
0.7144444444444444
0.7375
0.7355555555555555
0.7448611111111111
0.7430555555555556
0.72
0.7427777777777779
0.7224999999999999
0.74375
0.8030555555555554
0.7363888888888889
0.73375
0.7036111111111111
0.6891666666666667
0.7836111111111111
0.6979166666666667
0.7766666666666667
0.7506944444444443
0.7195833333333335
0.7444444444444445
0.7258333333333333
0.7529166666666666
0.7644444444444445
0.7879166666666666
0.6886111111111111
0.7234722222222223
0.7536111111111111
0.7462500000000001
0.6531944444444444
0.7013888888888888
0.7506944444444444
0.7445833333333334
0.7765277777777778
0.7513888888888889
0.7579166666666667
0.7304166666666667
0.716388888888889
0.7681944444444444
0.7183333333333333
0.7454166666666666
0.7143055555555555
0.7241666666666666
0.6944444444444444
0.7601388888888889
0.7651388888888888
0.7706944444444445
0.7129166666666666
0.7898611111111111
0.7424999999999999
0.7455555555555556
0.7843055555555556
0.7138888888888889
0.7409722222222224
0.7375
0.7175
0.7398611111111111
0.7173611111111111
0.6973611111111111
0.7298611111111111
0.7384722222222222
0.7945833333333334
0.7197222222222222
0.7759722222222223
0.7220833333333334
0.7373611111111111
0.7091666666666667
0.7201388888888889
0.7301388888888889
0.6488888888888888
0.6816666666666666
0.7036111111111112
0.7606944444444445
0.7365277777777779
0.7470833333333334
0.7444444444444445
0.7604166666666667
0.7313888888888889
0.7352777777777778
0.7262500000000001
0.7094444444444444
0.7686111111111111
0.6936111111111112
0.7534722222222223
0.7813888888888889
0.6948611111111112
0.675
0.6508333333333334
0.7668055555555555
0.7270833333333333
0.7319444444444445
0.7431944444444445
0.7897222222222222
0.6984722222222223
0.7404166666666667
0.77125
0.7301388888888889
0.6905555555555556
0.7740277777777776
0.6827777777777778
0.6890277777777778
0.7183333333333333
0.74375
0.7273611111111111
0.7904166666666668
0.7898611111111111
0.6834722222222223
0.7268055555555555
0.7269444444444444
0.7395833333333334
0.7423611111111111
0.7102777777777778
0.7304166666666667
0.7859722222222223
0.7552777777777777
0.7377777777777778
0.7477777777777778
0.7997222222222222
0.6922222222222223
0.7819444444444444
0.7568055555555555
0.7474999999999999
0.7158333333333333
0.7255555555555556
0.7258333333333333
0.7393055555555557
0.7194444444444444
0.7034722222222223
0.7270833333333333
0.7126388888888888
0.6877777777777778
0.7473611111111111
0.7012499999999999
0.7601388888888889
0.65625
0.67875
0.7773611111111112
0.6852777777777778
0.7245833333333334
0.7498611111111111
0.7222222222222222
0.7386111111111111
0.67875
0.7733333333333333
0.6806944444444445
0.7072222222222222
0.726388888888889
0.7052777777777778
