0.61681884143077
0.4947138783285306
0.5186036494140689
0.4730571586675377
0.5094267067589344
0.5635559612251222
0.629294294831169
0.5077883494368378
0.5368316249936306
0.47055904187592645
0.552056137625825
0.559532056184224
0.5115537986615067
0.4499547675014822
0.49332167641471797
0.5106683120077309
0.6151893370321613
0.427802533815284
0.5730623122576435
0.6231633514921182
0.5312519892489529
0.42742704583708624
0.5078321579766065
0.5021522463517585
0.48512593612116806
0.641904909854069
0.4190068066526976
0.6793211613206857
0.43767298367689433
0.5316001751844757
0.44909516084339285
0.5298450597776209
0.5460298981773912
0.5417533901475204
0.5004636355479448
0.4856169215470247
0.5588090270825736
0.4363876575697739
0.5225028018747597
0.5611764817920311
0.5851566187863058
0.42520982524894785
0.5803292201230275
0.4900053222935934
0.49025297492621206
0.519441231203744
0.5225780189226606
0.4322748112541749
0.47834076743774334
0.6313962957402081
0.5757444056053594
0.519884565373277
0.5211289978777822
0.609372951695804
0.5079117049297194
0.4611160024230704
0.6043881514168343
0.5522946289768368
0.5242846944405894
0.6296474411626792
0.531762275443556
0.5346311486099457
0.44143470386625405
0.5391658542346573
0.5396873894129641
0.5327297414230008
0.46524290275243874
0.4785413506381124
0.5370178329320748
0.4666942146099795
0.4839044033009107
0.4797349466265046
0.5141337696165876
0.5428888209547599
0.4975101488862309
0.6446311572668209
0.532100381807243
0.5695321161829259
0.49436077578842497
0.5979143493674447
0.5151618474147485
0.5088208284993031
0.4691311063199244
0.4439650878583912
0.5161906627346696
0.4162505836686271
0.5939925717481847
0.4226737837805852
0.5563910706631832
0.4585931495638276
0.5083114599536428
0.5631153092441585
0.5058816070605837
0.5481192659449535
0.5070703111061408
0.530253709429672
0.5271839650179444
0.5769237402408443
0.5742598552565152
0.5206319206046977
0.4497489124224053
0.544550204343541
0.4615974077296066
0.5273974183226185
0.47206474478653415
0.4747263774686685
0.5004276149284291
0.6057439708527398
0.5325845669937112
0.5355503697176838
0.5670883025621234
0.4784218485762318
0.3816551427408844
0.5256491373344414
0.4302410907820113
0.5079127348693754
0.62464448893252
0.460813368628209
0.5928982696505101
0.4509019663215797
0.5154767066071633
0.5943229272496574
0.6114522144792643
0.643031070657033
0.5494246361887276
0.4759215597350561
0.5674917805300621
0.5234183324277658
0.5584298400983465
0.5524342204606338
0.5166529802844364
0.5590172905497686
0.500006686915273
0.46497557296943004
0.46965622248398753
0.4725236429432925
0.5463918128511138
0.47912275367413143
0.4964510598527161
0.47285129191616354
0.5400213405425085
0.5662705851013906
0.39738730381505233
0.5077106955906243
0.5814845270272736
0.5544487034396737
0.47999385953845974
0.5004810874451061
0.5246660950165788
0.48204460063045595
0.4850013667894969
0.5234583449857887
0.3774680766346594
0.5241805138405002
0.5159200374210419
0.4386414672672496
0.44869933455157107
0.49884880716553914
0.546760907268905
0.6336421397505445
0.5109678096724886
0.562537693705142
0.526502780008936
0.4486787646554275
0.590993719849092
0.5574809067182539
0.5079309620641506
0.5997695905286928
0.45270827434774585
0.5336756273692672
0.5650065996618411
0.4120970083655407
0.5649083567550994
0.6069457890267029
0.5419176843248016
0.5835134303001326
0.5338059811837732
0.4138342425996731
0.43066929855550334
0.5574791757423303
0.5600569601713461
0.575870368874305
0.5712550659746357
0.4451347914629039
0.46739628198912475
0.5530540679298818
0.491241453264634
0.5147895877937242
0.47788972562429105
0.5961900511227021
0.5443310901293305
0.47130983198386345
0.6030685475077519
0.4674211005558742
0.40735791226125806
0.4879339615722051
0.4451145454198032
0.724595025346027
0.47822313489467744
0.3809304585351526
0.5597019897836658
0.464702747090039
0.5035373356208397
0.5531071809584287
0.5833602938796031
0.5468445735218223
0.521956614164931
0.5816238958613442
0.4936721915467023
0.49838774508496636
0.5498161374060377
0.4406646534121556
0.401760874552908
0.4534486947330111
0.4268876986457908
0.538299475690415
0.522182047343172
0.5725112784669573
0.4672117342069127
0.43754541526038576
0.5989643040597015
0.4957787133118311
0.6350774820018588
0.6187444382081595
0.5321763396024084
0.5174713873607845
0.5768384237395937
0.5325317454218901
0.6467127600485972
0.5206423325638211
0.5052297410519924
0.4797000902862801
0.5417029495461322
0.5753828900329908
0.5429245475293308
0.5922124280918496
0.5316789068269724
0.4848668809939828
0.46698830425445387
0.47606077873057717
0.612844767726682
0.47492866687187435
0.36263096049793897
0.4693846908435262
0.530778809288799
0.5996080086216248
0.402668997228271
0.5312506507746289
0.51141590710603
0.5236072009134233
0.5671456288393137
0.5770463703791651
0.5231893047569522
0.4801238829345492
0.554479225004352
0.4951447428567455
0.6069281534035839
0.5407213083538005
0.5593695182983139
0.4202396134359444
0.6075829729570484
0.6603266031077992
0.5796869933644595
0.5399518907728275
0.47134182382228607
0.6169942418744105
0.4591883589815989
0.537015940648044
0.6100501595572072
0.5752629981178162
0.4776577495915957
0.6099442723475001
0.6212028083845473
0.47251745836990366
0.5582113302915911
0.5642417179634631
0.5549775266675396
0.5847688923570449
0.47801968099331593
0.6410037552038778
0.5036265565591604
0.4859160260871555
0.45111179226922743
0.6524535715625919
0.5185003678154929
0.5002691522135884
0.5372381737768054
0.47904316878865083
0.4400787993200067
0.5034431170773987
0.6505329551084107
0.5146383867583569
0.42371024920588884
0.4717876517336221
0.6463069342126387
0.4817131514585338
0.47778573408252445
0.38876577873976315
0.5830704690356152
0.5714394217401735
0.5501415450997369
0.5128369850343599
0.44610485035680225
0.6021623769060541
0.5469321697346301
0.47178824568416505
0.596735652038994
0.5074507458585559
0.5613585783200895
0.48419067210010985
0.48086873668619046
0.4846996714202214
0.48657237927218777
0.4969288485770932
0.48986332720425835
0.5440017434552713
0.5067187597676848
0.4376764080999547
0.40776193350414347
0.5075641021490517
0.5851289686454354
0.49989166251708667
0.44301373609771477
0.4799928437349579
0.5375058754792286
0.4691372624668182
0.5607038408864169
0.469584162986293
0.44797898899329053
0.5416502103990694
0.5240570903562868
0.5060085697586605
0.516950876632275
0.4990807400686641
0.5368406060156641
0.46877672113073954
0.4620778205480409
0.48701963691506805
0.5715844063548613
0.48769299567133867
0.5749153104057296
0.5199316397438837
0.5236256207940042
0.45895604330798273
0.5387542595043393
0.5199041990541683
0.541737362925518
0.5923469621919237
0.47298242306970295
0.4879363657688102
0.4965204821125387
0.3875086859610721
0.6440818137277934
0.463514682181188
0.46071609206331493
0.5130932969196632
0.5294976146470743
0.48331390771039434
0.45799478043310915
0.5571440810977605
0.5576627173094061
0.5187872922858385
0.6323083201449355
0.5111427377795215
0.5285363785886092
0.5549078893012581
0.47555230980120133
0.551090663187702
0.42305588761535834
0.49361169018959095
0.5035154737243998
0.45837491313056
0.5030780554515971
0.5227265869878335
0.4785825913030935
0.5413003697646117
0.5837623670548213
0.42886790653575274
0.596365098040738
0.5664370414029943
0.47055604073042195
0.42512740456686593
0.43150135162205133
0.52320828118005
0.3935493789880868
0.6493057566804198
0.5371164606107499
0.5028173898941601
0.47445180912039264
0.43146162150888395
0.5130673976764548
0.5544936728150426
0.5569545048414482
0.5086800122646177
0.49314823208560643
0.5025336793590982
0.5191435417766874
0.5687486225659052
0.5274643164017875
0.4611381191649826
0.49978729692019297
0.4630241504533552
0.4754611111937082
0.5624985192355532
0.3966972012230503
0.47228501129554634
0.4588852549604695
0.548126501885132
0.4657617865498787
0.5302190417402165
0.5080928226429018
0.41107148100946994
0.46793523794373065
0.5244287766027913
0.5777871462690616
0.5216434066761385
0.4952496883619325
0.45428923279029926
0.4408537127460259
0.4439254311534392
0.45802942251107936
0.42953555085143635
0.5092940571172401
0.5271287543367045
0.6871756720036014
0.5085631781942269
0.4830882948438311
0.512161687853645
0.5452631012945902
0.478826470745441
0.6026139883311701
0.46954129309377357
0.4865368258157958
0.4926975588677117
0.5020869986911328
0.4691931217430323
0.5494122805619689
0.3871520532209546
0.41679361368588064
0.46161140413386215
0.5636671400439865
0.5307938253749368
0.4195675156799019
0.5902580294728028
0.49678076986821584
0.38821696657430643
0.5458965503251559
0.5142023356287094
0.45526311321048546
0.41147119974357355
0.49740383417764494
0.4240772614859164
0.4411145230543642
0.50400104117789
0.5149538390829297
0.5252031855530622
0.6443304923685788
0.5731314186555946
0.3718056770003577
0.4763055649576774
0.5201872240561569
0.5433170007710069
0.4791233488468163
0.47035059681581376
0.5063711352349269
0.5259754521714582
0.5494611763701491
0.5264559249430618
0.5607371996723299
0.6324680501865405
0.5090120606967983
0.569019769872199
0.5197618610738498
0.521178914191165
0.49162416324103936
0.43281676391206036
0.426066004243165
0.44091516297458055
0.45754822074313156
0.5994382936495029
0.560464311014847
0.5379306998244487
0.4694364104990228
0.4621598087405313
0.4366822283298561
0.5159747130212389
0.5204648987044429
0.41693994719265315
0.4781693698424524
0.5079657936193653
0.4963322300135329
0.5063453141347881
0.5000913575430767
0.5781482401898547
0.4911940838884746
0.5663657064219478
0.5466426318023507
0.48900846829594713
0.48422241159089474
0.5477306021317121
