0.37037037037037035
0.4444444444444444
0.4666666666666667
0.43243243243243246
0.48484848484848486
0.4411764705882353
0.35185185185185186
0.56
0.4
0.3125
0.34375
0.37735849056603776
0.2465753424657534
0.4117647058823529
0.37254901960784315
0.4222222222222222
0.358974358974359
0.43902439024390244
0.3448275862068966
0.3064516129032258
0.36
0.5161290322580645
0.5
0.56
0.42424242424242425
0.2191780821917808
0.29545454545454547
0.6296296296296297
0.6153846153846154
0.5151515151515151
0.43243243243243246
0.35714285714285715
0.4375
0.45714285714285713
0.5555555555555556
0.48148148148148145
0.45
0.4827586206896552
0.36538461538461536
0.43243243243243246
0.32075471698113206
0.4666666666666667
0.38461538461538464
0.6538461538461539
0.42857142857142855
0.48717948717948717
0.4074074074074074
0.46511627906976744
0.3409090909090909
0.46153846153846156
0.5185185185185185
0.4642857142857143
0.5
0.4090909090909091
0.52
0.41818181818181815
0.4230769230769231
0.5238095238095238
0.36363636363636365
0.41304347826086957
0.29310344827586204
0.3684210526315789
0.5333333333333333
0.5862068965517241
0.4482758620689655
0.42105263157894735
0.37777777777777777
0.45454545454545453
0.26
0.22727272727272727
0.4827586206896552
0.3389830508474576
0.2972972972972973
0.5151515151515151
0.5517241379310345
0.4864864864864865
0.38235294117647056
0.5483870967741935
0.2608695652173913
0.3793103448275862
0.38461538461538464
0.4634146341463415
0.41379310344827586
0.3333333333333333
0.3090909090909091
0.5185185185185185
0.35294117647058826
0.4166666666666667
0.3157894736842105
0.3220338983050847
0.4827586206896552
0.37735849056603776
0.43902439024390244
0.45454545454545453
0.34146341463414637
0.48
0.36538461538461536
0.53125
0.45454545454545453
0.43243243243243246
0.4
0.5454545454545454
0.5185185185185185
0.34
0.40476190476190477
0.4444444444444444
0.5476190476190477
0.4411764705882353
0.5172413793103449
0.5
0.35135135135135137
0.5
0.3333333333333333
0.4358974358974359
0.5
0.5384615384615384
0.48148148148148145
0.4666666666666667
0.39622641509433965
0.375
0.5
0.36
0.6363636363636364
0.5384615384615384
0.4117647058823529
0.3469387755102041
0.46153846153846156
0.41304347826086957
0.5151515151515151
0.45454545454545453
0.45161290322580644
0.3939393939393939
0.3333333333333333
0.5483870967741935
0.3050847457627119
0.5806451612903226
0.45454545454545453
0.4782608695652174
0.3611111111111111
0.425
0.3448275862068966
0.38095238095238093
0.4423076923076923
0.5
0.5135135135135135
0.4166666666666667
0.5
0.391304347826087
0.32727272727272727
0.4864864864864865
0.35714285714285715
0.4418604651162791
0.4
0.42857142857142855
0.375
0.4827586206896552
0.42857142857142855
0.4583333333333333
0.42592592592592593
0.3870967741935484
0.4634146341463415
0.43902439024390244
0.3695652173913043
0.5
0.3695652173913043
0.3409090909090909
0.6206896551724138
0.4166666666666667
0.5517241379310345
0.37209302325581395
0.5454545454545454
0.3684210526315789
0.3870967741935484
0.5454545454545454
0.39285714285714285
0.37777777777777777
0.7037037037037037
0.3333333333333333
0.4782608695652174
0.3684210526315789
0.6521739130434783
0.5454545454545454
0.40625
0.3230769230769231
0.4166666666666667
0.4230769230769231
0.36363636363636365
0.5416666666666666
0.5769230769230769
0.30434782608695654
0.32727272727272727
0.4864864864864865
0.5454545454545454
0.3333333333333333
0.32075471698113206
0.5142857142857142
0.30612244897959184
0.46875
0.4583333333333333
0.5555555555555556
0.42424242424242425
0.3939393939393939
0.38461538461538464
0.6
0.37209302325581395
0.29411764705882354
0.5
0.45454545454545453
0.39285714285714285
0.40476190476190477
0.4857142857142857
0.5151515151515151
0.46153846153846156
0.42105263157894735
0.27450980392156865
0.4523809523809524
0.5185185185185185
0.4594594594594595
0.4117647058823529
0.6296296296296297
0.5294117647058824
0.3888888888888889
0.56
0.4482758620689655
0.5588235294117647
0.45454545454545453
0.4864864864864865
0.43243243243243246
0.42857142857142855
0.5172413793103449
0.3829787234042553
0.43478260869565216
0.42105263157894735
0.3870967741935484
0.3888888888888889
0.5483870967741935
0.4146341463414634
0.42105263157894735
0.4838709677419355
0.5714285714285714
0.5384615384615384
0.30612244897959184
0.5666666666666667
0.38636363636363635
0.48717948717948717
0.4166666666666667
0.47368421052631576
0.5238095238095238
0.3684210526315789
0.3488372093023256
0.3409090909090909
0.36585365853658536
0.38095238095238093
0.45161290322580644
0.3404255319148936
0.4358974358974359
0.5172413793103449
0.46153846153846156
0.3953488372093023
0.5833333333333334
0.35294117647058826
0.5
0.5625
0.37209302325581395
0.5454545454545454
0.3269230769230769
0.5128205128205128
0.4318181818181818
0.37777777777777777
0.3783783783783784
0.4642857142857143
0.38
0.5428571428571428
0.4
0.37142857142857144
0.46153846153846156
0.3333333333333333
0.5
0.3333333333333333
0.35294117647058826
0.5
0.5277777777777778
0.32432432432432434
0.59375
0.3953488372093023
0.43478260869565216
0.3137254901960784
0.35135135135135137
0.5294117647058824
0.4318181818181818
0.4722222222222222
0.5185185185185185
0.3617021276595745
0.6896551724137931
0.43243243243243246
0.4838709677419355
0.5
0.43243243243243246
0.5172413793103449
0.35714285714285715
0.3617021276595745
0.48484848484848486
0.4782608695652174
0.3076923076923077
0.5454545454545454
0.5405405405405406
0.3958333333333333
0.4090909090909091
0.4166666666666667
0.4838709677419355
0.5
0.3953488372093023
0.47058823529411764
0.42857142857142855
0.3137254901960784
0.36363636363636365
0.38461538461538464
0.375
0.3137254901960784
0.41379310344827586
0.38235294117647056
0.47619047619047616
0.4482758620689655
0.4444444444444444
0.3870967741935484
0.475
0.40625
0.5588235294117647
0.4411764705882353
0.4
0.5
0.3783783783783784
0.5757575757575758
0.30303030303030304
0.3939393939393939
0.2711864406779661
0.45454545454545453
0.46875
0.5
0.38
0.3275862068965517
0.5625
0.5555555555555556
0.43137254901960786
0.48484848484848486
0.425
0.37142857142857144
0.52
0.5357142857142857
0.4594594594594595
0.4230769230769231
0.45454545454545453
0.6206896551724138
0.36666666666666664
0.43333333333333335
0.5
0.33962264150943394
0.43902439024390244
0.36363636363636365
0.4
0.36585365853658536
0.4583333333333333
0.30952380952380953
0.3235294117647059
0.34
0.44680851063829785
0.6538461538461539
0.32
0.46511627906976744
0.391304347826087
0.5128205128205128
0.45454545454545453
0.6086956521739131
0.34
0.3404255319148936
0.38095238095238093
0.5
0.56
0.4411764705882353
0.38461538461538464
0.37209302325581395
0.45161290322580644
0.44
0.4375
0.35714285714285715
0.40540540540540543
0.4883720930232558
0.2857142857142857
0.40476190476190477
0.4722222222222222
0.5357142857142857
0.3181818181818182
0.4666666666666667
0.4827586206896552
0.6129032258064516
0.32142857142857145
0.4
0.4864864864864865
0.52
0.44
0.47368421052631576
0.4358974358974359
0.37209302325581395
0.42424242424242425
0.4230769230769231
0.37142857142857144
0.43902439024390244
0.48
0.3888888888888889
0.34146341463414637
0.40625
0.3090909090909091
0.40625
0.5277777777777778
0.35135135135135137
0.5238095238095238
0.3611111111111111
0.5428571428571428
0.2549019607843137
0.5
0.2857142857142857
0.4222222222222222
0.42857142857142855
0.4
0.5789473684210527
0.3541666666666667
0.75
0.3541666666666667
0.3137254901960784
0.6
0.3793103448275862
0.4444444444444444
0.5882352941176471
0.5
0.46153846153846156
0.4838709677419355
0.43243243243243246
0.3
0.4
0.5454545454545454
0.43243243243243246
0.5263157894736842
0.3695652173913043
0.47368421052631576
0.4444444444444444
0.5384615384615384
0.5862068965517241
0.5333333333333333
0.5428571428571428
0.5161290322580645
0.5333333333333333
0.3488372093023256
0.41304347826086957
0.4358974358974359
0.44
0.48484848484848486
0.4318181818181818
0.4444444444444444
0.4358974358974359
0.5925925925925926
0.2631578947368421
0.43333333333333335
0.3888888888888889
0.38235294117647056
0.46808510638297873
0.32075471698113206
0.325
0.43243243243243246
0.375
0.5277777777777778
0.36585365853658536
0.40816326530612246
0.5
0.5384615384615384
0.6785714285714286
0.3888888888888889
0.36
0.5116279069767442
0.4722222222222222
0.3783783783783784
0.5
0.38636363636363635
0.6
0.5675675675675675
0.525
0.4186046511627907
0.36363636363636365
0.47058823529411764
0.35
0.5
0.4482758620689655
0.59375
0.4230769230769231
0.6086956521739131
0.37209302325581395
0.52
0.43243243243243246
0.38235294117647056
0.3333333333333333
0.35714285714285715
