0.2413793103448276
0.1
0.12
0.27586206896551724
0.13157894736842105
0.10344827586206896
0.20689655172413793
0.25
0.20833333333333334
0.1935483870967742
0.125
0.1875
0.06896551724137931
0.18181818181818182
0.05555555555555555
0.17857142857142858
0.16129032258064516
0.17142857142857143
0.19047619047619047
0.2
0.125
0.3103448275862069
0.19230769230769232
0.2
0.04
0.18181818181818182
0.2222222222222222
0.23809523809523808
0.2857142857142857
0.14705882352941177
0.15151515151515152
0.2962962962962963
0.20588235294117646
0.07142857142857142
0.25
0.25
0.27586206896551724
0.11538461538461539
0.21739130434782608
0.1724137931034483
0.2
0.19230769230769232
0.25
0.21052631578947367
0.22580645161290322
0.15384615384615385
0.23529411764705882
0.16
0.13333333333333333
0.3225806451612903
0.3157894736842105
0.12903225806451613
0.25
0.18181818181818182
0.15384615384615385
0.25806451612903225
0.1935483870967742
0.19230769230769232
0.13333333333333333
0.08823529411764706
0.14285714285714285
0.14814814814814814
0.21212121212121213
0.2571428571428571
0.21212121212121213
0.2692307692307692
0.25925925925925924
0.1724137931034483
0.21739130434782608
0.17857142857142858
0.15384615384615385
0.1724137931034483
0.1111111111111111
0.18518518518518517
0.08
0.07407407407407407
0.2857142857142857
0.20833333333333334
0.16666666666666666
0.3333333333333333
0.17142857142857143
0.08
0.21428571428571427
0.3333333333333333
0.07407407407407407
0.25
0.1724137931034483
0.07142857142857142
0.14285714285714285
0.22580645161290322
0.16666666666666666
0.10526315789473684
0.17647058823529413
0.15625
0.2
0.22580645161290322
0.22580645161290322
0.21212121212121213
0.225
0.16666666666666666
0.17857142857142858
0.1
0.045454545454545456
0.18181818181818182
0.2631578947368421
0.10714285714285714
0.1282051282051282
0.17857142857142858
0.2
0.2857142857142857
0.2857142857142857
0.32142857142857145
0.25
0.18518518518518517
0.2
0.07692307692307693
0.36363636363636365
0.2
0.1724137931034483
0.23076923076923078
0.15384615384615385
0.11428571428571428
0.14285714285714285
0.25
0.2631578947368421
0.2857142857142857
0.15384615384615385
0.19230769230769232
0.18181818181818182
0.0
0.21875
0.18181818181818182
0.02702702702702703
0.30434782608695654
0.2222222222222222
0.28
0.2
0.2222222222222222
0.14285714285714285
0.28
0.19230769230769232
0.1875
0.3333333333333333
0.13043478260869565
0.2727272727272727
0.1875
0.22727272727272727
0.12
0.32142857142857145
0.32142857142857145
0.2
0.1111111111111111
0.17391304347826086
0.04
0.23809523809523808
0.1891891891891892
0.15384615384615385
0.045454545454545456
0.23529411764705882
0.16129032258064516
0.20588235294117646
0.2692307692307692
0.08695652173913043
0.125
0.08695652173913043
0.15384615384615385
0.14285714285714285
0.17857142857142858
0.27586206896551724
0.17857142857142858
0.24324324324324326
0.14814814814814814
0.23076923076923078
0.18518518518518517
0.28125
0.21875
0.22857142857142856
0.18181818181818182
0.14285714285714285
0.1875
0.2926829268292683
0.1875
0.21428571428571427
0.1875
0.22857142857142856
0.23529411764705882
0.23809523809523808
0.2571428571428571
0.16129032258064516
0.1724137931034483
0.28205128205128205
0.16
0.3235294117647059
0.1388888888888889
0.17857142857142858
0.21428571428571427
0.13333333333333333
0.17647058823529413
0.15384615384615385
0.1111111111111111
0.16666666666666666
0.1111111111111111
0.2413793103448276
0.3170731707317073
0.3181818181818182
0.12
0.21875
0.32142857142857145
0.15384615384615385
0.17391304347826086
0.2647058823529412
0.22857142857142856
0.1875
0.21428571428571427
0.20588235294117646
0.32
0.15151515151515152
0.16666666666666666
0.2
0.16216216216216217
0.16129032258064516
0.1935483870967742
0.37142857142857144
0.23076923076923078
0.13793103448275862
0.28
0.19230769230769232
0.1875
0.2857142857142857
0.15789473684210525
0.15625
0.16666666666666666
0.20833333333333334
0.20833333333333334
0.21212121212121213
0.23809523809523808
0.20689655172413793
0.15384615384615385
0.20689655172413793
0.22580645161290322
0.1935483870967742
0.35294117647058826
0.24242424242424243
0.10526315789473684
0.11538461538461539
0.1388888888888889
0.08
0.12903225806451613
0.25
0.20833333333333334
0.15384615384615385
0.23333333333333334
0.16666666666666666
0.23684210526315788
0.21212121212121213
0.3125
0.18181818181818182
0.20588235294117646
0.14814814814814814
0.2631578947368421
0.1935483870967742
0.16666666666666666
0.18181818181818182
0.25
0.14705882352941177
0.2894736842105263
0.14285714285714285
0.24242424242424243
0.17647058823529413
0.19230769230769232
0.17647058823529413
0.14705882352941177
0.23333333333333334
0.16129032258064516
0.25925925925925924
0.21212121212121213
0.2222222222222222
0.17857142857142858
0.25
0.15789473684210525
0.16
0.12121212121212122
0.15384615384615385
0.18518518518518517
0.13953488372093023
0.14285714285714285
0.2222222222222222
0.28
0.125
0.18181818181818182
0.24
0.15789473684210525
0.14285714285714285
0.19230769230769232
0.21212121212121213
0.1724137931034483
0.1935483870967742
0.1282051282051282
0.2
0.34615384615384615
0.16279069767441862
0.27586206896551724
0.19444444444444445
0.14814814814814814
0.17647058823529413
0.2222222222222222
0.1875
0.15625
0.2962962962962963
0.26666666666666666
0.041666666666666664
0.17142857142857143
0.16
0.20689655172413793
0.13513513513513514
0.14814814814814814
0.16666666666666666
0.23076923076923078
0.25
0.2571428571428571
0.1
0.18518518518518517
0.15625
0.32
0.10714285714285714
0.1935483870967742
0.2857142857142857
0.16666666666666666
0.1875
0.2903225806451613
0.17857142857142858
0.23529411764705882
0.125
0.21428571428571427
0.23333333333333334
0.2962962962962963
0.0967741935483871
0.36666666666666664
0.22727272727272727
0.06060606060606061
0.19230769230769232
0.1935483870967742
0.1724137931034483
0.16666666666666666
0.3
0.13636363636363635
0.3333333333333333
0.2
0.21875
0.25
0.17073170731707318
0.07317073170731707
0.16666666666666666
0.25
0.26666666666666666
0.30303030303030304
0.2692307692307692
0.1
0.25
0.1
0.23333333333333334
0.2727272727272727
0.08823529411764706
0.2571428571428571
0.21875
0.20833333333333334
0.13636363636363635
0.3
0.23333333333333334
0.3333333333333333
0.23529411764705882
0.19047619047619047
0.2857142857142857
0.17391304347826086
0.14814814814814814
0.1875
0.21739130434782608
0.24
0.14285714285714285
0.24
0.16666666666666666
0.21875
0.10344827586206896
0.25806451612903225
0.23333333333333334
0.18181818181818182
0.1111111111111111
0.08
0.25
0.16666666666666666
0.14705882352941177
0.25
0.21875
0.18181818181818182
0.25806451612903225
0.17073170731707318
0.2702702702702703
0.20689655172413793
0.18181818181818182
0.25806451612903225
0.27586206896551724
0.10256410256410256
0.2857142857142857
0.20689655172413793
0.17142857142857143
0.13043478260869565
0.17647058823529413
0.12
0.13333333333333333
0.17857142857142858
0.12903225806451613
0.18181818181818182
0.1935483870967742
0.12
0.1111111111111111
0.1388888888888889
0.23333333333333334
0.18181818181818182
0.2571428571428571
0.13333333333333333
0.25
0.125
0.2
0.19230769230769232
0.17142857142857143
0.18181818181818182
0.20833333333333334
0.16129032258064516
0.125
0.12121212121212122
0.25
0.3181818181818182
0.18181818181818182
0.2
0.2222222222222222
0.0967741935483871
0.24
0.14705882352941177
0.3
0.2727272727272727
0.22580645161290322
0.15625
0.21052631578947367
0.2222222222222222
0.2692307692307692
0.2647058823529412
0.2413793103448276
0.2
0.21875
0.17857142857142858
0.14814814814814814
0.125
0.17647058823529413
0.21739130434782608
0.25
0.25
0.15151515151515152
0.2
0.20689655172413793
0.25806451612903225
0.13793103448275862
0.23684210526315788
0.34615384615384615
0.375
0.1724137931034483
0.18181818181818182
0.20588235294117646
0.22727272727272727
0.1935483870967742
0.25
0.14285714285714285
0.18181818181818182
0.22580645161290322
0.23076923076923078
0.17142857142857143
0.3548387096774194
0.2903225806451613
0.1
0.23333333333333334
0.25806451612903225
0.17142857142857143
0.1875
0.14705882352941177
0.16666666666666666
0.3333333333333333
0.16666666666666666
0.1935483870967742
0.13793103448275862
0.14285714285714285
0.2
0.16666666666666666
0.3181818181818182
0.3333333333333333
0.16666666666666666
0.30434782608695654
0.23684210526315788
0.21212121212121213
0.13793103448275862
0.21739130434782608
0.1111111111111111
