0.1379310344827586
0.1818181818181818
0.22222222222222224
0.22641509433962265
0.16129032258064516
0.1090909090909091
0.24615384615384614
0.2181818181818182
0.26229508196721313
0.19672131147540983
0.16393442622950818
0.28571428571428564
0.10000000000000002
0.1379310344827586
0.22222222222222224
0.1904761904761905
0.26666666666666666
0.16129032258064516
0.3283582089552239
0.14925373134328357
0.3125
0.21428571428571427
0.25
0.3050847457627119
0.17241379310344826
0.1818181818181818
0.1568627450980392
0.126984126984127
0.15384615384615383
0.28571428571428575
0.16901408450704225
0.20000000000000004
0.3050847457627119
0.36065573770491804
0.15873015873015872
0.17241379310344826
0.25
0.1212121212121212
0.1212121212121212
0.2758620689655172
0.22950819672131148
0.1090909090909091
0.1818181818181818
0.17543859649122806
0.2758620689655172
0.2580645161290323
0.10000000000000002
0.15094339622641512
0.3157894736842105
0.23333333333333334
0.13559322033898305
0.19672131147540983
0.2424242424242424
0.15094339622641512
0.21212121212121213
0.14084507042253522
0.23333333333333334
0.16129032258064516
0.2535211267605634
0.28125
0.26229508196721313
0.1379310344827586
0.20338983050847456
0.3492063492063492
0.208955223880597
0.26229508196721313
0.22222222222222224
0.23728813559322037
0.17857142857142855
0.25
0.14035087719298248
0.2181818181818182
0.3333333333333333
0.1379310344827586
0.14705882352941177
0.2727272727272727
0.3513513513513514
0.16901408450704225
0.19354838709677422
0.23728813559322037
0.14545454545454545
0.2456140350877193
0.28125
0.16949152542372883
0.29032258064516125
0.1851851851851852
0.13333333333333333
0.13559322033898305
0.21212121212121213
0.1818181818181818
0.13333333333333333
0.1818181818181818
0.2
0.17857142857142855
0.2580645161290323
0.28571428571428564
0.3
0.11320754716981132
0.28125
0.2153846153846154
0.2153846153846154
0.10169491525423728
0.19672131147540983
0.20338983050847456
0.09230769230769231
0.14285714285714288
0.21212121212121213
0.15384615384615383
0.03636363636363636
0.17647058823529413
0.17241379310344826
0.24615384615384614
0.07017543859649124
0.10526315789473685
0.12
0.21428571428571427
0.19672131147540983
0.2580645161290323
0.20289855072463772
0.11111111111111112
0.10169491525423728
0.17543859649122806
0.16949152542372883
0.24615384615384614
0.208955223880597
0.03571428571428572
0.2711864406779661
0.2456140350877193
0.14814814814814814
0.17857142857142855
0.3
0.1379310344827586
0.2758620689655172
0.0909090909090909
0.2105263157894737
0.23333333333333334
0.20000000000000004
0.1904761904761905
0.28571428571428575
0.15384615384615383
0.24615384615384614
0.07142857142857144
0.22222222222222224
0.20338983050847456
0.23529411764705882
0.23728813559322037
0.07547169811320756
0.10169491525423728
0.1379310344827586
0.22641509433962265
0.1904761904761905
0.2692307692307693
0.2105263157894737
0.37500000000000006
0.15384615384615383
0.21428571428571427
0.253968253968254
0.14035087719298248
0.23880597014925373
0.10714285714285714
0.03448275862068965
0.13559322033898305
0.3
0.22950819672131148
0.22222222222222224
0.07407407407407407
0.21874999999999997
0.2105263157894737
0.19672131147540983
0.10526315789473685
0.208955223880597
0.15873015873015872
0.17543859649122806
0.29032258064516125
0.2580645161290323
0.1379310344827586
0.14035087719298248
0.18867924528301885
0.10344827586206898
0.23333333333333334
0.17543859649122806
0.21874999999999997
0.15094339622641512
0.20000000000000004
0.30188679245283023
0.10714285714285714
0.20588235294117646
0.23333333333333334
0.4727272727272728
0.2777777777777778
0.16901408450704225
0.13559322033898305
0.28070175438596495
0.17543859649122806
0.19354838709677422
0.23728813559322037
0.3225806451612903
0.18461538461538463
0.22580645161290322
0.2413793103448276
0.14545454545454545
0.1904761904761905
0.0625
0.1818181818181818
0.13333333333333333
0.2580645161290323
0.09523809523809525
0.14545454545454545
0.12903225806451615
0.2727272727272727
0.2692307692307693
0.17543859649122806
0.1818181818181818
0.17241379310344826
0.16
0.1090909090909091
0.2727272727272727
0.14925373134328357
0.2580645161290323
0.14035087719298248
0.2105263157894737
0.10169491525423728
0.2758620689655172
0.21428571428571427
0.36619718309859156
0.14814814814814814
0.15873015873015872
0.13114754098360656
0.09375000000000001
0.11320754716981132
0.19672131147540983
0.29032258064516125
0.13559322033898305
0.1090909090909091
0.23333333333333334
0.15384615384615383
0.25
0.16949152542372883
0.2692307692307693
0.09375000000000001
0.20000000000000004
0.2608695652173913
0.2456140350877193
0.26865671641791045
0.16129032258064516
0.26229508196721313
0.12903225806451615
0.23076923076923075
0.2727272727272727
0.14545454545454545
0.1568627450980392
0.20000000000000004
0.19672131147540983
0.21428571428571427
0.14285714285714288
0.28571428571428564
0.20588235294117646
0.17241379310344826
0.13114754098360656
0.3703703703703704
0.1379310344827586
0.037037037037037035
0.10714285714285714
0.09677419354838711
0.04
0.19354838709677422
0.10526315789473685
0.21874999999999997
0.11111111111111112
0.16949152542372883
0.16666666666666669
0.1971830985915493
0.06557377049180328
0.20000000000000004
0.1904761904761905
0.39393939393939387
0.23728813559322037
0.2711864406779661
0.28070175438596495
0.22222222222222224
0.2962962962962963
0.23880597014925373
0.22535211267605634
0.09677419354838711
0.23333333333333334
0.16666666666666666
0.2727272727272727
0.09523809523809525
0.20289855072463772
0.17857142857142855
0.20338983050847456
0.14814814814814814
0.1379310344827586
0.28070175438596495
0.22222222222222224
0.14492753623188406
0.20000000000000004
0.16949152542372883
0.21212121212121213
0.3050847457627119
0.03846153846153846
0.13559322033898305
0.22641509433962265
0.17241379310344826
0.125
0.25
0.17857142857142855
0.3050847457627119
0.03448275862068965
0.24615384615384614
0.21874999999999997
0.22222222222222224
0.1090909090909091
0.20000000000000004
0.208955223880597
0.28571428571428575
0.2592592592592593
0.2
0.23529411764705882
0.16129032258064516
0.17241379310344826
0.26229508196721313
0.3793103448275862
0.07407407407407407
0.20000000000000004
0.06666666666666667
0.380952380952381
0.29032258064516125
0.12307692307692307
0.17857142857142855
0.12307692307692307
0.2456140350877193
0.0689655172413793
0.16666666666666666
0.14285714285714288
0.24
0.253968253968254
0.14705882352941177
0.18750000000000003
0.25
0.17543859649122806
0.11111111111111112
0.1379310344827586
0.15625
0.16949152542372883
0.07142857142857144
0.13333333333333333
0.13559322033898305
0.1818181818181818
0.2413793103448276
0.16666666666666669
0.21212121212121213
0.2758620689655172
0.21874999999999997
0.24
0.22950819672131148
0.3548387096774193
0.03448275862068965
0.2580645161290323
0.126984126984127
0.07547169811320756
0.21428571428571427
0.2318840579710145
0.253968253968254
0.21874999999999997
0.23529411764705882
0.2040816326530612
0.22222222222222224
0.2181818181818182
0.2
0.15625
0.28070175438596495
0.21874999999999997
0.23333333333333334
0.11111111111111112
0.20689655172413796
0.3283582089552239
0.16949152542372883
0.17543859649122806
0.19672131147540983
0.15094339622641512
0.22222222222222224
0.22641509433962265
0.17857142857142855
0.2769230769230769
0.22950819672131148
0.26229508196721313
0.18867924528301885
0.19354838709677422
0.17543859649122806
0.1379310344827586
0.1851851851851852
0.15873015873015872
0.23880597014925373
0.20338983050847456
0.24615384615384614
0.253968253968254
0.13333333333333333
0.22580645161290322
0.14545454545454545
0.21874999999999997
0.20338983050847456
0.21874999999999997
0.20689655172413796
0.2413793103448276
0.21874999999999997
0.14814814814814814
0.07017543859649124
0.18867924528301885
0.17543859649122806
0.07407407407407407
0.30769230769230765
0.2711864406779661
0.28070175438596495
0.15625
0.23333333333333334
0.23333333333333334
0.21212121212121213
0.14035087719298248
0.22641509433962265
0.07407407407407407
0.2456140350877193
0.23880597014925373
0.2413793103448276
0.20689655172413796
0.10169491525423728
0.14035087719298248
0.23529411764705882
0.1090909090909091
0.14545454545454545
0.14705882352941177
0.380952380952381
0.2105263157894737
0.17857142857142855
0.2456140350877193
0.10000000000000002
0.25
0.10344827586206898
0.13333333333333333
0.1090909090909091
0.10714285714285714
0.3333333333333333
0.253968253968254
0.20689655172413796
0.3
0.1379310344827586
0.17857142857142855
0.26666666666666666
0.13114754098360656
0.2153846153846154
0.24324324324324326
0.20289855072463772
0.15625
0.20689655172413796
0.17543859649122806
0.1515151515151515
0.14545454545454545
0.23333333333333334
0.26865671641791045
0.17241379310344826
0.20338983050847456
0.3103448275862069
0.16666666666666666
0.21874999999999997
0.10526315789473685
0.25
0.07272727272727272
0.14285714285714288
0.2608695652173913
0.17543859649122806
0.22580645161290322
0.1379310344827586
0.10344827586206898
0.18867924528301885
0.17543859649122806
0.21874999999999997
0.1090909090909091
0.17543859649122806
0.253968253968254
0.16666666666666666
0.23728813559322037
0.0425531914893617
0.21212121212121213
0.18867924528301885
0.15384615384615383
0.31746031746031744
0.1818181818181818
0.12903225806451615
0.11111111111111112
0.30769230769230765
0.22222222222222224
0.14925373134328357
0.28070175438596495
0.22950819672131148
0.17543859649122806
0.07407407407407407
0.22580645161290322
0.22580645161290322
0.28125
0.22222222222222224
