0.3882281071582046
0.504670084827764
0.5343457387632145
0.530028657738938
0.6016038264039406
0.4861458532577472
0.538018278018278
0.5917382487622465
0.47626696832579185
0.48384524862111067
0.45741397876567913
0.4932163805693217
0.5027204503819487
0.5568029388403221
0.4706785381198527
0.533170299486089
0.4853505860392081
0.4285581131003126
0.4997464291232564
0.5305988747423223
0.5376489126489127
0.4061421743341194
0.4260776430171547
0.5643931806346018
0.49414661412448213
0.47544867586574246
0.44554835155521655
0.5526245189076598
0.4544702937521678
0.5443190403767846
0.480105904845069
0.465687285088374
0.5239846581130492
0.4869830455817036
0.5365382659547419
0.5306646528915882
0.48735827631844403
0.5177181843497632
0.46767691178687665
0.43538674859831294
0.5395361265938403
0.48494418640087716
0.569897990110756
0.5311441209480425
0.48152831129680695
0.5767856994370152
0.4955593042435148
0.49550444705772045
0.5683918983918983
0.5458796782545178
0.5058045546641773
0.47046335003963713
0.45919859843573707
0.4993495654620974
0.42798322261455907
0.5240022231791905
0.45250236687431816
0.5872912499312926
0.6123456311123232
0.4460182558412126
0.5464932704932705
0.42282759560700744
0.48848172887388575
0.46832091624768035
0.5028247162673392
0.50009375809368
0.5077171327171327
0.47328300043896376
0.5059448467155234
0.44335025519255433
0.4966675660869887
0.546290298126767
0.47743422922181844
0.4936426689758199
0.5116466391018463
0.5087108220063322
0.5241146075698856
0.5304537978171336
0.49717889867888676
0.5176321818139654
0.4869140989729225
0.638193025051411
0.5040596954508026
0.4695300195300196
0.4855282632785842
0.48556554996217527
0.5152472319995685
0.4871369542490599
0.5371931127637098
0.46846580529444976
0.5865453102402448
0.5489368227374534
0.32826118437437174
0.5867204270317236
0.521500526441229
0.46754862053369517
0.6165035225243243
0.6161023060550799
0.4930319672990252
0.498561830933924
0.5981827592697158
0.4685771596822671
0.42973975519430063
0.4891269399825325
0.6063789822280389
0.5600731950042295
0.5772542197024855
0.5446711531524447
0.5552129565629428
0.48746961816452294
0.5185841694537346
0.4018723773490407
0.46558717930713955
0.4320637766735086
0.509160384728336
0.4590119937668486
0.546693084423218
0.4899041319757354
0.4714816900352482
0.46623889492659865
0.49408309886570756
0.5265369682255047
0.5487558356676003
0.5510058229813665
0.5237300145370201
0.48036579783617195
0.5135819664162691
0.5251530075398076
0.4352734670836168
0.4615405229690944
0.5036162963698461
0.5162403362944441
0.45486976245192207
0.47842352636470287
0.5341303652487863
0.5506410256410256
0.46978105228105227
0.47586902178047247
0.574705883895539
0.48117870256642103
0.47662833101857494
0.4277395566166914
0.42780083762051446
0.5284744604094449
0.45761514741737874
0.4342295846901056
0.523338893847309
0.5083439512396857
0.45584252977530026
0.452108823560744
0.556993376072978
0.47623731897784805
0.39689396684173006
0.5209680852742249
0.4590456222916982
0.4710427257606834
0.5437844925076062
0.55378955183303
0.4887846058051537
0.5583653457723308
0.41542767920225715
0.5540698698269912
0.5360461987348779
0.4514553386834088
0.558380118429138
0.4932544261736345
0.48774995563479384
0.5121555387015655
0.3790820737372461
0.49850656429397155
0.5510275058466887
0.4913715188921051
0.6050951056281245
0.46870486846553683
0.48037602268434365
0.5689458689458688
0.4944943664049686
0.4822822239488906
0.48146086030829527
0.44202710799988476
0.5250276306454796
0.5409096293649139
0.47023568707584174
0.5199460237045377
0.4642581146740674
0.49617045316142316
0.4196649657682747
0.4790884097910504
0.5161187970790316
0.49022732958640003
0.5177077077077077
0.46937638213180005
0.5035365410197555
0.5294713679745494
0.5382544461956227
0.5337327487327488
0.504661641559609
0.5125513838013838
0.44810427758703625
0.5668991147216121
0.48433669043899685
0.3401770119728016
0.5294292205748978
0.5913576619458973
0.5739668916960374
0.5356090262884715
0.5601552143829184
0.45126482440316557
0.45635799600414184
0.46135037562222025
0.5454455467508565
0.4566712372594726
0.40325279206013154
0.43807960865505624
0.45144476915091614
0.5449966342040968
0.5315897594469023
0.5458754552527092
0.5851655860712464
0.428659858968463
0.4731947204396274
0.5499641207408198
0.5189318639018838
0.5382082950576933
0.45872294372294375
0.47690317116479186
0.4934630071899794
0.5383104810032281
0.5149144867682286
0.452631432068728
0.4816914264637655
0.5423538068092524
0.5529053081421502
0.49959897712727475
0.5380972099791957
0.4883376545672118
0.4687687650820252
0.6172434471743478
0.43188219600233985
0.4626455800040705
0.4954792641075864
0.5491026149009266
0.5043850165733429
0.5553877438205796
0.5010757495757866
0.49289280475459807
0.471871797364788
0.4491082536925991
0.5224651989974911
0.39337314365362974
0.5731413695421671
0.510893788066173
0.43323895712131
0.4515705650121392
0.48389238842735194
0.4834865840434108
0.5407397809162515
0.5233141657302264
0.6177291293955067
0.45017215766612256
0.560388530985876
0.4822850147371195
0.5315108759553204
0.5456906458839537
0.4915616294913565
0.501256946091302
0.5564066998487288
0.49301928628607394
0.6208893323658083
0.4871992291334397
0.5354412896518159
0.564429800060534
0.6756889494975145
0.5605982331123573
0.46159552448803653
0.46632811745387814
0.4283142443226271
0.4760915036198532
0.5431307180763726
0.4728451308669755
0.5326699781625989
0.4817928587136603
0.505778711355253
0.4578640227917712
0.5108830675527851
0.4789963948830448
0.5124960932313873
0.4947229909298875
0.4698086396362259
0.5539023881892634
0.5373280330782324
0.47650069410802365
0.4140299726901455
0.5089437465269508
0.46867174867174866
0.5380928708727475
0.5215076085654131
0.53490286990287
0.5143715421202822
0.5152028936796028
0.4927199760182531
0.5050472994375433
0.48444278804743923
0.5815316270033251
0.6161785458046284
0.4475432445222868
0.4798227981319132
0.5685168545785475
0.46729545620244395
0.5226186571465391
0.4862651525550433
0.46777010708589656
0.5078270075775895
0.525210835414766
0.45081037543597924
0.4952048661767332
0.572327885364805
0.536847807590732
0.49468812633906967
0.5306097056020905
0.42137665930088103
0.5245205797289131
0.44380701424179686
0.481322083713388
0.5308001658033363
0.46423057101628534
0.544213838858995
0.4640921078245702
0.47617320926324314
0.49233830103821696
0.519467786173761
0.3994766247164311
0.5638125911859572
0.5240703647116921
0.4790149708106365
0.6172897935397935
0.4959581234519036
0.4285637989086265
0.5367393212472374
0.4611377015611033
0.46694959709395756
0.5154634525230616
0.5503550767600003
0.5532822674616185
0.5268374407372072
0.4586895715299042
0.4498368034714796
0.5004265995442465
0.5364680426012257
0.443547524112463
0.5811612582270368
0.5367636067636068
0.5844285846267554
0.48994565848934013
0.6028666587131154
0.5468788764972785
0.46703796766840244
0.5064579501834404
0.6012097804144523
0.540611843381579
0.4895100484655097
0.5307951575255447
0.5831497618188828
0.512335273616315
0.5597085769644753
0.5359201357051164
0.47823917972986296
0.4198385405982228
0.47850526350526346
0.5005797308956834
0.4979037471962
0.4609843798206908
0.5724038197009069
0.40037364933916664
0.48849585494937187
0.5070915806764863
0.5081565768426233
0.5085344515751248
0.4560551119203703
0.4846330013318031
0.40456405323071987
0.4526837931653893
0.4962199757424276
0.6124248077515024
0.4398497885352345
0.549677472463975
0.5110036413665446
0.5776676663931566
0.491382749118467
0.5589714238957362
0.4514223374493239
0.521744526935462
0.5113786487557562
0.5693539146937204
0.4982437711304719
0.42169330669330674
0.4472841444270016
0.5116973413587455
0.47232421868496
0.4891500990786705
0.4531601939321237
0.572482792713517
0.5038869666177525
0.4861763976349643
0.5130650448585231
0.45741763372015476
0.47626834649311933
0.48955267312598305
0.4731967587210554
0.5243439762499034
0.503865340427116
0.4536322549906797
0.5110428054262641
0.5183525847834891
0.43338085451244324
0.5749334591963278
0.36894603702362694
0.4966812166281638
0.5463953402470494
0.518800687616477
0.5051986973685088
0.5294918483076377
0.49918333980833984
0.45318849905806424
0.5350687324371535
0.5035853500559383
0.4570798661869303
0.5113112910481331
0.4497549990619044
0.477127525415482
0.5468313291842704
0.5329019665251549
0.5394807726386673
0.5580883857421276
0.5617404723274361
0.528479978137299
0.4779167431615149
0.4387178807921784
0.5130626339604667
0.5218098812801234
0.4476462740613684
0.49748955216498925
0.5789203881017781
0.5932117876390323
0.5393142213178979
0.5565969805762682
0.4627310310218291
0.5480323529489316
0.435896879590299
0.49386515670221515
0.5108304297354967
0.47989321147607233
0.5436625445321097
0.535596100361909
0.5391243941243942
0.5304606995852345
0.5024961270654662
0.5207749260467731
0.5260413322531714
0.513159319772223
0.5192416334894211
0.5216038156362808
0.5020326564304155
0.5720931997228845
0.5458921369425571
0.5872760500144115
0.5116635172587554
0.5117393254625654
0.5109164384118902
0.4987511137511138
0.5645976862643529
0.6068467076017261
0.509928359102671
0.5031229806495873
0.5202236818098886
0.4404723740697415
0.40380143143542535
0.47613831249904914
0.5030032305032305
0.4405321813350359
0.5476669935708838
0.5900134433467766
0.4802321350147437
0.4739334574351153
0.5043072263993317
0.519212600982422
0.5256420195085573
0.5228644182735228
0.5681438488485712
0.44139447711331825
0.44555334013790715
0.5636155597466852
0.5092049911745241
0.47410389610389614
0.5538167388167388
0.510116141873241
0.48185658074429377
0.4701177123135708
0.4926083344265162
0.4735526336393736
