0.33766233766233766
0.4032258064516129
0.33783783783783783
0.3939393939393939
0.32926829268292684
0.37681159420289856
0.4791666666666667
0.3424657534246575
0.34210526315789475
0.41818181818181815
0.3125
0.3287671232876712
0.40298507462686567
0.2978723404255319
0.36923076923076925
0.38235294117647056
0.35714285714285715
0.48
0.3132530120481928
0.5
0.4032258064516129
0.5333333333333333
0.38235294117647056
0.3698630136986301
0.3157894736842105
0.38235294117647056
0.37333333333333335
0.35135135135135137
0.38235294117647056
0.4897959183673469
0.45614035087719296
0.4716981132075472
0.30120481927710846
0.42424242424242425
0.5
0.3548387096774194
0.43636363636363634
0.42105263157894735
0.4117647058823529
0.3968253968253968
0.35443037974683544
0.43103448275862066
0.3787878787878788
0.36764705882352944
0.3611111111111111
0.4032258064516129
0.5
0.36
0.3968253968253968
0.423728813559322
0.45161290322580644
0.32894736842105265
0.3176470588235294
0.36363636363636365
0.37333333333333335
0.4909090909090909
0.4032258064516129
0.6285714285714286
0.3870967741935484
0.43333333333333335
0.3291139240506329
0.5813953488372093
0.38028169014084506
0.3382352941176471
0.3375
0.3380281690140845
0.46153846153846156
0.5128205128205128
0.34615384615384615
0.5094339622641509
0.35135135135135137
0.38181818181818183
0.4406779661016949
0.36507936507936506
0.43137254901960786
0.37142857142857144
0.35135135135135137
0.3898305084745763
0.3472222222222222
0.3333333333333333
0.36619718309859156
0.43636363636363634
0.5853658536585366
0.5
0.32558139534883723
0.3253012048192771
0.4098360655737705
0.36
0.48
0.4098360655737705
0.5581395348837209
0.33766233766233766
0.375
0.46296296296296297
0.41509433962264153
0.34210526315789475
0.4406779661016949
0.4126984126984127
0.3375
0.4032258064516129
0.36
0.373134328358209
0.4230769230769231
0.3235294117647059
0.3382352941176471
0.43103448275862066
0.3880597014925373
0.4126984126984127
0.3611111111111111
0.36
0.4716981132075472
0.38461538461538464
0.4
0.4482758620689655
0.4482758620689655
0.3783783783783784
0.36486486486486486
0.39655172413793105
0.3026315789473684
0.3939393939393939
0.5454545454545454
0.4375
0.3170731707317073
0.359375
0.3880597014925373
0.417910447761194
0.32432432432432434
0.390625
0.34615384615384615
0.4153846153846154
0.3068181818181818
0.4262295081967213
0.4772727272727273
0.5581395348837209
0.39705882352941174
0.4807692307692308
0.6
0.40625
0.5581395348837209
0.4888888888888889
0.46296296296296297
0.37681159420289856
0.3333333333333333
0.4888888888888889
0.375
0.352112676056338
0.4107142857142857
0.42105263157894735
0.5116279069767442
0.33783783783783783
0.4528301886792453
0.3783783783783784
0.38095238095238093
0.4090909090909091
0.42424242424242425
0.4032258064516129
0.4107142857142857
0.36923076923076925
0.36231884057971014
0.36065573770491804
0.3333333333333333
0.41935483870967744
0.39285714285714285
0.34285714285714286
0.3333333333333333
0.4426229508196721
0.42105263157894735
0.39344262295081966
0.4098360655737705
0.4067796610169492
0.4074074074074074
0.3870967741935484
0.375
0.43859649122807015
0.4032258064516129
0.41509433962264153
0.373134328358209
0.352112676056338
0.45098039215686275
0.3787878787878788
0.4117647058823529
0.45454545454545453
0.45454545454545453
0.40298507462686567
0.4262295081967213
0.32926829268292684
0.5192307692307693
0.36923076923076925
0.38028169014084506
0.42857142857142855
0.35135135135135137
0.30666666666666664
0.323943661971831
0.39622641509433965
0.32432432432432434
0.3058823529411765
0.3253012048192771
0.4583333333333333
0.3258426966292135
0.36923076923076925
0.4262295081967213
0.4107142857142857
0.3548387096774194
0.38461538461538464
0.4126984126984127
0.3880597014925373
0.39655172413793105
0.4
0.48
0.3880597014925373
0.4716981132075472
0.423728813559322
0.423728813559322
0.41379310344827586
0.4032258064516129
0.35135135135135137
0.46938775510204084
0.46551724137931033
0.36
0.37681159420289856
0.36619718309859156
0.4166666666666667
0.4262295081967213
0.391304347826087
0.4642857142857143
0.5
0.33783783783783783
0.3125
0.3698630136986301
0.38028169014084506
0.3333333333333333
0.43636363636363634
0.3968253968253968
0.4262295081967213
0.4166666666666667
0.35526315789473684
0.3170731707317073
0.30864197530864196
0.27631578947368424
0.2717391304347826
0.4482758620689655
0.6
0.38095238095238093
0.4
0.4583333333333333
0.4716981132075472
0.4107142857142857
0.42857142857142855
0.2840909090909091
0.3484848484848485
0.4444444444444444
0.27450980392156865
0.3253012048192771
0.5897435897435898
0.4727272727272727
0.5348837209302325
0.45454545454545453
0.39344262295081966
0.39655172413793105
0.34285714285714286
0.43859649122807015
0.43859649122807015
0.55
0.48936170212765956
0.5384615384615384
0.4098360655737705
0.4098360655737705
0.3466666666666667
0.35714285714285715
0.5263157894736842
0.2708333333333333
0.30952380952380953
0.4716981132075472
0.32926829268292684
0.2804878048780488
0.45454545454545453
0.38028169014084506
0.5609756097560976
0.3939393939393939
0.3787878787878788
0.375
0.3157894736842105
0.3466666666666667
0.35714285714285715
0.4
0.38461538461538464
0.42857142857142855
0.28888888888888886
0.3472222222222222
0.3698630136986301
0.5192307692307693
0.42105263157894735
0.4897959183673469
0.46296296296296297
0.41379310344827586
0.4423076923076923
0.3939393939393939
0.373134328358209
0.4126984126984127
0.38095238095238093
0.35526315789473684
0.3382352941176471
0.35714285714285715
0.5
0.36231884057971014
0.3194444444444444
0.391304347826087
0.5217391304347826
0.46296296296296297
0.3620689655172414
0.46
0.3472222222222222
0.6176470588235294
0.423728813559322
0.3466666666666667
0.5
0.35064935064935066
0.29545454545454547
0.4807692307692308
0.5094339622641509
0.4
0.45098039215686275
0.42105263157894735
0.28735632183908044
0.3880597014925373
0.39655172413793105
0.2962962962962963
0.39344262295081966
0.38095238095238093
0.39436619718309857
0.4166666666666667
0.45454545454545453
0.2777777777777778
0.44642857142857145
0.423728813559322
0.43859649122807015
0.5952380952380952
0.3559322033898305
0.39705882352941174
0.42105263157894735
0.25742574257425743
0.39655172413793105
0.35714285714285715
0.35135135135135137
0.2604166666666667
0.5102040816326531
0.38333333333333336
0.4
0.36764705882352944
0.35294117647058826
0.3132530120481928
0.43333333333333335
0.42857142857142855
0.4339622641509434
0.5
0.4528301886792453
0.32857142857142857
0.36923076923076925
0.32
0.423728813559322
0.43137254901960786
0.3870967741935484
0.5333333333333333
0.3157894736842105
0.3375
0.45454545454545453
0.39344262295081966
0.48214285714285715
0.4057971014492754
0.4339622641509434
0.3333333333333333
0.32098765432098764
0.38095238095238093
0.3333333333333333
0.38333333333333336
0.42857142857142855
0.3783783783783784
0.3684210526315789
0.391304347826087
0.52
0.45
0.390625
0.36764705882352944
0.359375
0.390625
0.390625
0.44642857142857145
0.3870967741935484
0.43859649122807015
0.47058823529411764
0.4489795918367347
0.48936170212765956
0.41379310344827586
0.5609756097560976
0.39655172413793105
0.4166666666666667
0.375
0.4067796610169492
0.36507936507936506
0.48
0.39705882352941174
0.47058823529411764
0.3611111111111111
0.4791666666666667
0.3870967741935484
0.36619718309859156
0.40625
0.4
0.37142857142857144
0.3
0.49019607843137253
0.4126984126984127
0.41379310344827586
0.4642857142857143
0.39285714285714285
0.3939393939393939
0.46153846153846156
0.42592592592592593
0.4583333333333333
0.3333333333333333
0.3472222222222222
0.35294117647058826
0.39655172413793105
0.36363636363636365
0.39655172413793105
0.35135135135135137
0.49019607843137253
0.3898305084745763
0.4074074074074074
0.6097560975609756
0.5217391304347826
0.3880597014925373
0.4482758620689655
0.44680851063829785
0.3783783783783784
0.33783783783783783
0.38235294117647056
0.42857142857142855
0.4807692307692308
0.3880597014925373
0.3870967741935484
0.36764705882352944
0.38333333333333336
0.313953488372093
0.37142857142857144
0.30952380952380953
0.38461538461538464
0.5
0.4
0.36231884057971014
0.3548387096774194
0.39705882352941174
0.32894736842105265
0.36619718309859156
0.4126984126984127
0.3150684931506849
0.375
0.41379310344827586
0.5641025641025641
0.4888888888888889
0.3472222222222222
0.36764705882352944
0.36923076923076925
0.4423076923076923
0.3611111111111111
0.3582089552238806
0.36
0.36619718309859156
0.3287671232876712
0.3170731707317073
0.32098765432098764
0.3291139240506329
0.30337078651685395
0.4032258064516129
0.4067796610169492
0.3472222222222222
0.39344262295081966
0.36923076923076925
0.35294117647058826
0.35384615384615387
0.5238095238095238
0.5476190476190477
0.44642857142857145
0.3424657534246575
0.3787878787878788
0.38333333333333336
0.5
0.417910447761194
0.3380281690140845
0.44
0.45454545454545453
0.390625
0.40384615384615385
0.3472222222222222
0.35294117647058826
0.3380281690140845
0.3561643835616438
0.4067796610169492
0.37142857142857144
0.375
