0.6779314627289271
0.6867198815530849
0.7200094332941389
0.6438544497976434
0.7311629965972309
0.665208536825714
0.6876865111780238
0.6691917333800443
0.6792942594883038
0.6035661752245629
0.5690455618236245
0.659819221804996
0.5910172457057362
0.6492888708337364
0.6880088110196876
0.7018007290079085
0.7533875355463486
0.7159359649551171
0.7450995045319914
0.7786652878574617
0.7905405230690753
0.6832635330543507
0.7444227351809765
0.7362044847947768
0.7177024933844757
0.5691839194065607
0.7355125181942446
0.7743965680300811
0.6823048341968292
0.7289612210288373
0.5876338349738109
0.7613522923328501
0.6835647177257989
0.6877249755486741
0.7528292277551355
0.6735688371329034
0.7089342503161289
0.7539277598278464
0.8008787155985699
0.8133555565574655
0.7188912632848687
0.7919058154045864
0.7934882529051707
0.5807953786976774
0.638900246746744
0.7122358085094048
0.7479665127189032
0.6725162369158121
0.696777542211864
0.728660140928736
0.8047086452315735
0.7159224344775094
0.5614540310579694
0.7888188800108364
0.6650816698547716
0.8220821633980484
0.7597105780582455
0.7489883050742897
0.7365218779061187
0.5925641738637424
0.6649216814063272
0.7631517133711861
0.7841522334840727
0.6970340256997276
0.6993964421739606
0.7202240378860888
0.7783172042188414
0.690429209620056
0.7728453594147748
0.799741742999945
0.7052963275022281
0.6871704351487307
0.6529065474143824
0.6787540609975612
0.7017879236286899
0.7314965410553047
0.594017935488147
0.6783840655075816
0.6593541313989987
0.680757151875842
0.7247023441305512
0.5676384513785724
0.7215010618316235
0.7055708589297179
0.7240533358671062
0.6720023118316415
0.8097788675322017
0.7026302235744637
0.7094255264418301
0.7373049495575925
0.7722198337123286
0.6678015619672119
0.7166179179447655
0.7510286588854328
0.545225475341203
0.7060311684973379
0.7688716517576126
0.763557395099684
0.7271781884186688
0.6769850340910899
0.7355692456383838
0.7677420525106496
0.717794959943469
0.7058594730115849
0.6249326921361488
0.6607558702366236
0.6695266212572833
0.6939499820956351
0.7531321338546413
0.6486474208295067
0.7575829492138326
0.6697107272825268
0.7059558747863993
0.7753821438352938
0.7157492224920492
0.8107745054030526
0.6868192089023697
0.7498935564543997
0.6866240333953617
0.7442142711187324
0.7407889069054069
0.6972877625202074
0.6576433420571199
0.6642601122626921
0.6634759061889962
0.781948543541857
0.6073264791135289
0.7480711226060479
0.6753902897909263
0.7678766823761907
0.6626892438196443
0.6431163441174857
0.6501879602065358
0.79307021718238
0.6194617033311357
0.7011575981612292
0.774736052825259
0.7573562123089786
0.8123080502119214
0.7364366034674285
0.7296259508825779
0.615136348932785
0.7193084832743628
0.7244560993716291
0.7217955481737156
0.6903189392914739
0.7549495324126422
0.6054683904232406
0.7437147388373397
0.7617546302300323
0.765278072991321
0.6860325033600738
0.7151622195221929
0.7727762253413417
0.6656284298438541
0.6486515475655059
0.6742453473439254
0.6962094347356004
0.7623110706878099
0.7129462789542049
0.6712030012176686
0.764627411999661
0.7389662683260243
0.629871290031564
0.7025254932617673
0.7810345067603423
0.7002467609412282
0.6981132222755545
0.7407619853048455
0.7125268082626841
0.6212994681983856
0.7196153382314286
0.7301775937000875
0.7398188748499935
0.7931810173351512
0.6533736482390238
0.7481528271851126
0.6693511482149135
0.7588862377003939
0.7320690564917641
0.6230477335450139
0.7405048831543306
0.74268499455917
0.7584116071607891
0.6944177638529527
0.6861535185421641
0.7888633155250689
0.682530099525716
0.7053632835731105
0.7185716526893449
0.6518722654973446
0.5980254357204284
0.6192317126968769
0.6816809466661852
0.7111984129504171
0.7440712972309746
0.653390340123211
0.7524796925124527
0.6438953571993012
0.6602008399966572
0.704089218033676
0.627967628693099
0.7146954881906435
0.677498077264074
0.7206181189715117
0.6664920763693876
0.7363697152154167
0.7400915619709177
0.7959335690220615
0.696945990605681
0.7339162413117222
0.8071828642662796
0.7892675849248864
0.6858266394069603
0.6914656500575652
0.7850382639127034
0.7600382251344657
0.7215023701438382
0.6398754161766178
0.638197212008865
0.7699607602935651
0.7113951969955951
0.7557699352703855
0.7156703485262222
0.756246950207488
0.7004240074853202
0.6031696625771972
0.7040025432936774
0.7630752758318586
0.7560733106885824
0.7061151577828637
0.6160708147648383
0.7421074917717173
0.7097002144913633
0.7430750705810883
0.6158039513540859
0.775255377788484
0.6792657901971383
0.5483537049922835
0.6728651189630523
0.690581617518158
0.7391708908999347
0.7105526988730653
0.7251865510341843
0.731616432625323
0.7615815662714448
0.7620312668840262
0.6664758867255661
0.6249024966501379
0.6454336074443697
0.7196871643072531
0.6899225680462081
0.6365742798117141
0.796500551466784
0.741598898291018
0.6886242477841827
0.7115339676241995
0.7301673956166895
0.7175339046636476
0.6137395374968756
0.724724037649723
0.6554501109735864
0.7410309277986992
0.7316334170985185
0.7299283881943782
0.757035349261344
0.7160294857258339
0.668357910413152
0.7687367859838918
0.731629772230576
0.6088499719411234
0.7317979567117464
0.7507421765742979
0.8307697560848316
0.695020925542888
0.6027540263001014
0.7177662363448496
0.7837276922709662
0.7753168497803821
0.6571906946072043
0.6568469092147984
0.7146824907743204
0.7909932840796369
0.6240271551994062
0.7025824333462702
0.6934079223612314
0.7581876637269391
0.6515950351589248
0.606896205030455
0.7852713607700804
0.6634304466314954
0.7908404871365716
0.6724306852136421
0.6874201200064737
0.6646320807016037
0.7757274130873013
0.638731840132571
0.7719534929820473
0.7056530907207655
0.7368040865205332
0.6618231773084365
0.6355449920168948
0.7279796771841696
0.6917654249918619
0.6940959092755974
0.6821419464418237
0.6877035668081518
0.7270713157241717
0.6384911277544079
0.6910329279333733
0.6096420553097498
0.6450960809682129
0.7599926312380972
0.5946832811940179
0.6430678755305568
0.7889733614050782
0.7124448054887204
0.5719247814951209
0.8084916435837288
0.7387086558942495
0.6108696516760703
0.6605531012030303
0.7653428211070757
0.5905389771162678
0.7236304438935134
0.75042286550806
0.6764513419006907
0.6379576923803002
0.5614548623983808
0.7506423346516956
0.723760616051581
0.7934111105029243
0.6681900107919965
0.7868548292001316
0.7000586996243396
0.6379970507081221
0.760630699112724
0.705940977574985
0.8197160430381848
0.7301922899469279
0.64434618668355
0.6952103738804234
0.6732178580008705
0.7129375859401147
0.6035296545713332
0.675053850488958
0.7396612318841526
0.7025644569938527
0.7183346402569972
0.657005576975904
0.6251408069534229
0.7534802802141821
0.7775662479061549
0.6855230705906454
0.6740583222916904
0.6289235553812744
0.6180772665535615
0.7037603202590014
0.7225288911672523
0.7785833653272085
0.7177350857037881
0.6795278397130172
0.7240817715771167
0.6596106364450478
0.7513517439752792
0.712317097919447
0.7131982696767784
0.7465584719406648
0.7433945587795836
0.7066585088535938
0.6289104491656163
0.6838927785276595
0.6534825532636905
0.694048985801993
0.7454061571667613
0.6091201163839061
0.6806208033976122
0.7608472725099948
0.7257399093765652
0.7416390242910009
0.7953675747845335
0.6509072695857517
0.7443388518351233
0.671875165114176
0.7041998251103337
0.6207224078569805
0.702061242189799
0.7343210016027141
0.7399146569875976
0.6886364745110626
0.7115698907229506
0.6851528704810799
0.7219143718536783
0.8119427502249804
0.7048993777141397
0.7045651316881216
0.7231299748667989
0.5202739818356681
0.7143143550391476
0.689738574977887
0.6634743146739414
0.7428473580715109
0.7288425878539664
0.7704762180594245
0.7197225388121483
0.7245315740209357
0.7442140044294606
0.756283545021948
0.7684269489008293
0.6513850499451455
0.7752499002631599
0.7959736225230526
0.6291328520704673
0.6311142239978984
0.7057623469742937
0.6757073377549576
0.820006822424602
0.7707143158299964
0.635337565238672
0.7200405288930122
0.5795822908984088
0.5973571005466057
0.7176208277848414
0.6722778408191237
0.6822600850141236
0.6726040340703269
0.7438815013883469
0.6698775157008715
0.6940842230176707
0.8639940431371105
0.7280956500918321
0.6924373005440319
0.7554896820855334
0.701658800283705
0.7795551607119443
0.6104213601656712
0.6463605621853858
0.7093707057575485
0.7074830878236722
0.7971676910122664
0.5760137994208492
0.6230478117495075
0.6464723351704689
0.7227645143197117
0.6991542658301171
0.6343065398350011
0.660069187528267
0.6613027609319241
0.6179485134608969
0.7268562763718093
0.7205972095845476
0.7851356376789006
0.7332057300483136
0.7212148399010029
0.6360753307805356
0.6676556307344417
0.8111219633202332
0.7183543682147897
0.6959788591366355
0.6819782258273973
0.6711103990886491
0.63106757348101
0.7295015545915526
0.7126429392376226
0.7302494991190096
0.6402325614425171
0.7459386700170931
0.703611878438749
0.605400783088111
0.7125443020712939
0.8135964756079617
0.6925457370926783
0.6653277299236213
0.7151630510723852
0.704191156667311
0.6567861594375246
0.773229324058634
0.7133185442000295
0.6587470249203338
0.7412875525618285
0.7954734928022689
0.7561367970140861
0.7522948988970084
0.5783214862660243
0.6751196700333567
0.6878875168156416
0.7946147103266996
0.6504097736645329
0.6718896100356314
0.6752550360598775
0.6693849076115709
0.7288280568617787
0.7264538515093302
0.7563533977357844
0.6516307833510333
0.6557396039950161
0.6730953449315186
0.6518769617585813
0.7286750251591078
0.7931280892710035
