0.24615384615384614
0.16393442622950818
0.17241379310344826
0.2545454545454545
0.3283582089552239
0.2647058823529412
0.16666666666666666
0.2181818181818182
0.2592592592592593
0.2711864406779661
0.28070175438596495
0.2727272727272727
0.14705882352941177
0.1851851851851852
0.2105263157894737
0.19354838709677422
0.1379310344827586
0.1904761904761905
0.06557377049180328
0.07547169811320756
0.22222222222222224
0.22222222222222224
0.18461538461538463
0.22950819672131148
0.13114754098360656
0.17391304347826086
0.1818181818181818
0.20689655172413796
0.07407407407407407
0.1379310344827586
0.09230769230769231
0.16666666666666666
0.12903225806451615
0.2580645161290323
0.3
0.20689655172413796
0.2647058823529412
0.29850746268656714
0.1212121212121212
0.3
0.22222222222222224
0.18461538461538463
0.31884057971014496
0.25
0.2580645161290323
0.26865671641791045
0.20833333333333334
0.2580645161290323
0.33898305084745767
0.25
0.17857142857142855
0.26229508196721313
0.22580645161290322
0.1904761904761905
0.22222222222222224
0.2769230769230769
0.16949152542372883
0.30136986301369856
0.19672131147540983
0.14705882352941177
0.19354838709677422
0.18750000000000003
0.14035087719298248
0.14285714285714288
0.3103448275862069
0.13333333333333333
0.29508196721311475
0.20338983050847456
0.25
0.22580645161290322
0.16949152542372883
0.16666666666666666
0.20689655172413796
0.11764705882352941
0.07142857142857144
0.18750000000000003
0.1818181818181818
0.3492063492063492
0.3548387096774193
0.14035087719298248
0.21874999999999997
0.12903225806451615
0.1739130434782609
0.2580645161290323
0.14925373134328357
0.24
0.253968253968254
0.253968253968254
0.23333333333333334
0.18461538461538463
0.26666666666666666
0.13559322033898305
0.12903225806451615
0.1111111111111111
0.28125
0.35294117647058826
0.03571428571428572
0.2318840579710145
0.2894736842105263
0.14035087719298248
0.23728813559322037
0.07692307692307691
0.12
0.19672131147540983
0.17857142857142855
0.21874999999999997
0.26666666666666666
0.36666666666666664
0.23880597014925373
0.11538461538461538
0.2181818181818182
0.16666666666666666
0.14285714285714288
0.13114754098360656
0.26666666666666666
0.23333333333333334
0.17241379310344826
0.34285714285714286
0.22222222222222224
0.20689655172413796
0.23880597014925373
0.20338983050847456
0.32352941176470584
0.31746031746031744
0.28571428571428564
0.2181818181818182
0.2181818181818182
0.2181818181818182
0.17543859649122806
0.19672131147540983
0.14035087719298248
0.13333333333333333
0.3
0.23728813559322037
0.2456140350877193
0.09836065573770492
0.34782608695652173
0.2
0.15094339622641512
0.20338983050847456
0.1379310344827586
0.1971830985915493
0.29508196721311475
0.3157894736842105
0.2545454545454545
0.20000000000000004
0.18461538461538463
0.32786885245901637
0.20338983050847456
0.10000000000000002
0.22641509433962265
0.30769230769230765
0.1904761904761905
0.17857142857142855
0.25
0.25
0.22580645161290322
0.14035087719298248
0.253968253968254
0.13114754098360656
0.4262295081967213
0.2580645161290323
0.19672131147540983
0.19672131147540983
0.2456140350877193
0.15873015873015872
0.15625
0.24
0.33898305084745767
0.2105263157894737
0.1818181818181818
0.13559322033898305
0.125
0.22222222222222224
0.11320754716981132
0.22641509433962265
0.22222222222222224
0.22950819672131148
0.30769230769230765
0.23333333333333334
0.26865671641791045
0.21428571428571427
0.2181818181818182
0.1212121212121212
0.16393442622950818
0.22222222222222224
0.08
0.07692307692307691
0.11320754716981132
0.15873015873015872
0.29032258064516125
0.125
0.19354838709677422
0.19354838709677422
0.10344827586206898
0.2456140350877193
0.07272727272727272
0.11111111111111112
0.2105263157894737
0.3225806451612903
0.19672131147540983
0.2
0.1818181818181818
0.16393442622950818
0.26666666666666666
0.16949152542372883
0.2711864406779661
0.22222222222222224
0.21212121212121213
0.2898550724637681
0.2545454545454545
0.25
0.2592592592592593
0.12244897959183673
0.15384615384615383
0.13333333333333333
0.20000000000000004
0.28125
0.16393442622950818
0.17857142857142855
0.3157894736842105
0.22222222222222224
0.18867924528301885
0.16666666666666666
0.0909090909090909
0.16129032258064516
0.16393442622950818
0.14545454545454545
0.29032258064516125
0.22580645161290322
0.26229508196721313
0.2711864406779661
0.10714285714285714
0.13333333333333333
0.14545454545454545
0.09677419354838711
0.10344827586206898
0.2413793103448276
0.22222222222222224
0.29032258064516125
0.21428571428571427
0.16129032258064516
0.24615384615384614
0.1904761904761905
0.16949152542372883
0.13114754098360656
0.1090909090909091
0.13333333333333333
0.125
0.2181818181818182
0.24615384615384614
0.20000000000000004
0.15873015873015872
0.17857142857142855
0.14285714285714288
0.17857142857142855
0.16666666666666666
0.16393442622950818
0.26865671641791045
0.1090909090909091
0.23880597014925373
0.16666666666666666
0.25
0.26865671641791045
0.3384615384615384
0.24615384615384614
0.13333333333333333
0.13559322033898305
0.09836065573770492
0.22641509433962265
0.1568627450980392
0.13114754098360656
0.2413793103448276
0.2711864406779661
0.17857142857142855
0.2769230769230769
0.17857142857142855
0.23728813559322037
0.2181818181818182
0.14035087719298248
0.2711864406779661
0.13114754098360656
0.22641509433962265
0.061538461538461535
0.17857142857142855
0.11764705882352941
0.326530612244898
0.28571428571428575
0.21874999999999997
0.208955223880597
0.14285714285714288
0.2711864406779661
0.253968253968254
0.21621621621621623
0.2105263157894737
0.3384615384615384
0.126984126984127
0.1818181818181818
0.20338983050847456
0.3
0.21874999999999997
0.1379310344827586
0.2608695652173913
0.22222222222222224
0.20338983050847456
0.14545454545454545
0.1379310344827586
0.21212121212121213
0.16666666666666666
0.21276595744680848
0.14814814814814814
0.28571428571428564
0.06557377049180328
0.23333333333333334
0.16949152542372883
0.16393442622950818
0.2758620689655172
0.33333333333333326
0.2424242424242424
0.2105263157894737
0.24615384615384614
0.2758620689655172
0.10169491525423728
0.14285714285714288
0.23333333333333334
0.14285714285714288
0.2545454545454545
0.09836065573770492
0.1904761904761905
0.13114754098360656
0.09836065573770492
0.14545454545454545
0.21874999999999997
0.1818181818181818
0.10169491525423728
0.15873015873015872
0.253968253968254
0.2769230769230769
0.2592592592592593
0.2608695652173913
0.17857142857142855
0.15873015873015872
0.14545454545454545
0.28571428571428564
0.26229508196721313
0.16393442622950818
0.14035087719298248
0.22641509433962265
0.1851851851851852
0.2647058823529412
0.26415094339622636
0.16949152542372883
0.28571428571428575
0.13559322033898305
0.20833333333333334
0.1142857142857143
0.22222222222222224
0.28571428571428575
0.09230769230769231
0.23333333333333334
0.2413793103448276
0.2580645161290323
0.15873015873015872
0.23684210526315788
0.2105263157894737
0.10000000000000002
0.10714285714285714
0.06779661016949153
0.17857142857142855
0.19672131147540983
0.27450980392156865
0.28125
0.20338983050847456
0.0784313725490196
0.19672131147540983
0.13559322033898305
0.25
0.28571428571428564
0.1904761904761905
0.23076923076923075
0.39393939393939387
0.1818181818181818
0.29411764705882354
0.1851851851851852
0.19672131147540983
0.24324324324324326
0.25
0.3103448275862069
0.13333333333333333
0.20000000000000004
0.2592592592592593
0.12903225806451615
0.10526315789473685
0.11320754716981132
0.2153846153846154
0.3103448275862069
0.273972602739726
0.2727272727272727
0.1818181818181818
0.03773584905660378
0.29032258064516125
0.20289855072463772
0.1851851851851852
0.29411764705882354
0.1379310344827586
0.2608695652173913
0.26229508196721313
0.1379310344827586
0.20833333333333334
0.2758620689655172
0.23333333333333334
0.303030303030303
0.16666666666666666
0.18750000000000003
0.2191780821917808
0.2456140350877193
0.2456140350877193
0.21212121212121213
0.2105263157894737
0.2413793103448276
0.28125
0.2413793103448276
0.15625
0.03389830508474576
0.28571428571428564
0.11764705882352941
0.3050847457627119
0.10344827586206898
0.22222222222222224
0.2647058823529412
0.18867924528301885
0.24615384615384614
0.30769230769230765
0.21212121212121213
0.17647058823529413
0.23880597014925373
0.2592592592592593
0.3225806451612903
0.34285714285714286
0.16129032258064516
0.13559322033898305
0.2456140350877193
0.2769230769230769
0.3050847457627119
0.29032258064516125
0.2769230769230769
0.06666666666666667
0.14285714285714288
0.29508196721311475
0.19354838709677422
0.14285714285714288
0.18867924528301885
0.10526315789473685
0.3492063492063492
0.14705882352941177
0.20689655172413796
0.19672131147540983
0.10344827586206898
0.19178082191780824
0.22641509433962265
0.1568627450980392
0.2
0.29508196721311475
0.2181818181818182
0.16949152542372883
0.25
0.126984126984127
0.2545454545454545
0.2898550724637681
0.23076923076923075
0.14545454545454545
0.36923076923076925
0.28070175438596495
0.32352941176470584
0.28169014084507044
0.10344827586206898
0.14285714285714288
0.28125
0.10000000000000002
0.1791044776119403
0.2105263157894737
0.23880597014925373
0.15094339622641512
0.19354838709677422
0.28070175438596495
0.2105263157894737
0.15384615384615383
0.20588235294117646
0.17241379310344826
0.1515151515151515
0.17647058823529413
0.2711864406779661
0.21212121212121213
0.3137254901960784
0.16666666666666666
0.3384615384615384
0.15873015873015872
0.13114754098360656
0.2105263157894737
0.25
