0.2711864406779661
0.12244897959183673
0.10000000000000002
0.20000000000000004
0.21212121212121213
0.16393442622950818
0.1971830985915493
0.2727272727272727
0.24
0.16129032258064516
0.22641509433962265
0.2413793103448276
0.17857142857142855
0.10169491525423728
0.11111111111111112
0.23333333333333334
0.26865671641791045
0.10000000000000002
0.16949152542372883
0.1818181818181818
0.125
0.23333333333333334
0.23529411764705882
0.22641509433962265
0.14814814814814814
0.2181818181818182
0.18867924528301885
0.14545454545454545
0.24615384615384614
0.303030303030303
0.3283582089552239
0.23333333333333334
0.14705882352941177
0.2424242424242424
0.17543859649122806
0.2222222222222222
0.22222222222222224
0.19354838709677422
0.19354838709677422
0.13559322033898305
0.208955223880597
0.18461538461538463
0.14035087719298248
0.10344827586206898
0.24615384615384614
0.25
0.33898305084745767
0.125
0.20338983050847456
0.19354838709677422
0.23728813559322037
0.1515151515151515
0.14285714285714288
0.10169491525423728
0.26865671641791045
0.22950819672131148
0.1379310344827586
0.1090909090909091
0.22950819672131148
0.30769230769230765
0.20689655172413796
0.273972602739726
0.3333333333333333
0.0909090909090909
0.23728813559322037
0.37500000000000006
0.253968253968254
0.06451612903225808
0.16129032258064516
0.25
0.1923076923076923
0.1818181818181818
0.22950819672131148
0.20338983050847456
0.20338983050847456
0.09375000000000001
0.2153846153846154
0.10169491525423728
0.26415094339622636
0.28571428571428564
0.1090909090909091
0.2413793103448276
0.21212121212121213
0.19672131147540983
0.12903225806451615
0.13559322033898305
0.10000000000000002
0.17142857142857143
0.12307692307692307
0.10526315789473685
0.26666666666666666
0.2
0.14285714285714288
0.17241379310344826
0.28125
0.15625
0.14035087719298248
0.23333333333333334
0.07547169811320756
0.2413793103448276
0.2105263157894737
0.16393442622950818
0.1818181818181818
0.1379310344827586
0.16666666666666666
0.2105263157894737
0.11111111111111112
0.11111111111111112
0.15384615384615383
0.1379310344827586
0.37681159420289856
0.29508196721311475
0.2
0.20689655172413796
0.2105263157894737
0.13559322033898305
0.11320754716981132
0.2769230769230769
0.3
0.13559322033898305
0.1904761904761905
0.20689655172413796
0.38709677419354843
0.14545454545454545
0.17543859649122806
0.208955223880597
0.2711864406779661
0.1090909090909091
0.2580645161290323
0.26666666666666666
0.18867924528301885
0.18461538461538463
0.11111111111111112
0.15384615384615383
0.24615384615384614
0.11320754716981132
0.21212121212121213
0.11111111111111112
0.208955223880597
0.12244897959183673
0.23728813559322037
0.16393442622950818
0.12
0.1090909090909091
0.16129032258064516
0.24657534246575347
0.29411764705882354
0.20000000000000004
0.2608695652173913
0.30188679245283023
0.09836065573770492
0.26666666666666666
0.3050847457627119
0.17241379310344826
0.17543859649122806
0.22950819672131148
0.20338983050847456
0.2413793103448276
0.10169491525423728
0.1851851851851852
0.20000000000000004
0.3225806451612903
0.17857142857142855
0.2580645161290323
0.2153846153846154
0.17241379310344826
0.20588235294117646
0.23333333333333334
0.15625
0.1702127659574468
0.25
0.16949152542372883
0.12903225806451615
0.17543859649122806
0.1791044776119403
0.2153846153846154
0.25
0.3636363636363636
0.10000000000000002
0.10526315789473685
0.14285714285714288
0.29032258064516125
0.16949152542372883
0.17857142857142855
0.126984126984127
0.23333333333333334
0.17241379310344826
0.3283582089552239
0.13559322033898305
0.11940298507462686
0.2769230769230769
0.13114754098360656
0.3333333333333333
0.15384615384615383
0.1818181818181818
0.06779661016949153
0.2647058823529412
0.24
0.17543859649122806
0.09523809523809525
0.40625
0.16393442622950818
0.09836065573770492
0.21428571428571427
0.1568627450980392
0.10526315789473685
0.14925373134328357
0.303030303030303
0.16129032258064516
0.2769230769230769
0.2413793103448276
0.23880597014925373
0.14035087719298248
0.15873015873015872
0.15873015873015872
0.23728813559322037
0.17857142857142855
0.0784313725490196
0.10000000000000002
0.13114754098360656
0.2758620689655172
0.11940298507462686
0.10526315789473685
0.2769230769230769
0.09523809523809525
0.208955223880597
0.15873015873015872
0.126984126984127
0.15094339622641512
0.23076923076923075
0.07142857142857144
0.14545454545454545
0.326530612244898
0.26666666666666666
0.26666666666666666
0.3125
0.1818181818181818
0.15384615384615383
0.16129032258064516
0.28571428571428564
0.1568627450980392
0.3050847457627119
0.16129032258064516
0.30188679245283023
0.07692307692307691
0.11940298507462686
0.14285714285714288
0.27450980392156865
0.13559322033898305
0.26415094339622636
0.3548387096774193
0.19672131147540983
0.22950819672131148
0.2181818181818182
0.2413793103448276
0.22580645161290322
0.14285714285714288
0.23076923076923075
0.32142857142857145
0.19672131147540983
0.17857142857142855
0.14035087719298248
0.21874999999999997
0.15873015873015872
0.23333333333333334
0.16129032258064516
0.13559322033898305
0.25
0.20588235294117646
0.18750000000000003
0.22580645161290322
0.14285714285714288
0.23728813559322037
0.14035087719298248
0.1379310344827586
0.28571428571428564
0.2181818181818182
0.26666666666666666
0.19672131147540983
0.2769230769230769
0.10526315789473685
0.25
0.13559322033898305
0.16666666666666666
0.2580645161290323
0.3225806451612903
0.12903225806451615
0.2545454545454545
0.29032258064516125
0.25
0.3103448275862069
0.09230769230769231
0.21428571428571427
0.17543859649122806
0.10344827586206898
0.03389830508474576
0.1904761904761905
0.16393442622950818
0.2592592592592593
0.16129032258064516
0.2711864406779661
0.10526315789473685
0.11320754716981132
0.1818181818181818
0.22580645161290322
0.16393442622950818
0.163265306122449
0.21874999999999997
0.26666666666666666
0.22222222222222224
0.15094339622641512
0.22222222222222224
0.2105263157894737
0.17142857142857143
0.22580645161290322
0.2153846153846154
0.17647058823529413
0.16949152542372883
0.15873015873015872
0.16393442622950818
0.20689655172413796
0.16129032258064516
0.23728813559322037
0.037037037037037035
0.22222222222222224
0.07272727272727272
0.15625
0.15873015873015872
0.21428571428571427
0.12903225806451615
0.16393442622950818
0.33333333333333326
0.1851851851851852
0.11111111111111112
0.2545454545454545
0.29032258064516125
0.14285714285714288
0.26666666666666666
0.22641509433962265
0.13559322033898305
0.32352941176470584
0.2711864406779661
0.13333333333333333
0.2758620689655172
0.2777777777777778
0.26229508196721313
0.27450980392156865
0.20338983050847456
0.13559322033898305
0.1818181818181818
0.13559322033898305
0.19672131147540983
0.22580645161290322
0.2181818181818182
0.26229508196721313
0.19672131147540983
0.14814814814814814
0.11111111111111112
0.16393442622950818
0.28070175438596495
0.20588235294117646
0.28571428571428575
0.15384615384615383
0.1515151515151515
0.16129032258064516
0.17857142857142855
0.1923076923076923
0.14035087719298248
0.17857142857142855
0.2711864406779661
0.15625
0.1818181818181818
0.22222222222222224
0.17857142857142855
0.24615384615384614
0.2424242424242424
0.2898550724637681
0.22222222222222224
0.14545454545454545
0.2727272727272727
0.10000000000000002
0.2711864406779661
0.0689655172413793
0.25
0.2545454545454545
0.16
0.2413793103448276
0.15094339622641512
0.07692307692307691
0.18461538461538463
0.11111111111111112
0.2456140350877193
0.17543859649122806
0.20000000000000004
0.2711864406779661
0.12903225806451615
0.16393442622950818
0.2181818181818182
0.2456140350877193
0.2413793103448276
0.1379310344827586
0.17857142857142855
0.25
0.19672131147540983
0.26865671641791045
0.037037037037037035
0.2456140350877193
0.1379310344827586
0.14814814814814814
0.20588235294117646
0.14285714285714288
0.2413793103448276
0.2592592592592593
0.2
0.29508196721311475
0.21428571428571427
0.22641509433962265
0.126984126984127
0.14285714285714288
0.20000000000000004
0.1818181818181818
0.2413793103448276
0.1818181818181818
0.1379310344827586
0.2580645161290323
0.2105263157894737
0.24
0.14285714285714288
0.3
0.15094339622641512
0.3548387096774193
0.22222222222222224
0.23880597014925373
0.11940298507462686
0.23728813559322037
0.22580645161290322
0.28571428571428564
0.23728813559322037
0.14285714285714288
0.22222222222222224
0.15873015873015872
0.26229508196721313
0.19672131147540983
0.15625
0.2105263157894737
0.1515151515151515
0.1923076923076923
0.1818181818181818
0.22222222222222224
0.14492753623188406
0.14285714285714288
0.2424242424242424
0.1515151515151515
0.3125
0.07142857142857144
0.1851851851851852
0.2424242424242424
0.21874999999999997
0.17241379310344826
0.10000000000000002
0.12903225806451615
0.20289855072463772
0.09836065573770492
0.20338983050847456
0.1568627450980392
0.17543859649122806
0.16949152542372883
0.1904761904761905
0.19354838709677422
0.3384615384615384
0.2413793103448276
0.2769230769230769
0.10526315789473685
0.2758620689655172
0.3050847457627119
0.2962962962962963
0.16666666666666666
0.2571428571428572
0.22950819672131148
0.23728813559322037
0.20000000000000004
0.2105263157894737
0.2413793103448276
0.21428571428571427
0.16129032258064516
0.10169491525423728
0.2105263157894737
0.16666666666666666
0.17241379310344826
0.18750000000000003
0.23076923076923075
0.18867924528301885
0.1923076923076923
0.11320754716981132
0.20338983050847456
0.2105263157894737
0.14285714285714288
0.09836065573770492
0.29032258064516125
0.3272727272727273
