0.6121730011245055
0.5856537916794066
0.6672153933247031
0.42836272503017897
0.6227096173677591
0.6132773019237251
0.5641988902674386
0.5441915366381812
0.584551628634876
0.6307081115257217
0.6189749299789641
0.4869542988936073
0.6807471899760458
0.6887285981622366
0.647873983166408
0.6504575412206226
0.5245674639830471
0.6235522282911575
0.7009013452286756
0.7271089923378655
0.6422153045063844
0.6392310321691509
0.4348410370991016
0.462296380395088
0.7347919064426072
0.5797766784960549
0.6208276760828801
0.6599970910429355
0.6098149129269493
0.5640629377630332
0.5437634727142924
0.5781674761455273
0.5961892945763914
0.49231699739463713
0.6462493015258972
0.631061146300508
0.6534522541591068
0.541861584526246
0.5723454855064051
0.40310825139178513
0.7123331639121113
0.6000202755354108
0.5944655290466603
0.500630977778876
0.7395862956879907
0.679492362982929
0.6314159833310767
0.6455796849753404
0.7234924745689495
0.691205182061829
0.659784359556857
0.6209889347551887
0.4530322337475209
0.5086095678558303
0.5226040232074428
0.6480546317315726
0.49062127974186737
0.7234995655688213
0.5812806160813702
0.6583509083509084
0.7161371877280968
0.5062798193342216
0.6936602883457405
0.5372636394402714
0.6021808237002665
0.5947757476483836
0.6433511644036227
0.5532977941598631
0.5519538930083485
0.6219172056172166
0.5500603477271684
0.5109777545718435
0.6463071244515441
0.5018907943848313
0.5935796905557282
0.7008770597546818
0.5770631943249392
0.4702740283479116
0.7138579026984825
0.6664003828575432
0.6678944760121087
0.6566688902750284
0.6215020862450483
0.5179568144934081
0.6461568061568062
0.5368679960297715
0.588732559933515
0.6321709540724894
0.5511838866328032
0.5243533459087442
0.5349331595484007
0.6554690685264977
0.6340871560056618
0.5976524492653524
0.5694317451808741
0.4945901980245198
0.6736983173991259
0.7108684945452971
0.669233391200853
0.7302912006553463
0.5754472248665408
0.5234669784074031
0.5502424586603086
0.6025390987317152
0.6228147912449183
0.6624854810682275
0.7073720368266976
0.5238532285084009
0.6727166034869524
0.6030599406679118
0.5654475896988488
0.4390161559573324
0.6146306741874833
0.5409897954271321
0.6305014543780213
0.5559755244496125
0.649418254270943
0.7312928761130201
0.6459708731287679
0.5575342838844507
0.7095543481702675
0.5382778852655704
0.6917671559965228
0.49504946658037147
0.5684250288009067
0.5672330326835351
0.7109781073587734
0.48622855670728016
0.6269798719825717
0.5322996023146561
0.5574019383319279
0.6178362611528998
0.5159462269756387
0.5875905634094556
0.5268392140583922
0.4785695360132609
0.6654812022498094
0.5134923189449495
0.6866898944193062
0.606380365127349
0.544631222804473
0.45041085295163674
0.6467572354672623
0.5422116573211675
0.5859235388840651
0.6576583380387728
0.706697202806242
0.5805287775554497
0.40632173382173387
0.7602482103216065
0.6497057104679677
0.5929583892017196
0.7137990972169025
0.5963414168183377
0.629996765344863
0.5947697257012108
0.5826519888735294
0.6866369676834793
0.6985718421012539
0.6733502664475323
0.5892164071175494
0.5790530310938137
0.7673075637761277
0.5615080523414188
0.49137681952009443
0.5628295556971687
0.640770763865961
0.71589954883978
0.5823492984114889
0.4648093109076715
0.5141136406196647
0.6165783047361995
0.5904325228441212
0.5628912312749825
0.6612089554257276
0.6951014078794937
0.6397375564778742
0.5909721912038377
0.48957089968143735
0.4709288280824588
0.5672474843164498
0.6297043201571335
0.6220690818111749
0.5275135820932855
0.5148899795726585
0.5143305484129966
0.5851917782225102
0.5981148175766885
0.6426203673615235
0.556475925287042
0.5127388809013128
0.578636048261222
0.48491243598096956
0.5632569369508373
0.5277016672882641
0.5994597604254336
0.5643908701389017
0.49971535272415213
0.4751845001230695
0.5435453101135789
0.6155771280437574
0.5989803251786304
0.7203045485804106
0.6568342430237621
0.5929497475420246
0.6673140107523979
0.5670232573635765
0.6038526273543128
0.5926898473715685
0.5237891782597597
0.6191989835604635
0.576562682315749
0.6064569107942128
0.6801286594036252
0.6443402368584313
0.5768657373374354
0.7075423040794111
0.5501624208009538
0.44941372117662315
0.5206131479329832
0.5923010142459726
0.7241955099467281
0.5684151547940183
0.5313653748212572
0.6565885804445779
0.652137670902875
0.6829228879284825
0.6885879591994818
0.7172274237906202
0.6769794477193363
0.5871374416460302
0.6421612951498461
0.48319821792554185
0.6722486772486772
0.5627075305211561
0.6640651955314204
0.7970656155438764
0.6316460642227906
0.4542863410295479
0.6780901491658771
0.573423530708844
0.5814266800737389
0.6757277907277908
0.684654424936488
0.5514488948233442
0.5763596128785082
0.6427584425772831
0.6016292461461428
0.5044448758817646
0.5966659362069385
0.52951918325206
0.6604172981328101
0.5403441057909152
0.5833792432116602
0.5222167755458629
0.7660099424385138
0.6558520666491409
0.5702313883299799
0.6706169590643275
0.6492483139794353
0.5595051566790697
0.6117258856558386
0.513627839526689
0.576575900636901
0.5817216019570717
0.6254057389121439
0.5525827908922232
0.559446722573592
0.4680825108294467
0.6610519176366427
0.6062060599397131
0.542647810218978
0.663842940685046
0.6015521990002562
0.5430643625271849
0.6112325296628731
0.6160616637031731
0.5825107058312006
0.6032217448106976
0.4535941143715932
0.5816130871760152
0.5488461754973053
0.6730840510389725
0.5164904647202191
0.5373717756076825
0.5616085024566557
0.6317659952650363
0.4702299956553981
0.6448154490384531
0.6164476360036407
0.6333183354113586
0.6353094085137428
0.6873608635322048
0.5888765568409388
0.708996499451988
0.6211649687659136
0.6050149641347164
0.7315204736082822
0.47217287738309976
0.6371547475947822
0.41028696726890534
0.4223108802957639
0.6451430285481047
0.6946326815443603
0.4829607330373613
0.600481899813483
0.6313276865001003
0.5803560874704491
0.5878565635503678
0.5291680215131801
0.6367918397933358
0.5835838969881292
0.5241035735741559
0.669483397009486
0.6279795597824566
0.6239493358900609
0.5816852141664245
0.5140642325518465
0.5903714618714619
0.5095407736716289
0.5667778779220674
0.6946247257474177
0.6953497943035213
0.5964407787142247
0.4685708626431837
0.6403574386773709
0.7984826895914569
0.5600430064773619
0.6210239325809643
0.3897850893341178
0.5879353233830845
0.635547136744673
0.7252070315305609
0.55345056782078
0.5592656063557329
0.5137567146785448
0.6302280750650315
0.6202315156210593
0.6500482524778298
0.4983582197826113
0.6033572615279933
0.689327789656707
0.6639432541332203
0.7471888825177183
0.6392339720427569
0.591962591462275
0.64046164872932
0.5652007021159969
0.5501448944252602
0.629959608258082
0.6361280957379982
0.5803824419333812
0.6451164481638932
0.7534049918999967
0.6057290651878866
0.6112469291589168
0.5439629047945641
0.7325881018174251
0.5467340561871413
0.5405182526039033
0.5654420441208148
0.5233183934763264
0.5734639565674049
0.49377225756536103
0.6951813043741814
0.5922629378104759
0.6454001785971363
0.6421852787405554
0.5064352585084293
0.5602251139468677
0.6114836402672963
0.5295928822431172
0.6043585160322698
0.7235924005513558
0.6643304912996695
0.5191999606860288
0.5339405347402179
0.502423308755282
0.7045282583949144
0.5589540237444974
0.5843087037550546
0.6585853639551895
0.6571201263941876
0.6458761224085655
0.7280469845259787
0.6063351430057068
0.6232773458074374
0.5409132264322822
0.6639633840151105
0.6307395469646769
0.5539544429341577
0.6218643495446152
0.6884479054592831
0.7335598135881017
0.5905179715879583
0.6532012683175473
0.5822413746161307
0.47602037093341437
0.5110843184588477
0.5639627820206835
0.640882653169163
0.6382564372333083
0.6081892897384158
0.6654933782793064
0.7255565432789297
0.4878270363978516
0.5762677035726571
0.6528733005825816
0.5888924849986451
0.5408898851283792
0.6384854286653411
0.5942701754171323
0.6632448661210207
0.5388682523127917
0.5763798791619397
0.6406798344774667
0.6058694011903701
0.4484328552146368
0.6282714551812711
0.6656208915715341
0.7960369208310183
0.4147686870850289
0.573308223326465
0.5068481302500446
0.535733630476378
0.5553991951565513
0.604559808873076
0.4865887828443502
0.5196797039562432
0.5861506768992877
0.4900237765293357
0.4970752081927298
0.6808470389842349
0.6584989823496058
0.5062648066091036
0.5076770758252754
0.5536897302244037
0.5884398971547566
0.570389210937233
0.607048430422624
0.5727120673252221
0.44853924897615244
0.5326198739443152
0.5728837578344914
0.6474132015654123
0.5637703554887356
0.6520186748170083
0.4452977613498428
0.5966226145684368
0.5237384487833029
0.5263888363888364
0.5834583293628973
0.4898788570186875
0.6364514951798844
0.6322190154045845
0.45310877214207873
0.57614145385747
0.6885034568500841
0.5896702930934957
0.6348803932915419
0.7597165066667736
0.603301059571656
0.5938796476557388
0.531526505901506
0.5759316016415408
0.48888470172005283
0.6895207439562665
0.6440822684610977
0.6694563070712496
0.5959973265905469
0.5053762470505443
0.6123277910955396
0.638441362161066
0.5017257576904636
0.4716806552361339
0.5279755778812383
0.4882997772300679
0.6678262212979531
0.4628321982015553
0.5185828585081275
0.48715637792967603
0.6883627296368593
0.5867936076512001
0.5855013779098572
0.6922436425701367
0.5934279507871058
0.4702237206668742
0.584630960274609
0.6765032154200403
0.5776975229302235
0.31596524223676753
0.634010553716436
0.5272789091730076
0.7308360570641431
0.41787838184072895
0.5638290696451635
0.6127304952917787
0.6273265269569516
0.5796952222986158
0.5127176527176527
