0.2857142857142857
0.08823529411764706
0.25925925925925924
0.2413793103448276
0.25
0.13043478260869565
0.125
0.4074074074074074
0.21428571428571427
0.2
0.17857142857142858
0.25925925925925924
0.24242424242424243
0.2
0.27586206896551724
0.11764705882352941
0.2692307692307692
0.06896551724137931
0.11538461538461539
0.125
0.15384615384615385
0.2647058823529412
0.08333333333333333
0.19230769230769232
0.16666666666666666
0.21739130434782608
0.3157894736842105
0.1935483870967742
0.23333333333333334
0.07407407407407407
0.22857142857142856
0.10344827586206896
0.22580645161290322
0.2647058823529412
0.12121212121212122
0.1935483870967742
0.1891891891891892
0.045454545454545456
0.03225806451612903
0.375
0.14285714285714285
0.2222222222222222
0.14285714285714285
0.19230769230769232
0.175
0.23333333333333334
0.19047619047619047
0.1111111111111111
0.21052631578947367
0.12
0.23809523809523808
0.21621621621621623
0.08695652173913043
0.1875
0.16
0.17857142857142858
0.28
0.2727272727272727
0.17647058823529413
0.14814814814814814
0.2571428571428571
0.13333333333333333
0.09375
0.1875
0.19230769230769232
0.16666666666666666
0.1111111111111111
0.14285714285714285
0.3333333333333333
0.19444444444444445
0.0967741935483871
0.15384615384615385
0.2608695652173913
0.16666666666666666
0.19444444444444445
0.12
0.21428571428571427
0.2222222222222222
0.21875
0.1935483870967742
0.15
0.20689655172413793
0.20588235294117646
0.038461538461538464
0.125
0.2
0.11428571428571428
0.13793103448275862
0.2
0.2692307692307692
0.16666666666666666
0.125
0.1951219512195122
0.20833333333333334
0.2222222222222222
0.23076923076923078
0.21428571428571427
0.05128205128205128
0.125
0.25
0.18421052631578946
0.3235294117647059
0.25925925925925924
0.2222222222222222
0.25
0.15151515151515152
0.1111111111111111
0.2222222222222222
0.14814814814814814
0.21212121212121213
0.2727272727272727
0.18181818181818182
0.2857142857142857
0.07142857142857142
0.15384615384615385
0.18181818181818182
0.13793103448275862
0.16666666666666666
0.2222222222222222
0.20588235294117646
0.3076923076923077
0.2
0.16666666666666666
0.3076923076923077
0.18518518518518517
0.3103448275862069
0.2
0.19230769230769232
0.0967741935483871
0.09090909090909091
0.14705882352941177
0.2222222222222222
0.15151515151515152
0.14705882352941177
0.17142857142857143
0.3076923076923077
0.23333333333333334
0.2222222222222222
0.10256410256410256
0.20689655172413793
0.2413793103448276
0.2727272727272727
0.08695652173913043
0.16666666666666666
0.21875
0.1724137931034483
0.1590909090909091
0.1875
0.19444444444444445
0.16666666666666666
0.4074074074074074
0.32142857142857145
0.25
0.26666666666666666
0.1111111111111111
0.16666666666666666
0.16129032258064516
0.36363636363636365
0.15384615384615385
0.17142857142857143
0.21875
0.2
0.22857142857142856
0.1935483870967742
0.3
0.16666666666666666
0.17647058823529413
0.1111111111111111
0.25
0.3076923076923077
0.17857142857142858
0.3235294117647059
0.25
0.14285714285714285
0.2857142857142857
0.14814814814814814
0.2702702702702703
0.23333333333333334
0.14814814814814814
0.175
0.08333333333333333
0.19047619047619047
0.21739130434782608
0.21428571428571427
0.2413793103448276
0.27586206896551724
0.06666666666666667
0.1935483870967742
0.25
0.125
0.1724137931034483
0.3
0.12
0.23333333333333334
0.18181818181818182
0.11428571428571428
0.13793103448275862
0.14814814814814814
0.20588235294117646
0.18518518518518517
0.125
0.22727272727272727
0.1111111111111111
0.17857142857142858
0.2
0.20833333333333334
0.30303030303030304
0.21428571428571427
0.2
0.3103448275862069
0.21212121212121213
0.14285714285714285
0.15625
0.16129032258064516
0.2
0.21875
0.13333333333333333
0.2222222222222222
0.10526315789473684
0.20833333333333334
0.2571428571428571
0.12903225806451613
0.1724137931034483
0.12
0.23333333333333334
0.25806451612903225
0.18181818181818182
0.20588235294117646
0.1875
0.14705882352941177
0.18421052631578946
0.24390243902439024
0.24
0.1724137931034483
0.25
0.1
0.06666666666666667
0.05555555555555555
0.1935483870967742
0.17391304347826086
0.07692307692307693
0.3333333333333333
0.18181818181818182
0.19444444444444445
0.47368421052631576
0.25925925925925924
0.1935483870967742
0.08695652173913043
0.1724137931034483
0.3
0.1
0.0967741935483871
0.22727272727272727
0.1794871794871795
0.16666666666666666
0.125
0.17857142857142858
0.22727272727272727
0.1111111111111111
0.23529411764705882
0.19444444444444445
0.2
0.17391304347826086
0.22727272727272727
0.17391304347826086
0.041666666666666664
0.16
0.28125
0.1875
0.09090909090909091
0.21052631578947367
0.13953488372093023
0.32
0.36666666666666664
0.27586206896551724
0.23809523809523808
0.06666666666666667
0.1111111111111111
0.25
0.2962962962962963
0.12903225806451613
0.15789473684210525
0.19047619047619047
0.12121212121212122
0.2
0.12
0.2727272727272727
0.15384615384615385
0.36
0.16129032258064516
0.13043478260869565
0.22580645161290322
0.15625
0.24242424242424243
0.19230769230769232
0.16666666666666666
0.1282051282051282
0.23076923076923078
0.15789473684210525
0.2857142857142857
0.1875
0.17142857142857143
0.175
0.07142857142857142
0.14285714285714285
0.26666666666666666
0.28125
0.20689655172413793
0.17647058823529413
0.16
0.1724137931034483
0.2222222222222222
0.1875
0.16666666666666666
0.1935483870967742
0.25
0.2
0.25806451612903225
0.1891891891891892
0.20512820512820512
0.2
0.2903225806451613
0.06896551724137931
0.14285714285714285
0.25
0.25
0.2857142857142857
0.25
0.2619047619047619
0.10714285714285714
0.1724137931034483
0.21875
0.2857142857142857
0.23333333333333334
0.13333333333333333
0.16
0.22580645161290322
0.21428571428571427
0.14705882352941177
0.12903225806451613
0.18181818181818182
0.26666666666666666
0.32
0.23529411764705882
0.1
0.125
0.2857142857142857
0.26666666666666666
0.2413793103448276
0.27586206896551724
0.20512820512820512
0.16
0.09090909090909091
0.18181818181818182
0.2903225806451613
0.125
0.13513513513513514
0.23076923076923078
0.15625
0.14814814814814814
0.2857142857142857
0.20833333333333334
0.32
0.13333333333333333
0.16
0.21428571428571427
0.1111111111111111
0.2777777777777778
0.11538461538461539
0.3333333333333333
0.11764705882352941
0.2857142857142857
0.13333333333333333
0.19230769230769232
0.11538461538461539
0.12
0.030303030303030304
0.10714285714285714
0.19444444444444445
0.35
0.2222222222222222
0.15384615384615385
0.21739130434782608
0.10526315789473684
0.43478260869565216
0.35135135135135137
0.25
0.18181818181818182
0.25925925925925924
0.2571428571428571
0.16666666666666666
0.20512820512820512
0.19230769230769232
0.125
0.19230769230769232
0.28
0.1875
0.12903225806451613
0.16216216216216217
0.1111111111111111
0.15789473684210525
0.125
0.17857142857142858
0.18518518518518517
0.1875
0.15151515151515152
0.23529411764705882
0.02857142857142857
0.1935483870967742
0.2608695652173913
0.23333333333333334
0.14285714285714285
0.09375
0.17647058823529413
0.375
0.27586206896551724
0.15789473684210525
0.2608695652173913
0.2
0.04
0.18421052631578946
0.23333333333333334
0.25
0.12121212121212122
0.16216216216216217
0.1935483870967742
0.08571428571428572
0.25
0.1724137931034483
0.18421052631578946
0.12121212121212122
0.25
0.22580645161290322
0.2
0.075
0.4375
0.15151515151515152
0.17857142857142858
0.2
0.18518518518518517
0.32
0.2727272727272727
0.22727272727272727
0.17647058823529413
0.24242424242424243
0.08823529411764706
0.18518518518518517
0.16216216216216217
0.06060606060606061
0.20588235294117646
0.30434782608695654
0.16666666666666666
0.16216216216216217
0.3333333333333333
0.23684210526315788
0.20689655172413793
0.26666666666666666
0.23529411764705882
0.28125
0.17142857142857143
0.2727272727272727
0.2777777777777778
0.22580645161290322
0.16666666666666666
0.2
0.2
0.13333333333333333
0.2727272727272727
0.2
0.1724137931034483
0.25925925925925924
0.14705882352941177
0.2413793103448276
0.09090909090909091
0.1891891891891892
0.17142857142857143
0.19230769230769232
0.23076923076923078
0.24
0.1724137931034483
0.14705882352941177
0.21428571428571427
0.26666666666666666
0.20833333333333334
0.17647058823529413
0.18518518518518517
0.1724137931034483
0.12195121951219512
0.35294117647058826
0.15625
0.3333333333333333
0.10714285714285714
0.20588235294117646
0.2647058823529412
0.11764705882352941
0.13636363636363635
0.35
0.29411764705882354
0.0967741935483871
0.12
