0.16129032258064516
0.16393442622950818
0.16393442622950818
0.10344827586206898
0.30769230769230765
0.208955223880597
0.14814814814814814
0.13559322033898305
0.2580645161290323
0.16393442622950818
0.12
0.29032258064516125
0.19672131147540983
0.13114754098360656
0.21621621621621623
0.20289855072463772
0.17857142857142855
0.15873015873015872
0.25
0.22950819672131148
0.11320754716981132
0.31884057971014496
0.17647058823529413
0.23333333333333334
0.28070175438596495
0.16949152542372883
0.23728813559322037
0.1090909090909091
0.3
0.22580645161290322
0.22580645161290322
0.1379310344827586
0.16393442622950818
0.2413793103448276
0.28571428571428575
0.15384615384615383
0.13559322033898305
0.20338983050847456
0.14545454545454545
0.15873015873015872
0.23333333333333334
0.15094339622641512
0.45901639344262296
0.16129032258064516
0.17241379310344826
0.16393442622950818
0.417910447761194
0.20338983050847456
0.16393442622950818
0.18867924528301885
0.25
0.17543859649122806
0.2456140350877193
0.253968253968254
0.2727272727272727
0.3050847457627119
0.14814814814814814
0.10526315789473685
0.25
0.23333333333333334
0.14545454545454545
0.06451612903225808
0.303030303030303
0.2456140350877193
0.1851851851851852
0.3125
0.17391304347826086
0.1212121212121212
0.2580645161290323
0.20689655172413796
0.23333333333333334
0.22580645161290322
0.2153846153846154
0.22950819672131148
0.2571428571428572
0.1379310344827586
0.21428571428571427
0.17543859649122806
0.19672131147540983
0.09523809523809525
0.13114754098360656
0.24615384615384614
0.253968253968254
0.2580645161290323
0.23728813559322037
0.3492063492063492
0.18867924528301885
0.1904761904761905
0.21428571428571427
0.25
0.16666666666666666
0.13559322033898305
0.2105263157894737
0.15094339622641512
0.20689655172413796
0.253968253968254
0.14925373134328357
0.22950819672131148
0.26415094339622636
0.11111111111111112
0.28571428571428564
0.2105263157894737
0.22950819672131148
0.16666666666666666
0.17543859649122806
0.253968253968254
0.3448275862068965
0.18867924528301885
0.07692307692307691
0.14814814814814814
0.10526315789473685
0.29508196721311475
0.10526315789473685
0.21874999999999997
0.20689655172413796
0.2424242424242424
0.1212121212121212
0.21428571428571427
0.17241379310344826
0.14285714285714288
0.3050847457627119
0.16666666666666666
0.14545454545454545
0.23333333333333334
0.23728813559322037
0.15384615384615383
0.10344827586206898
0.11111111111111112
0.20338983050847456
0.19672131147540983
0.22641509433962265
0.3508771929824561
0.3137254901960784
0.06557377049180328
0.14035087719298248
0.15789473684210528
0.17647058823529413
0.22950819672131148
0.31746031746031744
0.16393442622950818
0.19354838709677422
0.1818181818181818
0.1851851851851852
0.30188679245283023
0.20289855072463772
0.1818181818181818
0.2909090909090909
0.1379310344827586
0.2580645161290323
0.09677419354838711
0.14545454545454545
0.23529411764705882
0.31746031746031744
0.23333333333333334
0.10169491525423728
0.2181818181818182
0.30769230769230765
0.18750000000000003
0.14545454545454545
0.1904761904761905
0.14285714285714288
0.1515151515151515
0.2318840579710145
0.20000000000000004
0.31746031746031744
0.22222222222222224
0.23333333333333334
0.16129032258064516
0.1851851851851852
0.12903225806451615
0.2727272727272727
0.23728813559322037
0.09836065573770492
0.07692307692307691
0.18867924528301885
0.0634920634920635
0.23333333333333334
0.23333333333333334
0.07272727272727272
0.21212121212121213
0.32142857142857145
0.14814814814814814
0.20338983050847456
0.03846153846153846
0.15384615384615383
0.23728813559322037
0.21874999999999997
0.1971830985915493
0.07547169811320756
0.10000000000000002
0.20338983050847456
0.19672131147540983
0.3125
0.3225806451612903
0.24615384615384614
0.11111111111111112
0.16666666666666666
0.07017543859649124
0.16393442622950818
0.1568627450980392
0.29850746268656714
0.28070175438596495
0.1818181818181818
0.19672131147540983
0.07272727272727272
0.18461538461538463
0.17241379310344826
0.1818181818181818
0.11594202898550725
0.23728813559322037
0.2040816326530612
0.17647058823529413
0.15094339622641512
0.14705882352941177
0.20338983050847456
0.13559322033898305
0.0784313725490196
0.11320754716981132
0.3793103448275862
0.20289855072463772
0.30769230769230765
0.2413793103448276
0.20000000000000004
0.2727272727272727
0.17241379310344826
0.12307692307692307
0.29508196721311475
0.22222222222222224
0.1568627450980392
0.2181818181818182
0.20689655172413796
0.2769230769230769
0.2647058823529412
0.2318840579710145
0.10169491525423728
0.15384615384615383
0.24
0.36666666666666664
0.18750000000000003
0.0634920634920635
0.23529411764705882
0.2692307692307693
0.15384615384615383
0.20588235294117646
0.22222222222222224
0.2424242424242424
0.303030303030303
0.2727272727272727
0.18750000000000003
0.2413793103448276
0.16666666666666666
0.17241379310344826
0.26415094339622636
0.208955223880597
0.28125
0.19672131147540983
0.32786885245901637
0.061538461538461535
0.12
0.20689655172413796
0.11764705882352941
0.20338983050847456
0.25
0.15873015873015872
0.23728813559322037
0.18461538461538463
0.17142857142857143
0.3
0.21428571428571427
0.28125
0.16666666666666666
0.19672131147540983
0.21874999999999997
0.11111111111111112
0.14035087719298248
0.16666666666666666
0.1818181818181818
0.10169491525423728
0.125
0.07017543859649124
0.24615384615384614
0.07692307692307691
0.15873015873015872
0.10714285714285714
0.22950819672131148
0.2285714285714286
0.17241379310344826
0.10714285714285714
0.16393442622950818
0.29850746268656714
0.2105263157894737
0.11111111111111112
0.3
0.15625
0.20689655172413796
0.2909090909090909
0.15873015873015872
0.19672131147540983
0.21428571428571427
0.07017543859649124
0.12307692307692307
0.13114754098360656
0.16666666666666666
0.18750000000000003
0.15873015873015872
0.1904761904761905
0.18461538461538463
0.12307692307692307
0.20588235294117646
0.24615384615384614
0.1818181818181818
0.17543859649122806
0.1818181818181818
0.2758620689655172
0.17647058823529413
0.16129032258064516
0.22950819672131148
0.2
0.15625
0.29032258064516125
0.23880597014925373
0.1851851851851852
0.2580645161290323
0.17241379310344826
0.2105263157894737
0.10526315789473685
0.1090909090909091
0.16666666666666666
0.20338983050847456
0.19354838709677422
0.25
0.17543859649122806
0.16666666666666666
0.2769230769230769
0.15384615384615383
0.13559322033898305
0.1515151515151515
0.16393442622950818
0.2592592592592593
0.2424242424242424
0.22950819672131148
0.4
0.0784313725490196
0.126984126984127
0.0689655172413793
0.19354838709677422
0.31884057971014496
0.16949152542372883
0.3333333333333333
0.03508771929824562
0.07547169811320756
0.2153846153846154
0.3492063492063492
0.15873015873015872
0.126984126984127
0.10714285714285714
0.16949152542372883
0.17543859649122806
0.2181818181818182
0.14035087719298248
0.2318840579710145
0.09230769230769231
0.14545454545454545
0.07407407407407407
0.22580645161290322
0.2413793103448276
0.23728813559322037
0.09677419354838711
0.23728813559322037
0.3333333333333333
0.2580645161290323
0.2413793103448276
0.23880597014925373
0.17543859649122806
0.28571428571428575
0.17241379310344826
0.23333333333333334
0.19672131147540983
0.3225806451612903
0.126984126984127
0.19354838709677422
0.10344827586206898
0.2711864406779661
0.15384615384615383
0.1090909090909091
0.20689655172413796
0.12903225806451615
0.13559322033898305
0.17241379310344826
0.23076923076923075
0.28571428571428564
0.11940298507462686
0.3225806451612903
0.2105263157894737
0.2105263157894737
0.2571428571428572
0.1851851851851852
0.2105263157894737
0.13559322033898305
0.23076923076923075
0.20289855072463772
0.28571428571428564
0.29032258064516125
0.2769230769230769
0.2105263157894737
0.22222222222222224
0.1904761904761905
0.2592592592592593
0.3582089552238806
0.11320754716981132
0.0689655172413793
0.22580645161290322
0.2909090909090909
0.3125
0.20338983050847456
0.2413793103448276
0.28070175438596495
0.10344827586206898
0.1851851851851852
0.17647058823529413
0.1090909090909091
0.1379310344827586
0.21428571428571427
0.1090909090909091
0.1568627450980392
0.20338983050847456
0.20000000000000004
0.1379310344827586
0.2153846153846154
0.20588235294117646
0.17543859649122806
0.1818181818181818
0.16393442622950818
0.22222222222222224
0.2105263157894737
0.16949152542372883
0.19354838709677422
0.2424242424242424
0.2962962962962963
0.14545454545454545
0.23333333333333334
0.13114754098360656
0.1818181818181818
0.3333333333333333
0.17647058823529413
0.2580645161290323
0.22580645161290322
0.15384615384615383
0.26666666666666666
0.1379310344827586
0.19354838709677422
0.3571428571428571
0.26666666666666666
0.126984126984127
0.0816326530612245
0.35294117647058826
0.19672131147540983
0.20000000000000004
0.1818181818181818
0.1379310344827586
0.19672131147540983
0.19354838709677422
0.22222222222222224
0.26666666666666666
0.15873015873015872
0.10344827586206898
0.21428571428571427
0.14285714285714288
0.2153846153846154
0.26229508196721313
0.24615384615384614
0.07142857142857144
0.2592592592592593
0.35294117647058826
0.07017543859649124
0.1851851851851852
0.163265306122449
0.21621621621621623
0.10344827586206898
0.16666666666666666
0.18867924528301885
0.1904761904761905
0.23728813559322037
0.22950819672131148
0.16393442622950818
0.25
0.20689655172413796
0.3125
0.0689655172413793
0.09677419354838711
0.24615384615384614
0.26229508196721313
0.1379310344827586
0.1904761904761905
0.25
0.23529411764705882
0.07547169811320756
0.1818181818181818
0.1818181818181818
0.14035087719298248
