0.3379106129139936
0.4830189731227943
0.48886353886353884
0.427410119460491
0.5259043711836724
0.5074088593211432
0.4094746293983845
0.4593403287240822
0.3118113607165677
0.3149753266728756
0.3734317933015482
0.3956051152418797
0.36903550189949613
0.3959737975273938
0.3976968357766929
0.4053632873220239
0.3613400664380948
0.49638647702004335
0.40113130022952426
0.377767540211723
0.3919651600806087
0.4935207472695728
0.49551282051282053
0.4893919248480397
0.45656854422388804
0.28548664018251946
0.32953077741552
0.5289753674549652
0.551416426417858
0.5198983764773238
0.45233533523034003
0.368827756942511
0.39683628855193154
0.5629426399426399
0.482379864811686
0.41795113987332155
0.5157215283359797
0.5160585121798461
0.36468930676851996
0.40462685299356244
0.32016181763737317
0.5243952240984113
0.4727746015967157
0.5734216109025269
0.35838646320666867
0.4906673813897756
0.3671832510782549
0.5791017688507833
0.2973202726981457
0.5084360653991764
0.45355309964456814
0.43123421023421027
0.4696682484031108
0.40872769494056627
0.48945759165266467
0.506081885091173
0.48679452611201846
0.5167346747738905
0.3705037077707266
0.40363012875161214
0.3061835952060459
0.3603967247109761
0.5655700358754161
0.47447720957805534
0.4473178784038037
0.4856427807871355
0.42773213747236505
0.5161016130512429
0.30385687885687884
0.2530983528462
0.5478342937738925
0.49496232851602234
0.4251648913805003
0.5821176042179699
0.5698697115085842
0.5520568703943654
0.37768799694325095
0.5092139711877213
0.33150243122435574
0.44785757161130535
0.3318783612403054
0.4738538113167758
0.40117423999074386
0.32566093174185723
0.29600443495918727
0.45061822569997806
0.3620791702220484
0.42924702058504877
0.3360807661822496
0.41280499914398217
0.49044274830180423
0.40480059588269635
0.47048079831810136
0.458547966195025
0.3411802667739451
0.4292380472345328
0.511179057022765
0.47221982663588846
0.4373706087309186
0.5386349683591167
0.503125
0.49149188107872227
0.47981403690768293
0.3189381202068607
0.5271644996213917
0.4910755879344725
0.7139979254224638
0.40148709933398674
0.500072245421643
0.5619802305043269
0.3675891016326237
0.46792993175640474
0.3721211455349296
0.4318653568653569
0.540541430443898
0.48140739907320446
0.4300921080783781
0.4572752827853547
0.46908575184190743
0.44589893475774334
0.44348220962804663
0.3628260876295518
0.6838674140889479
0.5618440669078021
0.4802562830578897
0.3652780964195044
0.49837520677591307
0.4289877321209552
0.5383678779567558
0.49284462201062035
0.5130729171928073
0.34505534800055354
0.31234170270007017
0.5245404278648018
0.3370439694027715
0.5726606558471916
0.5810744076817947
0.40219848991588125
0.39372113997113994
0.4286235912779279
0.35025259694513483
0.41541866045156794
0.5489176933482316
0.47501747590106635
0.5332915456188386
0.43689624198842814
0.46758449907863
0.454048139979222
0.422909869909434
0.498813126808339
0.38196018549863925
0.47653839630583816
0.39788859899982937
0.4288833278824738
0.418673154331049
0.5161490496581774
0.37328214860823555
0.3665563658189197
0.4396095830762585
0.4106835382035944
0.3987291161738918
0.40413681534465445
0.3747779711455896
0.4162138938374945
0.3685761620793736
0.3559129971768049
0.5829944759355482
0.3817421792363245
0.5270791179141667
0.35381436929624116
0.5108315825861465
0.37007156026973825
0.3589023425965008
0.53330644765071
0.3817939003859112
0.4287250412985707
0.6351004106240095
0.3833509003074221
0.44699340280797295
0.34675586950270465
0.5772269529302778
0.5280634773583788
0.4310394367762097
0.2873267240068809
0.48466903939244366
0.36493225425928827
0.324812838149633
0.589392410072188
0.5319404368956799
0.41739904338253814
0.4391327567131713
0.4535874939243951
0.4259585657433454
0.3390038421312813
0.33083571014179414
0.4825379585709847
0.40347762860007547
0.4474340465679806
0.31996965764975616
0.4327048818815068
0.35138484916835433
0.35428602121294683
0.41163857889651384
0.5402200981715791
0.3724337342221485
0.29911972302586226
0.4605543217132748
0.4450400206417476
0.357955282496589
0.44628299444842073
0.5227337799555302
0.48320508009362495
0.38819614114369994
0.4220120526770643
0.3922880438712716
0.4669045802834001
0.49281512348184425
0.42745376057876056
0.3962881320709043
0.6210700380838844
0.5433266964019888
0.3962416176837429
0.5333997201628781
0.41130057256605723
0.546644678918504
0.4932829527619922
0.4523078372755427
0.42501118955512585
0.5242502717771534
0.46732398689282934
0.39648754979044204
0.4173532865911784
0.5135957652257731
0.37852134994529546
0.3517449592556474
0.5355230958653427
0.37308776100624563
0.40437049669821545
0.5433372334786779
0.6787397523111809
0.5246665855577455
0.38637588797560796
0.5510101935101934
0.43358764467333377
0.5425500766915539
0.4108024054621182
0.5190315680617359
0.4496957339275911
0.46914541993141
0.37492146783164726
0.36848928826248195
0.32764451530681005
0.4040493928706973
0.3854565625533367
0.30117866878730665
0.530515604875031
0.46564322372408057
0.43229280608510223
0.42792759610184566
0.5371636042197785
0.36081789125906777
0.5238190119065336
0.5056489274752943
0.37894611678911855
0.5071113200222631
0.3953999690013921
0.5111724624578748
0.47409092818152354
0.3587696845083819
0.39646858125731366
0.4606786155221126
0.4096155365490455
0.5279716117216117
0.3947045838671454
0.3890807293430353
0.4596808871353051
0.362393702947362
0.4868784647548395
0.47518759252743126
0.3790240258533984
0.5073887549061333
0.5508173131238616
0.3473538626084406
0.4891660308218098
0.3924075721559923
0.4360346966531578
0.41633440837494573
0.4100941983705889
0.5219552234258117
0.533097748372124
0.5261557165596933
0.47742716177665734
0.4746972364215788
0.5995025352315992
0.4764334330942943
0.3792744368056318
0.4525982985786907
0.4141788350742169
0.5642545695409608
0.33394448027422347
0.3596151973905523
0.3871447687040656
0.54369642264473
0.37658422299498273
0.5358135279236049
0.5346363748118135
0.4445185703911194
0.45863541208930336
0.38862816921640453
0.4083302491618381
0.45216213474676015
0.4550749774765246
0.43137759358530675
0.4478619078227177
0.2984102873253866
0.3824280429963305
0.5462933339744934
0.35866912700283715
0.36644900152810905
0.4014720196089334
0.4216221370409583
0.5081661947008482
0.4141229164391756
0.46242712777290607
0.3628264432312027
0.5078378344467863
0.5055817016581415
0.5297011859078079
0.45580310724745843
0.3888387635756057
0.5065389288384572
0.4283542531754606
0.6145227561894229
0.3521403041403042
0.37480251576703283
0.3416803018626353
0.44135112809161314
0.4783760743389867
0.49338409007013656
0.41732603924160544
0.36449227562256986
0.5168539855218935
0.47297599226170656
0.4905275010547849
0.4872494897370271
0.3409199598113166
0.3354674450189252
0.5292323460982205
0.5172479443131617
0.5017553617553617
0.46507128824201993
0.4569442666501489
0.5989524253317358
0.408801385163244
0.40997352763197165
0.5365759483126178
0.40794333176049835
0.3707952338699947
0.3824508278606639
0.44234517633483494
0.44833177555264675
0.43464151580100696
0.37298358207449117
0.2961675034318935
0.41324785487298055
0.45085517350431825
0.6046980610621849
0.3424674382961012
0.4684345127123365
0.4324582143505169
0.5412938627306543
0.5333848039911224
0.580202738624271
0.35200165194282845
0.34887812928869394
0.5175067676511467
0.5190942299296871
0.5535320870984801
0.3835881278765193
0.3793518972904938
0.3273187105558484
0.4375937293078194
0.5155787027479198
0.3719509307099374
0.32722217946540366
0.5093208379400479
0.5224697783653909
0.27847268004170755
0.4707544287011546
0.46593399483782294
0.4919047518801213
0.33842502526713053
0.44453200629596074
0.43583136723765836
0.5627633187498692
0.38112990045454287
0.4437003969455989
0.4794881959399529
0.48433591885010097
0.4330342875804396
0.5149167183478953
0.47763226052699737
0.3876987966308083
0.45386973965526484
0.395893872870617
0.4185382109397592
0.515610140183513
0.5106962415952427
0.48520832694482996
0.31383354258525076
0.38506322776139845
0.3217908565067391
0.3767055222480557
0.5049689739121206
0.3359755216546262
0.5876490340157889
0.3890050812192206
0.5090535490646488
0.2708206314878056
0.47994740844375927
0.3535645124607433
0.47978060572888165
0.4551400298725616
0.4521874266611109
0.4847755319449982
0.3573025709319052
0.53345670581111
0.3891587305096029
0.2919755949695735
0.541648464595833
0.44310761407637533
0.5539062698376425
0.575108258251692
0.540730086948951
0.4279495527013677
0.5254580011012502
0.5101225197097827
0.3490315398040079
0.435398196039469
0.555282559411416
0.5062474655698718
0.4891347281082292
0.3614695703881495
0.5238695067881765
0.5112289969054744
0.5168391076971988
0.5912059291596496
0.5201467253568094
0.5715967990030959
0.4631377225840936
0.5242104793756968
0.34315584921806225
0.37467577813992275
0.48451620949555585
0.3332949341646303
0.502188123289071
0.4446566085195412
0.5052759984056385
0.45260124744351526
0.5454296339370966
0.2616648356346778
0.48484198833139613
0.46787367163428284
0.38857112563953994
0.5299750421679955
0.30294693922349114
0.3914961576251899
0.4685517778519807
0.35715911440093745
0.5229804129853683
0.3861502874205774
0.4064174610758462
0.45401252813480125
0.5191165499739103
0.5942137320044297
0.36870603797074386
0.38314521415812497
0.5594200713390218
0.45027195173111273
0.33430674253094184
0.5030765909552682
0.38595789819423376
0.4639746954707584
0.5689525670165538
0.5963580743754119
0.39642946910135196
0.32976300079776305
0.40839822372330115
0.40256607478415324
0.38260060624079484
0.5065822427891393
0.5855475151861854
0.4829474973275414
0.4750563472510853
0.40310570675874147
0.47539673510609864
0.4544033944573071
0.4080723791149425
0.30667533880118764
0.35880777983684503
