0.5638772199349923
0.46321407416433535
0.46610425756470386
0.5405540951243835
0.511698293668376
0.5326710457681236
0.5962533801859644
0.4014867375601718
0.5302752716155138
0.4135396825396826
0.4701859513297871
0.4173427236480334
0.49607927403980034
0.42320003003383155
0.4706906546261385
0.4366959479552268
0.49354841617362144
0.36707034129251176
0.5228584487408017
0.5208376840231654
0.473072819363142
0.4958090405728671
0.5054488793000119
0.5017973614904562
0.4371212196099752
0.5647933410874784
0.4093690505334341
0.5860912706965338
0.4099872070040137
0.41882843456503005
0.3643645027530694
0.4683174664958346
0.5486749207582541
0.5196582774399799
0.4896450147911601
0.4650580036340415
0.5823262048293337
0.44051640847834206
0.46357671521360366
0.5005415543062601
0.5396013887102996
0.4065895142582449
0.5558774144958356
0.4344352274911938
0.4762642704856486
0.5012267809850086
0.5056449313612343
0.4200684245118499
0.4762151827463379
0.5471715455731899
0.5406193887811535
0.49723313622770143
0.5358776720237166
0.5280470688836701
0.4279872087577567
0.3970076091134175
0.5023837326195817
0.543809829059829
0.46818168005658434
0.6472091130874572
0.5021520150986789
0.4405283460185421
0.4314009771904509
0.4425542169813008
0.49976611791659065
0.4912259805681033
0.4817651644357255
0.4600006196848302
0.46132733482054217
0.48723524020034203
0.3835761938121285
0.45839585351784784
0.40562424497356603
0.5410452039401619
0.47525755555969096
0.5989855072463768
0.4905144071381585
0.5561241481056451
0.5254986671173856
0.5202650807797866
0.4799496994233836
0.46029533957632196
0.47572512682105617
0.42530634196375966
0.507225763693155
0.37424840989329283
0.5578629127987098
0.4097464585405549
0.469486354173071
0.4762330031080031
0.5293588633616741
0.4743771941479016
0.42550445850445845
0.49509353725908045
0.46683985485627383
0.49282543303846693
0.5293646532846111
0.5355410300954387
0.5146684568564268
0.45237168402562045
0.39511765116603825
0.49583659894335064
0.4984773493372695
0.47710251586127683
0.4346318808949471
0.4801944787238904
0.4517733002291825
0.5643478985998955
0.4338549486816813
0.4969583056280492
0.501909137774877
0.41741825523404474
0.4097504672512416
0.5331238147236163
0.43202688235429637
0.41776837802827904
0.5807307253385685
0.47467250464411526
0.5248632853793076
0.4505875629379146
0.5002874548619229
0.5076212228149614
0.5353669271502418
0.5520350564468212
0.45847556357901115
0.46512254994408053
0.5397455955757029
0.5241681004181004
0.47062876530309483
0.4987803922040375
0.49659099350580244
0.4910953051615314
0.42465382981879846
0.4103825903825904
0.4900331681146622
0.4171931688941035
0.5037104616141127
0.49647171667119255
0.4221989156894817
0.41696013389597253
0.5533001786573215
0.6003384478617125
0.43379286808275735
0.4832324564486
0.50200953516743
0.5414069264069264
0.44985007840506563
0.492638244875087
0.428214657681948
0.42818989468243207
0.47384953345612135
0.506136375853357
0.3872310677338673
0.4284431611344509
0.5131729949663081
0.4021978695836223
0.4662973481682662
0.43455891890423337
0.4471333442386074
0.5970527371089169
0.4379808637984389
0.5240359309096786
0.4700459016489884
0.43147284878863823
0.5329460571256028
0.5165036417843751
0.4573772260812221
0.49676941507558936
0.368864242549823
0.43331466635368165
0.5278493648777567
0.36353362125121746
0.5538503242263234
0.5072549442190007
0.48988531332152774
0.5100981308862049
0.5359004784109974
0.3695882972835065
0.4755071361660012
0.4784690145303956
0.5510026444418986
0.4809677286537752
0.5607136460305474
0.4170165685294748
0.4319422896091283
0.501063326208675
0.5243309237468529
0.5163354427270438
0.4029368985767673
0.5650642420981404
0.5127373786060886
0.460767427017427
0.5409187337269529
0.39369281045751636
0.4206456688520612
0.43592160611656583
0.4400795085818451
0.6187597361525254
0.4440533857926214
0.33869762627186134
0.5656262422849802
0.4708963443963444
0.45896055833283905
0.5068191592162387
0.5113587387345586
0.5566284271284271
0.44825212055663427
0.5413602197327593
0.4292079812376842
0.45475226195814433
0.5041423581969885
0.43758629799902726
0.39600142287364315
0.4849425025696212
0.4180631507563004
0.4875454317458947
0.46969023207418775
0.5724089084038869
0.43099376529787603
0.4145232031692134
0.5258511576151496
0.4308675499425025
0.4418933221061704
0.6042043432937216
0.49018431519307615
0.49245191440707614
0.5430390282644821
0.5031332212970744
0.5174142395394946
0.4683068299817359
0.45666068283325245
0.3790225457345583
0.530768736565838
0.5748093176664605
0.4535337995337996
0.5811535062107144
0.5400373043873126
0.47381758970621296
0.4185857630680325
0.4587853130880511
0.5493780123385387
0.40403950121700377
0.34457812819273265
0.42061423761423766
0.44057450198754544
0.5223520805194263
0.38084686591746925
0.43966641266769146
0.5043049013941509
0.4607485544264633
0.5501506132756133
0.5129987248405296
0.49121532062708534
0.4969027356788268
0.5010511294261294
0.5061415248656342
0.5242294773819796
0.5410891708572868
0.5167068023227444
0.36301662850786726
0.5511721454949219
0.589404572036151
0.5115622391308173
0.47787386280389293
0.4869948678772209
0.5784202924802891
0.47007845757845756
0.40528109538418816
0.5639246628886091
0.5375084307227165
0.45618585964872244
0.5317493136230459
0.6104752019484887
0.43586995873517825
0.45675664329173105
0.43040570273243545
0.5489248714248715
0.5212455528672446
0.4499442604156336
0.6223185833539935
0.4446467054663858
0.43137866988617923
0.44814301143248514
0.5483032185206098
0.4025673701610733
0.41931483005200537
0.5225535214676055
0.46465429169505124
0.3885532711328621
0.4526164666699743
0.6241607220596582
0.47553400664917084
0.35828911622003723
0.43523549435314146
0.6110553736653501
0.4970018363443607
0.5273837206333079
0.4094936601599887
0.4571004921004921
0.46770844895844893
0.47217142996350925
0.47155729117803424
0.4151181121600711
0.5250473161602746
0.5261421911421911
0.4118092032520445
0.4962511311663854
0.426541633687703
0.45973770287704613
0.4228138128798071
0.427941565515095
0.5173677763536253
0.38255150263143717
0.4722826575723433
0.5257480552531766
0.5091068951342924
0.4948261963354843
0.3781771671631616
0.34891736880097957
0.4845898893089642
0.5073933073965536
0.427451955397291
0.35320917981940825
0.4937721299011622
0.4993059732193858
0.4495654885654885
0.5427515164213073
0.42291937220545867
0.4227703927239277
0.45690282144196337
0.4702079888898518
0.46191900585201606
0.44611932147552896
0.47628601098198453
0.4556772333811663
0.45465168092009656
0.39795809924842185
0.5121059408779113
0.5152015061051758
0.47067977722948484
0.5365089421802978
0.5403774621030166
0.47513347763347763
0.4367143740256948
0.5162558505036381
0.483616222309015
0.5307927207473798
0.5199012186559641
0.49064644805665236
0.46745398050797016
0.5012560595842329
0.39033768520328027
0.5576130534298851
0.4793156247015679
0.43841806722643356
0.4526653601653602
0.5293139953139953
0.4689976073079911
0.43319411525293877
0.5159962556286086
0.5139137658030661
0.4732873784618636
0.5812725006475006
0.44242807553595187
0.458799188480951
0.48471124392177023
0.422662871600253
0.4962216861776721
0.4011108653987911
0.464551635682963
0.47663189199853184
0.47098187093291133
0.44984151716282084
0.5024104673253553
0.46612831799386417
0.49048908730158736
0.5862617046818728
0.38726715483861507
0.5889913468174337
0.5305181037700635
0.4586801618702454
0.36786192631876513
0.42867358520335513
0.42637344540742106
0.3619933190246654
0.6027263592442222
0.5372388632872505
0.5038406920339227
0.45382845586370185
0.3872549773978345
0.5671490544796851
0.49200542329691677
0.48633626767970783
0.4675778215703589
0.4639855012978078
0.45421546981387406
0.5036727578500874
0.5114215246726495
0.4946484104015864
0.45467154037820834
0.44159868471237196
0.4276229219980075
0.44123144210792326
0.549071173794004
0.4057776423573686
0.4775540373759478
0.40702575594734475
0.5018569503127225
0.46998403575989783
0.45333615313878467
0.4420681510518172
0.4250181064499342
0.43528031649318777
0.5186059893349682
0.5302154447806622
0.5012451149838307
0.48451729479445316
0.4178784489343283
0.47084679281208097
0.4351160818995154
0.43568967680267323
0.39528715910442613
0.4251388704722038
0.46720779403022394
0.557829179469671
0.47445033883821075
0.4572991077460167
0.5441984265296669
0.4886040918343622
0.5033176078930236
0.5371230158730158
0.437394164541265
0.4206899898116465
0.49191738341400754
0.450428409538442
0.4428938235233385
0.5430394163963381
0.3532320697007964
0.40551828244344934
0.3829921693130838
0.47637730637159104
0.5091674265688628
0.3985684554536444
0.5373469825193963
0.5224019961519962
0.36908919271238105
0.510727481063978
0.5077738248421712
0.4457104829893941
0.45137938464510474
0.48353643310241845
0.41522920555016446
0.41568844516556935
0.4482382911073072
0.47135762327652675
0.5165808367651922
0.6185713841245306
0.5680395433027011
0.35322444426994015
0.42512645204765365
0.467523179777791
0.51442297380168
0.4719750860174936
0.4524220336670417
0.4509681286982046
0.49834366890970666
0.554385124612021
0.45045095976953864
0.5255478402326628
0.6070178636415576
0.452608848467707
0.4941299587352219
0.5203111732623198
0.4753205135412474
0.4315716762342869
0.40967246153315395
0.44412830230673617
0.46630427257275214
0.44363196221436907
0.498109286219378
0.5344627956244072
0.4729845783412693
0.36390727282884144
0.44742142544532215
0.41514508859313815
0.4418683048050132
0.3777600024810843
0.4134148418631177
0.45303460326038936
0.45690637046012367
0.3830772784061298
0.4806238634445645
0.5164928822650314
0.5598824275140064
0.405695601169915
0.5890607282986668
0.5005782741231548
0.3920034059507744
0.43938206528265944
0.4392508560307511
