0.19111111111111112
0.23750000000000002
0.2177777777777778
0.19384615384615386
0.2061538461538462
0.19757575757575757
0.19053763440860216
0.19757575757575757
0.20666666666666667
0.20454545454545456
0.2285714285714286
0.21333333333333337
0.19111111111111112
0.2028282828282828
0.19750000000000004
0.19250000000000003
0.19540229885057472
0.1930434782608696
0.1930434782608696
0.19191919191919193
0.20833333333333334
0.19753086419753088
0.21499999999999997
0.19308641975308644
0.19871794871794873
0.1904761904761905
0.2311111111111111
0.19071428571428573
0.20777777777777778
0.21615384615384614
0.24888888888888888
0.1965217391304348
0.19250000000000003
0.20000000000000004
0.26111111111111107
0.20941176470588238
0.195
0.19873015873015873
0.19873015873015873
0.20137254901960783
0.19444444444444448
0.1911764705882353
0.21454545454545457
0.19870967741935486
0.20137931034482762
0.19753086419753088
0.26153846153846155
0.19354838709677422
0.1965217391304348
0.1963636363636364
0.20634920634920637
0.22138888888888889
0.23310344827586205
0.19747747747747746
0.19270833333333334
0.2218181818181818
0.21499999999999997
0.20454545454545456
0.19153846153846155
0.20432432432432435
0.19000000000000003
0.21166666666666667
0.19354838709677422
0.19750000000000004
0.19444444444444448
0.20137254901960783
0.19750000000000004
0.18901960784313726
0.1911764705882353
0.21382716049382716
0.19
0.19746031746031747
0.1891891891891892
0.2096551724137931
0.19333333333333336
0.22999999999999998
0.19053763440860216
0.21382716049382716
0.1894949494949495
0.20000000000000004
0.19354838709677422
0.20432432432432435
0.20777777777777778
0.20800000000000002
0.1903448275862069
0.21666666666666667
0.19753086419753088
0.19999999999999998
0.20437499999999997
0.19444444444444448
0.20140350877192983
0.19871794871794873
0.2096551724137931
0.2013888888888889
0.19308641975308644
0.2096551724137931
0.1965217391304348
0.19508771929824564
0.19238095238095237
0.18857142857142858
0.24888888888888888
0.19444444444444448
0.20437499999999997
0.2177777777777778
0.21269841269841272
0.21548387096774196
0.1963636363636364
0.1965217391304348
0.20280701754385966
0.20444444444444448
0.19126436781609196
0.2028571428571429
0.24
0.19000000000000003
0.19555555555555557
0.19308641975308644
0.23750000000000002
0.21615384615384614
0.19873015873015873
0.20000000000000004
0.20602150537634406
0.19870967741935486
0.18901960784313726
0.20000000000000004
0.2177777777777778
0.2013888888888889
0.20280701754385966
0.1917241379310345
0.20602150537634406
0.19873015873015873
0.20800000000000002
0.19642857142857145
0.19753086419753088
0.19363636363636366
0.21333333333333337
0.19871794871794873
0.19873015873015873
0.2028571428571429
0.1917241379310345
0.1904761904761905
0.21000000000000002
0.21499999999999997
0.19871794871794873
0.20800000000000002
0.19555555555555557
0.1963636363636364
0.19757575757575757
0.2096551724137931
0.19444444444444448
0.21000000000000002
0.224375
0.19444444444444448
0.20280701754385966
0.22000000000000003
0.20000000000000004
0.19246376811594204
0.2028571428571429
0.2028571428571429
0.21166666666666667
0.20137254901960783
0.19354838709677422
0.2202298850574713
0.21333333333333337
0.1965217391304348
0.224375
0.1917948717948718
0.19753086419753088
0.18901960784313726
0.19870967741935486
0.2075
0.2218181818181818
0.2013675213675214
0.22567901234567905
0.19750000000000004
0.19540229885057472
0.2121739130434783
0.20444444444444448
0.2202298850574713
0.23642857142857143
0.26558558558558565
0.2177777777777778
0.20592592592592596
0.24086021505376345
0.1987037037037037
0.22567901234567905
0.19461538461538463
0.21382716049382716
0.1917241379310345
0.20280701754385966
0.20602150537634406
0.1917241379310345
0.19191919191919193
0.19753086419753088
0.19333333333333336
0.20634920634920637
0.19466666666666668
0.21714285714285714
0.19071428571428573
0.22709677419354837
0.2028282828282828
0.19750000000000004
0.2226984126984127
0.22567901234567905
0.20432432432432435
0.2914285714285714
0.20137254901960783
0.23200000000000004
0.19384615384615386
0.22342342342342345
0.19053763440860216
0.22709677419354837
0.19529411764705887
0.26857142857142857
0.20137931034482762
0.2061538461538462
0.2573913043478261
0.20761904761904765
0.20437499999999997
0.20602150537634406
0.1963157894736842
0.1917241379310345
0.1965217391304348
0.21499999999999997
0.22138888888888889
0.21615384615384614
0.19111111111111112
0.22709677419354837
0.23200000000000004
0.21382716049382716
0.19308641975308644
0.19191919191919193
0.2061538461538462
0.19238095238095237
0.18810810810810813
0.1903448275862069
0.20444444444444448
0.18937500000000002
0.1917241379310345
0.19191919191919193
0.20602150537634406
0.20602150537634406
0.19250000000000003
0.20137931034482762
0.21382716049382716
0.20437499999999997
0.19354838709677422
0.2028282828282828
0.24307692307692308
0.2285714285714286
0.20777777777777778
0.22567901234567905
0.2028571428571429
0.19308641975308644
0.19354838709677422
0.19238095238095237
0.20761904761904765
0.23200000000000004
0.19529411764705887
0.19870967741935486
0.19243243243243247
0.1911764705882353
0.21382716049382716
0.1907692307692308
0.21714285714285714
0.20761904761904765
0.21000000000000002
0.21382716049382716
0.20137931034482762
0.21105263157894735
0.20137931034482762
0.20437499999999997
0.1942857142857143
0.21131313131313134
0.20923076923076922
0.19642857142857145
0.20761904761904765
0.1885714285714286
0.19111111111111112
0.19757575757575757
0.2121739130434783
0.23310344827586205
0.19308641975308644
0.19354838709677422
0.19308641975308644
0.22666666666666668
0.19642857142857145
0.19384615384615386
0.2202298850574713
0.19354838709677422
0.2096551724137931
0.2096551724137931
0.1894949494949495
0.20777777777777778
0.27
0.1963636363636364
0.19111111111111112
0.19540229885057472
0.19308641975308644
0.1963636363636364
0.2202298850574713
0.22999999999999998
0.19243243243243247
0.20137254901960783
0.19354838709677422
0.2210526315789474
0.20585365853658535
0.20454545454545456
0.2096551724137931
0.21333333333333337
0.22871794871794876
0.20602150537634406
0.21382716049382716
0.19083333333333335
0.2188034188034188
0.248
0.19111111111111112
0.19750000000000004
0.22138888888888889
0.2177777777777778
0.19540229885057472
0.19191919191919193
0.1942857142857143
0.18967741935483873
0.21548387096774196
0.19238095238095237
0.1965217391304348
0.248
0.25416666666666665
0.2188034188034188
0.19466666666666668
0.19870967741935486
0.22342342342342345
0.19111111111111112
0.22592592592592595
0.19999999999999998
0.19111111111111112
0.2061538461538462
0.19222222222222224
0.19750000000000004
0.18981481481481483
0.19873015873015873
0.2285714285714286
0.20602150537634406
0.21941176470588233
0.21941176470588233
0.21866666666666668
0.21714285714285714
0.24
0.2096551724137931
0.2202298850574713
0.19466666666666668
0.19222222222222224
0.24086021505376345
0.23310344827586205
0.28
0.20137254901960783
0.1911764705882353
0.19384615384615386
0.1930434782608696
0.21499999999999997
0.25333333333333335
0.24363636363636365
0.20454545454545456
0.22567901234567905
0.19153846153846155
0.20923076923076922
0.19540229885057472
0.19444444444444448
0.22871794871794876
0.1903448275862069
0.22138888888888889
0.19308641975308644
0.23137254901960785
0.19642857142857145
0.2061538461538462
0.20761904761904765
0.21499999999999997
0.1917241379310345
0.20140350877192983
0.19999999999999998
0.20437499999999997
0.19308641975308644
0.19757575757575757
0.1987037037037037
0.23137254901960785
0.1917241379310345
0.2028985507246377
0.2013888888888889
0.19238095238095237
0.18833333333333335
0.224375
0.20432432432432435
0.2028571428571429
0.20437499999999997
0.19308641975308644
0.19111111111111112
0.19870967741935486
0.224375
0.1911764705882353
0.21714285714285714
0.19444444444444448
0.19757575757575757
0.23200000000000004
0.19642857142857145
0.19444444444444448
0.18814814814814815
0.21714285714285714
0.2061538461538462
0.20941176470588238
0.21615384615384614
0.2013888888888889
0.19750000000000004
0.20137931034482762
0.1963636363636364
0.19243243243243247
0.19250000000000003
0.22999999999999998
0.1987037037037037
0.21875
0.19354838709677422
0.19750000000000004
0.19529411764705887
0.21615384615384614
0.20444444444444448
0.2
0.20444444444444448
0.20941176470588238
0.1930434782608696
0.2013888888888889
0.2218181818181818
0.19238095238095237
0.2210526315789474
0.2523809523809524
0.1987037037037037
0.19238095238095237
0.20444444444444448
0.1930434782608696
0.18666666666666668
0.19873015873015873
0.1917241379310345
0.2028282828282828
0.1942857142857143
0.20602150537634406
0.2567741935483871
0.19384615384615386
0.22138888888888889
0.21714285714285714
0.19238095238095237
0.2028282828282828
0.20592592592592596
0.20602150537634406
0.2027906976744186
0.1907692307692308
0.18967741935483873
0.20634920634920637
0.19870967741935486
0.19642857142857145
0.19452380952380954
0.20761904761904765
0.19111111111111112
0.21000000000000002
0.19153846153846155
0.19191919191919193
0.20602150537634406
0.19466666666666668
0.2666666666666667
0.19160493827160494
0.2028282828282828
0.20800000000000002
0.19753086419753088
0.19444444444444448
0.19243243243243247
0.19071428571428573
0.19466666666666668
0.19466666666666668
0.19873015873015873
0.19444444444444448
0.19540229885057472
0.2028571428571429
0.20941176470588238
0.22567901234567905
0.22434782608695653
0.19750000000000004
0.21000000000000002
0.19308641975308644
0.19191919191919193
0.19750000000000004
0.19250000000000003
0.19999999999999998
0.21714285714285717
0.20137931034482762
0.19238095238095237
0.22709677419354837
0.2218181818181818
0.19363636363636366
0.19540229885057472
0.22567901234567905
0.19407407407407412
0.20444444444444448
0.2090909090909091
