0.37805555555555553
0.4697222222222222
0.5186111111111111
0.44
0.5094444444444445
0.4983333333333333
0.46916666666666673
0.5047222222222223
0.45111111111111113
0.4822222222222222
0.5663888888888888
0.5033333333333334
0.38916666666666666
0.5377777777777778
0.43500000000000005
0.45972222222222225
0.585
0.4444444444444444
0.4963888888888889
0.5752777777777778
0.5147222222222222
0.5394444444444445
0.6227777777777778
0.5302777777777778
0.5
0.4708333333333333
0.5455555555555556
0.4872222222222222
0.5472222222222223
0.47805555555555557
0.5291666666666667
0.4858333333333333
0.5825
0.5541666666666667
0.5555555555555556
0.6155555555555555
0.5361111111111111
0.5247222222222222
0.4719444444444444
0.5888888888888889
0.5272222222222223
0.5544444444444444
0.615
0.48944444444444446
0.49444444444444446
0.5513888888888889
0.5563888888888888
0.5077777777777778
0.4744444444444444
0.5630555555555555
0.5502777777777778
0.4791666666666667
0.4972222222222223
0.5225
0.5147222222222222
0.5455555555555555
0.4830555555555556
0.49611111111111117
0.5277777777777778
0.4125
0.47388888888888897
0.5141666666666667
0.47527777777777774
0.49722222222222223
0.5158333333333334
0.5127777777777778
0.5419444444444445
0.4783333333333333
0.5661111111111111
0.5033333333333334
0.6058333333333333
0.5736111111111111
0.4568055555555556
0.4488888888888889
0.48250000000000004
0.5458333333333333
0.48277777777777775
0.4394444444444444
0.5358333333333334
0.5655555555555556
0.4777777777777778
0.4848611111111112
0.3891666666666667
0.4633333333333333
0.4758333333333333
0.5283333333333333
0.4863888888888889
0.4531944444444444
0.47055555555555556
0.4727777777777778
0.5302777777777777
0.5316666666666667
0.49166666666666664
0.5402777777777777
0.3786111111111111
0.5522222222222223
0.5538888888888889
0.4869444444444444
0.44083333333333335
0.46944444444444444
0.46055555555555555
0.605
0.5677777777777777
0.5569444444444445
0.46305555555555555
0.5211111111111111
0.5030555555555556
0.5236111111111111
0.5258333333333334
0.5259722222222222
0.45666666666666667
0.4916666666666667
0.4497222222222222
0.4983333333333333
0.4686111111111111
0.5163888888888889
0.4944444444444444
0.4716666666666666
0.49250000000000005
0.5452777777777778
0.5347222222222222
0.5552777777777778
0.43833333333333335
0.5136111111111111
0.5261111111111111
0.5416666666666666
0.4088888888888889
0.47611111111111115
0.48583333333333334
0.5127777777777778
0.47333333333333333
0.41861111111111116
0.5313888888888889
0.4683333333333334
0.5275000000000001
0.4338888888888889
0.5044444444444445
0.6530555555555556
0.5425
0.5211111111111111
0.4858333333333333
0.46055555555555555
0.5386111111111112
0.5891666666666667
0.42722222222222217
0.4697222222222222
0.48583333333333334
0.5275
0.48138888888888887
0.6516666666666666
0.4897222222222223
0.49277777777777776
0.4504166666666667
0.5191666666666667
0.5027777777777778
0.5186111111111111
0.4394444444444444
0.528888888888889
0.52
0.5177777777777778
0.45333333333333337
0.5497222222222222
0.4552777777777778
0.46527777777777785
0.5158333333333334
0.5186111111111111
0.5433333333333332
0.5155555555555555
0.5066666666666666
0.5369444444444444
0.3794444444444444
0.51
0.49388888888888893
0.5061111111111111
0.49249999999999994
0.49
0.6119444444444444
0.4855555555555556
0.5213888888888888
0.5127777777777778
0.5261111111111111
0.5138888888888888
0.4552777777777777
0.5258333333333334
0.5783333333333334
0.5452777777777779
0.513611111111111
0.5122222222222222
0.5261111111111112
0.4530555555555556
0.4636111111111111
0.46416666666666667
0.3588888888888889
0.5725
0.48138888888888887
0.5477777777777778
0.4455555555555556
0.4297222222222222
0.5066666666666666
0.4388888888888889
0.5336111111111111
0.4163888888888889
0.6108333333333332
0.46875
0.6055555555555555
0.5191666666666667
0.5602777777777778
0.47638888888888886
0.4802777777777778
0.5266666666666666
0.5383333333333333
0.5244444444444444
0.4880555555555556
0.5547222222222222
0.42347222222222225
0.5627777777777777
0.523611111111111
0.5258333333333334
0.4533333333333333
0.4366666666666667
0.5122222222222222
0.5086111111111111
0.5097222222222222
0.5850000000000001
0.5347222222222223
0.4633333333333333
0.3711111111111111
0.5080555555555555
0.5361111111111111
0.4952777777777778
0.5636111111111111
0.5091666666666667
0.47944444444444445
0.4688888888888889
0.4469444444444445
0.51125
0.5252777777777778
0.5688888888888889
0.5011111111111111
0.45777777777777784
0.5736111111111111
0.47638888888888886
0.5583333333333333
0.5597222222222222
0.5380555555555555
0.4872222222222222
0.5144444444444444
0.4945833333333334
0.5233333333333333
0.48444444444444446
0.4847222222222222
0.6802777777777778
0.4905555555555556
0.5361111111111111
0.4775
0.4622222222222222
0.5041666666666667
0.5302777777777777
0.4472222222222222
0.5611111111111111
0.4813888888888889
0.5147222222222223
0.4847222222222223
0.5025000000000001
0.4648611111111111
0.49611111111111106
0.43444444444444447
0.48666666666666664
0.5413888888888889
0.543611111111111
0.48638888888888887
0.56
0.45666666666666667
0.49722222222222223
0.4716666666666667
0.5313888888888889
0.52
0.4986111111111111
0.6025
0.5555555555555556
0.5394444444444445
0.4794444444444444
0.5158333333333334
0.5038888888888888
0.45583333333333337
0.5380555555555556
0.52625
0.4697222222222222
0.5894444444444444
0.5172222222222222
0.47694444444444445
0.5191666666666668
0.49541666666666667
0.4569444444444445
0.5047222222222222
0.5572222222222223
0.46944444444444444
0.49888888888888894
0.4777777777777778
0.45722222222222225
0.5691666666666667
0.5105555555555555
0.4658333333333334
0.4708333333333333
0.4833333333333334
0.5586111111111112
0.5066666666666667
0.4461111111111111
0.49222222222222217
0.5627777777777778
0.43722222222222223
0.523611111111111
0.4563888888888889
0.3958333333333333
0.5308333333333334
0.5402777777777777
0.4775
0.5383333333333333
0.47638888888888886
0.5483333333333333
0.47833333333333333
0.42361111111111105
0.5508333333333333
0.5322222222222222
0.5755555555555556
0.5894444444444444
0.4763888888888889
0.4477777777777778
0.4569444444444445
0.4852777777777778
0.5122222222222222
0.508888888888889
0.5344444444444445
0.49777777777777776
0.41999999999999993
0.4555555555555556
0.4625
0.5730555555555555
0.5105555555555557
0.5040277777777777
0.4666666666666667
0.4722222222222222
0.46694444444444444
0.6069444444444445
0.4786111111111111
0.4233333333333334
0.5608333333333333
0.5158333333333334
0.5475
0.5988888888888888
0.4319444444444444
0.4877777777777778
0.4913888888888889
0.4772222222222222
0.4063888888888889
0.4588888888888889
0.5425
0.545
0.3933333333333333
0.52
0.57
0.5283333333333333
0.5144444444444444
0.4877777777777778
0.5147222222222223
0.4844444444444444
0.5522222222222223
0.4355555555555556
0.5866666666666667
0.49888888888888894
0.4452777777777777
0.4247222222222223
0.5647222222222222
0.54
0.5013888888888889
0.45805555555555555
0.5055555555555555
0.5888888888888889
0.5341666666666667
0.47472222222222227
0.49666666666666665
0.53
0.5169444444444444
0.5666666666666667
0.49916666666666676
0.4411111111111111
0.5231944444444445
0.5131944444444444
0.5986111111111111
0.4836111111111111
0.5447222222222222
0.5194444444444444
0.5194444444444445
0.5513888888888888
0.4794444444444444
0.5344444444444444
0.4122222222222222
0.5008333333333334
0.5175000000000001
0.4658333333333333
0.5130555555555555
0.47611111111111104
0.5186111111111111
0.4136111111111111
0.46138888888888885
0.51
0.42722222222222217
0.5036111111111111
0.4708333333333333
0.49694444444444447
0.48055555555555557
0.543611111111111
0.43819444444444444
0.4619444444444445
0.51
0.581111111111111
0.4894444444444444
0.48944444444444446
0.4836111111111111
0.5230555555555555
0.48388888888888887
0.5744444444444444
0.5558333333333334
0.5097222222222222
0.5430555555555556
0.4633333333333333
0.54
0.5002777777777777
0.5038888888888888
0.50375
0.4683333333333334
0.5113888888888889
0.5544444444444445
0.5338888888888889
0.5413888888888889
0.45972222222222225
0.4486111111111111
0.5211111111111111
0.47916666666666663
0.5027777777777778
0.41916666666666663
0.5291666666666667
0.47444444444444445
0.5280555555555556
0.5016666666666667
0.6016666666666667
0.47972222222222227
0.4102777777777777
0.5083333333333333
0.49722222222222223
0.5897222222222223
0.5722222222222222
0.47555555555555556
0.5255555555555556
0.4441666666666667
0.48250000000000004
0.5475
0.46527777777777773
0.5269444444444444
0.41833333333333333
0.44
0.5080555555555556
0.4763888888888889
0.545
0.5222222222222223
0.5358333333333334
0.5316666666666666
0.5638888888888889
0.5102777777777778
0.5369444444444444
0.5858333333333333
0.4786111111111111
0.43625
0.4869444444444445
0.5133333333333333
0.5197222222222223
0.5680555555555555
0.5511111111111111
0.48583333333333334
0.5302777777777777
0.5169444444444444
0.4702777777777778
0.5861111111111111
0.49361111111111117
0.46166666666666667
0.46888888888888886
0.5236111111111111
0.48694444444444446
0.5611111111111111
0.5052777777777778
0.49583333333333335
0.5347222222222222
0.4891666666666667
0.5572222222222223
0.5213888888888889
0.575
0.42138888888888887
0.5130555555555556
0.45722222222222225
0.5222222222222223
