0.20761904761904765
0.23642857142857143
0.19270833333333334
0.19416666666666665
0.20761904761904765
0.19000000000000003
0.2577777777777778
0.22871794871794876
0.19243243243243247
0.2387037037037037
0.21333333333333337
0.20923076923076922
0.20137931034482762
0.19747747747747746
0.2177777777777778
0.19750000000000004
0.20777777777777778
0.2028571428571429
0.2028571428571429
0.23434343434343435
0.2177777777777778
0.1894949494949495
0.19160493827160494
0.23434343434343435
0.18774774774774775
0.21866666666666668
0.2096551724137931
0.1903448275862069
0.19870967741935486
0.21297297297297296
0.19384615384615386
0.19757575757575757
0.19053763440860216
0.22592592592592595
0.19529411764705887
0.20437499999999997
0.22999999999999998
0.19456790123456794
0.1894949494949495
0.18967741935483873
0.20000000000000004
0.1885964912280702
0.2096551724137931
0.19870967741935486
0.1903448275862069
0.19384615384615386
0.20437499999999997
0.19053763440860216
0.1987037037037037
0.18882352941176472
0.2096551724137931
0.20000000000000004
0.19200000000000003
0.19153846153846155
0.19270833333333334
0.2096551724137931
0.21866666666666668
0.19111111111111112
0.20800000000000002
0.19333333333333336
0.19870967741935486
0.19191919191919193
0.2061538461538462
0.19384615384615386
0.19243243243243247
0.22999999999999998
0.19200000000000003
0.19753086419753088
0.20000000000000004
0.19308641975308644
0.20137931034482762
0.19363636363636366
0.20761904761904765
0.2177777777777778
0.2013888888888889
0.23310344827586205
0.248
0.1963636363636364
0.2188034188034188
0.19126436781609196
0.18981481481481483
0.19870967741935486
0.19243243243243247
0.20137254901960783
0.20137931034482762
0.2
0.19540229885057472
0.2527083333333333
0.19529411764705887
0.19764705882352943
0.1965217391304348
0.19529411764705887
0.21714285714285717
0.22999999999999998
0.20137254901960783
0.20280701754385966
0.19111111111111112
0.18981481481481483
0.1894949494949495
0.20602150537634406
0.18833333333333335
0.2013888888888889
0.19308641975308644
0.19444444444444448
0.20761904761904765
0.21499999999999997
0.21131313131313134
0.1936842105263158
0.19384615384615386
0.19243243243243247
0.19246376811594204
0.19444444444444448
0.20777777777777778
0.23434343434343435
0.20137254901960783
0.19444444444444448
0.20437499999999997
0.19111111111111112
0.19871794871794873
0.18814814814814815
0.22999999999999998
0.21499999999999997
0.19238095238095237
0.19354838709677422
0.21131313131313134
0.2096551724137931
0.19642857142857145
0.19999999999999998
0.24888888888888888
0.1942857142857143
0.19753086419753088
0.21382716049382716
0.19555555555555557
0.18833333333333335
0.2096551724137931
0.20602150537634406
0.24827586206896554
0.19750000000000004
0.19270833333333334
0.18981481481481483
0.18937500000000002
0.19308641975308644
0.21131313131313134
0.19000000000000003
0.1987037037037037
0.19354838709677422
0.19270833333333334
0.21615384615384614
0.2177777777777778
0.2387037037037037
0.19243243243243247
0.19540229885057472
0.19363636363636366
0.25249999999999995
0.19191919191919193
0.19111111111111112
0.20941176470588238
0.19131782945736434
0.1894949494949495
0.21000000000000002
0.19354838709677422
0.2533333333333333
0.19466666666666668
0.19191919191919193
0.1987037037037037
0.19999999999999998
0.19871794871794873
0.1894949494949495
0.22000000000000003
0.19053763440860216
0.19869918699186995
0.1902040816326531
0.19111111111111112
0.19
0.1987037037037037
0.21269841269841272
0.19461538461538463
0.1904761904761905
0.19666666666666668
0.19753086419753088
0.2
0.18981481481481483
0.1917948717948718
0.25679012345679014
0.2028571428571429
0.21548387096774196
0.21548387096774196
0.1904761904761905
0.21333333333333337
0.1942857142857143
0.1885964912280702
0.19444444444444448
0.19384615384615386
0.20602150537634406
0.19444444444444448
0.24529411764705883
0.18967741935483873
0.24
0.20137931034482762
0.19272727272727275
0.2202298850574713
0.20137254901960783
0.20140350877192983
0.2121739130434783
0.19153846153846155
0.20437499999999997
0.20761904761904765
0.22871794871794876
0.23642857142857143
0.20137254901960783
0.2
0.19308641975308644
0.19270833333333334
0.21714285714285714
0.2061538461538462
0.20800000000000002
0.2202298850574713
0.2028985507246377
0.19871794871794873
0.19466666666666668
0.19191919191919193
0.2202298850574713
0.20761904761904765
0.1917241379310345
0.19238095238095237
0.1917948717948718
0.2370731707317073
0.19200000000000003
0.19153846153846155
0.19444444444444448
0.2188034188034188
0.25249999999999995
0.22709677419354837
0.20777777777777778
0.21000000000000002
0.19238095238095237
0.19071428571428573
0.19750000000000004
0.20444444444444448
0.1911764705882353
0.18937500000000002
0.19999999999999998
0.2419047619047619
0.1942857142857143
0.19308641975308644
0.19456790123456794
0.23434343434343435
0.2096551724137931
0.2
0.21333333333333337
0.1942857142857143
0.1894949494949495
0.20444444444444448
0.1911764705882353
0.21131313131313134
0.2013888888888889
0.19243243243243247
0.20777777777777778
0.2177777777777778
0.1987037037037037
0.22138888888888889
0.19317073170731708
0.2177777777777778
0.19238095238095237
0.2013675213675214
0.19466666666666668
0.19126436781609196
0.19053763440860216
0.2202298850574713
0.19153846153846155
0.2028571428571429
0.19444444444444448
0.19153846153846155
0.23310344827586205
0.2028282828282828
0.19384615384615386
0.21333333333333337
0.21548387096774196
0.19999999999999998
0.2013888888888889
0.19753086419753088
0.20777777777777778
0.20602150537634406
0.2096551724137931
0.19250000000000003
0.23200000000000004
0.19873015873015873
0.19642857142857145
0.19126436781609196
0.1942857142857143
0.19873015873015873
0.2394202898550725
0.19308641975308644
0.1963636363636364
0.1942857142857143
0.1963636363636364
0.22138888888888889
0.20941176470588238
0.1911764705882353
0.23750000000000002
0.21615384615384614
0.20800000000000002
0.21548387096774196
0.19270833333333334
0.20602150537634406
0.20800000000000002
0.18774774774774775
0.19142857142857145
0.21548387096774196
0.21131313131313134
0.19666666666666668
0.19270833333333334
0.2061538461538462
0.19111111111111112
0.21615384615384614
0.2
0.20137931034482762
0.1942857142857143
0.19
0.19053763440860216
0.19466666666666668
0.19642857142857145
0.19071428571428573
0.2028282828282828
0.20137931034482762
0.19238095238095237
0.20000000000000004
0.23434343434343435
0.23310344827586205
0.19750000000000004
0.2061538461538462
0.20833333333333334
0.224375
0.20941176470588238
0.2013675213675214
0.24529411764705883
0.18967741935483873
0.2
0.19142857142857145
0.2096551724137931
0.19642857142857145
0.20602150537634406
0.19871794871794873
0.20437499999999997
0.20437499999999997
0.18901960784313726
0.192
0.18790697674418608
0.20137931034482762
0.1917241379310345
0.20437499999999997
0.20000000000000004
0.1891891891891892
0.20137254901960783
0.18967741935483873
0.20941176470588238
0.21131313131313134
0.1930434782608696
0.19384615384615386
0.21499999999999997
0.19529411764705887
0.20000000000000004
0.2028571428571429
0.19448275862068967
0.23280701754385966
0.1904761904761905
0.19870967741935486
0.19870967741935486
0.23642857142857143
0.19111111111111112
0.20000000000000004
0.224375
0.18937500000000002
0.2527083333333333
0.2
0.2061538461538462
0.20833333333333334
0.19308641975308644
0.20602150537634406
0.2013888888888889
0.20634920634920637
0.19191919191919193
0.224375
0.19642857142857145
0.20137931034482762
0.19466666666666668
0.18750000000000003
0.20941176470588238
0.22285714285714286
0.2177777777777778
0.19
0.1987037037037037
0.19757575757575757
0.24888888888888888
0.20437499999999997
0.20634920634920637
0.19238095238095237
0.2013888888888889
0.19750000000000004
0.2387037037037037
0.19871794871794873
0.19111111111111112
0.19578947368421054
0.19466666666666668
0.19999999999999998
0.19071428571428573
0.20444444444444448
0.20137931034482762
0.20602150537634406
0.19000000000000003
0.19757575757575757
0.2096551724137931
0.23310344827586205
0.1987037037037037
0.19111111111111112
0.18790697674418608
0.18736842105263157
0.21297297297297296
0.20000000000000004
0.19871794871794873
0.2013675213675214
0.20602150537634406
0.2096551724137931
0.19642857142857145
0.2028282828282828
0.20000000000000004
0.2
0.20444444444444448
0.1930434782608696
0.2028282828282828
0.20137931034482762
0.19246376811594204
0.21333333333333337
0.20777777777777778
0.20444444444444448
0.2
0.224375
0.1903448275862069
0.2202298850574713
0.1917241379310345
0.20777777777777778
0.19384615384615386
0.19869565217391302
0.19642857142857145
0.2028571428571429
0.1917241379310345
0.20941176470588238
0.22434782608695653
0.21714285714285714
0.19053763440860216
0.19071428571428573
0.19747747747747746
0.2177777777777778
0.2
0.22285714285714286
0.24
0.20777777777777778
0.19111111111111112
0.18882352941176472
0.20761904761904765
0.19870967741935486
0.19157894736842107
0.19354838709677422
0.19750000000000004
0.24888888888888888
0.19
0.21714285714285714
0.20428571428571426
0.21166666666666667
0.19308641975308644
0.19444444444444448
0.2533333333333333
0.20137931034482762
0.2311111111111111
0.18666666666666668
0.22285714285714286
0.19999999999999998
0.2028282828282828
0.20437499999999997
0.19243243243243247
0.19750000000000004
0.22567901234567905
0.21499999999999997
0.1942857142857143
0.2013888888888889
0.19191919191919193
0.2707142857142857
0.19753086419753088
0.1965217391304348
0.19870967741935486
0.224375
0.19111111111111112
0.1904761904761905
0.21166666666666667
0.22709677419354837
0.2028571428571429
0.2013888888888889
0.19270833333333334
0.1987037037037037
0.19747747747747746
