0.4658738392553996
0.5932805898232804
0.5579639881839434
0.5854634431052663
0.560786678993427
0.5809517514170763
0.5739073485902765
0.557571590578531
0.5116660565157332
0.583037960763799
0.5394868366210775
0.48555116765640344
0.5383322354484774
0.5075185073513482
0.5144532010183976
0.5430467607665216
0.5772364144655037
0.5518111124715508
0.5062484589493786
0.6094860357242405
0.5663659624569898
0.5169578717267406
0.5145256317317703
0.5526847302316247
0.5074196945231441
0.5509273913569261
0.4194486002059455
0.5772012553307069
0.5011177804037014
0.5891442520227944
0.5517311479379472
0.554520355888551
0.5386844855167123
0.45027382329009785
0.548956522298641
0.5426175667451476
0.5271772948034984
0.5599207330006652
0.43857562944290573
0.4515160399852416
0.5722081524957161
0.5017404858677963
0.571243927679616
0.5565856458328206
0.5343965862970436
0.6031344637056751
0.5446682179752552
0.5232723410763608
0.5684123575353518
0.5434511878029463
0.5747570231909386
0.5482515572655844
0.501334076322149
0.5892836306971413
0.6570392848736921
0.4997639474237917
0.5443126644393154
0.6260060941499296
0.570752049937282
0.5692206810331397
0.5245256396219095
0.504341767667734
0.4921955292827187
0.5502345752905139
0.5170658020917901
0.5535654751273922
0.5047522214694254
0.5166713291367737
0.5234964112884923
0.47315193043670234
0.6222045369643442
0.5160332313343228
0.5434060979173684
0.5207343875150585
0.556600882398226
0.5659908412229772
0.6156593643302049
0.6141595090920403
0.5212995965620749
0.5557048266402208
0.5501930597939392
0.6620253844756605
0.4848910395834051
0.5269451156472137
0.5598023453438848
0.4910568853908983
0.5387835600875447
0.5575172212821178
0.5351121590585599
0.5040704841994272
0.5654816587158162
0.5502584883885513
0.42949133995272104
0.6110214479243459
0.5062998648606545
0.5585770757395941
0.6889666936700332
0.6443929489446825
0.5501671038350686
0.5429980284065868
0.5536025105063476
0.5282367696454278
0.4399936761320777
0.5236227465316654
0.5636360389420104
0.5838602333428821
0.5276035609917089
0.6004668767940587
0.6100174855909121
0.5698906793803246
0.6275802655382822
0.4964622765469845
0.48409643513987244
0.5830545916074792
0.513064556910552
0.5276877770440008
0.6222181330914545
0.5595493455841255
0.4973754821291895
0.5345735722801199
0.5699472778867855
0.586482299800003
0.5884844202301663
0.6205285951898261
0.583244093226039
0.4430030215857663
0.5727794966317932
0.51364347695531
0.5643592185733483
0.4877512808153461
0.5251417244912225
0.5529792330969517
0.5568921848454899
0.5393261527620101
0.5633141887595915
0.5572147376633833
0.537639998712212
0.49392745920761993
0.5184934728448081
0.5531362940116573
0.535604131702909
0.5462218620531423
0.5033253448944234
0.5622297172161114
0.5254389055337385
0.4904286240488509
0.5412677451478889
0.5744889992577065
0.5470365220069233
0.5409476525849827
0.5628810795201762
0.5439898390872687
0.4498271147934395
0.5270592564996649
0.502588674133053
0.5376773741756223
0.5613737644774782
0.5691317751450737
0.5575718190284953
0.5989906264966227
0.4917786384579657
0.5571129437510687
0.5663061953301562
0.5014457644666781
0.5809340055848385
0.45250940566713
0.49510818935853995
0.5557351762494764
0.4978356409718837
0.586153517442035
0.5525216620257385
0.5822655084913402
0.6453659472997314
0.5416107316063293
0.6319669449279013
0.6032547757263952
0.6032917381652139
0.5638080699627684
0.5036063271056039
0.5676597619885968
0.5632146249228549
0.6225641708484437
0.5072720952172842
0.48330463360702597
0.4848249229531659
0.5230812995695937
0.5433471549563266
0.498580516692263
0.584904668558128
0.5771335729548672
0.5465825106158928
0.533787979760518
0.5734405464888441
0.5361681016520526
0.5902435421217767
0.6340999393920745
0.5647542250056785
0.5945772017971482
0.5145909061713474
0.5175177904480528
0.5455095151724342
0.443203215471762
0.5882344292541082
0.6447571315660092
0.6291534474415534
0.5504796678670605
0.6058924180768502
0.488555957998563
0.6205438764291122
0.6096058488385016
0.5288592342096565
0.4644126479281744
0.463832456118568
0.5124494777525941
0.4997148538891039
0.6565945355860497
0.5717349952366583
0.5584479514632943
0.6191824362193956
0.500145622855993
0.5036453548480139
0.6016342352912123
0.6070636833814002
0.5791108177893457
0.5417563932239899
0.5188585175219157
0.5869129362337677
0.5539178891536364
0.5564125639454574
0.47821226785852794
0.563957459943518
0.543883542688357
0.5293492833697819
0.5653529048357986
0.6163920662612532
0.5284496919984616
0.5241297003376606
0.6187543340913173
0.5301784954420576
0.5045974248702155
0.5524833910615016
0.612440738666996
0.5143923129142515
0.5528669781906421
0.4827638722484142
0.5967570201068735
0.47398996006210015
0.575023221579669
0.5123446762798979
0.47956726595504306
0.4996164472964122
0.6071581185057606
0.47511635233027283
0.49076027907339764
0.5028875885028526
0.49826219137173655
0.6315476934550899
0.5260568860033222
0.6195313777351138
0.4936494935030352
0.6395789910543466
0.5555283380178634
0.6005592956570782
0.4986537222418813
0.5317429041757035
0.5352464189040975
0.5959877447489147
0.5988562391399815
0.6647541883655681
0.5199920095373913
0.5969718128252947
0.6057721077241979
0.5738471121100198
0.5292717724895811
0.5607596415953622
0.5308169805445871
0.5059889558068504
0.5235990638370555
0.6183241230286318
0.5298550663156721
0.4630791678292668
0.5300175223313779
0.5275137287757654
0.5251255881390845
0.4984376644377589
0.5855496505112232
0.5404229178946954
0.5683735825026617
0.5408043286964617
0.5321572788927026
0.5714173864152144
0.49241367669544567
0.5153088167941944
0.5049380197727561
0.5793917024191927
0.5483706964365945
0.5742553507077819
0.5392351096459442
0.5989225060932095
0.5515673343391472
0.5572084027453953
0.6222502797262149
0.5634957036195367
0.6416986089226682
0.6081095693040262
0.5259939022662743
0.526066150757816
0.6516635544854017
0.5751407514874163
0.6022474624224593
0.5657794622702783
0.45009340860212493
0.521565574635295
0.5084017328690408
0.5269937908529684
0.5342962635766031
0.5718676280530574
0.5027035987262606
0.4878660637685378
0.5515682959318146
0.4732141546090143
0.5538745765099296
0.4966411124120361
0.5001546625128326
0.5809025924978323
0.5274228060893501
0.5323220158067741
0.5914874264062481
0.45797415390955354
0.527783850136829
0.5142686896437512
0.47044499678026
0.6473496088147631
0.533662940356979
0.5240016578641192
0.6238554694121765
0.5497693117739324
0.5185635555810689
0.555432422801879
0.5348715758781893
0.5735492078269654
0.5969579252494448
0.5433983329232731
0.5607746946361144
0.5978156522133774
0.46458998491228415
0.4628206412442573
0.5775352423191542
0.5416765541466713
0.5222633781477937
0.602997298718161
0.5375989858257195
0.6307412266153972
0.4683842566048534
0.5392629571202053
0.5256231363687701
0.4949450003572218
0.5715455504863931
0.6034975733814447
0.5904334102791844
0.5450014768537086
0.4955833988899949
0.5816025985915243
0.5019382466758369
0.6075868115003458
0.5819973093740367
0.5322060923043582
0.5542323481598249
0.5402649142000265
0.6029796745257898
0.5036354988880867
0.5013218899534629
0.543472393106226
0.5020619397830798
0.4861342262377283
0.5605371458318529
0.6172739676171028
0.5353272367144614
0.46384227124295974
0.517368812026928
0.5253609029092611
0.520978977636427
0.5932191046115909
0.6237330854137583
0.4415327148970348
0.6106786760256424
0.5594756724590126
0.5733274196263541
0.5176317288475417
0.5742580216847969
0.4794642267103413
0.5966199057184747
0.5675732018547595
0.5877383131357473
0.510058050263013
0.4688012431356936
0.5035553916384476
0.5666673788460264
0.5044049483268233
0.5204004914704801
0.5687477728269523
0.5963840379516799
0.6169416373587896
0.5715615013859002
0.48637428982854347
0.521157334747087
0.5251949055952577
0.5647189070995016
0.500213352921134
0.58777523093756
0.5770635799862983
0.46813257263759345
0.45794614149782736
0.5872025936267694
0.5262971506319971
0.5645548901615399
0.48639643832444274
0.5465372621483007
0.5142329900674031
0.581367399018951
0.5647879189233351
0.5357525943617604
0.5105710842240114
0.5351421666044454
0.6230785819416266
0.5701759703171076
0.5513891300073238
0.5780988010594773
0.5423692141870485
0.5191740983210411
0.6190303287054971
0.6106001905763573
0.5583845226406389
0.5681840030246317
0.5548250272348708
0.6270374104268351
0.5518813569366968
0.5302460811734785
0.6443935473158773
0.5844950946770474
0.5292349104409511
0.5329574350822914
0.6132449864975561
0.5750183478917845
0.5320866776549524
0.5557715326098028
0.5553404096572444
0.5760309576479048
0.5177538014566436
0.501573387624695
0.597704789983093
0.48812684907613124
0.4995456110686946
0.6294570263537131
0.5978974435623517
0.4987354620377378
0.48628513595628803
0.6183604801581211
0.5733902124706135
0.5628606785749571
0.6168655723920228
0.5728478126040987
0.5549187951414695
0.5806979085998096
0.5920756855372465
0.6111254630473627
0.5575739760482716
0.5807092839619317
0.6286927356275587
0.5609939983199068
0.6058880544755453
0.6483105274385453
0.5825014317221109
0.5465147175504246
0.5471469582147045
0.5393940505883377
0.4769429908532769
0.5178951102487395
0.517590421910092
0.5104004343278494
0.6447004553070413
0.6003537180046636
0.6065342553302947
0.5088883961992905
0.4830466592856214
0.5270248146197314
0.55443950744546
0.5364733756653578
0.49658737024801886
0.5735844392771149
0.5158609818607102
0.5987166386958552
0.5823432839357348
0.5161384994569198
0.6075037580150917
0.5512219280287296
0.5113790295650424
0.5545633135811516
0.5736062832120549
0.5217461893222598
