0.2325581395348837
0.33333333333333337
0.36363636363636365
0.4090909090909091
0.43902439024390244
0.3181818181818182
0.4888888888888889
0.326530612244898
0.47826086956521735
0.42553191489361697
0.35
0.41025641025641024
0.3809523809523809
0.3829787234042553
0.3902439024390244
0.4285714285714285
0.45000000000000007
0.32
0.35
0.34146341463414637
0.3913043478260869
0.4090909090909091
0.4888888888888889
0.3555555555555555
0.33333333333333337
0.3902439024390244
0.41860465116279066
0.5
0.5
0.5217391304347827
0.32432432432432434
0.35
0.35
0.33333333333333337
0.5333333333333333
0.3684210526315789
0.4090909090909091
0.34615384615384615
0.3902439024390244
0.3181818181818182
0.4
0.4
0.41860465116279066
0.47619047619047616
0.43999999999999995
0.4285714285714285
0.3829787234042553
0.3913043478260869
0.35897435897435903
0.37499999999999994
0.37499999999999994
0.3555555555555555
0.4285714285714285
0.43999999999999995
0.43478260869565216
0.4081632653061224
0.2439024390243902
0.42553191489361697
0.4
0.3404255319148936
0.3673469387755102
0.46808510638297873
0.47619047619047616
0.42553191489361697
0.4444444444444444
0.36363636363636365
0.5
0.31111111111111117
0.4
0.4444444444444444
0.4
0.3478260869565218
0.41025641025641024
0.3913043478260869
0.3809523809523809
0.4081632653061224
0.46808510638297873
0.33333333333333337
0.3913043478260869
0.3673469387755102
0.5
0.4081632653061224
0.45000000000000007
0.27272727272727276
0.37499999999999994
0.4651162790697674
0.36363636363636365
0.43478260869565216
0.31578947368421056
0.43999999999999995
0.36363636363636365
0.35
0.46808510638297873
0.43902439024390244
0.3809523809523809
0.35897435897435903
0.41860465116279066
0.35
0.35
0.3
0.42553191489361697
0.4285714285714285
0.35
0.27272727272727276
0.4651162790697674
0.2564102564102564
0.4545454545454545
0.3555555555555555
0.33333333333333337
0.46808510638297873
0.47619047619047616
0.41860465116279066
0.30769230769230765
0.37499999999999994
0.4081632653061224
0.37499999999999994
0.47826086956521735
0.3902439024390244
0.4
0.33333333333333337
0.3555555555555555
0.35897435897435903
0.45000000000000007
0.4285714285714285
0.3809523809523809
0.32558139534883723
0.3043478260869565
0.4888888888888889
0.4
0.5333333333333333
0.326530612244898
0.4090909090909091
0.4090909090909091
0.2702702702702703
0.4285714285714285
0.26086956521739135
0.4888888888888889
0.42553191489361697
0.39215686274509803
0.3829787234042553
0.3913043478260869
0.44897959183673464
0.41860465116279066
0.31111111111111117
0.47826086956521735
0.3043478260869565
0.3913043478260869
0.30769230769230765
0.3913043478260869
0.3809523809523809
0.31578947368421056
0.42553191489361697
0.28571428571428575
0.33333333333333337
0.3181818181818182
0.47826086956521735
0.3902439024390244
0.33333333333333337
0.32558139534883723
0.4074074074074074
0.3809523809523809
0.3913043478260869
0.37499999999999994
0.44897959183673464
0.4888888888888889
0.37209302325581395
0.35
0.4444444444444444
0.41860465116279066
0.33333333333333337
0.37209302325581395
0.45833333333333326
0.3404255319148936
0.3555555555555555
0.4
0.43478260869565216
0.35
0.5
0.3404255319148936
0.46808510638297873
0.5333333333333333
0.2857142857142857
0.46808510638297873
0.33962264150943394
0.42553191489361697
0.3555555555555555
0.37499999999999994
0.3181818181818182
0.4090909090909091
0.3809523809523809
0.27906976744186046
0.37209302325581395
0.3529411764705882
0.48
0.38596491228070173
0.27906976744186046
0.45000000000000007
0.37499999999999994
0.5
0.4166666666666667
0.3478260869565218
0.3809523809523809
0.5333333333333333
0.4545454545454545
0.37209302325581395
0.4090909090909091
0.35
0.3555555555555555
0.36363636363636365
0.3404255319148936
0.3902439024390244
0.37499999999999994
0.34615384615384615
0.3809523809523809
0.4545454545454545
0.4090909090909091
0.41509433962264153
0.4444444444444444
0.43478260869565216
0.42553191489361697
0.35
0.32558139534883723
0.4285714285714285
0.3829787234042553
0.43478260869565216
0.5
0.27906976744186046
0.31578947368421056
0.32558139534883723
0.36000000000000004
0.3
0.4090909090909091
0.4166666666666667
0.44897959183673464
0.4444444444444445
0.3809523809523809
0.4090909090909091
0.4090909090909091
0.5333333333333333
0.33333333333333326
0.33333333333333337
0.4
0.4
0.3404255319148936
0.34146341463414637
0.37209302325581395
0.4651162790697674
0.41025641025641024
0.4166666666666667
0.3846153846153846
0.36363636363636365
0.3809523809523809
0.3829787234042553
0.43478260869565216
0.32558139534883723
0.37209302325581395
0.39215686274509803
0.3181818181818182
0.3555555555555555
0.4090909090909091
0.37209302325581395
0.4
0.32558139534883723
0.47826086956521735
0.5714285714285715
0.45000000000000007
0.35
0.4285714285714285
0.41860465116279066
0.32558139534883723
0.36363636363636365
0.33333333333333337
0.47826086956521735
0.3913043478260869
0.41860465116279066
0.43902439024390244
0.3555555555555555
0.4285714285714285
0.3181818181818182
0.41025641025641024
0.30769230769230765
0.4444444444444444
0.3478260869565218
0.33333333333333337
0.3703703703703704
0.45833333333333326
0.3809523809523809
0.28571428571428575
0.34615384615384615
0.4888888888888889
0.4897959183673469
0.37499999999999994
0.30769230769230765
0.4210526315789474
0.3829787234042553
0.27906976744186046
0.2439024390243902
0.4090909090909091
0.3555555555555555
0.32558139534883723
0.3913043478260869
0.4081632653061224
0.18181818181818182
0.31111111111111117
0.36000000000000004
0.4444444444444444
0.5
0.5217391304347827
0.3181818181818182
0.3555555555555555
0.3043478260869565
0.3913043478260869
0.3555555555555555
0.3809523809523809
0.4090909090909091
0.41860465116279066
0.33333333333333337
0.29268292682926833
0.33333333333333337
0.45833333333333326
0.4210526315789474
0.34146341463414637
0.27906976744186046
0.35897435897435903
0.34146341463414637
0.37209302325581395
0.4444444444444444
0.4166666666666667
0.30769230769230765
0.4081632653061224
0.4166666666666667
0.35897435897435903
0.4897959183673469
0.3555555555555555
0.41509433962264153
0.27906976744186046
0.27906976744186046
0.36363636363636365
0.3673469387755102
0.3673469387755102
0.33333333333333337
0.4
0.45000000000000007
0.3137254901960784
0.34146341463414637
0.42553191489361697
0.4878048780487804
0.423076923076923
0.36000000000000004
0.45000000000000007
0.39215686274509803
0.3913043478260869
0.2631578947368421
0.4081632653061224
0.4285714285714285
0.4444444444444444
0.37209302325581395
0.33333333333333337
0.4
0.33333333333333337
0.44897959183673464
0.44897959183673464
0.35897435897435903
0.3902439024390244
0.4
0.28
0.3809523809523809
0.3902439024390244
0.3181818181818182
0.4363636363636364
0.43478260869565216
0.27272727272727276
0.3
0.33333333333333337
0.3902439024390244
0.5
0.3902439024390244
0.43902439024390244
0.37209302325581395
0.4090909090909091
0.31578947368421056
0.3555555555555555
0.32558139534883723
0.3684210526315789
0.32558139534883723
0.4651162790697674
0.29268292682926833
0.3043478260869565
0.28
0.3913043478260869
0.41860465116279066
0.37209302325581395
0.35897435897435903
0.35
0.31111111111111117
0.4444444444444444
0.5116279069767441
0.43478260869565216
0.32558139534883723
0.43478260869565216
0.35
0.4897959183673469
0.36363636363636365
0.4444444444444444
0.326530612244898
0.4090909090909091
0.36363636363636365
0.5333333333333333
0.32
0.3829787234042553
0.5
0.3809523809523809
0.45833333333333326
0.4166666666666667
0.3181818181818182
0.4
0.4444444444444444
0.34146341463414637
0.34146341463414637
0.39215686274509803
0.3913043478260869
0.35
0.35
0.35897435897435903
0.4166666666666667
0.32432432432432434
0.37209302325581395
0.4651162790697674
0.5531914893617021
0.423076923076923
0.2857142857142857
0.47619047619047616
0.3829787234042553
0.4285714285714285
0.4313725490196078
0.4651162790697674
0.3913043478260869
0.35897435897435903
0.41860465116279066
0.3
0.423076923076923
0.4090909090909091
0.3555555555555555
0.4081632653061224
0.3555555555555555
0.41860465116279066
0.3555555555555555
0.4081632653061224
0.29268292682926833
0.26666666666666666
0.41860465116279066
0.36363636363636365
0.2631578947368421
0.43902439024390244
0.4
0.3
0.43902439024390244
0.43478260869565216
0.3829787234042553
0.2916666666666667
0.3555555555555555
0.4545454545454545
0.4545454545454545
0.3181818181818182
0.4444444444444444
0.3404255319148936
0.4
0.41025641025641024
0.37499999999999994
0.44897959183673464
0.43478260869565216
0.41860465116279066
0.4166666666666667
0.4615384615384615
0.2702702702702703
0.47619047619047616
0.2978723404255319
0.3809523809523809
0.37209302325581395
0.35
0.43478260869565216
0.3902439024390244
0.3478260869565218
0.47826086956521735
0.4285714285714285
0.4444444444444444
0.37209302325581395
0.37499999999999994
0.33333333333333337
0.33333333333333337
0.4615384615384615
0.41860465116279066
0.3913043478260869
0.4081632653061224
0.28571428571428575
0.4090909090909091
0.28571428571428575
0.41860465116279066
0.47826086956521735
0.43478260869565216
