0.19354838709677422
0.24086021505376345
0.2028985507246377
0.21333333333333337
0.1917241379310345
0.20602150537634406
0.19354838709677422
0.19153846153846155
0.1891891891891892
0.18774774774774775
0.21866666666666668
0.20437499999999997
0.2177777777777778
0.19308641975308644
0.19354838709677422
0.19642857142857145
0.23555555555555557
0.2028985507246377
0.19466666666666668
0.19083333333333335
0.24434108527131784
0.18981481481481483
0.19521367521367522
0.2
0.22138888888888889
0.23162790697674418
0.18901960784313726
0.20280701754385966
0.19529411764705887
0.2028282828282828
0.19308641975308644
0.1885964912280702
0.20137931034482762
0.19191919191919193
0.19384615384615386
0.19529411764705887
0.19308641975308644
0.21454545454545457
0.19053763440860216
0.19308641975308644
0.19757575757575757
0.22567901234567905
0.21499999999999997
0.19521367521367522
0.19142857142857145
0.19555555555555557
0.2028571428571429
0.1880851063829787
0.19753086419753088
0.18909090909090912
0.2218181818181818
0.2177777777777778
0.2654545454545455
0.2013675213675214
0.1942857142857143
0.19466666666666668
0.20777777777777778
0.22285714285714286
0.28551724137931034
0.19308641975308644
0.24972972972972973
0.19000000000000003
0.18803418803418806
0.19642857142857145
0.19238095238095237
0.1917241379310345
0.20000000000000004
0.24
0.19757575757575757
0.21166666666666667
0.23434343434343435
0.21000000000000002
0.20941176470588238
0.19466666666666668
0.18882352941176472
0.1911764705882353
0.20602150537634406
0.19246376811594204
0.192
0.21297297297297296
0.19999999999999998
0.19444444444444448
0.19521367521367522
0.19308641975308644
0.20137931034482762
0.2028282828282828
0.19000000000000003
0.21548387096774196
0.21166666666666667
0.28937500000000005
0.19191919191919193
0.21166666666666667
0.19111111111111112
0.19870967741935486
0.19540229885057472
0.22567901234567905
0.192
0.19384615384615386
0.2218181818181818
0.19200000000000003
0.19753086419753088
0.21866666666666668
0.1894949494949495
0.24
0.19153846153846155
0.19111111111111112
0.22567901234567905
0.19540229885057472
0.21382716049382716
0.20444444444444448
0.1894949494949495
0.2218181818181818
0.18937500000000002
0.1911764705882353
0.20137254901960783
0.21166666666666667
0.2177777777777778
0.19578947368421054
0.2567741935483871
0.195
0.2013888888888889
0.23310344827586205
0.21463414634146344
0.2285714285714286
0.192
0.19999999999999998
0.18857142857142858
0.1963636363636364
0.1987037037037037
0.19540229885057472
0.20592592592592596
0.20923076923076922
0.20602150537634406
0.22999999999999998
0.19363636363636366
0.2096551724137931
0.19308641975308644
0.2202298850574713
0.20592592592592596
0.20777777777777778
0.19521367521367522
0.19448275862068967
0.21131313131313134
0.2218181818181818
0.2096551724137931
0.18926829268292686
0.18810810810810813
0.19753086419753088
0.19578947368421054
0.21615384615384614
0.23137254901960785
0.21166666666666667
0.19333333333333336
0.19521367521367522
0.2096551724137931
0.21941176470588233
0.19750000000000004
0.19529411764705887
0.19578947368421054
0.21454545454545457
0.1963636363636364
0.20432432432432435
0.20800000000000002
0.21166666666666667
0.19111111111111112
0.20140350877192983
0.19757575757575757
0.20444444444444448
0.23642857142857143
0.21166666666666667
0.20761904761904765
0.20437499999999997
0.19529411764705887
0.19071428571428573
0.19111111111111112
0.19200000000000003
0.19238095238095237
0.2760493827160494
0.19466666666666668
0.20777777777777778
0.23310344827586205
0.19308641975308644
0.20137254901960783
0.21333333333333337
0.2028985507246377
0.19384615384615386
0.2202298850574713
0.20444444444444448
0.1911764705882353
0.19333333333333336
0.20800000000000002
0.1904761904761905
0.22999999999999998
0.2028571428571429
0.19747747747747746
0.22138888888888889
0.19540229885057472
0.19157894736842107
0.21105263157894735
0.20437499999999997
0.19642857142857145
0.19764705882352943
0.19222222222222224
0.19871794871794873
0.23310344827586205
0.20941176470588238
0.21382716049382716
0.2028985507246377
0.20137931034482762
0.24444444444444446
0.2013888888888889
0.2028571428571429
0.19384615384615386
0.19466666666666668
0.18909090909090912
0.19238095238095237
0.22999999999999998
0.20444444444444448
0.2
0.19642857142857145
0.21105263157894735
0.19308641975308644
0.19250000000000003
0.23567567567567568
0.19871794871794873
0.19642857142857145
0.20800000000000002
0.19053763440860216
0.2210526315789474
0.19317073170731708
0.1894949494949495
0.20444444444444448
0.20602150537634406
0.19191919191919193
0.2096551724137931
0.20777777777777778
0.1907692307692308
0.19333333333333333
0.19354838709677422
0.2061538461538462
0.19053763440860216
0.19999999999999998
0.2028282828282828
0.1936842105263158
0.18937500000000002
0.2419047619047619
0.20941176470588238
0.19071428571428573
0.18803418803418806
0.20137254901960783
0.19871794871794873
0.19555555555555557
0.20444444444444448
0.1911764705882353
0.18967741935483873
0.2177777777777778
0.19111111111111112
0.19111111111111112
0.1942857142857143
0.21166666666666667
0.19071428571428573
0.20444444444444448
0.1891891891891892
0.19642857142857145
0.18810810810810813
0.20432432432432435
0.20941176470588238
0.21333333333333337
0.1904761904761905
0.19126436781609196
0.19555555555555557
0.23280701754385966
0.22592592592592595
0.1987037037037037
0.19753086419753088
0.20761904761904765
0.19750000000000004
0.21105263157894735
0.20432432432432435
0.22999999999999998
0.19472222222222224
0.2121739130434783
0.1963636363636364
0.19000000000000003
0.19871794871794873
0.20761904761904765
0.18909090909090912
0.1917948717948718
0.2061538461538462
0.23137254901960785
0.19142857142857145
0.18814814814814815
0.21333333333333337
0.25894736842105265
0.18736842105263157
0.2210526315789474
0.20137254901960783
0.23642857142857143
0.18814814814814815
0.18967741935483873
0.1885964912280702
0.20000000000000004
0.19
0.22709677419354837
0.19444444444444448
0.20800000000000002
0.2210526315789474
0.19111111111111112
0.20444444444444448
0.19354838709677422
0.19753086419753088
0.1885714285714286
0.18937500000000002
0.20800000000000002
0.19191919191919193
0.25679012345679014
0.21615384615384614
0.2013888888888889
0.1987037037037037
0.20777777777777778
0.21382716049382716
0.2218181818181818
0.24444444444444446
0.19191919191919193
0.19
0.19873015873015873
0.1963636363636364
0.21866666666666668
0.24827586206896554
0.21382716049382716
0.21941176470588233
0.19750000000000004
0.21714285714285717
0.25679012345679014
0.19153846153846155
0.224375
0.22871794871794876
0.235
0.19096774193548388
0.18981481481481483
0.19053763440860216
0.19270833333333334
0.19200000000000003
0.19466666666666668
0.19529411764705887
0.23280701754385966
0.1987037037037037
0.20444444444444448
0.20437499999999997
0.19508771929824564
0.20437499999999997
0.20761904761904765
0.20800000000000002
0.1917241379310345
0.1917241379310345
0.224375
0.18857142857142858
0.20923076923076922
0.20444444444444448
0.19160493827160494
0.19157894736842107
0.2096551724137931
0.19354838709677422
0.19444444444444448
0.19873015873015873
0.2028571428571429
0.19071428571428573
0.20761904761904765
0.19111111111111112
0.22285714285714286
0.20137931034482762
0.22999999999999998
0.2028571428571429
0.1891891891891892
0.1917241379310345
0.1965217391304348
0.20592592592592596
0.1869918699186992
0.2028282828282828
0.20602150537634406
0.19870967741935486
0.2121739130434783
0.19000000000000003
0.19363636363636366
0.22138888888888889
0.19126436781609196
0.19578947368421054
0.2096551724137931
0.2028282828282828
0.20437499999999997
0.20800000000000002
0.2121739130434783
0.21166666666666667
0.1942857142857143
0.21000000000000002
0.23137254901960785
0.22709677419354837
0.20777777777777778
0.20437499999999997
0.23555555555555557
0.20137254901960783
0.20941176470588238
0.2028985507246377
0.20432432432432435
0.1963157894736842
0.20432432432432435
0.21105263157894735
0.21548387096774196
0.2210526315789474
0.24
0.19270833333333334
0.19111111111111112
0.2061538461538462
0.20777777777777778
0.19126436781609196
0.2028282828282828
0.19642857142857145
0.19757575757575757
0.2028571428571429
0.21131313131313134
0.22709677419354837
0.20000000000000004
0.19238095238095237
0.22434782608695653
0.19753086419753088
0.1872727272727273
0.19308641975308644
0.22999999999999998
0.19270833333333334
0.20602150537634406
0.19871794871794873
0.1965217391304348
0.23137254901960785
0.2028282828282828
0.19466666666666668
0.19191919191919193
0.18937500000000002
0.20444444444444448
0.2096551724137931
0.18937500000000002
0.19642857142857145
0.20000000000000004
0.19111111111111112
0.24529411764705883
0.1963636363636364
0.20137254901960783
0.19999999999999998
0.19540229885057472
0.19642857142857145
0.23280701754385966
0.18967741935483873
0.19466666666666668
0.19642857142857145
0.20833333333333334
0.20941176470588238
0.20437499999999997
0.248
0.2177777777777778
0.23310344827586205
0.19871794871794873
0.19384615384615386
0.2567741935483871
0.20777777777777778
0.20602150537634406
0.19444444444444448
0.19642857142857145
0.20000000000000004
0.1963157894736842
0.23567567567567568
0.20000000000000004
0.21000000000000002
0.21548387096774196
0.20280701754385966
0.1917241379310345
0.19111111111111112
0.19747747747747746
0.2013675213675214
0.1872727272727273
0.20602150537634406
0.18608695652173918
0.1911764705882353
0.20444444444444448
0.19870967741935486
0.20137931034482762
0.21941176470588233
0.2028282828282828
0.2218181818181818
0.2
0.248
0.19444444444444448
0.19540229885057472
0.21548387096774196
0.19
0.2028282828282828
0.19384615384615386
0.224375
0.20602150537634406
0.20137931034482762
0.19000000000000003
0.20444444444444448
