0.23350444994744834
0.2556044882492004
0.3311060937785075
0.24218570196643907
0.26027114182698685
0.2091358024691358
0.3186698150334514
0.3684855887824914
0.35963451151936043
0.31696287315052774
0.1873676523620233
0.211522571416551
0.38879332550931356
0.20477233666092362
0.20320126557528573
0.34370110868774995
0.3222194633973863
0.4210046987285794
0.18999300542965647
0.3120684939087135
0.29392990614540915
0.28073859850070504
0.36727543740911994
0.2693375223799822
0.21414089658630533
0.3748795648795649
0.18754435107376283
0.2897366815659499
0.2228375991721726
0.35685990338164253
0.34500550621067116
0.37502762273540735
0.2986363214735308
0.30894663817239415
0.27371112937928793
0.2218150448585231
0.20802589875444238
0.3395692098619577
0.1997978180113072
0.28344165907229574
0.3953577274307202
0.22423335923335924
0.39633403648109533
0.2647668534781208
0.2383690059650181
0.2329066977103548
0.3540028196013748
0.239478777980011
0.2570000296122914
0.208018227692722
0.25681212500168715
0.24761228615378097
0.27386145611983737
0.5021597642387005
0.3982901349125258
0.28355518622094306
0.22925033223938449
0.27356281201667093
0.27598094190176065
0.23351689041332402
0.23677855156116026
0.3422986235220875
0.27107286633421807
0.24793533115428792
0.22595057236278612
0.2902214230631946
0.26791513722548205
0.316090490265748
0.36990259995619484
0.34228740368275257
0.28563521112291257
0.3258100751438038
0.22370208707441785
0.24150648026794816
0.1952226057814293
0.3203697733342188
0.22828754069766294
0.2176234825661074
0.2902763824928391
0.31001061030472793
0.2648852027123249
0.39252789981315955
0.22785059162266783
0.3051018904453976
0.28118359856455094
0.3500667296065436
0.26350823821568503
0.2874074349811396
0.20742476941816657
0.22842950791973554
0.2507095319879777
0.27773252575884155
0.2742322476125293
0.30777094002584193
0.3922475979639167
0.2227855527283008
0.25430013300786874
0.2685978642940087
0.3129709036066514
0.2408961809902781
0.3583482126505382
0.2943955988528045
0.3604376291161751
0.3209080298786181
0.29045544209459306
0.2960592180316164
0.38170695269964566
0.22969021425335379
0.22815788681063826
0.46365030959310616
0.3766738229969384
0.24291596107385582
0.32840946537399646
0.2545177188663714
0.253805944007034
0.2946790824538845
0.3680220977279801
0.31059110114097327
0.2023241928388132
0.22623297563980518
0.27367800178823803
0.28714484354980374
0.285916720433546
0.44437584991749157
0.2911309823074529
0.26668995787639854
0.34009119969607315
0.22050769955860092
0.23721465635630604
0.3169889180132588
0.4080772916291302
0.30557577003460445
0.278948432760364
0.300671039200451
0.36539978253600547
0.2390204908214068
0.24248585827755553
0.23843550006986297
0.2775175888104547
0.3362405842463724
0.3604127304912595
0.3455592506908296
0.28478626673726415
0.2618017456594975
0.37382912503062693
0.3160665162387961
0.4476585847433745
0.20987233820993415
0.2447303690909829
0.28152834997083903
0.2806171465482157
0.2661049971468167
0.28432916232186306
0.3837331972058846
0.4024333498369255
0.2659653807983848
0.3800812593007715
0.16764218366862427
0.34399974449475273
0.21974721116940887
0.2756969770511816
0.25080419580419583
0.2678337822986857
0.3819260970415005
0.2852534055794925
0.28117508813160985
0.29116449468635996
0.3623938966988792
0.24882614854580454
0.36203825560886777
0.41186360509115927
0.29358571437855324
0.34446280370193416
0.378526750835742
0.4137777987777988
0.22346584648742923
0.24181173822948449
0.31291009933867076
0.3732854609348653
0.23209935146144264
0.20108072946413177
0.2263119396206114
0.35057716002023903
0.3549403277034856
0.25270774093208914
0.31678587187546536
0.21952274966560154
0.35316484701891426
0.3015804895609075
0.4322107251375544
0.24494768352241586
0.22517793618150442
0.3503869052847314
0.26162339447371474
0.29928393094090766
0.32005969056750955
0.4331806273763075
0.22695284395408744
0.19987505342209816
0.21190712295272524
0.25112427756489974
0.25175511706374404
0.3303567315844754
0.21253756378339247
0.26997211728728193
0.3105480236023128
0.2066374890845876
0.24185209815341002
0.21620093997707998
0.29130644979828874
0.2818460321853328
0.23286728672867285
0.2102123094859244
0.3873761141205679
0.2718346614136422
0.2412247234830731
0.27715807266210496
0.2642692698561601
0.27749444650893923
0.27741608632912984
0.2931523830046413
0.3944700016162138
0.3435107485107485
0.20174129713477237
0.22572450115272272
0.29111359061799674
0.31082394011152
0.26478767194245995
0.42804829636919184
0.21729863728065166
0.33304396630193517
0.33971160664212224
0.21530092544177049
0.3304938225896042
0.36660051465325294
0.3276511906490489
0.2926575180295835
0.24436111135864738
0.24720844188633748
0.294642082877377
0.23596368197415382
0.4423974463899837
0.40814808123148083
0.21266243676957963
0.17516124562355861
0.2519968403784662
0.32124879244621973
0.1994539249682492
0.38524124024124023
0.3141621439069996
0.30763531069321537
0.2655873882605081
0.3347003059426631
0.25528367111127404
0.22021568783026801
0.35424725701422155
0.23460259949390386
0.33569080272425345
0.3395288292347116
0.21039814930947504
0.23553696822386597
0.290266604171309
0.26391410470503907
0.20326053015300646
0.1691218156613155
0.26751036129737965
0.3430713403652147
0.3820423777809423
0.3471348571153892
0.3337083045778698
0.3234713269511285
0.24765845773854928
0.29009564031115753
0.32421440073613983
0.2437766397388335
0.3665893528735522
0.20619115868159144
0.2553145281971454
0.26492599368101566
0.42777490577771343
0.22139152679080007
0.40979412189319997
0.17644612209231805
0.36242289111854326
0.31963157894736843
0.2807314826105218
0.34281206715989326
0.3895806223992775
0.23774055036228614
0.2590918725034646
0.22108670486495202
0.24798291545117732
0.3879758303225159
0.4512265512265512
0.26149608914452305
0.2959139950176772
0.2419453734671126
0.24637201979307247
0.23260991169980516
0.26118024775185417
0.24761702121482168
0.4056858340547762
0.2682601090750766
0.3098308389622042
0.27288427852169994
0.24275649142825928
0.25159800886078587
0.2683280790724919
0.3126814623724027
0.2367896691789906
0.4298181109246042
0.2382580510419468
0.2626133689152093
0.29796919731653415
0.28042498719918074
0.24664778064721538
0.20664527350637635
0.4162113172142242
0.18613943208770795
0.19799528596904267
0.2528497492560594
0.35722523744911805
0.2557476244086151
0.21423076796840967
0.24323649704814684
0.2097401069577479
0.36913029402159836
0.45766452160844917
0.24597898917693103
0.23133858269785904
0.24471709466655828
0.29074312395359553
0.258841432783499
0.32997740702120265
0.27897470134924235
0.20711986081551298
0.288695652173913
0.24002210514010525
0.24641038748716043
0.1538704435947885
0.2505840290520618
0.23752486326748468
0.26536467369560895
0.29888508531704233
0.22881373059237933
0.24040708337155628
0.2516307975239191
0.40184191697273874
0.3428318176667955
0.41497048115259677
0.22528913046742877
0.24985766630349357
0.2764805249828633
0.355788247676908
0.3126728453117342
0.30405384145989317
0.3716679998404391
0.2819250720330421
0.2730436457285784
0.2751746632996633
0.27549433082448516
0.3465529310345735
0.36490707002699035
0.22527248224362434
0.2588707548700573
0.21506433865680605
0.22286255411255412
0.3088636758824552
0.24245391705069125
0.18912374260200346
0.2494371089975148
0.1930119173988969
0.21622149285314674
0.2808497472331265
0.2687380367980117
0.2405812653699978
0.3414910072517865
0.4108263801239135
0.27318335950904504
0.1731567443253313
0.26409006037746163
0.2894697870683242
0.260028717671558
0.2538502238502239
0.32709350302048024
0.23880316692887202
0.2948893311710649
0.25874112727528287
0.32673791794317814
0.1979858848568825
0.3286238146950862
0.2938626067021822
0.25818407661177223
0.26062747537071923
0.3641770329093024
0.2276030583255035
0.2871179085558841
0.22220115847711336
0.28081440539698255
0.28865734029563817
0.2772509163571725
0.28159591008511875
0.2391769006361968
0.20160595300569537
0.21117051248167773
0.2917183500770045
0.20232806650420287
0.20299410273286683
0.2735062144201764
0.18798880066259746
0.27664728741623923
0.3397097951443491
0.18290032534411
0.21253422894267965
0.2520305209856647
0.3727979200370046
0.36727638105188043
0.3300421361595113
0.2581481868049032
0.21979052235978233
0.26927814687539775
0.271632273246671
0.4063474409728928
0.22609556698259056
0.3671020264771555
0.27282880138719395
0.3123504445256363
0.19640753682385445
0.33341287610501863
0.36511874898967145
0.41362334554750285
0.24128806865648972
0.24522014630316843
0.23852350259603208
0.24421148684916802
0.3527077010655118
0.33547588034755477
0.3766760719935018
0.1824545883107034
0.23136556946021744
0.3432240695683518
0.3076918019429076
0.22925766020803795
0.2240233259373044
0.20502970862942044
0.28757622826165025
0.24860810113519088
0.31138972282161137
0.2956878196048703
0.2528168514735679
0.18508986940612704
0.20329722836034791
0.20794369941776764
0.3062356451864565
0.18255961073218724
0.26602342653158795
0.4217959849856402
0.2818987209932092
0.2488491503130663
0.23915033304903938
0.23830187719547852
0.3654222622063179
0.3022083789080302
0.3263351945960642
0.2212668634589905
0.20936860742310826
0.30357970117179556
0.2547926148959885
0.2513856098914064
0.3962523139164206
0.281604362073112
0.31537518841194695
0.21396723646723645
0.41422182142818775
0.19746250306229352
0.23691709915699033
0.28685025926648
0.2695983029316362
0.2873602300966992
0.27763242947875344
0.29597884412633574
0.2537493979143919
0.26688766875396136
0.34287048938086245
0.2713313243100477
0.2829398398243899
0.25371235362782757
0.32738006617403964
0.2913704616837664
0.346659549469704
0.23162605556298405
0.26636261994818744
0.2560075832847958
0.36208204334365324
0.23718408280258474
0.2761453014345743
0.30953987878472217
0.3250868508385089
0.32461293690399473
0.32377896613190726
