0.4619976682804774
0.3376232917409388
0.4419023276240668
0.42308036179170194
0.328839472789519
0.3166731143960704
0.311604756513279
0.5024231059945345
0.5159793711649491
0.36747772119560373
0.37735692777976076
0.4294957163467394
0.39049388643492733
0.4816497935897092
0.28184567797206617
0.42429904814963393
0.44519436400388845
0.438183032967722
0.36795047218362414
0.3199783260560318
0.3158585858585859
0.3054056650732109
0.41217519106407996
0.3805947532923818
0.42702238866561115
0.2779369640576537
0.35233638141246837
0.49404619345795814
0.37976625466821545
0.42691214277421174
0.43022596410193303
0.3747295321637427
0.544484126984127
0.3155209243224083
0.41384393546935067
0.3996548063001175
0.3368822276035777
0.3966586396969687
0.6228654749146076
0.39437308554191397
0.3918812007887783
0.36004957307620766
0.6073066761776439
0.46199294737657903
0.3203793884109623
0.4306988633177191
0.36402795892144646
0.352084977539523
0.5826428821643178
0.39424432524333775
0.38997981063770537
0.3282867231638418
0.3024449721964782
0.4525130636034719
0.46614291180094647
0.4214791506099454
0.3931469561326555
0.2772363758325869
0.39730589865647337
0.4332667727529388
0.5055298194176338
0.5236487460530014
0.4800521821631878
0.3687040453463811
0.3289377306482938
0.4259005192338526
0.37281002820001374
0.5999552817862677
0.4124062658209
0.41320923520923525
0.37306015037593987
0.3470239668693277
0.4333946334944234
0.39830231053252635
0.42323426382047075
0.4078576820042929
0.3878535714285714
0.3998356798731223
0.3651260484550556
0.44846560846560846
0.3485893843227015
0.3863535577150378
0.2810569206671221
0.37096027827210626
0.45705302360837174
0.32395726503474453
0.45948254810323774
0.5601908555604677
0.39049505541308815
0.3896649029982363
0.47889385567351667
0.5852660904699452
0.4008677776655305
0.3709089253187614
0.38789261664261665
0.5072204587527168
0.3781684901629827
0.38742460734800926
0.4306793509810751
0.39263590625292755
0.5917513375928523
0.46433754947644523
0.42974538297905723
0.497760484582149
0.3251059311059311
0.2818077027290136
0.40232148239691345
0.4780601598866627
0.35062972488504407
0.34280933758704674
0.5960574438481415
0.4068819021455469
0.3025211914466301
0.4147406344651682
0.4637837344190199
0.5649622876733676
0.43194635883470733
0.44225910343289404
0.2956902811677997
0.42533128661512587
0.3559108594507031
0.34993519948762386
0.4899713155187607
0.36152168777866356
0.4369562706480844
0.4077722115936222
0.4230130424262728
0.4191872614024513
0.2999401784838678
0.5522358157140766
0.46098500854216484
0.41939636212225656
0.3725348196781447
0.3881706917311244
0.34819663299663295
0.4475689378915186
0.32118587189834014
0.4551332016372667
0.4026512544539398
0.3506137137716085
0.49842409603279164
0.31199609551925606
0.3618131868131868
0.5149916566203726
0.43445386275343767
0.38565283873214906
0.3248040713457844
0.31272323478594105
0.5688134472159995
0.3034795953705915
0.2937080540718312
0.3289025209301707
0.4615658126147533
0.38807588075880756
0.33564487915551744
0.36254585428275043
0.4327164202437261
0.3435229493553984
0.4379893759964355
0.3757717173562426
0.3536457750287538
0.31016851551707963
0.421444976076555
0.4497387597014114
0.3672833649588868
0.5786709011381704
0.44471553498310407
0.2749153896950507
0.4872968761213463
0.3626443466927338
0.3518777081310443
0.43325533661740556
0.5793253136151271
0.35426866362976556
0.41199323263484394
0.39716259737998866
0.3593028846153846
0.41455431743090543
0.39614932616838827
0.4144258841402969
0.4498552309017425
0.41779503105590066
0.38441419021129164
0.6009570494864612
0.39335643011072735
0.4768889499113379
0.35611827555619774
0.47776289716226966
0.26946171463990276
0.4935879152230105
0.5706943383413973
0.3758494582043343
0.36996780679427727
0.32835466803208735
0.4070648144817933
0.41950802719158864
0.443883164884048
0.4087185725871857
0.4733122571108409
0.3994968494797496
0.7046571995298949
0.294932271613806
0.3873822513184215
0.3620707070707071
0.5746072253645849
0.4004100363549675
0.34070170139937583
0.4880753968253968
0.44000364921883905
0.3773996488547572
0.40941094541849515
0.356751280487405
0.3543413413833103
0.38808897243107765
0.3370026700716953
0.4317966903073286
0.5603367928367928
0.40976330295129554
0.28690967525410427
0.3770250247803362
0.5324143854306581
0.2668867127617128
0.34249407638202206
0.4786716003193686
0.3440956072351421
0.3097579101036667
0.317205453484981
0.6521547062198965
0.49091954176157915
0.28880155867843965
0.35253840411175236
0.4354173335565793
0.32095435729847493
0.5509288055398112
0.4701550905449899
0.41399867799683976
0.4276478717523493
0.4079261128944248
0.3977501114888951
0.3992131346177148
0.28672530712994393
0.41977723410521867
0.3579398148148148
0.36252725002450215
0.298853170316585
0.397056835324287
0.5012361382909328
0.47618254879882693
0.30325425830610947
0.3147148392337195
0.2991684516523868
0.44444610210001834
0.503635651340492
0.5275044724196852
0.4461311579843297
0.3062324929971989
0.3797761933056051
0.4150337475633529
0.5772713337025438
0.5392474989125707
0.4051209163492286
0.2884246769649884
0.4920643539467069
0.4667096539823813
0.3710787203843215
0.4313741526672562
0.5335280508964719
0.31584534377426
0.3534123628309675
0.30938174763832654
0.5603904199047576
0.3807027580262874
0.5427288926326702
0.44005858272162623
0.3189171622285371
0.2865320193902283
0.38953829938177764
0.4523326530191518
0.41304700706974684
0.4502153749028749
0.4467079018649801
0.3355612667952753
0.421847466604656
0.38151783730952066
0.38905751993793847
0.3119006920619824
0.4547372997372997
0.5021592042694641
0.4363295077245779
0.3959541189452978
0.43036678257989736
0.33586738464787247
0.47773175481043717
0.4134749766929401
0.6194804394804394
0.32494510320597275
0.37204369697250006
0.3914329110889848
0.25303060861282595
0.2702808302808303
0.354865946771775
0.43501988537555386
0.48552070071700804
0.35741755504379613
0.3111273719609015
0.3988496033698592
0.5285497224303195
0.4572195383789586
0.3476263725564099
0.4804864627546763
0.4939204794092012
0.49671310075475017
0.3330135670441836
0.39748462852709293
0.3080084093261927
0.3710281590642122
0.3275008145975888
0.47888239127097976
0.3972279056550156
0.40814581124072113
0.4853667437327168
0.4266000753435112
0.46023989898989903
0.3337550660101708
0.2833684794372426
0.41769156282399883
0.3843363625796255
0.3863630011263337
0.41426253464348706
0.42556427699284843
0.39882665452337585
0.3612313717954617
0.39930329598716696
0.533571438127068
0.4907992085816746
0.4567767623323179
0.4005767498623283
0.3534135984592374
0.29834527541424094
0.5138081436381944
0.46041427064831597
0.48782534353268336
0.4798472769968877
0.4853037910320824
0.43699494491341073
0.36005211590577446
0.34959317585301836
0.39142718167108415
0.4153217592592593
0.4072530667096005
0.5500372553183958
0.46451863430408774
0.3473337189126663
0.3922063900635329
0.41135497119376796
0.3273059127797113
0.3865671151544788
0.402580166281971
0.4362115489285946
0.34085609755920443
0.46390917370425566
0.629793217535153
0.4250439139404657
0.2536275536463569
0.32210221876888545
0.2930110575072846
0.5648048520089901
0.45620640738417295
0.46436041083099905
0.29968099684132293
0.3405945719892589
0.2982381358340438
0.3336151960784314
0.39202108092812676
0.5823096154085942
0.3834504357298475
0.4508138785817357
0.3447213589596596
0.34751974868826113
0.38959127242450764
0.46030308448469365
0.2828619774787621
0.46719000361176777
0.4204548505985288
0.39027968721585743
0.4866859468787253
0.26069830384815096
0.5438527381796565
0.39940650376690423
0.3440312613595056
0.3436002178649237
0.378646964077048
0.3888626680034999
0.4133039514199617
0.3757353956228997
0.38373744152815814
0.5104063257638851
0.3443322740266713
0.49909988062276794
0.33763018858304605
0.4067257217847769
0.42109825631884457
0.3590642115337751
0.32889983281970714
0.4198716243106487
0.48245534278390884
0.3024599526658424
0.41661375661375666
0.33769352219798354
0.27492253325942356
0.4087274163396702
0.4940845274943636
0.5279906340221419
0.3483876789548333
0.46359130358987394
0.4510475364007973
0.446751107419712
0.4424950104233486
0.3797117587345015
0.3542138565009322
0.435013711592659
0.35010986489665197
0.4659861902029519
0.3882417885186862
0.31618910056018823
0.5836615111910022
0.42615176290553675
0.4250700835101764
0.4332724494756581
0.41849058572742787
0.4919721542227662
0.3935555909468953
0.34360216572504715
0.2793943903318904
0.3656678842984022
0.5114530181958218
0.5130097753963452
0.40763657489463945
0.41223088010988396
0.4297484209779292
0.41856411862990817
0.4508135485913264
0.3934850655677954
0.44141593821953257
0.4440828908014405
0.46951826483836073
0.3418185328185328
0.38009192332227315
0.4906274598854726
0.4016912944079179
0.4008382427662291
0.3380998389694042
0.3478588864170065
0.4845124917774058
0.38698297025275913
0.4014182308919151
0.4025133505598622
0.4294411614337911
0.31049339066730375
0.5020224005669578
0.4409811188811189
0.45037423991155334
0.4788011219180051
0.5825872866924975
0.4783962461843382
0.36238724579990855
0.4612528623482881
0.37121169791764036
0.37891246752510266
0.49843480768646103
0.2743641911291639
0.40411789652247665
0.26695343411838257
0.411433041071284
0.33489594103767334
0.27828907841052053
0.3045599081280427
0.4295569371401772
0.5276455026455026
0.31998125268916344
0.29117663758223133
0.5509774436090226
0.3368957848337213
0.33981178656483535
0.5108885072953865
0.42131381370213883
0.3925645192005031
0.4209534368070953
0.454659326802325
0.3276662915878602
0.36537851037851043
0.44221136280599205
0.5218174066716296
0.4404198261261665
0.41073716177602715
0.4857702192475132
0.355239105312098
0.3478875299592562
0.5834874003189793
0.5266294492760671
