0.4307761737173502
0.4735878916198065
0.5251174820646469
0.4975690975690975
0.45075023078717147
0.5037383793443434
0.4546612257299713
0.5157807481429383
0.46640384844513283
0.558514077567786
0.45824644092809663
0.4400128926357505
0.502883545894629
0.4692625931987634
0.4648137880215506
0.5495921702014139
0.45665196553127585
0.46707562672807434
0.4403850556354977
0.4477946760841498
0.5148591560356266
0.5725548437788581
0.4988958702616093
0.46857983209366
0.49140004492757805
0.528386753929283
0.5010383770027185
0.5887764035610662
0.5062171375705917
0.43559550872566616
0.5700605768443229
0.43215174893822783
0.463548196472095
0.4315683012557019
0.507270753355659
0.5101640262457329
0.48236181904455766
0.5226230545014574
0.44365519353557636
0.4855393533481768
0.4874832438254685
0.44555672934983276
0.549459495660476
0.5001559084479876
0.48159143329825016
0.4101645830672163
0.4584887444990473
0.43826483976392827
0.4673946790456224
0.4271508543377702
0.5529230864714735
0.5363770646697475
0.3807470944970945
0.5450631123095476
0.5010908717529722
0.42429599859267375
0.46172753172753167
0.5385558050074178
0.4089607252650731
0.5449208036907057
0.44461535443222455
0.5736841458901929
0.3863886184495993
0.4888489562182554
0.5081740838281086
0.45285595377986676
0.5745694614756189
0.39996061672532257
0.42412645856133613
0.4452889780620872
0.4303407880533153
0.5548145604395605
0.4239040681110491
0.5276464518705898
0.4405456103036748
0.3871029016029016
0.4763264741503864
0.502391395154553
0.5976605801605801
0.4022678302090067
0.5098711288253619
0.49558611144948084
0.4864319316883592
0.5146366520836297
0.5308144539940205
0.5032189853935279
0.46323065869373753
0.47785535294486703
0.4246600848316535
0.5314312289018172
0.49528850234732585
0.45766342672003046
0.48418649161296223
0.45450703550811483
0.4712739152609843
0.44711843711843713
0.503935851746258
0.522547209758163
0.45278135640711703
0.5341269283633185
0.500396607455431
0.4884967678655944
0.4925982042648709
0.5110954675524637
0.4804685025333696
0.4607047821951613
0.47869712234844386
0.4449805659190306
0.4891582321187584
0.5242456265040711
0.5507632498414782
0.47290034600954267
0.4949524786489974
0.5093520123913136
0.5372776658510928
0.5742717086834734
0.5286048454469507
0.4803190723582881
0.4807314311521885
0.5421723469826879
0.49970676629698163
0.4795533904551318
0.40347781268833893
0.49151168539661794
0.4476756229275157
0.42657658183895064
0.4740267756444227
0.4866771081069602
0.4086974049995905
0.561350025811735
0.5325950036443787
0.5222627928510282
0.5172656731352383
0.5045812785618491
0.4354009845263451
0.47322825044158123
0.4874195932393208
0.4686119874277769
0.5249076479076479
0.4908338354085777
0.47334166638514463
0.5424407993739171
0.4997502727984455
0.5823161464029456
0.4196179020585303
0.4358876200052671
0.41809227330779053
0.4552634821545384
0.5181989669220806
0.43355073607884703
0.4646902811902811
0.5420454180322601
0.4449050235390613
0.5265634118967452
0.4525378399010239
0.41216694088189415
0.4351567134721548
0.4561223590129624
0.5479845619535483
0.4747880375233642
0.41313456630417256
0.504463542110601
0.49623029182252487
0.4695043471934228
0.39064872565495623
0.5051523597175771
0.5068685107995453
0.4654072995194491
0.41739009816474604
0.4668917790081473
0.47220133667502084
0.44866122004357306
0.4348619172160012
0.5047532508185077
0.47502093039138604
0.500597419022636
0.3681685111981722
0.5257459774437611
0.5156937284636178
0.44917627147325223
0.46792937105714383
0.4583488119885635
0.5330187969924812
0.5169419908853836
0.527273711974522
0.5287548974207289
0.5242851592851593
0.38272759823091684
0.5344750726540828
0.4132383699488963
0.515315208825847
0.474377607899347
0.5049285460342336
0.44343410237192377
0.4416132874456673
0.4786861313129062
0.4621132379137305
0.44201004121860565
0.48810289019877195
0.5037507960932515
0.4774938706297684
0.5015097685908676
0.4587310136021828
0.5741481131296758
0.5376086071738246
0.5160529759872539
0.49476231569563445
0.4987501560029952
0.5591028295376121
0.5438756757066616
0.5416910886218287
0.5259324851891471
0.5120095645095645
0.4869249501806868
0.4878735720486444
0.41603269516312996
0.44395649273068627
0.4267225752089454
0.5948087603922623
0.5457901110153925
0.5066923140337076
0.4784455598781717
0.42458089296324586
0.4992012863567058
0.5150192701846816
0.5012096229925688
0.5213329616585858
0.46742975621024396
0.5031775086775087
0.45348389581453163
0.4354177109440267
0.5329271561771561
0.5596948958180842
0.5454528054188245
0.4902661363962507
0.5161856636240872
0.40585690416517484
0.4553487023296615
0.4650758518738156
0.47415119104936143
0.4899818908689876
0.5310446247464503
0.4953677381767817
0.44952233636917355
0.4744761851100593
0.4621299965181202
0.4920195962816202
0.44163803150872116
0.4111335729978724
0.463111182602708
0.4638945484219116
0.5176803751803751
0.4561679306201857
0.43287526851602176
0.5584641363364767
0.5483162488617034
0.4514035087719298
0.4060138686306923
0.5074494307212692
0.45317984541486844
0.5122516835016835
0.440057953103549
0.4306859436187015
0.578595625264105
0.5023017597129357
0.4424259998796609
0.49789758002896056
0.5501448243114909
0.5781381864715197
0.4026888354273169
0.437241177746191
0.543545966218475
0.5104853831688931
0.43056813025349283
0.5377813421535541
0.4220735761770004
0.5510416666666668
0.49954166097006414
0.4551237455990408
0.5063775296623246
0.44943159237276886
0.5011045661045661
0.5247521708433919
0.4272546070137814
0.35797993671943257
0.5571167721167721
0.5062812752219532
0.5734680874998097
0.483807972195069
0.5581996767747767
0.4957530371786467
0.4915847551141669
0.41069011327740956
0.5117233652016261
0.4690076970019094
0.4284622623753058
0.4308630663760975
0.44255276858218034
0.4999747241752891
0.47777777777777775
0.5257683982683983
0.44449686550666945
0.34170044843754244
0.4956534838242155
0.44573788530310265
0.5572219734288699
0.535381124815087
0.5778635049161365
0.4569408112337964
0.5127796580111831
0.44607469168281033
0.536359673570772
0.5443481994289743
0.5106668647518623
0.49672710182532687
0.4805210848057973
0.5012073338847532
0.3482242164878215
0.3992693472393741
0.5175009327125198
0.46892299781733526
0.4330474393889916
0.4307226539744478
0.47122577653827646
0.4719142605311828
0.47022564305060943
0.546132599660637
0.48420014683172574
0.5332846812685522
0.5243887158732737
0.5296122469389796
0.4590671218330793
0.47400891935721656
0.5031854315914777
0.45396247879509477
0.45785513282778667
0.4121720355600995
0.47281715231434995
0.46615220949062497
0.4802727536948186
0.47865446049106697
0.556475567671445
0.5460944719768249
0.4451712500998323
0.48948606948606943
0.4963561072051638
0.5327424992072912
0.5266786994367639
0.454328016716151
0.5129463635468701
0.5639587457207594
0.44699374699374694
0.47371400908330047
0.5444233546131632
0.5160872589782894
0.4806363362885102
0.4689219509407303
0.46956887102667155
0.5365869124489814
0.40139578744841903
0.4645257898322913
0.49921672327882816
0.4941284026707755
0.4025305629498176
0.4868155576388508
0.5064724973420626
0.5680091255955356
0.4571522824154403
0.3867292323037077
0.5408496008618824
0.570774936382413
0.4242255081705308
0.5000512878107217
0.48717205275344805
0.44073828719106956
0.5237232484641646
0.5401493226683469
0.5759397942199794
0.46811221709793305
0.5576048835040908
0.44802480153962665
0.5284024455077087
0.45492447389653845
0.4885086404537734
0.447496868211154
0.505257615716852
0.5026095222808837
0.4397868307004728
0.36384256499061146
0.4685166837156568
0.46110239575394285
0.5357462617266538
0.4644715236366779
0.4930642453283962
0.5071212121212121
0.4543516652070082
0.42095671951790714
0.46094901770813734
0.5198779642017078
0.49687396743819867
0.3860256475913163
0.48562760441220865
0.4137908939245947
0.46124780112126995
0.44122096022096635
0.5311991658589598
0.5179648319682162
0.4755045905765866
0.5506895936846431
0.5627506441792155
0.4966085895956254
0.5247016159356332
0.5069875699189619
0.49135057714183167
0.44294852191641176
0.5586018075491759
0.5733938828056475
0.5016952638005269
0.5686944845278178
0.4011145741761901
0.4830579300539247
0.4851273062857221
0.5380022866918027
0.46189178620309634
0.4974345684896144
0.45844738930547513
0.5109113025723139
0.48768293900369375
0.4451649659493918
0.49989744763821675
0.45888627689985917
0.5823686103803062
0.5176730188837498
0.4745337453126558
0.45067893818515836
0.5312882215823391
0.505187941540733
0.4968652121995145
0.4032281640782647
0.42723293925823314
0.5356587447397416
0.5407024258978954
0.4370203897269693
0.4727694145758662
0.5409945268462918
0.57824925352373
0.44576224063293024
0.5930115684691956
0.4683484504913076
0.5018547964278779
0.5383855612306316
0.5198025099343119
0.4583984418359418
0.46041060941376244
0.4751451444536551
0.5641836154751756
0.4828196870225856
0.5336848186834443
0.5704215583666634
0.5379748692417485
0.517610366203663
0.5452708156628943
0.4945886599496636
0.5522211448682037
0.4452833402906887
0.4658653750163184
0.4727776001478937
0.46809091447643125
0.44389849349960697
0.4881708645375878
0.5203181818181818
0.4796676937418759
0.4636971950942539
0.5643879875660024
0.383804372537458
0.5262654203095379
0.3836627793630504
0.4637286995433388
0.4963442651531536
0.5254083213767833
0.49998001014143983
0.5040870049982086
0.5534538176120326
0.5692287237475635
0.40921806538591166
0.433220242325786
0.47516620284401045
0.46347805679853366
0.47662239495076497
0.5008839091192032
0.5633261071205159
0.37184666593107507
0.5110548119048773
0.5044964137888666
0.46622807977798897
0.42663660848954965
0.46717055363040905
0.5119083748495513
0.4679489178136917
0.45609477427334566
