0.388824894581433
0.40386093347486945
0.48124789231932086
0.4042202096149464
0.5113692842862598
0.34223370617866716
0.5097838642871015
0.37686162991426153
0.4679554205706973
0.48219201584570265
0.4241944589390683
0.5032192190525523
0.4578997256002155
0.48452341658062115
0.5125201218534552
0.479638792801681
0.5451020814735239
0.4079938615687408
0.47142012963469876
0.4212245749407519
0.5418829745580953
0.4327557541843256
0.5297216194494675
0.4556940752554788
0.4198613310808433
0.4351491059087298
0.4812120099076621
0.4817055711173358
0.5637368337038122
0.4895574350543631
0.4634321592234436
0.43579891681190386
0.4318490840264057
0.34513687118771863
0.5060412262156448
0.5319060368189888
0.40540670677512786
0.37147867177428295
0.43626919982313883
0.4154856409204235
0.44442680186857403
0.4943212951432129
0.4867578453292739
0.5101619101746978
0.5104902233510724
0.4710314316256592
0.49584637221892125
0.46985850522632444
0.4643121198361514
0.42897358296796617
0.4326984126984127
0.4083108611410498
0.47582751054645245
0.49465137118992064
0.4452521276644084
0.42318493820637404
0.41500403355907167
0.4515767672557117
0.48956077289410616
0.4453964357033411
0.4065222177119638
0.5187393681097396
0.5305340122731427
0.44620409730937033
0.4745014635712711
0.44179762814216594
0.5861080143688839
0.3938344732653676
0.44359259259259254
0.5148479559872594
0.5165141282888956
0.4870279398540268
0.5727442174899802
0.41734153372213634
0.4098385394788763
0.44502116666532027
0.49334521890321353
0.4445663129292189
0.47433908199214436
0.401346250267393
0.5234733050263198
0.45513709878984476
0.4752570738440304
0.3703906540698994
0.4000188345514295
0.4587052787052788
0.46064669573441497
0.45024432162139444
0.4417509200326266
0.4016159643835826
0.4066165570524181
0.4407919768479358
0.4964323780794369
0.4954275199815997
0.4519133219090594
0.46397944647944644
0.4735190552893044
0.4339811582768097
0.47665241595681207
0.4859595959595959
0.47391379497509145
0.48596932145177757
0.4889370689370689
0.3551204575159248
0.4798920458920459
0.4058509152587936
0.4977648819890199
0.43924306202068875
0.3823499079342895
0.46749011856668765
0.5702754435107376
0.5238056320013501
0.4299361720989613
0.41236305239594706
0.42622823862695897
0.4416399696033436
0.4919774440521511
0.5447969677381441
0.4658495974045662
0.408725077426188
0.4096639133224499
0.45632830632830634
0.5112914805561865
0.48825131374473474
0.529315027549323
0.4402513718571066
0.4097738569467043
0.5560669355622089
0.48075424098272423
0.5480232251092528
0.4111034179656098
0.4926127799022535
0.4837209412209412
0.49922831861709327
0.4790931848400344
0.37107415202276867
0.5156566725613071
0.4279204801371984
0.4142124476775444
0.37126352775557603
0.39289364160331897
0.48955611292928214
0.43381197267882177
0.4599134521307747
0.50825368738665
0.42262061854094446
0.47374567302142856
0.42574696545284774
0.5070204029628167
0.4571025147080472
0.45754033749139733
0.4559797637282424
0.3722591594289707
0.4523278598388515
0.4392822584489251
0.5412483217582287
0.49962138103442444
0.3660664451732867
0.4590247163332827
0.4573782219176956
0.5127017225756341
0.3818539713015421
0.43217594217594213
0.47035618325443007
0.5244931207855736
0.46495127996634666
0.44780918892321503
0.441921973965647
0.5199765390554865
0.48507665740619454
0.45331462209294937
0.45668439604769195
0.4818410387269797
0.44563804361907716
0.4583084201798433
0.44949871852856926
0.47052797210589214
0.49996572871572875
0.42711680712431255
0.46516108869050043
0.5743194545064495
0.37878316695250336
0.5278866037495645
0.37579934528750625
0.4742391504629296
0.47828627957277714
0.43305326940501365
0.41746454256852994
0.5266975130133025
0.41703668894458373
0.4121432524478501
0.4402296382352562
0.39534962611906843
0.520607315389924
0.37668874048719003
0.4429752066115702
0.5040378491564932
0.3959441473559121
0.539137510218343
0.4554650390230379
0.35612062517721815
0.4269986733904459
0.5470864812839202
0.5026020766485882
0.4663587097457066
0.4418919748462169
0.48009077502583997
0.44325446740541075
0.43709039748280876
0.41822225805459784
0.43006695563444297
0.4771595770967294
0.3943551194619048
0.40478174603174605
0.4231886189147767
0.45484621586664387
0.45076612190467025
0.49354057145914154
0.5009394764909639
0.45369940012997856
0.48691590069695656
0.4207180727511697
0.4605942006432202
0.4511393233529456
0.4521087189190637
0.570457476436015
0.40080765020420195
0.5269364753603883
0.4933572443601584
0.3863482582283915
0.41094807453907256
0.46328921807327506
0.4112527560989524
0.49884690114953273
0.3879186042572265
0.4816950859672625
0.4432743503105332
0.4704309511456847
0.5713373052621423
0.3972613640050615
0.38869731075164815
0.51208875342718
0.4689782990421135
0.40171191553544494
0.3818592543077838
0.49191028315574936
0.4772573722573723
0.515889091675946
0.4428031080347545
0.3878934829550064
0.42468034381077857
0.4856029284295988
0.3960805042629332
0.4831478691559337
0.46441890775001593
0.4648024649742717
0.38167128123932265
0.36585176390094426
0.42978338632750396
0.4775235690706838
0.4481059218559218
0.40166025332692
0.4582054382758608
0.5226484796817277
0.628397234252728
0.505315734989648
0.4392378005372355
0.4663404670811414
0.4504492977663709
0.43074210855138817
0.4716101919211979
0.49175667412509516
0.4392437882096678
0.493268864156329
0.4730099802059874
0.5436910964509389
0.4086338160693831
0.4600458842965029
0.40557304390777893
0.4706523498288204
0.4407623512805001
0.42795834243947456
0.42159086386665945
0.4401039808964059
0.3674041747133636
0.4750999226332931
0.4541147848394226
0.43846368795552104
0.4244487023213349
0.5564611648003271
0.47475399940145013
0.3936847973929314
0.4818527241972712
0.48370590102297417
0.40452317090424506
0.4111208211070263
0.41614814814814816
0.44046153296153295
0.40702165889665887
0.426832627992645
0.45727840177840173
0.49469825822767
0.36719265483971364
0.4304298646654887
0.3769742635546036
0.4438075133047611
0.6068898385565051
0.5839791572468314
0.40238399027872707
0.34394496589411844
0.4050563346193304
0.45068250408388344
0.40883015959438584
0.4989560505005457
0.4365598204177577
0.46973754074671503
0.411519888274217
0.4344604449923599
0.42431263328036084
0.4589870918069419
0.5016738871668449
0.4818187718636937
0.4046168708127169
0.48871351487115033
0.4319573019573019
0.48306229498285913
0.48259590038465416
0.3841349837901562
0.4844111284727277
0.46594458632987934
0.4451588294031558
0.4680575683470337
0.4927510267510268
0.46160759805960994
0.476653105159499
0.36523944091083527
0.41405565546204026
0.4705984229049244
0.380708222168324
0.4391406071558259
0.44530358752247806
0.40777194376116377
0.5199873335689879
0.3593585320058476
0.4263571440821017
0.45662977901528135
0.5437059113200755
0.4458885558885558
0.3685450697582723
0.5393420523274391
0.4907458210971092
0.40543062096633525
0.396449992502624
0.44362621255661205
0.42912068732691033
0.4749280174350474
0.41528122683988866
0.42790810021345915
0.44385170763261583
0.3810667145572806
0.4323682827814773
0.4232596137033101
0.45786587249488353
0.4642820330447105
0.4068655805338048
0.33421427156721273
0.5039235456231292
0.39653731836730893
0.40141594977912115
0.46242520561794076
0.4413797074677712
0.3861202908456912
0.38452136036372053
0.39466484432796023
0.5546740397087604
0.5246501229572633
0.4544526344526344
0.450371597631378
0.46134958537397563
0.5060330666796157
0.442700695928544
0.47306202585121393
0.4286393799172188
0.6019640586974683
0.41536124686680986
0.5452933629677815
0.41806637806637803
0.41541915126217455
0.318207398232244
0.5001284974537319
0.4587569981797867
0.4543787936074285
0.4552415838130124
0.4245174238277686
0.42961624841324086
0.4515623731353403
0.5038944425860639
0.45217315789463947
0.3940465689707746
0.5141834094420301
0.4135122279911121
0.48846100369972545
0.42918330329545273
0.4997997156820686
0.37794822729033256
0.4103826264937376
0.45050473097962507
0.5281514462038353
0.4034610856951283
0.4706620227960676
0.47643675611601055
0.4657007548013645
0.4422487182285615
0.4981414150723613
0.3511140792915774
0.49061803964242984
0.5077403646951348
0.4118260281385282
0.43307339783134224
0.41074894949894947
0.4194849577113297
0.44910394538527787
0.4736237144585602
0.47399192425508213
0.44071148687978057
0.44506802721088434
0.4382846924549052
0.48293930133495366
0.5788754019541495
0.43481384068620665
0.34053645516477854
0.5661988304093567
0.462116795511234
0.5115991424324757
0.41105556384464587
0.5235498792365101
0.4274678504672546
0.42118246962509265
0.5125735768547516
0.4113035275531115
0.41205040115081004
0.4050654536853181
0.41642442531691437
0.40483705147023197
0.37712670155781614
0.5281583934924949
0.36341458665329496
0.44583118784649595
0.37190617948748034
0.38365291765291765
0.4999482330605751
0.40537534579378603
0.38786637973035876
0.5178370376107367
0.46852778936622763
0.4811208670133156
0.5114374230105937
0.4021406806002441
0.4518323276294291
0.4236141279123735
0.41710738105374123
0.5581235895252289
0.5269480977475628
0.3744282706401356
0.4993970881960341
0.39920179856454363
0.4907005906141806
0.5421927497789567
0.3421854420710705
0.467748903044781
0.4933022861105697
0.4642346609868938
0.46775314282248026
0.49305516114491765
0.3922522347345042
0.5385208118335053
0.3570370002624995
0.5041006531780224
0.43741936331345965
0.47276485807336865
0.5354416035862577
0.4198450017415535
0.4311593262380664
0.5023127532857553
0.4416088008892788
0.49510034817374265
0.4310748416907837
0.396579923393941
0.47219712800163227
0.4020421747450145
0.5225167456082404
0.47176863045533923
0.47557019204037554
0.46040111608163725
0.39185711631363807
0.48710747798663406
0.39471856377825565
0.5470926905073247
0.5032269119769119
0.46375531375531376
