0.7188888888888889
0.761388888888889
0.7238888888888889
0.7458333333333333
0.7247222222222223
0.7534722222222223
0.6791666666666667
0.7958333333333334
0.73
0.7534722222222223
0.7118055555555555
0.7347222222222223
0.7066666666666666
0.675
0.7672222222222222
0.7909722222222222
0.7143055555555555
0.7229166666666667
0.7833333333333333
0.7594444444444445
0.7511111111111111
0.71375
0.77
0.7425
0.7266666666666667
0.7244444444444444
0.7218055555555556
0.6868055555555554
0.7116666666666667
0.7472222222222222
0.7359722222222222
0.7404166666666666
0.7252777777777778
0.6880555555555554
0.7679166666666667
0.7100000000000001
0.7441666666666668
0.7155555555555556
0.6883333333333334
0.7174999999999999
0.7351388888888889
0.8019444444444446
0.7454166666666667
0.7434722222222222
0.7433333333333333
0.7698611111111111
0.7801388888888889
0.7570833333333333
0.7702777777777777
0.6743055555555556
0.7291666666666667
0.6934722222222223
0.7204166666666667
0.7748611111111111
0.7502777777777778
0.7077777777777778
0.7773611111111111
0.7268055555555555
0.7708333333333334
0.69375
0.7786111111111111
0.8044444444444445
0.7251388888888889
0.7247222222222223
0.7879166666666666
0.706111111111111
0.7133333333333334
0.6908333333333333
0.7124999999999999
0.7245833333333334
0.7212500000000001
0.7540277777777777
0.7394444444444443
0.7431944444444444
0.7004166666666667
0.7538888888888888
0.7397222222222223
0.7394444444444445
0.7255555555555556
0.7683333333333333
0.7315277777777778
0.7708333333333334
0.6893055555555555
0.7252777777777778
0.7554166666666667
0.726111111111111
0.7204166666666667
0.7277777777777777
0.7136111111111111
0.74625
0.7716666666666667
0.7383333333333334
0.7490277777777778
0.7640277777777779
0.6413888888888889
0.7520833333333333
0.7833333333333333
0.7544444444444444
0.7661111111111112
0.6901388888888889
0.705
0.6886111111111112
0.7447222222222223
0.7741666666666667
0.777638888888889
0.7641666666666667
0.7245833333333334
0.6597222222222222
0.7288888888888889
0.74375
0.7366666666666667
0.7688888888888888
0.762361111111111
0.7490277777777777
0.7822222222222224
0.7591666666666667
0.74625
0.7522222222222222
0.7295833333333334
0.7908333333333334
0.7175
0.7041666666666667
0.7325
0.6668055555555555
0.6977777777777777
0.7725
0.7344444444444445
0.6898611111111111
0.7169444444444445
0.7741666666666668
0.7505555555555556
0.7883333333333333
0.7305555555555555
0.7336111111111111
0.6915277777777779
0.7325
0.7106944444444445
0.6956944444444445
0.7131944444444446
0.7125
0.7354166666666666
0.7230555555555557
0.7213888888888889
0.7736111111111111
0.6726388888888889
0.7286111111111112
0.7648611111111112
0.7797222222222223
0.7658333333333334
0.7354166666666668
0.6955555555555556
0.7308333333333333
0.6833333333333333
0.7268055555555555
0.7302777777777778
0.7566666666666667
0.7230555555555556
0.7881944444444445
0.7816666666666666
0.7458333333333335
0.7477777777777779
0.7356944444444444
0.783888888888889
0.7695833333333333
0.7404166666666666
0.6797222222222223
0.7147222222222221
0.7152777777777778
0.6627777777777778
0.6640277777777778
0.7541666666666668
0.7611111111111111
0.7813888888888889
0.7034722222222222
0.7048611111111113
0.7233333333333333
0.7631944444444444
0.7484722222222222
0.7205555555555556
0.7488888888888889
0.76
0.7513888888888889
0.7177777777777777
0.7156944444444444
0.742361111111111
0.7369444444444444
0.7219444444444444
0.7241666666666666
0.7761111111111112
0.7386111111111111
0.8086111111111112
0.7695833333333334
0.7426388888888888
0.7330555555555556
0.7124999999999999
0.75
0.7279166666666668
0.72625
0.6988888888888889
0.7670833333333333
0.6616666666666668
0.7208333333333334
0.7816666666666667
0.7788888888888889
0.7477777777777779
0.7336111111111111
0.7495833333333334
0.7016666666666667
0.7227777777777777
0.8401388888888889
0.6655555555555556
0.7563888888888889
0.7855555555555556
0.7563888888888888
0.7427777777777778
0.6933333333333334
0.7605555555555557
0.7224999999999999
0.7409722222222223
0.7186111111111111
0.7002777777777778
0.7490277777777778
0.6677777777777779
0.8066666666666666
0.7333333333333334
0.78
0.75875
0.7513888888888889
0.7244444444444444
0.7130555555555556
0.6688888888888889
0.7343055555555555
0.78875
0.7675000000000001
0.7688888888888888
0.783888888888889
0.71125
0.7558333333333335
0.7727777777777779
0.6613888888888889
0.6555555555555556
0.7877777777777778
0.7402777777777778
0.7
0.7079166666666666
0.6976388888888889
0.6391666666666668
0.7636111111111111
0.7744444444444445
0.8180555555555556
0.6923611111111111
0.7209722222222222
0.8041666666666667
0.7730555555555556
0.7377777777777778
0.7663888888888889
0.7509722222222223
0.7159722222222223
0.7566666666666667
0.7472222222222221
0.6962499999999999
0.7227777777777776
0.7219444444444444
0.73625
0.778888888888889
0.7766666666666667
0.7105555555555555
0.7852777777777777
0.7655555555555557
0.7198611111111111
0.7647222222222223
0.7294444444444445
0.7119444444444445
0.7366666666666667
0.7330555555555555
0.7400000000000001
0.6979166666666666
0.727638888888889
0.7108333333333334
0.7291666666666667
0.6991666666666667
0.6425000000000001
0.7152777777777778
0.6923611111111112
0.7534722222222222
0.744027777777778
0.7530555555555556
0.7573611111111112
0.7593055555555555
0.7188888888888889
0.7297222222222222
0.6941666666666667
0.7827777777777778
0.7011111111111112
0.7486111111111111
0.72375
0.7888888888888889
0.6849999999999999
0.7280555555555557
0.7675000000000001
0.7144444444444444
0.7205555555555556
0.7638888888888888
0.7269444444444444
0.6930555555555555
0.7752777777777777
0.6697222222222222
0.8273611111111112
0.7504166666666666
0.7209722222222222
0.7113888888888888
0.7047222222222222
0.7458333333333333
0.7493055555555557
0.7019444444444444
0.68375
0.6758333333333334
0.7202777777777779
0.7072222222222222
0.798888888888889
0.7188888888888889
0.7419444444444444
0.6770833333333334
0.6763888888888888
0.7308333333333333
0.7329166666666667
0.7520833333333333
0.7522222222222222
0.6702777777777779
0.7827777777777778
0.7111111111111111
0.6437499999999999
0.7608333333333334
0.7341666666666667
0.6943055555555556
0.7577777777777778
0.7555555555555556
0.7301388888888889
0.6891666666666666
0.7545833333333334
0.6759722222222222
0.7443055555555556
0.7663888888888889
0.7372222222222222
0.7605555555555557
0.7095833333333333
0.725
0.7090277777777778
0.7147222222222223
0.7433333333333333
0.763888888888889
0.6863888888888889
0.7854166666666667
0.7144444444444445
0.6994444444444444
0.8005555555555556
0.7029166666666667
0.7575000000000002
0.7877777777777777
0.7209722222222222
0.7272222222222222
0.7391666666666667
0.7088888888888888
0.64625
0.7522222222222222
0.7266666666666667
0.765
0.6783333333333335
0.7509722222222222
0.7508333333333334
0.7058333333333334
0.7666666666666667
0.6894444444444444
0.7769444444444444
0.7268055555555556
0.7576388888888889
0.7486111111111111
0.7330555555555556
0.6858333333333334
0.7815277777777777
0.7730555555555555
0.7044444444444444
0.7543055555555556
0.7427777777777778
0.7080555555555555
0.7830555555555556
0.7383333333333334
0.7251388888888889
0.6897222222222222
0.7451388888888889
0.7208333333333334
0.7502777777777779
0.7197222222222222
0.7652777777777778
0.7865277777777778
0.7665277777777779
0.7229166666666667
0.7119444444444445
0.7147222222222223
0.7248611111111111
0.7319444444444445
0.7441666666666666
0.6986111111111111
0.7633333333333334
0.7480555555555556
0.6970833333333333
0.7336111111111112
0.7681944444444444
0.7011111111111111
0.7425
0.7922222222222223
0.7283333333333334
0.7024999999999999
0.7122222222222223
0.6968055555555556
0.8011111111111112
0.7466666666666667
0.7834722222222223
0.7580555555555555
0.7047222222222222
0.7588888888888888
0.7020833333333333
0.704861111111111
0.678611111111111
0.7662500000000001
0.7577777777777778
0.7511111111111112
0.6733333333333333
0.7780555555555556
0.7108333333333333
0.7305555555555555
0.7608333333333335
0.7358333333333333
0.7530555555555557
0.7333333333333334
0.7258333333333334
0.6848611111111113
0.773611111111111
0.7120833333333333
0.6934722222222222
0.7981944444444444
0.6372222222222221
0.7266666666666667
0.7059722222222222
0.7327777777777778
0.790138888888889
0.7259722222222221
0.7369444444444445
0.6697222222222222
0.7200000000000001
0.7283333333333334
0.7411111111111112
0.7120833333333334
0.8019444444444445
0.6918055555555556
0.7330555555555556
0.7343055555555557
0.7251388888888889
0.7880555555555555
0.7719444444444443
0.7919444444444443
0.7691666666666667
0.7425
0.7493055555555556
0.6975
0.7113888888888887
0.7044444444444445
0.7819444444444446
0.7126388888888889
0.7444444444444445
0.6880555555555555
0.6986111111111113
0.7891666666666667
0.7105555555555555
0.7479166666666667
0.7220833333333332
0.69125
0.7340277777777778
0.7836111111111111
0.7413888888888889
0.7461111111111111
0.7969444444444445
0.7402777777777777
0.7279166666666667
0.7902777777777779
0.7477777777777779
0.7143055555555555
0.6647222222222222
0.7558333333333335
0.7380555555555556
0.7127777777777778
0.7431944444444444
0.7794444444444445
0.6699999999999999
0.7216666666666667
0.7124999999999999
0.6413888888888889
0.7869444444444444
0.7197222222222222
0.7422222222222222
