0.23439994569644312
0.20377120169803098
0.40126585874070786
0.20050376334496253
0.2707006309921034
0.36635788555598814
0.17300656974061684
0.22485845766066492
0.20520294273444178
0.2182923647256476
0.1993783993783994
0.25611345951393816
0.305000814000814
0.2010206999209647
0.4135580168913502
0.26732742059261316
0.25536453426292316
0.24614535917239277
0.1942022871003885
0.2171743849506524
0.2852380952380952
0.22755096956183912
0.2864347914321064
0.20820948338690923
0.2598828848045635
0.2804520179709502
0.23394505637142132
0.2083654892478422
0.2787095450439431
0.29345778283266366
0.21124475716144375
0.21136797077740418
0.26398586311922656
0.18953040134858318
0.2219437072298518
0.2069327826707137
0.2591343510752706
0.1828644623918057
0.24643205624910317
0.23757609094242757
0.18037986186688423
0.2601091663986588
0.1928746077500437
0.2339710981295619
0.3166608209635285
0.20736007706780385
0.23802710338379926
0.27475555554052034
0.201729706207042
0.3266033051234023
0.2376014307210122
0.26284745762711864
0.1781125706987776
0.22286578862068546
0.23994921848443168
0.3013751930978341
0.21797905304432302
0.25152088093737995
0.22762479432118565
0.24292977527250048
0.2899715589359792
0.24892596355295055
0.2909211111716714
0.25179528853393335
0.18564513741864397
0.21118279380340865
0.2554269394416273
0.2153308529058533
0.283096124430439
0.35267399111041065
0.1961617377155668
0.3358858598874717
0.21810368053670406
0.24859554262203548
0.267536306687882
0.26520315618187956
0.24384849337277784
0.20405867773091874
0.17508245937863542
0.23305087795680612
0.3254170029593758
0.2558393110964881
0.29595227888947695
0.2630933352361924
0.20895642681957682
0.22774328834063345
0.31580820445330055
0.20740983543157454
0.2607189524397214
0.2432092006516331
0.254761381935295
0.2293929968580355
0.15654907191112577
0.24426060829635488
0.17217720226492153
0.29465564019361645
0.2242193186930029
0.2684537779715199
0.17444436623377596
0.21517577383695352
0.21819098630072023
0.24030255912278323
0.26683689430734353
0.20937257012116997
0.21388090780378016
0.2833528933281714
0.23337715511911306
0.21598830867989746
0.23384485362156057
0.34887561474518
0.17873504232551693
0.2935616311023932
0.2943485893197857
0.2584678713812678
0.25646505658084606
0.2426842257263228
0.21136663127229166
0.24338779850058045
0.2414447305468742
0.19515864915742442
0.18997409734266518
0.23347908461630262
0.23728169413653283
0.28383570134745634
0.25220998228351166
0.23872950193486736
0.2074571828492852
0.23919235285392415
0.21295733920273346
0.26182106952221895
0.20447185655008296
0.17062573657815272
0.3119191565515095
0.1643279006334393
0.3066259963763138
0.23759199612490428
0.26288270125654584
0.20774033009108184
0.20343370533154087
0.16401253946035588
0.25246407910634844
0.2637138427548446
0.2897438600744072
0.2288867194707975
0.2548428884927475
0.27742810206519886
0.1946404759647721
0.25323337821587033
0.27698924226788
0.18530848646163872
0.2649990276644937
0.2941425941474972
0.20111110501186913
0.19693491983711053
0.2691836866836867
0.19739399047021589
0.2717772187524096
0.17359063309498896
0.21027965438729235
0.28381223493755464
0.2019625757385925
0.20168321096892525
0.16344823392520247
0.31571572571572576
0.25710227477937586
0.221846875984807
0.28600557898604306
0.1830472562292529
0.26060619119442646
0.23514309169257624
0.25553920798441654
0.19047090611106388
0.3051313067972399
0.2199042050944225
0.23085392915656444
0.23844708740372889
0.209932986281526
0.2969257703081232
0.22494780371646042
0.1968636598104035
0.21478907237681794
0.23285444062518224
0.2694758178511039
0.1997676678045509
0.3716333860512965
0.2974390087313816
0.22552047357549926
0.24695026428948058
0.3649285051437348
0.25436323934525373
0.25223318567659675
0.19743103073748236
0.21177297030588169
0.22330315250966065
0.21995277463323157
0.20254127966976265
0.22987835530856127
0.1936717858627705
0.24927052968126023
0.22635676522640935
0.22278595851801247
0.2858844568869677
0.21879767834822236
0.2743562320664912
0.19727534332959973
0.2311345501963351
0.2395353843546063
0.2697107965695546
0.20023638040266922
0.23526766161726528
0.29410830484692674
0.2265047363031234
0.25943529128823245
0.2212343899068604
0.17774653630422507
0.2490746242238105
0.30700561146296756
0.2394741746709584
0.2264905401531328
0.29585056425625
0.2609223572126798
0.26319238335147443
0.24958380516071432
0.26977976134529374
0.2946268772277224
0.29788881849857457
0.30411381078864175
0.24239805077414592
0.21758167046677584
0.2051828328534211
0.24675201964843907
0.30810308775490347
0.23681658609290185
0.23554187898440432
0.20512288791195168
0.2871542692599844
0.2380045994794196
0.18002736167901742
0.2255197111243623
0.2648216619981326
0.19147002928765222
0.31754730083065913
0.31931972378836526
0.17527819267181108
0.2742085843725188
0.23634921970765185
0.2025519168281555
0.20033182454436504
0.26247512664921335
0.31396031202528374
0.20423630342322013
0.22962500219070836
0.27589933664889066
0.21572524155965056
0.30452106822922526
0.24999910669939357
0.2416694239511141
0.3080607767945599
0.22016097298200432
0.30564395340987666
0.2511881656073879
0.2547827006469401
0.21082170478580237
0.3201387161064644
0.22321993980602528
0.3284243458293316
0.2625230625436954
0.21187107010636425
0.1736807116077365
0.2532208717009114
0.27706799634742185
0.21933513144194544
0.3354076070613726
0.22052509770217016
0.21413817802576812
0.21316961012521266
0.20582471235228317
0.21525577180184305
0.23889049946094731
0.23696594132684357
0.25595322371483636
0.28149341063135996
0.2871078564600159
0.2411387321757438
0.2302323261797009
0.200589452127315
0.21153489290513453
0.22725737611903468
0.28839980262394055
0.20217873836982028
0.29061751572988603
0.21928778694032708
0.2903426702184466
0.264484134383164
0.17695151689079408
0.2578714874710425
0.3325268705883213
0.27344515117664925
0.19017802704118494
0.26797676545784466
0.3560468800297211
0.19670534488142544
0.18244962287515476
0.18406461543315328
0.25600033316674997
0.26844326346933195
0.23682946442953653
0.2894085194327207
0.19131936787031972
0.32949339558393975
0.2021333070279271
0.291599815512859
0.21771461679070378
0.22078950696321586
0.2790013203622918
0.23107925890534586
0.26618583993636086
0.2919786455883966
0.24963250323201924
0.2502700184735534
0.31877836810789584
0.29241575020573773
0.22936951194047528
0.18317654927370014
0.18568527363362963
0.25142987511054926
0.1902528155114362
0.22967868122624607
0.2329777902683733
0.32715536059433314
0.20559260607401245
0.22661375559094032
0.18762350233960234
0.19829585917958012
0.3242050569023125
0.29839339381675245
0.2695524385132987
0.22306522784783656
0.26879741815545083
0.23803298672445386
0.27085345145810263
0.2668432388489508
0.23657296466973887
0.22679615797203678
0.2335871868650578
0.16900246901036375
0.20802311454886466
0.25392722745663926
0.32105848667317344
0.21320975231509295
0.23697411860644485
0.2687138482041031
0.3463116824376531
0.19733579315429095
0.22511055482525566
0.31289751242421965
0.17354422334572062
0.26351006769089497
0.18092778722302988
0.19986835692491856
0.20484803298775434
0.2357410492042071
0.22077066538441753
0.2025523996768639
0.3060260308177599
0.21804953421489415
0.27270719653350545
0.20630797648637617
0.22336180901398295
0.2306673881673882
0.2661503731100623
0.22788598524423265
0.1910146912897378
0.285943153229991
0.3636404106226572
0.23347640213402923
0.35112356981105075
0.23137942671966688
0.21747823839502492
0.21043690533426607
0.30581262298474327
0.21763612401923293
0.18175847544268597
0.1768564051906901
0.1883913588034289
0.3637391604601564
0.20373609352740085
0.19908395060631456
0.21953790607151952
0.2338904084447839
0.26850818445792146
0.22029506660129336
0.2498986185758653
0.3273255916473436
0.24192253950760628
0.26585809958053475
0.24967509185167625
0.3313061700853884
0.22972100696345146
0.2600527542632806
0.15776951992705418
0.250060181711224
0.2003584271454888
0.24265963317705963
0.23810605763062465
0.21163779916466463
0.24452249624697836
0.23053991817149713
0.21560901449694897
0.2625812659024475
0.3196474549415726
0.2657156404524826
0.23563267313184175
0.24939374323464578
0.21556713824770415
0.20247939661527833
0.2087226375696822
0.3417010647812613
0.18448553675728468
0.3442487779263598
0.18652708738642243
0.18175149357828
0.2273974683361417
0.19816691207781292
0.3068807056484674
0.2131787535185189
0.25201342974512675
0.1713359631654536
0.26807924464220056
0.4072339892069935
0.25595836953242995
0.20180900267083576
0.19916600302893137
0.16136758468881882
0.2959016554140488
0.245202780925842
0.2487083558649906
0.20851792943898206
0.298685572678553
0.19610965239283823
0.27881057146810573
0.22810211790254886
0.2254483277671161
0.3038614593149346
0.25805398108120375
0.20928225913206785
0.23210398653183117
0.19066387035161167
0.19802384222160732
0.2863686226284652
0.31238667646217877
0.2314106885833524
0.21946699457432778
0.2404114889906257
0.19647807404794598
0.24245310245310242
0.1999172073852699
0.3706344613241165
0.2717596822320659
0.25531361391857477
0.21421040459972607
0.2846256261411062
0.3735357570656221
0.23386363112569045
0.17128132056031742
0.19917301375063967
0.2593315041667528
0.2349437231954681
0.17919789109699064
0.2683427502311372
0.26535596046294063
0.2589069072524518
0.23141145215995734
0.25278392242677955
0.33897488010358984
0.17470433848916822
0.26612791034432826
0.1864533608651311
0.22172552136936963
0.27332996632996637
0.1800068911780669
0.24242386309972003
0.1847122980871006
0.20799517766726283
0.23378192793894834
0.2354432887071776
0.22921470765735683
0.27435526526135473
0.2452070662117391
0.25342526037934965
0.3023623806247645
0.27247013287255056
0.19419778471380808
0.24269610193264765
0.18501214610972766
0.35091557395905226
0.18858672004888355
0.16234030556968182
0.23174336645981847
0.20628815308702433
