0.6808333333333333
0.6725
0.6584722222222222
0.6658333333333334
0.741388888888889
0.6716666666666666
0.6649999999999999
0.7138888888888888
0.6781944444444444
0.7130555555555557
0.7205555555555555
0.7344444444444445
0.6897222222222222
0.6420833333333333
0.7522222222222221
0.7540277777777777
0.758888888888889
0.6691666666666666
0.7411111111111112
0.7126388888888888
0.7358333333333333
0.7224999999999999
0.7822222222222223
0.6969444444444445
0.6966666666666665
0.6913888888888889
0.7105555555555556
0.6761111111111111
0.6988888888888889
0.6955555555555556
0.7005555555555556
0.6666666666666667
0.7094444444444444
0.6018055555555556
0.7308333333333333
0.6569444444444446
0.73
0.6602777777777777
0.6516666666666667
0.68125
0.6880555555555555
0.7822222222222223
0.6819444444444445
0.7286111111111111
0.6994444444444444
0.7268055555555555
0.748611111111111
0.7025
0.7302777777777778
0.6265277777777777
0.7252777777777778
0.6434722222222222
0.7391666666666666
0.7331944444444445
0.7215277777777778
0.6250000000000001
0.7205555555555555
0.6991666666666667
0.7402777777777778
0.6952777777777778
0.7105555555555555
0.7919444444444445
0.7327777777777778
0.7063888888888888
0.7637499999999999
0.7356944444444445
0.7508333333333334
0.6413888888888888
0.69
0.704861111111111
0.7136111111111111
0.73
0.7447222222222223
0.7388888888888889
0.6495833333333333
0.7273611111111111
0.7152777777777779
0.7111111111111111
0.7358333333333333
0.7172222222222222
0.7501388888888889
0.7119444444444444
0.7000000000000001
0.7202777777777778
0.7472222222222222
0.7088888888888889
0.696388888888889
0.7166666666666666
0.6588888888888889
0.74875
0.736111111111111
0.7391666666666666
0.7701388888888889
0.7144444444444444
0.6115277777777778
0.7247222222222222
0.6855555555555557
0.6605555555555556
0.7266666666666668
0.6647222222222223
0.6818055555555556
0.663888888888889
0.7969444444444443
0.7169444444444445
0.705
0.7369444444444443
0.715
0.66125
0.7361111111111112
0.7336111111111111
0.7438888888888888
0.7433333333333334
0.7733333333333334
0.7555555555555556
0.7098611111111112
0.6988888888888889
0.7280555555555555
0.7458333333333335
0.7325
0.7677777777777778
0.6547222222222222
0.7036111111111112
0.696111111111111
0.6041666666666666
0.7059722222222222
0.7119444444444445
0.6897222222222222
0.7434722222222223
0.6347222222222222
0.7791666666666667
0.6944444444444444
0.7747222222222223
0.7116666666666667
0.6886111111111112
0.6645833333333334
0.726388888888889
0.6833333333333333
0.7036111111111111
0.6875000000000001
0.6720833333333333
0.6700000000000002
0.7297222222222222
0.6934722222222223
0.7516666666666666
0.6308333333333334
0.7033333333333334
0.7261111111111112
0.7088888888888889
0.6908333333333334
0.7025
0.6924999999999999
0.6940277777777778
0.6737500000000001
0.7026388888888888
0.7502777777777778
0.7172222222222222
0.7236111111111112
0.7373611111111111
0.7174999999999999
0.6738888888888888
0.7400000000000001
0.6758333333333334
0.7958333333333334
0.7165277777777777
0.7311111111111112
0.6580555555555555
0.7043055555555555
0.7261111111111112
0.6736111111111112
0.6791666666666667
0.7291666666666667
0.7338888888888889
0.6979166666666667
0.6622222222222222
0.6469444444444445
0.7645833333333334
0.7311111111111112
0.6877777777777778
0.71
0.7118055555555555
0.7694444444444445
0.7176388888888889
0.6938888888888889
0.6856944444444445
0.7422222222222222
0.7244444444444446
0.7463888888888889
0.7277777777777779
0.7518055555555555
0.6824999999999999
0.7259722222222222
0.7345833333333334
0.6983333333333334
0.7259722222222222
0.6877777777777777
0.6958333333333333
0.6130555555555556
0.7040277777777778
0.68
0.7019444444444444
0.6252777777777778
0.7295833333333333
0.7343055555555555
0.7513888888888889
0.6933333333333334
0.7363888888888889
0.7036111111111112
0.6533333333333332
0.7276388888888888
0.7538888888888889
0.6827777777777778
0.7179166666666666
0.7088888888888888
0.7488888888888889
0.7175
0.6845833333333333
0.7029166666666666
0.7380555555555555
0.7343055555555555
0.7191666666666666
0.6477777777777778
0.7308333333333333
0.6211111111111112
0.7423611111111112
0.6863888888888889
0.7511111111111112
0.6894444444444445
0.7480555555555557
0.7144444444444444
0.7270833333333333
0.6833333333333333
0.71
0.7061111111111111
0.7443055555555556
0.7594444444444445
0.7241666666666666
0.6799999999999999
0.7175
0.8077777777777778
0.62
0.6313888888888889
0.7681944444444445
0.6872222222222222
0.6472222222222223
0.7208333333333333
0.6818055555555556
0.6669444444444445
0.7666666666666667
0.7055555555555556
0.7080555555555554
0.6591666666666667
0.7238888888888889
0.7513888888888889
0.7605555555555557
0.6794444444444445
0.7088888888888889
0.6663888888888889
0.7091666666666666
0.6830555555555556
0.7301388888888889
0.6699999999999999
0.6991666666666666
0.7119444444444444
0.7480555555555556
0.7830555555555557
0.7372222222222222
0.6752777777777778
0.7222222222222222
0.7052777777777778
0.653611111111111
0.7216666666666667
0.7175
0.664861111111111
0.7088888888888889
0.7373611111111111
0.7355555555555555
0.6361111111111111
0.7177777777777777
0.65625
0.7048611111111112
0.6752777777777778
0.6036111111111111
0.6513888888888889
0.6797222222222222
0.6973611111111111
0.7291666666666666
0.7227777777777777
0.7275
0.6886111111111111
0.6841666666666666
0.7356944444444444
0.6504166666666666
0.7761111111111111
0.7277777777777779
0.7277777777777779
0.6872222222222223
0.75
0.6673611111111111
0.6704166666666667
0.7426388888888888
0.6955555555555555
0.7002777777777779
0.7077777777777778
0.6663888888888889
0.6594444444444444
0.7244444444444444
0.7179166666666665
0.7897222222222223
0.7240277777777777
0.6397222222222223
0.7220833333333333
0.7004166666666666
0.7173611111111111
0.715
0.6847222222222222
0.7393055555555555
0.6648611111111111
0.7416666666666667
0.7548611111111111
0.7594444444444444
0.7691666666666666
0.7223611111111111
0.6611111111111111
0.6723611111111112
0.6709722222222224
0.7044444444444444
0.7495833333333334
0.7494444444444445
0.6641666666666667
0.7238888888888888
0.7066666666666667
0.6452777777777778
0.7486111111111111
0.7504166666666667
0.6113888888888889
0.7008333333333334
0.7216666666666668
0.6988888888888889
0.6569444444444444
0.7072222222222222
0.61375
0.6859722222222222
0.6972222222222222
0.6916666666666667
0.7463888888888889
0.7468055555555556
0.7374999999999999
0.6938888888888889
0.6875
0.7530555555555555
0.6919444444444445
0.6577777777777778
0.7366666666666667
0.6863888888888888
0.6625
0.7644444444444445
0.6572222222222223
0.6752777777777778
0.7763888888888889
0.6220833333333333
0.7322222222222223
0.6355555555555555
0.6572222222222223
0.6484722222222222
0.6805555555555556
0.6701388888888888
0.7383333333333333
0.6211111111111113
0.7463888888888889
0.6280555555555557
0.6834722222222223
0.6637500000000001
0.6904166666666667
0.6769444444444445
0.7338888888888888
0.7688888888888888
0.7152777777777778
0.7238888888888889
0.6686111111111112
0.8008333333333333
0.7655555555555555
0.6927777777777778
0.6936111111111112
0.7112499999999999
0.6888888888888889
0.7534722222222222
0.6788888888888889
0.6708333333333334
0.6243055555555556
0.6979166666666666
0.7299999999999999
0.6788888888888889
0.6575
0.6811111111111111
0.7136111111111111
0.7286111111111111
0.7165277777777778
0.6991666666666667
0.6772222222222222
0.747638888888889
0.7023611111111112
0.7311111111111112
0.6834722222222223
0.726388888888889
0.6665277777777777
0.6611111111111111
0.7272222222222222
0.7291666666666666
0.7161111111111111
0.7047222222222221
0.78125
0.7329166666666668
0.6863888888888888
0.6747222222222221
0.6459722222222223
0.7788888888888889
0.6904166666666667
0.7475
0.7130555555555554
0.638611111111111
0.7130555555555557
0.6548611111111111
0.7436111111111111
0.7211111111111111
0.7273611111111111
0.7197222222222224
0.7297222222222223
0.6830555555555555
0.7052777777777778
0.7263888888888889
0.6363888888888889
0.7105555555555555
0.6955555555555555
0.7016666666666668
0.7048611111111112
0.7263888888888889
0.6575
0.7609722222222222
0.6948611111111112
0.645
0.7797222222222223
0.5433333333333333
0.6486111111111111
0.6672222222222222
0.7386111111111111
0.765
0.6775000000000001
0.6875000000000001
0.6668055555555555
0.7029166666666666
0.6699999999999999
0.6833333333333333
0.7393055555555555
0.7627777777777778
0.6958333333333333
0.7286111111111111
0.6875
0.7147222222222223
0.7705555555555555
0.7184722222222222
0.7683333333333333
0.7336111111111111
0.7345833333333333
0.6856944444444444
0.7205555555555556
0.6890277777777778
0.7027777777777777
0.7316666666666666
0.6666666666666666
0.6952777777777778
0.6879166666666666
0.6516666666666667
0.6769444444444443
0.7477777777777778
0.70375
0.70875
0.7000000000000001
0.7636111111111111
0.7006944444444445
0.7466666666666668
0.7275
0.7336111111111111
0.6761111111111111
0.6929166666666666
0.7925
0.7215277777777778
0.6533333333333333
0.6416666666666667
0.7254166666666667
0.7225
0.6863888888888889
0.7109722222222222
0.6950000000000001
0.6641666666666667
0.6805555555555556
0.7138888888888889
0.6422222222222222
0.7405555555555555
0.7129166666666668
0.6963888888888888
