0.17543859649122806
0.21212121212121213
0.15384615384615383
0.16393442622950818
0.2318840579710145
0.14545454545454545
0.25
0.1904761904761905
0.09836065573770492
0.30188679245283023
0.10169491525423728
0.2580645161290323
0.14035087719298248
0.32786885245901637
0.24
0.3125
0.2318840579710145
0.18750000000000003
0.1090909090909091
0.19354838709677422
0.2898550724637681
0.303030303030303
0.20000000000000004
0.1904761904761905
0.12244897959183673
0.26666666666666666
0.10714285714285714
0.09677419354838711
0.163265306122449
0.2181818181818182
0.1791044776119403
0.22950819672131148
0.3055555555555555
0.20338983050847456
0.14285714285714288
0.20689655172413796
0.17391304347826086
0.11764705882352941
0.03846153846153846
0.14285714285714288
0.24489795918367346
0.14545454545454545
0.16393442622950818
0.3272727272727273
0.253968253968254
0.3582089552238806
0.20000000000000004
0.15625
0.13333333333333333
0.16129032258064516
0.3
0.13559322033898305
0.253968253968254
0.14035087719298248
0.20289855072463772
0.17543859649122806
0.03773584905660378
0.16393442622950818
0.25
0.2153846153846154
0.16393442622950818
0.208955223880597
0.3125
0.16949152542372883
0.28070175438596495
0.14035087719298248
0.1904761904761905
0.2424242424242424
0.25
0.1904761904761905
0.13114754098360656
0.2909090909090909
0.28125
0.2545454545454545
0.2727272727272727
0.21621621621621623
0.23728813559322037
0.26229508196721313
0.17857142857142855
0.19672131147540983
0.1818181818181818
0.16666666666666666
0.22950819672131148
0.23529411764705882
0.15384615384615383
0.13333333333333333
0.14285714285714288
0.07272727272727272
0.19354838709677422
0.20000000000000004
0.2758620689655172
0.2898550724637681
0.11111111111111112
0.20338983050847456
0.25
0.3125
0.23684210526315788
0.20338983050847456
0.0816326530612245
0.16
0.22535211267605634
0.11320754716981132
0.2711864406779661
0.22222222222222224
0.13333333333333333
0.2769230769230769
0.14285714285714288
0.20289855072463772
0.2413793103448276
0.11940298507462686
0.17543859649122806
0.03846153846153846
0.22222222222222224
0.14545454545454545
0.17543859649122806
0.2711864406779661
0.2758620689655172
0.25
0.08333333333333334
0.12
0.22222222222222224
0.30769230769230765
0.28070175438596495
0.26865671641791045
0.22950819672131148
0.2413793103448276
0.2711864406779661
0.12903225806451615
0.3508771929824561
0.2535211267605634
0.18750000000000003
0.23076923076923075
0.16129032258064516
0.21212121212121213
0.23728813559322037
0.14035087719298248
0.17857142857142855
0.15094339622641512
0.2758620689655172
0.3050847457627119
0.16949152542372883
0.20588235294117646
0.10169491525423728
0.10714285714285714
0.24615384615384614
0.17391304347826086
0.16949152542372883
0.2
0.14814814814814814
0.3492063492063492
0.25
0.20000000000000004
0.3125
0.2592592592592593
0.11594202898550725
0.07272727272727272
0.29032258064516125
0.14814814814814814
0.3050847457627119
0.16129032258064516
0.10714285714285714
0.2711864406779661
0.20588235294117646
0.17647058823529413
0.16666666666666669
0.208955223880597
0.23333333333333334
0.2571428571428572
0.16666666666666666
0.25
0.19672131147540983
0.16949152542372883
0.22580645161290322
0.1568627450980392
0.09677419354838711
0.16949152542372883
0.21212121212121213
0.11111111111111112
0.16666666666666666
0.41935483870967744
0.21428571428571427
0.125
0.25
0.24657534246575347
0.26229508196721313
0.22641509433962265
0.3384615384615384
0.2592592592592593
0.21874999999999997
0.3384615384615384
0.21874999999999997
0.253968253968254
0.17857142857142855
0.29508196721311475
0.28571428571428564
0.2424242424242424
0.10526315789473685
0.17543859649122806
0.19672131147540983
0.11538461538461538
0.26415094339622636
0.17543859649122806
0.09836065573770492
0.1379310344827586
0.2580645161290323
0.2758620689655172
0.2592592592592593
0.26229508196721313
0.1818181818181818
0.303030303030303
0.25
0.09677419354838711
0.25
0.19672131147540983
0.1923076923076923
0.1818181818181818
0.26229508196721313
0.0909090909090909
0.22950819672131148
0.23728813559322037
0.14814814814814814
0.14285714285714288
0.19672131147540983
0.11320754716981132
0.17543859649122806
0.2181818181818182
0.28070175438596495
0.16
0.24615384615384614
0.2909090909090909
0.34285714285714286
0.1818181818181818
0.23333333333333334
0.16949152542372883
0.26865671641791045
0.2545454545454545
0.2413793103448276
0.07272727272727272
0.13333333333333333
0.17241379310344826
0.20000000000000004
0.1818181818181818
0.09836065573770492
0.1818181818181818
0.29032258064516125
0.16949152542372883
0.2580645161290323
0.19354838709677422
0.20000000000000004
0.1090909090909091
0.20000000000000004
0.26666666666666666
0.36000000000000004
0.15625
0.22222222222222224
0.30769230769230765
0.20338983050847456
0.14925373134328357
0.19672131147540983
0.0816326530612245
0.23728813559322037
0.09523809523809525
0.20289855072463772
0.21428571428571427
0.24657534246575347
0.11940298507462686
0.2580645161290323
0.18867924528301885
0.3636363636363636
0.22222222222222224
0.0909090909090909
0.18750000000000003
0.03773584905660378
0.3225806451612903
0.2040816326530612
0.16949152542372883
0.21874999999999997
0.13559322033898305
0.13114754098360656
0.24615384615384614
0.17857142857142855
0.22222222222222224
0.32142857142857145
0.29032258064516125
0.1090909090909091
0.32142857142857145
0.2545454545454545
0.20000000000000004
0.16666666666666666
0.1379310344827586
0.13559322033898305
0.3
0.20338983050847456
0.14814814814814814
0.125
0.1851851851851852
0.21874999999999997
0.24615384615384614
0.22222222222222224
0.2647058823529412
0.29508196721311475
0.0634920634920635
0.18461538461538463
0.303030303030303
0.16666666666666666
0.15384615384615383
0.26229508196721313
0.07547169811320756
0.34375
0.22580645161290322
0.15873015873015872
0.09523809523809525
0.13559322033898305
0.2909090909090909
0.3050847457627119
0.19672131147540983
0.22641509433962265
0.22580645161290322
0.23684210526315788
0.29508196721311475
0.1818181818181818
0.23333333333333334
0.15873015873015872
0.09523809523809525
0.1904761904761905
0.26229508196721313
0.14925373134328357
0.2
0.22950819672131148
0.22222222222222224
0.23880597014925373
0.26666666666666666
0.13114754098360656
0.20000000000000004
0.16949152542372883
0.10169491525423728
0.23728813559322037
0.2105263157894737
0.23728813559322037
0.29850746268656714
0.3448275862068965
0.16949152542372883
0.16666666666666666
0.21428571428571427
0.17241379310344826
0.28070175438596495
0.10169491525423728
0.126984126984127
0.12
0.1142857142857143
0.2592592592592593
0.0851063829787234
0.19354838709677422
0.23076923076923075
0.19354838709677422
0.06451612903225808
0.2105263157894737
0.29032258064516125
0.09836065573770492
0.10526315789473685
0.09375000000000001
0.13333333333333333
0.13559322033898305
0.06666666666666667
0.21428571428571427
0.13559322033898305
0.15625
0.10714285714285714
0.29508196721311475
0.38596491228070173
0.17857142857142855
0.23728813559322037
0.16949152542372883
0.17543859649122806
0.13559322033898305
0.1818181818181818
0.16393442622950818
0.16666666666666666
0.3384615384615384
0.24615384615384614
0.26229508196721313
0.21428571428571427
0.2535211267605634
0.29032258064516125
0.26666666666666666
0.16666666666666666
0.11940298507462686
0.17543859649122806
0.17543859649122806
0.13333333333333333
0.21428571428571427
0.16393442622950818
0.16129032258064516
0.20289855072463772
0.2545454545454545
0.17241379310344826
0.10344827586206898
0.15873015873015872
0.24615384615384614
0.09375000000000001
0.20338983050847456
0.3
0.17857142857142855
0.26229508196721313
0.20000000000000004
0.19607843137254902
0.15873015873015872
0.19354838709677422
0.21874999999999997
0.125
0.17857142857142855
0.26666666666666666
0.2181818181818182
0.06557377049180328
0.10526315789473685
0.25
0.12903225806451615
0.16129032258064516
0.2105263157894737
0.19672131147540983
0.23529411764705882
0.25
0.06666666666666667
0.15873015873015872
0.22580645161290322
0.11320754716981132
0.16129032258064516
0.11764705882352941
0.17391304347826086
0.36666666666666664
0.13559322033898305
0.2456140350877193
0.13559322033898305
0.06666666666666667
0.2769230769230769
0.19354838709677422
0.1818181818181818
0.2181818181818182
0.2545454545454545
0.2545454545454545
0.3283582089552239
0.12903225806451615
0.28571428571428564
0.2580645161290323
0.15384615384615383
0.14925373134328357
0.2580645161290323
0.21428571428571427
0.30769230769230765
0.1818181818181818
0.28571428571428575
0.1818181818181818
0.28169014084507044
0.126984126984127
0.19672131147540983
0.20689655172413796
0.0
0.2647058823529412
0.22222222222222224
0.07142857142857144
0.15384615384615383
0.3050847457627119
0.2692307692307693
0.1851851851851852
0.21276595744680848
0.17543859649122806
0.15094339622641512
0.25
0.13114754098360656
0.21874999999999997
0.20689655172413796
0.1818181818181818
0.10344827586206898
0.13114754098360656
0.15625
0.18461538461538463
0.15384615384615383
0.22580645161290322
0.20338983050847456
0.15625
0.06779661016949153
0.23333333333333334
0.09375000000000001
0.16949152542372883
0.14545454545454545
0.22641509433962265
0.2711864406779661
0.10714285714285714
0.2413793103448276
0.19672131147540983
0.07017543859649124
0.09836065573770492
0.12903225806451615
0.2105263157894737
0.2909090909090909
0.3050847457627119
0.26666666666666666
0.17543859649122806
0.17241379310344826
0.23728813559322037
