0.2711864406779661
0.3773584905660377
0.3137254901960784
0.3137254901960784
0.2692307692307693
0.33333333333333337
0.32558139534883723
0.2962962962962963
0.3571428571428571
0.36000000000000004
0.27906976744186046
0.31111111111111117
0.3673469387755102
0.36000000000000004
0.4
0.31111111111111117
0.3448275862068965
0.33333333333333326
0.34375
0.4166666666666667
0.2916666666666667
0.2857142857142857
0.33962264150943394
0.2727272727272727
0.3448275862068965
0.326530612244898
0.3103448275862069
0.37209302325581395
0.3529411764705882
0.34615384615384615
0.32786885245901637
0.2222222222222222
0.3793103448275862
0.30136986301369856
0.3225806451612903
0.3137254901960784
0.27450980392156865
0.33333333333333326
0.45833333333333326
0.326530612244898
0.3478260869565218
0.30769230769230765
0.33333333333333337
0.3673469387755102
0.41509433962264153
0.29032258064516125
0.37499999999999994
0.4081632653061224
0.2692307692307693
0.4363636363636364
0.41509433962264153
0.39344262295081966
0.3137254901960784
0.2909090909090909
0.36363636363636365
0.380952380952381
0.30769230769230765
0.30769230769230765
0.23529411764705882
0.36000000000000004
0.3703703703703704
0.4090909090909091
0.23529411764705882
0.3529411764705882
0.3181818181818182
0.3703703703703704
0.29508196721311475
0.33898305084745767
0.3529411764705882
0.4210526315789474
0.3773584905660377
0.2181818181818182
0.37500000000000006
0.4074074074074074
0.29850746268656714
0.2181818181818182
0.2909090909090909
0.3404255319148936
0.3555555555555555
0.3728813559322034
0.22727272727272724
0.3773584905660377
0.33333333333333326
0.3478260869565218
0.3404255319148936
0.2909090909090909
0.3448275862068965
0.3043478260869565
0.2898550724637681
0.28169014084507044
0.3673469387755102
0.4
0.3181818181818182
0.38596491228070173
0.3529411764705882
0.2962962962962963
0.4
0.3636363636363636
0.3508771929824561
0.3673469387755102
0.25531914893617025
0.28571428571428575
0.36000000000000004
0.33898305084745767
0.33962264150943394
0.2916666666666667
0.2769230769230769
0.3043478260869565
0.2181818181818182
0.3913043478260869
0.3913043478260869
0.32
0.28
0.3555555555555555
0.3272727272727273
0.39215686274509803
0.3673469387755102
0.2758620689655172
0.29032258064516125
0.2592592592592593
0.29508196721311475
0.3103448275862069
0.3283582089552239
0.2413793103448276
0.30188679245283023
0.423076923076923
0.3673469387755102
0.33962264150943394
0.423076923076923
0.32786885245901637
0.43478260869565216
0.3272727272727273
0.3125
0.3636363636363636
0.37499999999999994
0.3272727272727273
0.30188679245283023
0.2916666666666667
0.3571428571428571
0.34615384615384615
0.44897959183673464
0.3404255319148936
0.30188679245283023
0.2545454545454545
0.39344262295081966
0.3913043478260869
0.2962962962962963
0.3773584905660377
0.30769230769230765
0.23529411764705882
0.33962264150943394
0.43999999999999995
0.32558139534883723
0.3478260869565218
0.41509433962264153
0.39215686274509803
0.3478260869565218
0.30188679245283023
0.33898305084745767
0.4090909090909091
0.1379310344827586
0.28070175438596495
0.3272727272727273
0.27906976744186046
0.29032258064516125
0.3529411764705882
0.4444444444444445
0.2898550724637681
0.33333333333333326
0.3181818181818182
0.36000000000000004
0.2962962962962963
0.33333333333333326
0.31111111111111117
0.3928571428571428
0.4166666666666667
0.29508196721311475
0.28
0.2592592592592593
0.36363636363636365
0.2978723404255319
0.2692307692307693
0.3
0.44897959183673464
0.34615384615384615
0.4137931034482759
0.31111111111111117
0.21276595744680848
0.36000000000000004
0.3333333333333333
0.29032258064516125
0.2857142857142857
0.22641509433962265
0.3043478260869565
0.34615384615384615
0.2909090909090909
0.33333333333333337
0.3333333333333333
0.4081632653061224
0.3846153846153846
0.3055555555555555
0.3157894736842105
0.3137254901960784
0.32
0.3571428571428571
0.27906976744186046
0.28571428571428564
0.24
0.3181818181818182
0.28070175438596495
0.32
0.29508196721311475
0.3125
0.326530612244898
0.28571428571428564
0.3548387096774193
0.28
0.3673469387755102
0.3272727272727273
0.2
0.2916666666666667
0.31111111111111117
0.3636363636363636
0.33962264150943394
0.2916666666666667
0.36065573770491804
0.3225806451612903
0.3673469387755102
0.4090909090909091
0.28571428571428575
0.36363636363636365
0.36363636363636365
0.19354838709677422
0.3529411764705882
0.3448275862068965
0.32
0.3
0.23076923076923075
0.3636363636363636
0.3050847457627119
0.25
0.26415094339622636
0.29508196721311475
0.31111111111111117
0.37499999999999994
0.326530612244898
0.31111111111111117
0.28571428571428575
0.33333333333333326
0.3333333333333333
0.2962962962962963
0.3928571428571428
0.31111111111111117
0.3673469387755102
0.30769230769230765
0.34615384615384615
0.34615384615384615
0.32
0.32
0.2545454545454545
0.44897959183673464
0.33333333333333326
0.3773584905660377
0.2962962962962963
0.44897959183673464
0.34375
0.24657534246575347
0.34615384615384615
0.3137254901960784
0.3555555555555555
0.33333333333333337
0.33333333333333337
0.3529411764705882
0.3829787234042553
0.4313725490196078
0.27027027027027023
0.23529411764705882
0.4
0.3050847457627119
0.34615384615384615
0.2711864406779661
0.26086956521739135
0.3673469387755102
0.423076923076923
0.21428571428571427
0.3846153846153846
0.28125
0.26415094339622636
0.3773584905660377
0.30769230769230765
0.3846153846153846
0.32142857142857145
0.2962962962962963
0.30188679245283023
0.326530612244898
0.3673469387755102
0.26086956521739135
0.3272727272727273
0.2962962962962963
0.26086956521739135
0.3673469387755102
0.26086956521739135
0.2222222222222222
0.45833333333333326
0.2545454545454545
0.43478260869565216
0.33333333333333337
0.33333333333333326
0.28571428571428575
0.29032258064516125
0.26086956521739135
0.3673469387755102
0.3636363636363636
0.3404255319148936
0.33333333333333337
0.4
0.25
0.423076923076923
0.3773584905660377
0.2545454545454545
0.32142857142857145
0.3793103448275862
0.28
0.32
0.26415094339622636
0.2978723404255319
0.2647058823529412
0.3043478260869565
0.25
0.34615384615384615
0.3478260869565218
0.3448275862068965
0.43999999999999995
0.39344262295081966
0.32142857142857145
0.33962264150943394
0.32142857142857145
0.2978723404255319
0.3103448275862069
0.30769230769230765
0.37499999999999994
0.28571428571428575
0.3571428571428571
0.39215686274509803
0.33333333333333326
0.30188679245283023
0.2692307692307693
0.36363636363636365
0.3272727272727273
0.2692307692307693
0.2545454545454545
0.30769230769230765
0.3673469387755102
0.19354838709677422
0.26415094339622636
0.2916666666666667
0.30769230769230765
0.2916666666666667
0.3404255319148936
0.32
0.2909090909090909
0.3333333333333333
0.41509433962264153
0.2413793103448276
0.3333333333333333
0.30769230769230765
0.32
0.3050847457627119
0.2758620689655172
0.22222222222222224
0.2727272727272727
0.24
0.36666666666666664
0.4081632653061224
0.36000000000000004
0.3043478260869565
0.3181818181818182
0.3913043478260869
0.21428571428571427
0.4
0.25
0.27450980392156865
0.4166666666666667
0.1739130434782609
0.3272727272727273
0.4
0.4166666666666667
0.3272727272727273
0.4081632653061224
0.3225806451612903
0.30769230769230765
0.3272727272727273
0.34615384615384615
0.3913043478260869
0.3846153846153846
0.27906976744186046
0.3673469387755102
0.2758620689655172
0.26865671641791045
0.2692307692307693
0.2580645161290323
0.2962962962962963
0.31111111111111117
0.2857142857142857
0.3728813559322034
0.27450980392156865
0.36065573770491804
0.37209302325581395
0.3448275862068965
0.3673469387755102
0.2545454545454545
0.32
0.23728813559322037
0.326530612244898
0.26865671641791045
0.3157894736842105
0.3913043478260869
0.3508771929824561
0.2916666666666667
0.2962962962962963
0.2909090909090909
0.3404255319148936
0.33333333333333337
0.326530612244898
0.32
0.28070175438596495
0.3
0.35
0.4528301886792453
0.2692307692307693
0.34146341463414637
0.3478260869565218
0.2545454545454545
0.3636363636363636
0.43478260869565216
0.39215686274509803
0.28571428571428564
0.26666666666666666
0.4074074074074074
0.2580645161290323
0.2916666666666667
0.3050847457627119
0.31111111111111117
0.3703703703703704
0.4074074074074074
0.27450980392156865
0.36000000000000004
0.39215686274509803
0.4081632653061224
0.36000000000000004
0.3272727272727273
0.3050847457627119
0.36065573770491804
0.24489795918367346
0.4074074074074074
0.3137254901960784
0.26666666666666666
0.3673469387755102
0.3384615384615384
0.3
0.37500000000000006
0.3829787234042553
0.3703703703703704
0.253968253968254
0.3846153846153846
0.2978723404255319
0.3829787234042553
0.326530612244898
0.41509433962264153
0.27450980392156865
0.3
0.29032258064516125
0.326530612244898
0.4642857142857143
0.37499999999999994
0.34615384615384615
0.2857142857142857
0.32
0.3272727272727273
0.423076923076923
0.27906976744186046
0.2857142857142857
0.3913043478260869
0.3809523809523809
0.18461538461538463
0.33333333333333326
0.37499999999999994
0.3928571428571428
0.2692307692307693
0.41860465116279066
0.4444444444444444
0.326530612244898
0.3272727272727273
0.3137254901960784
0.3137254901960784
0.36363636363636365
0.33962264150943394
0.2608695652173913
0.41509433962264153
0.24
