0.13333333333333333
0.17647058823529413
0.2962962962962963
0.3055555555555556
0.2692307692307692
0.2413793103448276
0.14285714285714285
0.18518518518518517
0.10810810810810811
0.14285714285714285
0.25
0.15789473684210525
0.12
0.17857142857142858
0.3548387096774194
0.11764705882352941
0.18518518518518517
0.18181818181818182
0.1875
0.13333333333333333
0.13513513513513514
0.3448275862068966
0.25
0.1111111111111111
0.17142857142857143
0.15
0.043478260869565216
0.14285714285714285
0.16216216216216217
0.09090909090909091
0.1724137931034483
0.19444444444444445
0.21875
0.17391304347826086
0.14814814814814814
0.21739130434782608
0.18518518518518517
0.125
0.16
0.2608695652173913
0.3142857142857143
0.16
0.16666666666666666
0.22727272727272727
0.18518518518518517
0.18181818181818182
0.27586206896551724
0.18518518518518517
0.1388888888888889
0.0967741935483871
0.36363636363636365
0.24324324324324326
0.2
0.12121212121212122
0.14285714285714285
0.09090909090909091
0.17391304347826086
0.2
0.10810810810810811
0.3333333333333333
0.15625
0.25806451612903225
0.34615384615384615
0.07692307692307693
0.1111111111111111
0.1935483870967742
0.14285714285714285
0.25
0.08333333333333333
0.2413793103448276
0.125
0.23076923076923078
0.21212121212121213
0.25
0.1111111111111111
0.14814814814814814
0.26666666666666666
0.038461538461538464
0.14285714285714285
0.15384615384615385
0.09523809523809523
0.23333333333333334
0.28
0.16
0.1935483870967742
0.1
0.36666666666666664
0.20588235294117646
0.058823529411764705
0.19047619047619047
0.14814814814814814
0.27586206896551724
0.1724137931034483
0.12121212121212122
0.12903225806451613
0.2857142857142857
0.11428571428571428
0.3
0.14285714285714285
0.10344827586206896
0.36363636363636365
0.15625
0.14285714285714285
0.23076923076923078
0.11764705882352941
0.03571428571428571
0.09523809523809523
0.14285714285714285
0.16
0.0
0.14814814814814814
0.2413793103448276
0.16129032258064516
0.16
0.18518518518518517
0.3
0.1111111111111111
0.25
0.14814814814814814
0.2903225806451613
0.15384615384615385
0.16666666666666666
0.34615384615384615
0.1388888888888889
0.16666666666666666
0.2
0.23076923076923078
0.2
0.16666666666666666
0.14705882352941177
0.2
0.13793103448275862
0.28125
0.14814814814814814
0.225
0.22857142857142856
0.1875
0.32142857142857145
0.3076923076923077
0.2
0.16666666666666666
0.17857142857142858
0.08695652173913043
0.25
0.23333333333333334
0.2413793103448276
0.13043478260869565
0.1111111111111111
0.25
0.18518518518518517
0.1724137931034483
0.2962962962962963
0.21739130434782608
0.1724137931034483
0.13513513513513514
0.2608695652173913
0.1935483870967742
0.2
0.17142857142857143
0.3103448275862069
0.25806451612903225
0.125
0.3125
0.30303030303030304
0.25
0.2857142857142857
0.25925925925925924
0.16216216216216217
0.22727272727272727
0.21428571428571427
0.125
0.23076923076923078
0.23684210526315788
0.22580645161290322
0.28125
0.23529411764705882
0.3125
0.29411764705882354
0.25
0.13793103448275862
0.11538461538461539
0.1935483870967742
0.16129032258064516
0.18518518518518517
0.2
0.17647058823529413
0.25
0.08
0.34615384615384615
0.2
0.24242424242424243
0.21212121212121213
0.3076923076923077
0.2777777777777778
0.13513513513513514
0.2564102564102564
0.18421052631578946
0.13333333333333333
0.25
0.24390243902439024
0.14285714285714285
0.21052631578947367
0.25806451612903225
0.22580645161290322
0.23809523809523808
0.17857142857142858
0.2222222222222222
0.06896551724137931
0.23076923076923078
0.21739130434782608
0.2222222222222222
0.2
0.25925925925925924
0.375
0.13157894736842105
0.25
0.2903225806451613
0.21428571428571427
0.037037037037037035
0.21428571428571427
0.07407407407407407
0.21428571428571427
0.15384615384615385
0.325
0.2222222222222222
0.21212121212121213
0.18181818181818182
0.2222222222222222
0.15384615384615385
0.19230769230769232
0.25806451612903225
0.15151515151515152
0.18518518518518517
0.18181818181818182
0.22580645161290322
0.25
0.21428571428571427
0.16216216216216217
0.25
0.21875
0.23529411764705882
0.1875
0.17391304347826086
0.20588235294117646
0.3548387096774194
0.2692307692307692
0.15384615384615385
0.14814814814814814
0.21428571428571427
0.3125
0.25
0.20689655172413793
0.26666666666666666
0.2
0.23333333333333334
0.15151515151515152
0.24
0.25
0.21428571428571427
0.2
0.2
0.2
0.23529411764705882
0.20833333333333334
0.2571428571428571
0.2222222222222222
0.14285714285714285
0.1111111111111111
0.2
0.21212121212121213
0.25
0.25
0.125
0.27586206896551724
0.15
0.23529411764705882
0.21428571428571427
0.21739130434782608
0.25
0.18518518518518517
0.23333333333333334
0.24
0.20689655172413793
0.11538461538461539
0.16666666666666666
0.23076923076923078
0.2413793103448276
0.11764705882352941
0.27586206896551724
0.1935483870967742
0.19047619047619047
0.25806451612903225
0.1724137931034483
0.10526315789473684
0.24324324324324326
0.2413793103448276
0.13793103448275862
0.125
0.2
0.2692307692307692
0.21875
0.06451612903225806
0.25925925925925924
0.12121212121212122
0.21739130434782608
0.16666666666666666
0.3055555555555556
0.043478260869565216
0.2
0.17391304347826086
0.2692307692307692
0.17857142857142858
0.12
0.12903225806451613
0.19444444444444445
0.20689655172413793
0.24
0.2631578947368421
0.1935483870967742
0.12121212121212122
0.1724137931034483
0.34375
0.2
0.125
0.21875
0.1891891891891892
0.1891891891891892
0.16666666666666666
0.10344827586206896
0.3
0.16129032258064516
0.32142857142857145
0.34615384615384615
0.16129032258064516
0.1724137931034483
0.2222222222222222
0.21212121212121213
0.27586206896551724
0.25
0.10714285714285714
0.2413793103448276
0.15789473684210525
0.21875
0.21875
0.2962962962962963
0.14705882352941177
0.045454545454545456
0.09090909090909091
0.18518518518518517
0.27586206896551724
0.125
0.2916666666666667
0.22857142857142856
0.16666666666666666
0.2222222222222222
0.2727272727272727
0.1724137931034483
0.20689655172413793
0.16666666666666666
0.2
0.2413793103448276
0.18518518518518517
0.2
0.23076923076923078
0.10344827586206896
0.3333333333333333
0.2
0.2
0.23076923076923078
0.14285714285714285
0.029411764705882353
0.12903225806451613
0.30434782608695654
0.27586206896551724
0.2
0.17142857142857143
0.20454545454545456
0.28125
0.0967741935483871
0.21212121212121213
0.16216216216216217
0.11538461538461539
0.25
0.2571428571428571
0.25
0.2571428571428571
0.24390243902439024
0.2777777777777778
0.25
0.1891891891891892
0.07692307692307693
0.08
0.2
0.11764705882352941
0.1875
0.2962962962962963
0.2727272727272727
0.17142857142857143
0.2857142857142857
0.2
0.1935483870967742
0.08
0.2857142857142857
0.20588235294117646
0.20588235294117646
0.28125
0.07692307692307693
0.2
0.1111111111111111
0.17647058823529413
0.36363636363636365
0.3333333333333333
0.15384615384615385
0.32142857142857145
0.25925925925925924
0.16666666666666666
0.1935483870967742
0.17857142857142858
0.21428571428571427
0.20689655172413793
0.14285714285714285
0.2903225806451613
0.16
0.20833333333333334
0.23076923076923078
0.19230769230769232
0.2903225806451613
0.16666666666666666
0.2
0.2222222222222222
0.23076923076923078
0.21212121212121213
0.125
0.2
0.25925925925925924
0.21875
0.18518518518518517
0.2
0.34782608695652173
0.3333333333333333
0.22580645161290322
0.125
0.20833333333333334
0.0967741935483871
0.2
0.2727272727272727
0.16666666666666666
0.17647058823529413
0.18518518518518517
0.038461538461538464
0.09375
0.28125
0.25
0.13636363636363635
0.25
0.2222222222222222
0.2647058823529412
0.1875
0.2727272727272727
0.18421052631578946
0.16666666666666666
0.1724137931034483
0.29411764705882354
0.17391304347826086
0.16216216216216217
0.1794871794871795
0.18518518518518517
0.2
0.22580645161290322
0.20689655172413793
0.1282051282051282
0.25
0.2903225806451613
0.12121212121212122
0.19047619047619047
0.17857142857142858
0.14285714285714285
0.3125
0.2777777777777778
0.21621621621621623
0.1724137931034483
0.2571428571428571
0.22857142857142856
0.2903225806451613
0.17857142857142858
0.25
0.13793103448275862
0.17857142857142858
0.23333333333333334
0.12121212121212122
0.18518518518518517
0.10714285714285714
0.21212121212121213
0.26666666666666666
0.21212121212121213
0.08333333333333333
0.13636363636363635
0.12121212121212122
0.2857142857142857
0.3157894736842105
