0.13333333333333333
0.1
0.2777777777777778
0.15
0.16216216216216217
0.17142857142857143
0.04347826086956522
0.12765957446808512
0.052631578947368425
0.13636363636363638
0.1
0.08888888888888888
0.33333333333333337
0.13333333333333333
0.2702702702702703
0.15
0.15
0.21739130434782608
0.1923076923076923
0.21276595744680848
0.19047619047619044
0.1111111111111111
0.2325581395348837
0.17777777777777776
0.1951219512195122
0.15789473684210528
0.1951219512195122
0.14285714285714288
0.20512820512820512
0.2564102564102564
0.05128205128205128
0.16666666666666669
0.25
0.13953488372093023
0.05714285714285715
0.13636363636363638
0.16216216216216217
0.12
0.05
0.1212121212121212
0.13043478260869568
0.23809523809523808
0.10256410256410256
0.0
0.1111111111111111
0.13043478260869568
0.16216216216216217
0.32
0.1
0.3404255319148936
0.09302325581395349
0.2222222222222222
0.05714285714285715
0.04761904761904761
0.14285714285714288
0.25
0.14634146341463417
0.17142857142857143
0.21739130434782608
0.1951219512195122
0.23809523809523808
0.2222222222222222
0.2631578947368421
0.05714285714285715
0.05
0.15
0.10810810810810811
0.17777777777777776
0.33333333333333337
0.2564102564102564
0.12765957446808512
0.23809523809523808
0.0975609756097561
0.27272727272727276
0.27272727272727276
0.2439024390243902
0.1739130434782609
0.17777777777777776
0.08695652173913045
0.15384615384615383
0.25
0.21739130434782608
0.2564102564102564
0.14285714285714288
0.163265306122449
0.052631578947368425
0.2564102564102564
0.1702127659574468
0.2222222222222222
0.13333333333333333
0.1951219512195122
0.2040816326530612
0.03773584905660378
0.05555555555555555
0.11764705882352941
0.21276595744680848
0.14285714285714288
0.26086956521739135
0.05128205128205128
0.0
0.1702127659574468
0.17857142857142855
0.28571428571428575
0.05714285714285715
0.21739130434782608
0.16666666666666669
0.25531914893617025
0.05555555555555555
0.13953488372093023
0.25
0.09090909090909091
0.1142857142857143
0.1142857142857143
0.05405405405405406
0.23809523809523808
0.0
0.1739130434782609
0.25
0.1951219512195122
0.05714285714285715
0.08888888888888888
0.1
0.1568627450980392
0.25
0.1111111111111111
0.10526315789473685
0.09523809523809522
0.2222222222222222
0.14634146341463417
0.05555555555555555
0.14634146341463417
0.09090909090909091
0.2978723404255319
0.0
0.16666666666666669
0.10810810810810811
0.2
0.13333333333333333
0.13953488372093023
0.14285714285714288
0.19047619047619044
0.1
0.27906976744186046
0.1111111111111111
0.15789473684210528
0.1111111111111111
0.1923076923076923
0.28
0.14634146341463417
0.05405405405405406
0.33333333333333337
0.25
0.10256410256410256
0.09090909090909091
0.15789473684210528
0.052631578947368425
0.1951219512195122
0.0975609756097561
0.13043478260869568
0.15789473684210528
0.15
0.1111111111111111
0.12244897959183673
0.16666666666666669
0.17142857142857143
0.1951219512195122
0.29268292682926833
0.08695652173913045
0.15
0.15
0.21276595744680848
0.14634146341463417
0.23529411764705882
0.0975609756097561
0.10810810810810811
0.10810810810810811
0.18181818181818182
0.16216216216216217
0.05128205128205128
0.1
0.05405405405405406
0.21428571428571427
0.2040816326530612
0.0
0.35
0.2439024390243902
0.14634146341463417
0.16216216216216217
0.34615384615384615
0.13953488372093023
0.058823529411764705
0.13043478260869568
0.2
0.1702127659574468
0.10256410256410256
0.1111111111111111
0.16666666666666669
0.04761904761904761
0.17777777777777776
0.13333333333333333
0.14634146341463417
0.16216216216216217
0.2
0.3043478260869565
0.16
0.13953488372093023
0.1111111111111111
0.10810810810810811
0.05
0.0975609756097561
0.11764705882352941
0.09090909090909091
0.16666666666666669
0.05405405405405406
0.045454545454545456
0.09523809523809522
0.2439024390243902
0.15384615384615383
0.15789473684210528
0.22727272727272724
0.26666666666666666
0.1951219512195122
0.20833333333333334
0.22727272727272724
0.125
0.28
0.15
0.2592592592592593
0.05714285714285715
0.14634146341463417
0.1111111111111111
0.10526315789473685
0.05714285714285715
0.10810810810810811
0.05714285714285715
0.1951219512195122
0.19047619047619044
0.13043478260869568
0.2
0.20512820512820512
0.05
0.2564102564102564
0.3043478260869565
0.05
0.15384615384615383
0.18181818181818182
0.10810810810810811
0.05714285714285715
0.16216216216216217
0.36000000000000004
0.163265306122449
0.1702127659574468
0.22727272727272724
0.10256410256410256
0.28571428571428575
0.1951219512195122
0.2105263157894737
0.2439024390243902
0.05128205128205128
0.23809523809523808
0.18604651162790697
0.15789473684210528
0.0975609756097561
0.25
0.21739130434782608
0.17647058823529416
0.2325581395348837
0.05714285714285715
0.05405405405405406
0.11764705882352941
0.14285714285714288
0.05714285714285715
0.21621621621621623
0.15384615384615383
0.13953488372093023
0.17777777777777776
0.13333333333333333
0.09090909090909091
0.18604651162790697
0.19607843137254902
0.1702127659574468
0.2325581395348837
0.3181818181818182
0.04878048780487805
0.19047619047619044
0.09090909090909091
0.2
0.13043478260869568
0.2439024390243902
0.13043478260869568
0.22727272727272724
0.09523809523809522
0.1951219512195122
0.2325581395348837
0.0851063829787234
0.18604651162790697
0.34146341463414637
0.23809523809523808
0.10256410256410256
0.22727272727272724
0.34146341463414637
0.12244897959183673
0.1
0.12765957446808512
0.10810810810810811
0.1212121212121212
0.19607843137254902
0.16216216216216217
0.11764705882352941
0.26666666666666666
0.09523809523809522
0.25
0.1111111111111111
0.15
0.16666666666666669
0.1111111111111111
0.0975609756097561
0.25
0.26086956521739135
0.15
0.20512820512820512
0.25
0.14285714285714288
0.13636363636363638
0.0
0.1702127659574468
0.1923076923076923
0.2
0.23809523809523808
0.36000000000000004
0.09523809523809522
0.15384615384615383
0.12
0.0975609756097561
0.33333333333333337
0.2105263157894737
0.1142857142857143
0.10526315789473685
0.23809523809523808
0.18181818181818182
0.19047619047619044
0.14285714285714288
0.14285714285714288
0.2
0.05405405405405406
0.0425531914893617
0.18604651162790697
0.14285714285714288
0.2105263157894737
0.0
0.05405405405405406
0.13953488372093023
0.2916666666666667
0.046511627906976744
0.05714285714285715
0.10810810810810811
0.14285714285714288
0.27906976744186046
0.12244897959183673
0.1739130434782609
0.13043478260869568
0.26666666666666666
0.052631578947368425
0.052631578947368425
0.10810810810810811
0.0975609756097561
0.11764705882352941
0.05128205128205128
0.05405405405405406
0.0975609756097561
0.2
0.13043478260869568
0.13333333333333333
0.23809523809523808
0.2631578947368421
0.2439024390243902
0.2105263157894737
0.125
0.13953488372093023
0.10526315789473685
0.1142857142857143
0.19047619047619044
0.12244897959183673
0.05128205128205128
0.15094339622641512
0.18181818181818182
0.05405405405405406
0.10526315789473685
0.05405405405405406
0.1
0.14634146341463417
0.14285714285714288
0.25
0.16666666666666669
0.16666666666666669
0.21739130434782608
0.15
0.16216216216216217
0.10810810810810811
0.1951219512195122
0.08333333333333334
0.23809523809523808
0.13043478260869568
0.1111111111111111
0.15789473684210528
0.0851063829787234
0.15
0.09523809523809522
0.19047619047619044
0.20512820512820512
0.0606060606060606
0.2105263157894737
0.18181818181818182
0.26666666666666666
0.09523809523809522
0.15384615384615383
0.19607843137254902
0.27450980392156865
0.13333333333333333
0.2222222222222222
0.1
0.0606060606060606
0.25531914893617025
0.052631578947368425
0.2857142857142857
0.2105263157894737
0.0606060606060606
0.0
0.2
0.43902439024390244
0.23076923076923075
0.13636363636363638
0.08888888888888888
0.10714285714285714
0.1142857142857143
0.163265306122449
0.21739130434782608
0.0
0.2631578947368421
0.13953488372093023
0.15
0.04878048780487805
0.125
0.1951219512195122
0.14634146341463417
0.1851851851851852
0.18181818181818182
0.10526315789473685
0.10256410256410256
0.2
0.2978723404255319
0.0975609756097561
0.05128205128205128
0.15789473684210528
0.1
0.2
0.18181818181818182
0.34146341463414637
0.28
0.1951219512195122
0.13953488372093023
0.21739130434782608
0.30769230769230765
0.1
0.13333333333333333
0.11320754716981132
0.23809523809523808
0.15
0.04166666666666667
0.21621621621621623
0.20833333333333334
0.10526315789473685
0.16216216216216217
0.15789473684210528
0.2325581395348837
0.13333333333333333
0.17647058823529416
0.09090909090909091
0.18181818181818182
0.2439024390243902
0.0
0.18604651162790697
0.0
0.10810810810810811
0.2456140350877193
0.22727272727272724
0.045454545454545456
0.13953488372093023
0.15
0.0975609756097561
0.17142857142857143
0.26086956521739135
0.17777777777777776
0.25531914893617025
0.09523809523809522
0.2222222222222222
0.17857142857142855
0.07407407407407407
0.15
0.13636363636363638
