0.27586206896551724
0.43478260869565216
0.38095238095238093
0.38095238095238093
0.3181818181818182
0.4444444444444444
0.5384615384615384
0.3333333333333333
0.38461538461538464
0.45
0.46153846153846156
0.4666666666666667
0.47368421052631576
0.45
0.6
0.4666666666666667
0.35714285714285715
0.375
0.3235294117647059
0.5555555555555556
0.3888888888888889
0.3684210526315789
0.391304347826087
0.25
0.35714285714285715
0.42105263157894735
0.32142857142857145
0.6153846153846154
0.42857142857142855
0.4090909090909091
0.3225806451612903
0.3333333333333333
0.39285714285714285
0.2558139534883721
0.3125
0.38095238095238093
0.3333333333333333
0.375
0.6111111111111112
0.42105263157894735
0.5
0.36363636363636365
0.4444444444444444
0.47368421052631576
0.4782608695652174
0.28125
0.5
0.5263157894736842
0.3181818181818182
0.48
0.4782608695652174
0.3870967741935484
0.38095238095238093
0.32
0.5714285714285714
0.36363636363636365
0.36363636363636365
0.36363636363636365
0.2857142857142857
0.45
0.4166666666666667
0.6428571428571429
0.2857142857142857
0.42857142857142855
0.5
0.4166666666666667
0.2903225806451613
0.3448275862068966
0.42857142857142855
0.4444444444444444
0.43478260869565216
0.24
0.35294117647058826
0.4583333333333333
0.2702702702702703
0.24
0.32
0.47058823529411764
0.5333333333333333
0.3793103448275862
0.35714285714285715
0.43478260869565216
0.375
0.5
0.47058823529411764
0.32
0.35714285714285715
0.4375
0.2564102564102564
0.24390243902439024
0.47368421052631576
0.6
0.5
0.4074074074074074
0.42857142857142855
0.3333333333333333
0.5
0.4
0.37037037037037035
0.47368421052631576
0.35294117647058826
0.3076923076923077
0.45
0.3448275862068966
0.391304347826087
0.3888888888888889
0.2571428571428571
0.4375
0.24
0.5625
0.5625
0.4
0.35
0.5333333333333333
0.36
0.47619047619047616
0.47368421052631576
0.2857142857142857
0.28125
0.2916666666666667
0.2903225806451613
0.32142857142857145
0.2972972972972973
0.25
0.34782608695652173
0.5
0.47368421052631576
0.391304347826087
0.5
0.3225806451612903
0.625
0.36
0.29411764705882354
0.4
0.5
0.36
0.34782608695652173
0.3888888888888889
0.38461538461538464
0.4090909090909091
0.5789473684210527
0.47058823529411764
0.34782608695652173
0.28
0.3870967741935484
0.5625
0.3333333333333333
0.43478260869565216
0.36363636363636365
0.2857142857142857
0.391304347826087
0.55
0.5384615384615384
0.5
0.4782608695652174
0.47619047619047616
0.5
0.34782608695652173
0.3448275862068966
0.6428571428571429
0.14285714285714285
0.2962962962962963
0.36
0.46153846153846156
0.28125
0.42857142857142855
0.5
0.2564102564102564
0.375
0.5
0.45
0.3333333333333333
0.375
0.4666666666666667
0.4230769230769231
0.5555555555555556
0.2903225806451613
0.35
0.2916666666666667
0.5714285714285714
0.4117647058823529
0.3181818181818182
0.3
0.5789473684210527
0.4090909090909091
0.42857142857142855
0.4666666666666667
0.29411764705882354
0.45
0.3055555555555556
0.28125
0.3684210526315789
0.2608695652173913
0.4375
0.4090909090909091
0.32
0.4444444444444444
0.3333333333333333
0.5263157894736842
0.45454545454545453
0.2619047619047619
0.3333333333333333
0.38095238095238093
0.4
0.38461538461538464
0.46153846153846156
0.2727272727272727
0.3
0.5
0.2962962962962963
0.4
0.2903225806451613
0.29411764705882354
0.42105263157894735
0.2727272727272727
0.34375
0.35
0.47368421052631576
0.36
0.175
0.3888888888888889
0.4666666666666667
0.4
0.391304347826087
0.3888888888888889
0.3548387096774194
0.3125
0.47368421052631576
0.6428571428571429
0.3076923076923077
0.5714285714285714
0.5714285714285714
0.1875
0.42857142857142855
0.35714285714285715
0.4
0.3
0.2727272727272727
0.4
0.3103448275862069
0.3333333333333333
0.30434782608695654
0.2903225806451613
0.4666666666666667
0.5
0.42105263157894735
0.4666666666666667
0.3076923076923077
0.375
0.3333333333333333
0.3333333333333333
0.4230769230769231
0.4666666666666667
0.47368421052631576
0.2857142857142857
0.4090909090909091
0.4090909090909091
0.4
0.4
0.28
0.5789473684210527
0.375
0.43478260869565216
0.3333333333333333
0.5789473684210527
0.3235294117647059
0.20930232558139536
0.4090909090909091
0.38095238095238093
0.5333333333333333
0.4444444444444444
0.4444444444444444
0.42857142857142855
0.5294117647058824
0.5238095238095238
0.22727272727272727
0.21052631578947367
0.6
0.3103448275862069
0.4090909090909091
0.27586206896551724
0.375
0.47368421052631576
0.5
0.23076923076923078
0.45454545454545453
0.2647058823529412
0.30434782608695654
0.43478260869565216
0.36363636363636365
0.45454545454545453
0.34615384615384615
0.3333333333333333
0.34782608695652173
0.42105263157894735
0.47368421052631576
0.375
0.36
0.3333333333333333
0.375
0.47368421052631576
0.375
0.3333333333333333
0.6111111111111112
0.28
0.625
0.4444444444444444
0.375
0.3076923076923077
0.28125
0.375
0.47368421052631576
0.4
0.47058823529411764
0.5833333333333334
0.6
0.2692307692307692
0.5
0.43478260869565216
0.28
0.34615384615384615
0.39285714285714285
0.35
0.4
0.30434782608695654
0.4117647058823529
0.23684210526315788
0.4375
0.3333333333333333
0.4090909090909091
0.5
0.35714285714285715
0.55
0.3870967741935484
0.34615384615384615
0.391304347826087
0.34615384615384615
0.4117647058823529
0.32142857142857145
0.36363636363636365
0.5
0.3076923076923077
0.38461538461538464
0.47619047619047616
0.375
0.34782608695652173
0.3181818181818182
0.5714285714285714
0.36
0.3181818181818182
0.28
0.36363636363636365
0.47368421052631576
0.1875
0.30434782608695654
0.3888888888888889
0.36363636363636365
0.3888888888888889
0.47058823529411764
0.4
0.32
0.3055555555555556
0.4782608695652174
0.25
0.3333333333333333
0.36363636363636365
0.4
0.3103448275862069
0.2857142857142857
0.21212121212121213
0.25
0.3
0.36666666666666664
0.5263157894736842
0.45
0.4375
0.5
0.5625
0.23076923076923078
0.5
0.2692307692307692
0.3333333333333333
0.5555555555555556
0.25
0.36
0.44
0.5555555555555556
0.36
0.5263157894736842
0.3125
0.36363636363636365
0.36
0.4090909090909091
0.5625
0.45454545454545453
0.46153846153846156
0.47368421052631576
0.2857142857142857
0.24324324324324326
0.3181818181818182
0.25
0.3333333333333333
0.4666666666666667
0.3684210526315789
0.3793103448275862
0.3333333333333333
0.3548387096774194
0.6153846153846154
0.35714285714285715
0.47368421052631576
0.28
0.4
0.2413793103448276
0.42105263157894735
0.24324324324324326
0.3333333333333333
0.5625
0.37037037037037035
0.3888888888888889
0.3333333333333333
0.32
0.47058823529411764
0.4444444444444444
0.42105263157894735
0.4
0.2962962962962963
0.3
0.7
0.5217391304347826
0.3181818181818182
0.6363636363636364
0.5
0.28
0.4
0.625
0.47619047619047616
0.2727272727272727
0.4
0.4583333333333333
0.25
0.3888888888888889
0.3103448275862069
0.4666666666666667
0.4166666666666667
0.4583333333333333
0.3333333333333333
0.45
0.47619047619047616
0.5263157894736842
0.45
0.36
0.3103448275862069
0.3548387096774194
0.3157894736842105
0.4583333333333333
0.38095238095238093
0.26666666666666666
0.47368421052631576
0.3142857142857143
0.3
0.35294117647058826
0.5294117647058824
0.4166666666666667
0.24242424242424243
0.45454545454545453
0.4117647058823529
0.5294117647058824
0.42105263157894735
0.4782608695652174
0.3333333333333333
0.3
0.28125
0.42105263157894735
0.5
0.5
0.4090909090909091
0.3684210526315789
0.4
0.36
0.5
0.46153846153846156
0.3684210526315789
0.5625
0.6666666666666666
0.17142857142857143
0.375
0.5
0.4230769230769231
0.3181818181818182
0.6923076923076923
0.6666666666666666
0.42105263157894735
0.36
0.38095238095238093
0.38095238095238093
0.5714285714285714
0.391304347826087
0.23076923076923078
0.4782608695652174
0.3
