0.38461538461538464
0.4444444444444444
0.5714285714285714
0.6428571428571429
0.8181818181818182
0.5
0.7333333333333333
0.42105263157894735
0.6875
0.5882352941176471
0.7
0.8888888888888888
0.6666666666666666
0.5294117647058824
0.7272727272727273
0.75
0.9
0.4
0.7
0.6363636363636364
0.5625
0.6428571428571429
0.7333333333333333
0.5333333333333333
0.5833333333333334
0.7272727272727273
0.6923076923076923
0.7857142857142857
0.7857142857142857
0.75
0.8571428571428571
0.7
0.7
0.4444444444444444
0.8
0.875
0.6428571428571429
0.4090909090909091
0.7272727272727273
0.5
0.6
0.8
0.6923076923076923
0.8333333333333334
0.55
0.75
0.5294117647058824
0.5625
0.7777777777777778
0.5
0.5
0.5333333333333333
0.75
0.55
0.625
0.5263157894736842
0.45454545454545453
0.5882352941176471
0.6
0.47058823529411764
0.47368421052631576
0.6470588235294118
0.8333333333333334
0.5882352941176471
0.6666666666666666
0.5714285714285714
0.7857142857142857
0.4666666666666667
0.6
0.6666666666666666
0.8
0.5
0.8888888888888888
0.5625
0.6666666666666666
0.5263157894736842
0.6470588235294118
0.5833333333333334
0.5625
0.47368421052631576
0.7857142857142857
0.5263157894736842
0.9
0.42857142857142855
0.5
0.7692307692307693
0.5714285714285714
0.625
0.75
0.55
0.5714285714285714
0.7
0.6470588235294118
0.8181818181818182
0.6666666666666666
0.7777777777777778
0.6923076923076923
0.7
0.7
0.6
0.5882352941176471
0.75
0.7
0.42857142857142855
0.7692307692307693
0.5555555555555556
0.7142857142857143
0.5333333333333333
0.4444444444444444
0.6470588235294118
0.8333333333333334
0.6923076923076923
0.6666666666666666
0.5
0.5263157894736842
0.5
0.6875
0.7272727272727273
0.6
0.5833333333333334
0.5333333333333333
0.7777777777777778
0.9
0.75
0.6666666666666666
0.5384615384615384
0.4375
0.7333333333333333
0.8
0.8
0.42105263157894735
0.6428571428571429
0.6428571428571429
0.7142857142857143
0.75
0.375
0.7333333333333333
0.5882352941176471
0.47619047619047616
0.5294117647058824
0.5625
0.5789473684210527
0.6923076923076923
0.4666666666666667
0.6875
0.4375
0.5625
0.6666666666666666
0.5625
0.6666666666666666
0.75
0.5882352941176471
0.5
0.5833333333333334
0.5
0.6875
0.7272727272727273
0.4444444444444444
0.5384615384615384
0.4583333333333333
0.6666666666666666
0.5625
0.5
0.5789473684210527
0.7333333333333333
0.6153846153846154
0.7
0.6666666666666666
0.6923076923076923
0.5833333333333334
0.6153846153846154
0.6111111111111112
0.47058823529411764
0.5333333333333333
0.6
0.625
0.7
0.6666666666666666
0.47058823529411764
0.6470588235294118
0.8
0.3684210526315789
0.6470588235294118
0.391304347826087
0.5882352941176471
0.5333333333333333
0.5
0.5
0.6428571428571429
0.6666666666666666
0.46153846153846156
0.6153846153846154
0.42857142857142855
0.6
0.4074074074074074
0.46153846153846156
0.9
0.5
0.7857142857142857
0.5555555555555556
0.5
0.6666666666666666
0.8
0.7142857142857143
0.6153846153846154
0.6428571428571429
0.7
0.5333333333333333
0.5714285714285714
0.47058823529411764
0.7272727272727273
0.5
0.4090909090909091
0.6666666666666666
0.7142857142857143
0.6428571428571429
0.4782608695652174
0.6666666666666666
0.625
0.5882352941176471
0.7
0.5384615384615384
0.75
0.5294117647058824
0.625
0.7857142857142857
0.46153846153846156
0.75
0.5384615384615384
0.45
0.6
0.6428571428571429
0.5555555555555556
0.5789473684210527
0.5
0.6666666666666666
0.6428571428571429
0.6428571428571429
0.8
0.375
0.4444444444444444
0.5
0.6
0.47058823529411764
0.6363636363636364
0.6153846153846154
0.7692307692307693
0.8888888888888888
0.5555555555555556
0.45454545454545453
0.5714285714285714
0.6666666666666666
0.5294117647058824
0.625
0.5384615384615384
0.6153846153846154
0.47619047619047616
0.5
0.5333333333333333
0.6428571428571429
0.6153846153846154
0.6
0.5384615384615384
0.6875
1.0
0.9
0.7
0.75
0.6923076923076923
0.5384615384615384
0.5714285714285714
0.5833333333333334
0.6875
0.5625
0.6923076923076923
0.8181818181818182
0.5333333333333333
0.75
0.5
0.8888888888888888
0.6666666666666666
0.6666666666666666
0.5
0.5833333333333334
0.4166666666666667
0.6111111111111112
0.6666666666666666
0.5
0.4090909090909091
0.7333333333333333
0.631578947368421
0.5
0.6666666666666666
1.0
0.5294117647058824
0.46153846153846156
0.45454545454545453
0.6428571428571429
0.5333333333333333
0.5384615384615384
0.5625
0.5263157894736842
0.2857142857142857
0.4666666666666667
0.45
0.6666666666666666
1.0
0.75
0.5
0.5333333333333333
0.4375
0.5625
0.5333333333333333
0.6666666666666666
0.6428571428571429
0.6923076923076923
0.5833333333333334
0.5454545454545454
0.5833333333333334
0.6111111111111112
1.0
0.6363636363636364
0.46153846153846156
0.7777777777777778
0.6363636363636364
0.6153846153846154
0.6666666666666666
0.5555555555555556
0.6666666666666666
0.5263157894736842
0.5555555555555556
0.7777777777777778
0.631578947368421
0.5333333333333333
0.4782608695652174
0.46153846153846156
0.46153846153846156
0.5714285714285714
0.47368421052631576
0.47368421052631576
1.0
0.6
0.9
0.38095238095238093
0.6363636363636364
0.5882352941176471
0.9090909090909091
0.5
0.45
0.9
0.47619047619047616
0.5625
0.625
0.5263157894736842
0.75
0.6666666666666666
0.6153846153846154
0.5833333333333334
0.6
0.4444444444444444
0.5789473684210527
0.5789473684210527
0.7777777777777778
0.7272727272727273
0.6
0.35
0.6666666666666666
0.7272727272727273
0.5
0.48
0.625
0.42857142857142855
0.6
0.4444444444444444
0.7272727272727273
0.7857142857142857
0.7272727272727273
0.8181818181818182
0.6153846153846154
0.6428571428571429
0.75
0.5333333333333333
0.5384615384615384
0.875
0.5384615384615384
0.7692307692307693
0.5454545454545454
0.4375
0.35
0.5625
0.6923076923076923
0.6153846153846154
0.7777777777777778
0.7
0.4666666666666667
0.6666666666666666
0.8461538461538461
0.625
0.5384615384615384
0.625
0.7
0.631578947368421
0.5714285714285714
0.6666666666666666
0.42105263157894735
0.6428571428571429
0.5714285714285714
0.8
0.4
0.5294117647058824
0.7857142857142857
0.6666666666666666
0.6111111111111112
0.5555555555555556
0.5
0.6
0.6666666666666666
0.6363636363636364
0.6363636363636364
0.47619047619047616
0.5625
0.7
0.7
0.7777777777777778
0.5555555555555556
0.8571428571428571
0.6153846153846154
0.7692307692307693
0.7647058823529411
0.5
0.3684210526315789
0.8333333333333334
0.5294117647058824
0.75
0.5238095238095238
0.7692307692307693
0.5625
0.7777777777777778
0.6923076923076923
0.6
0.5
0.6428571428571429
0.5333333333333333
0.5263157894736842
0.5333333333333333
0.6923076923076923
0.5333333333333333
0.5263157894736842
0.5454545454545454
0.4
0.6923076923076923
0.5714285714285714
0.625
0.8181818181818182
0.6
0.6
0.8181818181818182
0.625
0.5294117647058824
0.3888888888888889
0.5333333333333333
0.7142857142857143
0.7142857142857143
0.5
0.6666666666666666
0.47058823529411764
0.6
0.8888888888888888
0.5
0.5789473684210527
0.625
0.6923076923076923
0.5555555555555556
1.0
0.7142857142857143
0.8333333333333334
0.4117647058823529
0.6666666666666666
0.6153846153846154
0.7
0.625
0.7272727272727273
0.5
0.6875
0.75
0.6666666666666666
0.6153846153846154
0.5
0.5833333333333334
0.5833333333333334
0.5454545454545454
0.6923076923076923
0.5625
0.5263157894736842
0.5
0.6428571428571429
0.5
0.6923076923076923
0.6875
0.625
