0.5384345595562314
0.41560206196576044
0.5631292735695956
0.5514092331596385
0.4931103256590996
0.5657698061449183
0.5164795820657735
0.5709379840761255
0.5586985511453113
0.5727673729114195
0.5779959667677382
0.5024605713337587
0.6361001281608608
0.5621133849019148
0.5983265363597144
0.5291079640426267
0.5882021135253153
0.5515247191692454
0.3921741626926743
0.6015511291138318
0.4951510755472097
0.4576271593949618
0.5497754782645998
0.547284966827071
0.49461818817838427
0.5402580071090386
0.5735481902719628
0.5984876617394452
0.5378314126763635
0.5638467699084226
0.5135584696030284
0.5481684354597586
0.5342807071093807
0.5686539450517988
0.49190632662302947
0.5132289469372605
0.4611066701209683
0.6111449944728572
0.6419385204782061
0.5453254993657399
0.6328622281254463
0.5087116154937866
0.5014412876927563
0.5825326953723633
0.5482367721535037
0.36570573594485833
0.6223825449228165
0.5545925081161063
0.5214346136533905
0.6241248883621876
0.5522564867552133
0.5329511280266941
0.5404545342997878
0.5719095074539357
0.576725322151678
0.5632119211291035
0.5144677840805809
0.45319789813695877
0.4377511226880202
0.6009181041638993
0.5637268493570933
0.5882280333557551
0.5610932638301069
0.5321408051696638
0.5565907123026064
0.6462585402115386
0.5396099308007491
0.5130734865779885
0.45361867387804744
0.5944880104586409
0.4774886806748497
0.5498458461792367
0.5533170544402327
0.491937345076425
0.48335512283580406
0.4932805576691822
0.4470215405857825
0.44441116864482477
0.6195798521802116
0.5596875628316953
0.554007143997231
0.5386163361503294
0.5947918650881032
0.5585846442188614
0.5544270870470789
0.5267280619344543
0.6123121197197623
0.5162911098133267
0.6223652409055197
0.5828205048461435
0.5572530467314052
0.5777424478974358
0.406147167473065
0.6171684065070837
0.511077701708758
0.5342994138413668
0.6383555992489364
0.5296610270458113
0.44278822791002215
0.5373420872660941
0.565684878887897
0.5480140533338738
0.5920319086646925
0.6073111398513162
0.5364386516373494
0.518921226753761
0.5774193174715567
0.5860146304272046
0.5008236783659011
0.6486854828785866
0.5128388342534752
0.5044252020884601
0.6603698078330797
0.6642965302637531
0.5758783006383157
0.5264632930753808
0.5822680586200316
0.43355150673245396
0.5798450871994724
0.5516189590766459
0.5510271604269106
0.6830988216200621
0.4479410337691697
0.5125254906265047
0.5627099962984048
0.5422499580261766
0.5407594167629464
0.4807516733914771
0.6211138038466584
0.5148018591080459
0.6017713926599909
0.632455959823985
0.4853214458696038
0.5297588229299812
0.6314465159122761
0.44935727214074356
0.5770092519945271
0.5696729620132002
0.5279870292639164
0.4933427316591412
0.529297851427886
0.5808413572909586
0.5375737051380336
0.5199987510339394
0.6479700682315558
0.6003972590051789
0.5209607924485051
0.5336241475999388
0.4746483649815468
0.5575142490347798
0.4379221497629605
0.6351630616732402
0.5910419337056412
0.6096097348736101
0.5496891929056431
0.6150933493558064
0.5698320937296278
0.5234835824245745
0.5405364446896996
0.596071180518313
0.38340835214825675
0.47320832026736165
0.5390376391054511
0.48097893781649753
0.5098245394012548
0.550480805585472
0.5631394033193623
0.515760019706981
0.5013164899767706
0.49042614073440705
0.6194416909406941
0.5842077586071025
0.5488658129573504
0.5637327877891273
0.5953136080861553
0.4980464101038471
0.5077247606559337
0.5711347016618812
0.5154625476206582
0.6305349936776082
0.4968167036271052
0.5780162719009563
0.4752379083349173
0.6601778212906033
0.4688425786424738
0.5889107088600065
0.5652675103593643
0.5793747079285999
0.571704166213498
0.5644959331715713
0.5241825985239887
0.5531934455164789
0.5786093359379382
0.5405134437794702
0.5724214617116085
0.45303431638596076
0.6512817581192535
0.5875820739826649
0.45960090617533794
0.5896669382147962
0.5052138004852285
0.568302251701777
0.5486461145205019
0.5058053695701177
0.6275870998405181
0.6160213145021081
0.5789347593382677
0.6181812231595112
0.6647369687811293
0.5161590249321694
0.5037423413205845
0.42670950480079023
0.5584723700928252
0.5286587093675339
0.6721582249884055
0.5593938035055075
0.6103515374547308
0.5352376356136824
0.489077636299914
0.4983231577327238
0.5718100895365109
0.6031601902706519
0.5487010128018368
0.5741097519920755
0.4547696835366032
0.5657189512563129
0.46309965522792423
0.6238364409129232
0.5740272214108255
0.49373371755261597
0.6085037758860457
0.6072409677983595
0.42388494587352304
0.6420086572583639
0.4756352446673713
0.610935997354827
0.5276088960563379
0.39670393214104727
0.5730986609868625
0.6064324113025636
0.5188321394575379
0.4712355375589443
0.5315695709050068
0.5224547215859883
0.4723610945194744
0.5381931870240318
0.5029274318877612
0.4971496044628625
0.42469278635327534
0.515240670485372
0.5219825727731827
0.5946331346959507
0.6226964617967116
0.5349591980542505
0.5422636675024034
0.5040456645409104
0.5499969132311401
0.5705675195273385
0.5113791989896616
0.49304232882967847
0.6169008957181098
0.6194737463837121
0.5212951499060386
0.5636094946957446
0.6036729682697095
0.5016642619058168
0.4715978471386018
0.5043949068547489
0.5268060612242655
0.569568940409983
0.6027676754166981
0.6327029081320735
0.5995273180435426
0.5269941219920611
0.562081529747976
0.5007815130935839
0.48022732622249037
0.6218911873471924
0.5699402781738871
0.6337799107726572
0.5044817875019341
0.5394720622110301
0.5262921425890302
0.446095405176144
0.5116817171266977
0.5682349490584817
0.5958797143523966
0.49645349881501
0.5946289566413077
0.3633047379561028
0.46477374916758074
0.5265311734060664
0.630089352930588
0.5765589156492666
0.6031623964458482
0.3665786075551047
0.42573054536351496
0.5608106837407059
0.43818876703021986
0.5143524698774881
0.43649007189964156
0.41020497859576466
0.5111948461425813
0.5732429689095243
0.5953414904651202
0.5888958088406923
0.5674184873509953
0.6516543422419807
0.44279281291002
0.540582030992167
0.49719939954998493
0.6044084225419285
0.5629262804583547
0.543319249165007
0.5308744791329573
0.5890744595093473
0.4621952212957462
0.6557771745914314
0.6247002076030113
0.5196099252443851
0.5468265463848021
0.5162496247759822
0.48621219032543717
0.5184586584143941
0.4600550154003541
0.3979041105076805
0.5203403173183683
0.5169586128837825
0.4947205975030823
0.5517738879125835
0.5908715572962954
0.5884937539231988
0.662619186842563
0.5630091878342076
0.5448788921053558
0.6188167200853915
0.5796369050685106
0.5276769974438611
0.47874769743583007
0.5280011637016997
0.6209525954965959
0.512428663615381
0.5506038319023003
0.5570539706050649
0.5886028061245243
0.5618573159887124
0.5663887836452315
0.5673155101334072
0.6454632989064316
0.4757054073565807
0.43661308075459526
0.4745000895184527
0.4984058427536393
0.45840372043639704
0.5112405673745052
0.6156516541912228
0.595634577046256
0.5722007419907429
0.5068937292815965
0.6119097985242619
0.4947141344607897
0.5712192363990908
0.5922016260791416
0.5609940525705146
0.5365865425372309
0.5421651283044553
0.5405721336368459
0.6270315004257114
0.4048947784217939
0.5079704650959322
0.45984836183461014
0.44198201396759945
0.5907656687104782
0.6010182188530204
0.5552509769898518
0.3945662246001975
0.581331779735155
0.6086654252779935
0.6300372948506623
0.5987874569485012
0.4982507284293259
0.5478791666120942
0.5774401131907776
0.5332765808413721
0.5826745248872593
0.5860036230545185
0.5167566222134445
0.5670558699128512
0.5626445692450682
0.5375794466010515
0.5790265234611904
0.5524478724440426
0.5303770977745746
0.6263149539373988
0.5293669760161097
0.4848052084890203
0.5433478482514272
0.4579675525809811
0.4624508036790087
0.6107771653563882
0.5840974101413389
0.4640822573392882
0.5389743019887727
0.5955557767476919
0.6069193511855687
0.5277309896622013
0.5665501087609043
0.5936100334327679
0.5405168540112588
0.5019686882848974
0.4839171811227345
0.6698086473304308
0.599784225678412
0.6309856319510018
0.4950247158988983
0.5969250417863939
0.6095308821067468
0.5487442514610412
0.523257662528001
0.5531503623763374
0.601724947933405
0.559718660169811
0.5946448149249919
0.514535879430578
0.5479387476850931
0.6153154575894437
0.5536646714220947
0.6126242554973986
0.6576079819728273
0.5275920284212801
0.608881139716594
0.5083286215926255
0.5271879301023531
0.5547887224671835
0.6105338924380945
0.6058065215665963
0.5715891812127474
0.45100099653399917
0.5846484967429479
0.601439556120356
0.5409599742120101
0.5675651213837778
0.5682779596241623
0.5805193460607975
0.5680884689829026
0.5352284644776232
0.575068032112275
0.6550472556761712
0.6589910824761144
0.6194777078807678
0.5241779255011525
0.45587640481975067
0.5318785134592697
0.6073189227161923
0.4919779165737072
0.6027337531557361
0.5730175612871576
0.5670655997258225
0.4740065204443949
0.5443623964779107
0.49193696668148723
0.5612118324188793
0.5912309252309496
0.5347344544344081
0.5889252659485604
0.500377256145068
0.5622431589533776
0.5453795562445529
0.5819655431216137
0.43486933409715844
0.5248731413882163
0.5215630453051266
0.4727155290958933
0.5607884894702063
0.5799737147339483
0.6731163116776462
0.44896317852517664
0.5498838981907415
0.6194685894611781
0.5134175252131629
0.5505630262839929
0.3659155781640335
0.5775628713038871
0.5500733036459375
0.3681971103280444
0.5732506410981065
0.5566014507333151
0.6210540508708682
0.5538174587145083
0.54812757002022
0.5519834174881539
0.5266205246155137
0.5989730547632286
0.6073111088530116
0.4830000849778886
0.6211865840317428
0.5638627950486337
0.553282421243288
0.5349841013440172
0.46422431435487144
