0.6236111111111111
0.5561111111111111
0.5419444444444445
0.5725
0.5711111111111112
0.578888888888889
0.5897222222222221
0.6008333333333333
0.5511111111111111
0.5483333333333333
0.5786111111111112
0.5063888888888889
0.6341666666666667
0.6533333333333333
0.6147222222222222
0.5744444444444444
0.5819444444444444
0.5025
0.548611111111111
0.5719444444444445
0.5838888888888889
0.5919444444444445
0.5738888888888889
0.4444444444444445
0.5425
0.55625
0.5326388888888889
0.6358333333333335
0.5544444444444445
0.5666666666666667
0.6050000000000001
0.5958333333333332
0.5505555555555555
0.5769444444444445
0.6502777777777777
0.5702777777777779
0.616388888888889
0.6530555555555556
0.6180555555555556
0.5913888888888889
0.6152777777777778
0.5844444444444444
0.5005555555555556
0.5447222222222221
0.5338888888888889
0.5308333333333333
0.625
0.5891666666666666
0.5486111111111112
0.5661111111111111
0.5758333333333333
0.6591666666666666
0.5761111111111111
0.6302777777777777
0.6052777777777778
0.5658333333333333
0.6152777777777778
0.5619444444444445
0.46138888888888885
0.5630555555555555
0.4861111111111111
0.6344444444444445
0.5527777777777778
0.5620833333333333
0.5513888888888889
0.5780555555555554
0.5491666666666667
0.5975
0.5166666666666666
0.5916666666666666
0.5402777777777777
0.6097222222222222
0.5955555555555555
0.5216666666666666
0.5833333333333334
0.5147222222222222
0.5691666666666666
0.5880555555555556
0.6243055555555554
0.5891666666666666
0.5447222222222222
0.5419444444444445
0.5675000000000001
0.5397222222222222
0.5755555555555555
0.5997222222222222
0.5991666666666667
0.5372222222222222
0.5897222222222223
0.5675
0.5930555555555554
0.5897222222222223
0.5258333333333333
0.6783333333333332
0.5725
0.5695833333333333
0.6291666666666667
0.5544444444444444
0.5155555555555555
0.5927777777777778
0.5225
0.5433333333333333
0.6102777777777777
0.5475000000000001
0.5819444444444445
0.6758333333333334
0.4697222222222222
0.6063888888888889
0.5352777777777779
0.6263888888888889
0.6027777777777777
0.5386111111111112
0.6286111111111111
0.5961111111111111
0.5786111111111111
0.5036111111111111
0.5647222222222223
0.5044444444444445
0.5466666666666666
0.571388888888889
0.5508333333333333
0.638611111111111
0.5144444444444445
0.6330555555555555
0.5850000000000001
0.5725
0.5341666666666667
0.5202777777777778
0.6219444444444444
0.5813888888888888
0.7144444444444444
0.6177777777777776
0.5563888888888888
0.6405555555555554
0.6194444444444444
0.5016666666666667
0.5802777777777778
0.5688888888888889
0.5194444444444444
0.5494444444444444
0.6013888888888889
0.5850000000000001
0.5586111111111111
0.5036111111111111
0.6444444444444445
0.55
0.6077777777777778
0.5091666666666668
0.5213888888888889
0.5877777777777777
0.6022222222222222
0.5808333333333334
0.5666666666666667
0.6047222222222223
0.5333333333333333
0.5952777777777778
0.5733333333333334
0.6025
0.5419444444444445
0.5933333333333333
0.5363888888888888
0.5925
0.5311111111111111
0.6252777777777777
0.5275
0.6197222222222222
0.6269444444444444
0.6308333333333334
0.5686111111111111
0.5569444444444445
0.616111111111111
0.5475
0.5455555555555556
0.5636111111111111
0.6219444444444445
0.5097222222222222
0.6094444444444445
0.5955555555555556
0.48611111111111116
0.5947222222222223
0.5808333333333333
0.5502777777777779
0.5583333333333333
0.635
0.49416666666666664
0.616111111111111
0.5880555555555556
0.6577777777777777
0.5833333333333333
0.6263888888888889
0.5188888888888888
0.5616666666666668
0.49833333333333335
0.5302777777777778
0.5866666666666666
0.5505555555555556
0.6208333333333333
0.5802777777777779
0.5663888888888889
0.586111111111111
0.49444444444444446
0.5575
0.5472222222222223
0.5705555555555556
0.5994444444444444
0.6197222222222223
0.553611111111111
0.6033333333333334
0.5861111111111111
0.5105555555555554
0.5166666666666667
0.45111111111111113
0.5291666666666667
0.49833333333333335
0.6734722222222221
0.5480555555555555
0.601388888888889
0.5030555555555556
0.5838888888888889
0.5601388888888889
0.5683333333333334
0.6080555555555556
0.543611111111111
0.5666666666666667
0.5347222222222222
0.515
0.5652777777777778
0.6922222222222222
0.5558333333333334
0.5277777777777778
0.6397222222222222
0.6269444444444444
0.4522222222222222
0.6177777777777779
0.5272222222222223
0.5686111111111112
0.5722222222222222
0.4713888888888889
0.5527777777777778
0.5613888888888889
0.5091666666666667
0.6133333333333333
0.6127777777777779
0.6033333333333333
0.49388888888888893
0.5886111111111112
0.5322222222222222
0.5058333333333334
0.5338888888888889
0.5544444444444445
0.5283333333333333
0.4955555555555556
0.6283333333333333
0.5038888888888888
0.5397222222222222
0.5511111111111111
0.6319444444444444
0.6077777777777778
0.5919444444444445
0.585
0.658888888888889
0.5855555555555555
0.5805555555555555
0.5677777777777777
0.5647222222222222
0.5694444444444444
0.51
0.648611111111111
0.5663888888888888
0.5605555555555556
0.6711111111111111
0.6338888888888888
0.5997222222222222
0.4922222222222222
0.6277777777777778
0.5111111111111111
0.4666666666666667
0.6483333333333333
0.5322222222222223
0.6305555555555555
0.4713888888888889
0.6036111111111111
0.4547222222222222
0.5141666666666667
0.49250000000000005
0.5588888888888888
0.628611111111111
0.5080555555555556
0.5458333333333334
0.48388888888888887
0.5194444444444444
0.5758333333333333
0.5847222222222223
0.5580555555555556
0.5722222222222222
0.5552777777777778
0.52
0.5219444444444445
0.5297222222222222
0.5522222222222223
0.5541666666666666
0.4494444444444445
0.5383333333333333
0.6080555555555555
0.615
0.6722222222222223
0.5569444444444445
0.6905555555555555
0.5008333333333334
0.5275
0.5130555555555556
0.6077777777777779
0.6391666666666667
0.5575000000000001
0.6258333333333334
0.5819444444444444
0.5044444444444445
0.6186111111111111
0.6033333333333334
0.5249999999999999
0.5755555555555556
0.5944444444444443
0.5663888888888888
0.4644444444444445
0.5416666666666666
0.5555555555555556
0.5458333333333334
0.5027777777777778
0.5413888888888888
0.5336111111111111
0.6122222222222222
0.5505555555555556
0.6086111111111111
0.5697222222222221
0.5555555555555555
0.5336111111111111
0.5369444444444443
0.6091666666666667
0.5358333333333334
0.5027777777777778
0.6377777777777778
0.4794444444444445
0.6022222222222222
0.6194444444444445
0.6866666666666666
0.5933333333333334
0.6833333333333333
0.5802777777777778
0.5372222222222222
0.4925
0.5238888888888888
0.4919444444444444
0.5768055555555556
0.4525
0.5261111111111111
0.6758333333333334
0.5916666666666667
0.5931944444444446
0.5605555555555556
0.5427777777777778
0.5786111111111111
0.5800000000000001
0.6202777777777778
0.5661111111111111
0.5541666666666667
0.49611111111111106
0.5633333333333334
0.6269444444444444
0.5227777777777778
0.44888888888888884
0.5141666666666667
0.4911111111111111
0.5472222222222223
0.5488888888888889
0.5819444444444445
0.5119444444444444
0.5894444444444444
0.6694444444444445
0.5730555555555555
0.5719444444444444
0.5233333333333334
0.5272222222222223
0.5275000000000001
0.5213888888888889
0.6566666666666666
0.6141666666666666
0.5263888888888889
0.5369444444444444
0.5697222222222221
0.5741666666666667
0.5263888888888889
0.5716666666666668
0.5494444444444444
0.5691666666666667
0.5394444444444445
0.5552777777777779
0.49069444444444443
0.5280555555555555
0.5219444444444444
0.5977777777777779
0.5533333333333333
0.5086111111111111
0.5158333333333334
0.641388888888889
0.5947222222222223
0.5013888888888889
0.5158333333333334
0.5833333333333333
0.5955555555555556
0.5277777777777778
0.5494444444444445
0.6908333333333334
0.5541666666666666
0.5969444444444444
0.5544444444444445
0.5705555555555555
0.5880555555555556
0.5625
0.5730555555555557
0.5155555555555555
0.6063888888888889
0.5938888888888889
0.6058333333333334
0.5397222222222222
0.5247222222222222
0.6366666666666666
0.5277777777777778
0.6105555555555554
0.6494444444444445
0.5644444444444445
0.5775000000000001
0.5952777777777777
0.5180555555555556
0.6377777777777777
0.59625
0.5911111111111111
0.5647222222222222
0.5755555555555556
0.5352777777777777
0.6199999999999999
0.5988888888888889
0.5897222222222223
0.5836111111111111
0.5866666666666667
0.4995833333333333
0.48527777777777775
0.5722222222222223
0.6133333333333333
0.6569444444444444
0.6433333333333334
0.5486111111111112
0.5511111111111111
0.62625
0.5138888888888888
0.5816666666666667
0.5780555555555555
0.5966666666666667
0.5175
0.5555555555555556
0.5469444444444445
0.5794444444444444
0.5466666666666666
0.5622222222222222
0.4880555555555556
0.5538888888888889
0.5545833333333333
0.6236111111111111
0.52
0.5544444444444444
0.5222222222222223
0.5805555555555556
0.5425
0.545
0.585
0.625
0.5963888888888889
0.5563888888888889
0.5541666666666667
0.5780555555555555
0.5969444444444444
0.6019444444444445
0.5102777777777778
0.5861111111111111
0.6316666666666667
0.415
0.5333333333333333
0.5713888888888888
0.6083333333333333
0.6055555555555555
0.5586111111111112
0.6016666666666667
0.5325000000000001
0.5313888888888889
0.6324999999999998
0.6202777777777777
0.5794444444444445
0.5927777777777778
0.591111111111111
0.5194444444444444
0.4997222222222223
