0.2
0.2
0.8333333333333334
0.3
0.42857142857142855
0.6
0.0625
0.17647058823529413
0.125
0.21428571428571427
0.2
0.13333333333333333
0.5833333333333334
0.2
0.7142857142857143
0.3
0.3
0.3125
0.22727272727272727
0.29411764705882354
0.3333333333333333
0.3333333333333333
0.38461538461538464
0.26666666666666666
0.36363636363636365
0.375
0.36363636363636365
0.25
0.4444444444444444
0.5555555555555556
0.1111111111111111
0.5
0.5
0.23076923076923078
0.2
0.21428571428571427
0.42857142857142855
0.15
0.1
0.6666666666666666
0.1875
0.4166666666666667
0.2222222222222222
0.0
0.3333333333333333
0.1875
0.42857142857142855
0.4
0.2
0.47058823529411764
0.15384615384615385
0.3333333333333333
0.2
0.08333333333333333
0.25
0.5
0.2727272727272727
0.6
0.3125
0.36363636363636365
0.4166666666666667
0.3333333333333333
0.625
0.2
0.1
0.3
0.2857142857142857
0.26666666666666666
0.4444444444444444
0.5555555555555556
0.17647058823529413
0.4166666666666667
0.18181818181818182
0.42857142857142855
0.42857142857142855
0.45454545454545453
0.25
0.26666666666666666
0.125
0.3333333333333333
0.5
0.3125
0.5555555555555556
0.25
0.21052631578947367
0.125
0.5555555555555556
0.23529411764705882
0.3333333333333333
0.2
0.36363636363636365
0.2631578947368421
0.043478260869565216
0.16666666666666666
0.14285714285714285
0.29411764705882354
0.25
0.375
0.1111111111111111
0.0
0.23529411764705882
0.19230769230769232
0.5
0.2
0.3125
0.5
0.35294117647058826
0.16666666666666666
0.23076923076923078
0.5
0.14285714285714285
0.4
0.4
0.14285714285714285
0.4166666666666667
0.0
0.25
0.3333333333333333
0.36363636363636365
0.2
0.13333333333333333
0.2
0.19047619047619047
0.5
0.3333333333333333
0.25
0.16666666666666666
0.3333333333333333
0.2727272727272727
0.16666666666666666
0.2727272727272727
0.14285714285714285
0.4117647058823529
0.0
0.5
0.2857142857142857
0.4
0.2
0.23076923076923078
0.15384615384615385
0.3333333333333333
0.2
0.46153846153846156
0.3333333333333333
0.375
0.3333333333333333
0.22727272727272727
0.35
0.2727272727272727
0.14285714285714285
0.5833333333333334
0.5
0.2222222222222222
0.14285714285714285
0.375
0.125
0.36363636363636365
0.18181818181818182
0.1875
0.375
0.3
0.3333333333333333
0.15789473684210525
0.5
0.6
0.36363636363636365
0.5454545454545454
0.125
0.3
0.3
0.29411764705882354
0.2727272727272727
0.2857142857142857
0.18181818181818182
0.2857142857142857
0.2857142857142857
0.2857142857142857
0.42857142857142855
0.1111111111111111
0.2
0.14285714285714285
0.23076923076923078
0.2631578947368421
0.0
0.7
0.45454545454545453
0.2727272727272727
0.42857142857142855
0.4090909090909091
0.23076923076923078
0.25
0.1875
0.25
0.23529411764705882
0.2222222222222222
0.3333333333333333
0.5
0.08333333333333333
0.26666666666666666
0.2
0.2727272727272727
0.42857142857142855
0.4
0.4375
0.2
0.23076923076923078
0.3333333333333333
0.2857142857142857
0.1
0.18181818181818182
0.5
0.14285714285714285
0.5
0.14285714285714285
0.07142857142857142
0.16666666666666666
0.45454545454545453
0.3333333333333333
0.375
0.35714285714285715
0.4
0.36363636363636365
0.2777777777777778
0.35714285714285715
1.0
0.35
0.3
0.2916666666666667
0.2
0.2727272727272727
0.3333333333333333
0.25
0.2
0.2857142857142857
0.2
0.36363636363636365
0.3333333333333333
0.1875
0.25
0.4444444444444444
0.1
0.5555555555555556
0.4375
0.1
0.3333333333333333
0.2857142857142857
0.2857142857142857
0.2
0.42857142857142855
0.45
0.21052631578947367
0.23529411764705882
0.35714285714285715
0.2222222222222222
0.5
0.36363636363636365
0.5
0.45454545454545453
0.1111111111111111
0.4166666666666667
0.3076923076923077
0.375
0.18181818181818182
0.5
0.3125
0.75
0.38461538461538464
0.2
0.14285714285714285
0.5
0.25
0.2
0.5714285714285714
0.3333333333333333
0.23076923076923078
0.26666666666666666
0.2
0.14285714285714285
0.3076923076923077
0.23809523809523808
0.23529411764705882
0.38461538461538464
0.5
0.09090909090909091
0.3333333333333333
0.14285714285714285
0.25
0.1875
0.45454545454545453
0.1875
0.35714285714285715
0.16666666666666666
0.36363636363636365
0.38461538461538464
0.11764705882352941
0.3076923076923077
0.6363636363636364
0.4166666666666667
0.2222222222222222
0.35714285714285715
0.6363636363636364
0.15789473684210525
0.2
0.17647058823529413
0.2857142857142857
0.6666666666666666
0.23809523809523808
0.42857142857142855
0.14285714285714285
0.4
0.16666666666666666
0.5
0.3333333333333333
0.3
0.5
0.3333333333333333
0.18181818181818182
0.5
0.375
0.3
0.4444444444444444
0.3333333333333333
0.25
0.21428571428571427
0.0
0.23529411764705882
0.22727272727272727
0.25
0.4166666666666667
0.45
0.16666666666666666
0.3333333333333333
0.15
0.18181818181818182
0.5833333333333334
0.5
0.4
0.25
0.4166666666666667
0.2857142857142857
0.3333333333333333
0.25
0.25
0.25
0.14285714285714285
0.058823529411764705
0.3076923076923077
0.25
0.5
0.0
0.14285714285714285
0.23076923076923078
0.3888888888888889
0.07692307692307693
0.2
0.2857142857142857
0.25
0.46153846153846156
0.15789473684210525
0.25
0.1875
0.4
0.125
0.125
0.2857142857142857
0.18181818181818182
0.5
0.1111111111111111
0.14285714285714285
0.18181818181818182
0.4
0.1875
0.2
0.4166666666666667
0.625
0.45454545454545453
0.5
0.16666666666666666
0.23076923076923078
0.25
0.4
0.3333333333333333
0.15789473684210525
0.1111111111111111
0.17391304347826086
1.0
0.14285714285714285
0.25
0.14285714285714285
0.2
0.2727272727272727
0.25
0.3333333333333333
0.5
0.5
0.3125
0.3
0.42857142857142855
0.2857142857142857
0.36363636363636365
0.1111111111111111
0.4166666666666667
0.1875
0.3333333333333333
0.375
0.11764705882352941
0.3
0.16666666666666666
0.3333333333333333
0.4444444444444444
0.3333333333333333
0.5
0.2857142857142857
0.4
0.16666666666666666
0.18181818181818182
0.23809523809523808
0.3333333333333333
0.2
0.3333333333333333
0.2
0.3333333333333333
0.35294117647058826
0.125
0.3684210526315789
0.2222222222222222
0.3333333333333333
0.0
0.4
0.8181818181818182
0.2727272727272727
0.21428571428571427
0.13333333333333333
0.11538461538461539
0.4
0.21052631578947367
0.3125
0.0
0.625
0.23076923076923078
0.3
0.09090909090909091
0.16666666666666666
0.36363636363636365
0.2727272727272727
0.20833333333333334
0.2857142857142857
0.25
0.2222222222222222
0.4
0.4117647058823529
0.18181818181818182
0.1111111111111111
0.375
0.2
0.4
0.2857142857142857
0.6363636363636364
0.35
0.36363636363636365
0.23076923076923078
0.3125
0.6666666666666666
0.2
0.2
0.13043478260869565
0.4166666666666667
0.3
0.05555555555555555
0.5714285714285714
0.2777777777777778
0.25
0.42857142857142855
0.375
0.38461538461538464
0.2
0.75
0.14285714285714285
0.2857142857142857
0.45454545454545453
0.0
0.3076923076923077
0.0
0.2857142857142857
0.25925925925925924
0.35714285714285715
0.07142857142857142
0.23076923076923078
0.3
0.18181818181818182
0.6
0.375
0.26666666666666666
0.35294117647058826
0.16666666666666666
0.6666666666666666
0.19230769230769232
0.08333333333333333
0.3
0.21428571428571427
