0.8333333333333334
0.5
0.8333333333333334
1.0
0.3333333333333333
0.3333333333333333
0.4444444444444444
1.0
0.75
0.5
0.6666666666666666
0.6666666666666666
0.75
1.0
0.5
0.75
1.0
0.75
0.3333333333333333
0.5555555555555556
0.3333333333333333
1.0
0.6
0.6
0.8
0.42857142857142855
0.5555555555555556
1.0
0.6
0.75
0.6666666666666666
0.4
0.8333333333333334
0.3333333333333333
0.6666666666666666
0.6666666666666666
0.6
0.625
1.0
0.8
0.8
0.625
1.0
1.0
0.5
0.75
0.6
0.3333333333333333
1.0
1.0
0.6666666666666666
0.5
0.5
0.8
1.0
0.8
0.8
0.0
1.0
0.8
0.7142857142857143
1.0
0.75
0.5555555555555556
1.0
0.6666666666666666
0.6
1.0
0.75
1.0
0.42857142857142855
0.4
0.5714285714285714
0.8333333333333334
0.7142857142857143
0.75
0.625
1.0
0.6666666666666666
1.0
0.42857142857142855
0.5555555555555556
0.3333333333333333
0.75
0.7777777777777778
0.6666666666666666
0.8
0.8888888888888888
0.6666666666666666
0.5
0.8
0.8333333333333334
0.7142857142857143
0.0
1.0
1.0
0.6666666666666666
0.6666666666666666
1.0
1.0
1.0
1.0
0.6
0.625
0.4
0.6666666666666666
0.5
0.6666666666666666
0.5
0.3333333333333333
1.0
0.7142857142857143
0.3333333333333333
1.0
0.8333333333333334
0.8333333333333334
1.0
0.6666666666666666
0.4
1.0
1.0
0.6666666666666666
0.5555555555555556
0.0
1.0
0.5
1.0
0.6666666666666666
0.14285714285714285
0.8571428571428571
1.0
0.8
0.25
0.6666666666666666
1.0
0.5714285714285714
0.6
1.0
0.75
0.42857142857142855
1.0
0.4
1.0
0.8333333333333334
1.0
0.6666666666666666
0.75
0.6
1.0
0.4
0.5714285714285714
0.4
1.0
1.0
0.5714285714285714
1.0
0.6666666666666666
0.0
0.6
0.7142857142857143
0.8
0.3333333333333333
0.6666666666666666
1.0
0.3333333333333333
1.0
1.0
0.25
0.8
0.6666666666666666
0.6666666666666666
0.5714285714285714
1.0
0.5
1.0
0.5
0.5555555555555556
0.75
0.6
1.0
0.75
0.75
0.6666666666666666
1.0
0.7142857142857143
0.75
0.8
0.8
0.6
0.7272727272727273
0.7777777777777778
0.6
0.75
0.5555555555555556
1.0
0.6666666666666666
1.0
0.6666666666666666
1.0
0.6
1.0
1.0
0.75
0.5
1.0
0.8333333333333334
0.6666666666666666
0.8333333333333334
0.6
1.0
0.7
1.0
0.4
1.0
0.75
0.8333333333333334
0.75
1.0
0.5
0.7142857142857143
1.0
0.25
0.3333333333333333
0.8333333333333334
0.42857142857142855
0.0
0.5
1.0
0.8333333333333334
0.5
0.75
0.8333333333333334
0.6
1.0
1.0
1.0
1.0
1.0
0.7
0.42857142857142855
0.4444444444444444
0.6666666666666666
0.75
1.0
0.42857142857142855
0.5
1.0
0.7142857142857143
0.5
0.5
0.0
1.0
0.5
1.0
1.0
0.5714285714285714
1.0
0.8333333333333334
0.875
1.0
0.5
0.0
1.0
0.8333333333333334
0.6666666666666666
0.8
0.8571428571428571
0.6
0.6666666666666666
0.3333333333333333
1.0
0.6666666666666666
0.5
0.5714285714285714
0.42857142857142855
0.5
0.4
0.5
0.625
0.8
0.5
0.4
0.75
0.8
0.75
0.0
0.875
1.0
0.5
0.6666666666666666
1.0
0.5
1.0
0.5
1.0
0.6666666666666666
1.0
1.0
0.38461538461538464
0.2
0.4
0.8333333333333334
1.0
0.8
0.5
0.6
1.0
1.0
0.4
1.0
1.0
1.0
0.375
0.0
0.6
0.75
0.5714285714285714
1.0
0.75
1.0
1.0
0.75
1.0
0.3333333333333333
0.5
0.5
0.3333333333333333
0.5
1.0
1.0
0.42857142857142855
0.5714285714285714
1.0
1.0
0.8
1.0
0.6666666666666666
0.75
0.42857142857142855
0.8333333333333334
0.7777777777777778
1.0
0.6363636363636364
0.7777777777777778
1.0
0.6666666666666666
0.75
0.42857142857142855
1.0
1.0
1.0
0.875
0.0
0.5714285714285714
0.8333333333333334
0.5
0.5
0.6666666666666666
1.0
0.8333333333333334
0.3333333333333333
1.0
0.75
0.14285714285714285
0.6
0.2
1.0
1.0
1.0
0.5
0.6
0.4
0.6666666666666666
0.8
1.0
0.4
1.0
0.5
0.6
0.5714285714285714
0.8333333333333334
0.3333333333333333
0.6
0.8333333333333334
0.8
0.8571428571428571
0.42857142857142855
0.8571428571428571
0.5714285714285714
1.0
0.4
0.7142857142857143
0.8
0.6666666666666666
0.6
1.0
1.0
0.5
1.0
1.0
1.0
0.8333333333333334
0.7142857142857143
0.5
0.5
1.0
0.5714285714285714
0.7142857142857143
0.6666666666666666
0.0
0.8333333333333334
1.0
1.0
0.75
0.8333333333333334
0.8333333333333334
0.625
0.7142857142857143
0.6666666666666666
0.25
0.6666666666666666
0.6666666666666666
1.0
0.8
0.4
1.0
0.5
0.6666666666666666
0.6666666666666666
0.6666666666666666
1.0
0.7142857142857143
0.4
0.25
0.5
1.0
0.6
0.6666666666666666
1.0
0.75
0.625
0.6666666666666666
1.0
1.0
1.0
0.6666666666666666
1.0
0.7142857142857143
1.0
0.8333333333333334
0.6666666666666666
0.5
1.0
0.625
0.6
1.0
1.0
0.8333333333333334
0.4444444444444444
0.7777777777777778
1.0
0.5
1.0
0.8571428571428571
0.8
1.0
0.875
0.8
0.8333333333333334
0.875
0.0
0.75
0.25
0.8
0.5
0.3333333333333333
0.6666666666666666
1.0
1.0
0.4
0.4
1.0
1.0
0.0
0.8333333333333334
0.6
1.0
1.0
1.0
0.5714285714285714
0.0
1.0
0.8
0.5
1.0
0.8333333333333334
1.0
0.5
0.875
0.8333333333333334
