0.37209302325581395
0.43478260869565216
0.41025641025641024
0.4
0.35897435897435903
0.3902439024390244
0.35897435897435903
0.3902439024390244
0.4651162790697674
0.41860465116279066
0.33333333333333337
0.35897435897435903
0.4615384615384615
0.43902439024390244
0.43902439024390244
0.3684210526315789
0.47619047619047616
0.41860465116279066
0.43999999999999995
0.47619047619047616
0.34146341463414637
0.32558139534883723
0.43902439024390244
0.43902439024390244
0.4444444444444444
0.4
0.4615384615384615
0.4
0.41860465116279066
0.4285714285714285
0.4545454545454545
0.2777777777777778
0.46808510638297873
0.4888888888888889
0.4545454545454545
0.3902439024390244
0.3043478260869565
0.4615384615384615
0.5365853658536585
0.4
0.4
0.3809523809523809
0.4
0.43902439024390244
0.5116279069767441
0.37499999999999994
0.43902439024390244
0.4651162790697674
0.35897435897435903
0.5581395348837209
0.5116279069767441
0.5
0.3902439024390244
0.3902439024390244
0.41025641025641024
0.5217391304347827
0.41025641025641024
0.3809523809523809
0.29268292682926833
0.4285714285714285
0.47619047619047616
0.45000000000000007
0.31578947368421056
0.4285714285714285
0.37837837837837834
0.5
0.43902439024390244
0.43478260869565216
0.3673469387755102
0.5581395348837209
0.43478260869565216
0.32432432432432434
0.5454545454545455
0.46808510638297873
0.4444444444444444
0.3
0.37209302325581395
0.3902439024390244
0.4210526315789474
0.5
0.2777777777777778
0.4166666666666667
0.45000000000000007
0.4
0.3902439024390244
0.4
0.4878048780487804
0.35897435897435903
0.4878048780487804
0.47619047619047616
0.43902439024390244
0.4285714285714285
0.32558139534883723
0.47826086956521735
0.4090909090909091
0.41025641025641024
0.5
0.4651162790697674
0.4545454545454545
0.45000000000000007
0.33333333333333337
0.4
0.4615384615384615
0.4545454545454545
0.4285714285714285
0.35897435897435903
0.4285714285714285
0.3684210526315789
0.30769230769230765
0.45000000000000007
0.41860465116279066
0.3902439024390244
0.3684210526315789
0.4210526315789474
0.43902439024390244
0.4545454545454545
0.43902439024390244
0.33333333333333337
0.43902439024390244
0.35897435897435903
0.45000000000000007
0.4615384615384615
0.45833333333333326
0.34146341463414637
0.3809523809523809
0.5116279069767441
0.4285714285714285
0.43902439024390244
0.5365853658536585
0.4651162790697674
0.4878048780487804
0.4615384615384615
0.4444444444444444
0.4444444444444444
0.45000000000000007
0.4285714285714285
0.41025641025641024
0.35
0.4444444444444444
0.4285714285714285
0.5
0.4210526315789474
0.3902439024390244
0.35
0.5581395348837209
0.45000000000000007
0.3809523809523809
0.47619047619047616
0.3809523809523809
0.33333333333333337
0.4090909090909091
0.5365853658536585
0.37837837837837834
0.4210526315789474
0.5238095238095238
0.5
0.41025641025641024
0.3902439024390244
0.4651162790697674
0.45000000000000007
0.2
0.3809523809523809
0.41860465116279066
0.3
0.4
0.45000000000000007
0.5217391304347827
0.4651162790697674
0.41860465116279066
0.35
0.45000000000000007
0.4
0.41860465116279066
0.3684210526315789
0.5116279069767441
0.43478260869565216
0.4
0.35
0.35
0.41025641025641024
0.35897435897435903
0.37837837837837834
0.4090909090909091
0.5238095238095238
0.41860465116279066
0.5333333333333333
0.35897435897435903
0.2857142857142857
0.4285714285714285
0.5
0.3913043478260869
0.3684210526315789
0.33333333333333337
0.35
0.4615384615384615
0.36363636363636365
0.4210526315789474
0.4651162790697674
0.4166666666666667
0.4878048780487804
0.47826086956521735
0.41860465116279066
0.4
0.3902439024390244
0.4651162790697674
0.33333333333333337
0.4090909090909091
0.31578947368421056
0.37837837837837834
0.4
0.3902439024390244
0.4090909090909091
0.4651162790697674
0.4
0.45000000000000007
0.5116279069767441
0.37837837837837834
0.4285714285714285
0.4285714285714285
0.34146341463414637
0.3684210526315789
0.3684210526315789
0.4651162790697674
0.4285714285714285
0.3684210526315789
0.5116279069767441
0.43478260869565216
0.41860465116279066
0.4615384615384615
0.3902439024390244
0.4210526315789474
0.4
0.29268292682926833
0.43902439024390244
0.4545454545454545
0.4210526315789474
0.43902439024390244
0.27272727272727276
0.4545454545454545
0.4615384615384615
0.32432432432432434
0.32558139534883723
0.4090909090909091
0.35897435897435903
0.41860465116279066
0.3902439024390244
0.34146341463414637
0.3555555555555555
0.3829787234042553
0.42553191489361697
0.3902439024390244
0.5238095238095238
0.35897435897435903
0.4285714285714285
0.4444444444444444
0.43902439024390244
0.41860465116279066
0.41025641025641024
0.3902439024390244
0.32558139534883723
0.5365853658536585
0.4615384615384615
0.4545454545454545
0.41025641025641024
0.5365853658536585
0.45833333333333326
0.4090909090909091
0.41860465116279066
0.4
0.4210526315789474
0.3902439024390244
0.4210526315789474
0.45000000000000007
0.4615384615384615
0.5
0.42553191489361697
0.3902439024390244
0.4615384615384615
0.41860465116279066
0.4615384615384615
0.37209302325581395
0.32432432432432434
0.4
0.46808510638297873
0.31578947368421056
0.4651162790697674
0.43902439024390244
0.35
0.47619047619047616
0.326530612244898
0.43478260869565216
0.4285714285714285
0.4210526315789474
0.41025641025641024
0.4210526315789474
0.3529411764705882
0.3
0.4090909090909091
0.3809523809523809
0.30769230769230765
0.4090909090909091
0.30769230769230765
0.2631578947368421
0.5238095238095238
0.3684210526315789
0.4878048780487804
0.4
0.45000000000000007
0.37209302325581395
0.43902439024390244
0.31578947368421056
0.4615384615384615
0.4545454545454545
0.3902439024390244
0.35
0.45000000000000007
0.3181818181818182
0.5365853658536585
0.4878048780487804
0.34146341463414637
0.43902439024390244
0.46808510638297873
0.32558139534883723
0.4
0.32558139534883723
0.3181818181818182
0.4090909090909091
0.35897435897435903
0.3
0.4285714285714285
0.4210526315789474
0.4444444444444444
0.5365853658536585
0.5217391304347827
0.4090909090909091
0.45000000000000007
0.43902439024390244
0.34146341463414637
0.4090909090909091
0.3902439024390244
0.45000000000000007
0.3809523809523809
0.4444444444444444
0.4878048780487804
0.45000000000000007
0.4
0.35897435897435903
0.41025641025641024
0.4615384615384615
0.35897435897435903
0.32558139534883723
0.3809523809523809
0.4090909090909091
0.30769230769230765
0.35897435897435903
0.3684210526315789
0.41025641025641024
0.35
0.4
0.4210526315789474
0.3478260869565218
0.4888888888888889
0.47826086956521735
0.35897435897435903
0.4545454545454545
0.41025641025641024
0.3902439024390244
0.45000000000000007
0.3555555555555555
0.35897435897435903
0.37499999999999994
0.31578947368421056
0.5
0.4878048780487804
0.43902439024390244
0.3181818181818182
0.3684210526315789
0.43902439024390244
0.32432432432432434
0.5
0.33333333333333337
0.34146341463414637
0.4878048780487804
0.2285714285714286
0.43902439024390244
0.4888888888888889
0.4444444444444444
0.43902439024390244
0.5
0.4545454545454545
0.41025641025641024
0.43902439024390244
0.43902439024390244
0.4615384615384615
0.4651162790697674
0.30769230769230765
0.45000000000000007
0.3809523809523809
0.4090909090909091
0.3684210526315789
0.41025641025641024
0.3902439024390244
0.3684210526315789
0.3684210526315789
0.5238095238095238
0.35
0.5
0.41025641025641024
0.4545454545454545
0.4285714285714285
0.34146341463414637
0.41025641025641024
0.3684210526315789
0.4210526315789474
0.4090909090909091
0.45000000000000007
0.43902439024390244
0.4651162790697674
0.33333333333333337
0.3902439024390244
0.41025641025641024
0.41025641025641024
0.4210526315789474
0.4
0.4210526315789474
0.3902439024390244
0.43902439024390244
0.37837837837837834
0.5714285714285715
0.37837837837837834
0.37837837837837834
0.3902439024390244
0.35897435897435903
0.4651162790697674
0.47619047619047616
0.4878048780487804
0.43902439024390244
0.3
0.5116279069767441
0.4210526315789474
0.35897435897435903
0.45000000000000007
0.35897435897435903
0.4878048780487804
0.5116279069767441
0.37837837837837834
0.43902439024390244
0.47619047619047616
0.5
0.4615384615384615
0.4090909090909091
0.3829787234042553
0.47826086956521735
0.33333333333333337
0.44897959183673464
0.4210526315789474
0.41025641025641024
0.43902439024390244
0.44897959183673464
0.43902439024390244
0.5106382978723405
0.45000000000000007
0.4545454545454545
0.4
0.5
0.3684210526315789
0.4615384615384615
0.4
0.4888888888888889
0.34146341463414637
0.3829787234042553
0.43902439024390244
0.3809523809523809
0.5909090909090909
0.43902439024390244
0.4615384615384615
0.33333333333333337
0.37209302325581395
0.45000000000000007
0.5116279069767441
0.32432432432432434
0.2857142857142857
0.4615384615384615
0.41025641025641024
0.28571428571428575
0.43902439024390244
0.43902439024390244
0.5116279069767441
0.3684210526315789
0.45000000000000007
0.4651162790697674
0.4
0.43902439024390244
0.4210526315789474
0.4
0.41025641025641024
0.41860465116279066
0.41860465116279066
0.5116279069767441
0.28571428571428575
