0.2777777777777778
0.11764705882352941
0.2777777777777778
0.23529411764705882
0.0606060606060606
0.0606060606060606
0.20512820512820512
0.2857142857142857
0.17647058823529416
0.0625
0.2222222222222222
0.2222222222222222
0.17647058823529416
0.33333333333333337
0.16666666666666669
0.17647058823529416
0.18181818181818182
0.17647058823529416
0.0606060606060606
0.2564102564102564
0.0606060606060606
0.18181818181818182
0.17142857142857143
0.17142857142857143
0.2285714285714286
0.16216216216216217
0.2564102564102564
0.23529411764705882
0.17142857142857143
0.17647058823529416
0.2222222222222222
0.1142857142857143
0.2777777777777778
0.1111111111111111
0.1212121212121212
0.2222222222222222
0.3
0.2631578947368421
0.37837837837837834
0.2285714285714286
0.2285714285714286
0.2631578947368421
0.23529411764705882
0.18181818181818182
0.25
0.17647058823529416
0.17142857142857143
0.0606060606060606
0.18181818181818182
0.23529411764705882
0.2222222222222222
0.0625
0.11764705882352941
0.2285714285714286
0.06451612903225806
0.2285714285714286
0.2285714285714286
0.0
0.125
0.2285714285714286
0.2702702702702703
0.37837837837837834
0.31578947368421056
0.2564102564102564
0.125
0.1212121212121212
0.17142857142857143
0.2857142857142857
0.31578947368421056
0.06451612903225806
0.16216216216216217
0.1142857142857143
0.21621621621621623
0.2777777777777778
0.2702702702702703
0.17647058823529416
0.2631578947368421
0.06451612903225806
0.2222222222222222
0.125
0.16216216216216217
0.2564102564102564
0.1111111111111111
0.17647058823529416
0.35897435897435903
0.2222222222222222
0.2285714285714286
0.41025641025641024
0.2222222222222222
0.2105263157894737
0.2285714285714286
0.2777777777777778
0.2702702702702703
0.0
0.23529411764705882
0.2857142857142857
0.30769230769230765
0.30769230769230765
0.33333333333333337
0.23529411764705882
0.37837837837837834
0.2857142857142857
0.17142857142857143
0.2631578947368421
0.1142857142857143
0.1212121212121212
0.16666666666666669
0.1212121212121212
0.0625
0.0606060606060606
0.37837837837837834
0.2702702702702703
0.0606060606060606
0.18181818181818182
0.2777777777777778
0.2777777777777778
0.18181818181818182
0.2222222222222222
0.1142857142857143
0.23529411764705882
0.06451612903225806
0.1212121212121212
0.2564102564102564
0.0
0.18181818181818182
0.11764705882352941
0.23529411764705882
0.1212121212121212
0.05405405405405406
0.32432432432432434
0.33333333333333337
0.2285714285714286
0.058823529411764705
0.2222222222222222
0.125
0.21621621621621623
0.17142857142857143
0.06451612903225806
0.31578947368421056
0.16216216216216217
0.125
0.1142857142857143
0.125
0.2777777777777778
0.33333333333333337
0.2222222222222222
0.17647058823529416
0.17142857142857143
0.23529411764705882
0.1142857142857143
0.21621621621621623
0.1142857142857143
0.2857142857142857
0.06451612903225806
0.21621621621621623
0.06451612903225806
0.30769230769230765
0.0
0.17142857142857143
0.2702702702702703
0.2285714285714286
0.0606060606060606
0.1212121212121212
0.23529411764705882
0.0606060606060606
0.4210526315789474
0.33333333333333337
0.058823529411764705
0.2285714285714286
0.1212121212121212
0.1212121212121212
0.21621621621621623
0.2857142857142857
0.11764705882352941
0.33333333333333337
0.2105263157894737
0.2564102564102564
0.17647058823529416
0.17142857142857143
0.18181818181818182
0.31578947368421056
0.17647058823529416
0.2222222222222222
0.33333333333333337
0.2702702702702703
0.17647058823529416
0.2285714285714286
0.2285714285714286
0.17142857142857143
0.3902439024390244
0.35897435897435903
0.17142857142857143
0.17647058823529416
0.2564102564102564
0.23529411764705882
0.2222222222222222
0.18181818181818182
0.30769230769230765
0.2857142857142857
0.17142857142857143
0.37837837837837834
0.06451612903225806
0.17647058823529416
0.2105263157894737
0.37837837837837834
0.2777777777777778
0.1212121212121212
0.2777777777777778
0.17142857142857143
0.125
0.35
0.06451612903225806
0.1142857142857143
0.18181818181818182
0.17647058823529416
0.2777777777777778
0.31578947368421056
0.23529411764705882
0.0625
0.2702702702702703
0.18181818181818182
0.058823529411764705
0.0606060606060606
0.2777777777777778
0.16216216216216217
0.0
0.2105263157894737
0.5
0.2777777777777778
0.0625
0.17647058823529416
0.2777777777777778
0.17142857142857143
0.33333333333333337
0.2857142857142857
0.125
0.23529411764705882
0.125
0.35
0.16216216216216217
0.20512820512820512
0.1212121212121212
0.17647058823529416
0.23529411764705882
0.16216216216216217
0.16666666666666669
0.18181818181818182
0.2702702702702703
0.16666666666666669
0.16666666666666669
0.0
0.23529411764705882
0.0625
0.33333333333333337
0.18181818181818182
0.21621621621621623
0.125
0.2777777777777778
0.3684210526315789
0.23529411764705882
0.0625
0.0
0.2857142857142857
0.2777777777777778
0.1212121212121212
0.4
0.32432432432432434
0.17142857142857143
0.1212121212121212
0.1111111111111111
0.33333333333333337
0.2222222222222222
0.11764705882352941
0.21621621621621623
0.16216216216216217
0.16666666666666669
0.1142857142857143
0.0625
0.2631578947368421
0.2285714285714286
0.25
0.1142857142857143
0.17647058823529416
0.2285714285714286
0.17647058823529416
0.0
0.3684210526315789
0.23529411764705882
0.11764705882352941
0.1212121212121212
0.125
0.28571428571428575
0.2857142857142857
0.2105263157894737
0.23529411764705882
0.1212121212121212
0.125
0.23529411764705882
0.2325581395348837
0.05714285714285715
0.1142857142857143
0.2777777777777778
0.23529411764705882
0.2285714285714286
0.11764705882352941
0.17142857142857143
0.125
0.23529411764705882
0.2
0.125
0.37837837837837834
0.18181818181818182
0.15789473684210528
0.0
0.17142857142857143
0.17647058823529416
0.21621621621621623
0.18181818181818182
0.17647058823529416
0.125
0.2857142857142857
0.17647058823529416
0.2857142857142857
0.0606060606060606
0.16666666666666669
0.0625
0.0606060606060606
0.11764705882352941
0.18181818181818182
0.125
0.16216216216216217
0.21621621621621623
0.23529411764705882
0.18181818181818182
0.2285714285714286
0.18181818181818182
0.2222222222222222
0.17647058823529416
0.16216216216216217
0.2777777777777778
0.35897435897435903
0.23529411764705882
0.34146341463414637
0.35897435897435903
0.125
0.2222222222222222
0.17647058823529416
0.16216216216216217
0.125
0.125
0.23529411764705882
0.3684210526315789
0.0
0.21621621621621623
0.2777777777777778
0.0625
0.16666666666666669
0.2222222222222222
0.18181818181818182
0.2777777777777778
0.0606060606060606
0.4210526315789474
0.17647058823529416
0.05405405405405406
0.17142857142857143
0.05714285714285715
0.23529411764705882
0.2857142857142857
0.23529411764705882
0.11764705882352941
0.17142857142857143
0.2
0.1212121212121212
0.2285714285714286
0.125
0.1142857142857143
0.18181818181818182
0.11764705882352941
0.17142857142857143
0.21621621621621623
0.2777777777777778
0.0606060606060606
0.17142857142857143
0.2777777777777778
0.2285714285714286
0.32432432432432434
0.16216216216216217
0.32432432432432434
0.21621621621621623
0.125
0.1142857142857143
0.2702702702702703
0.2285714285714286
0.30769230769230765
0.17142857142857143
0.18181818181818182
0.125
0.0625
0.18181818181818182
0.06451612903225806
0.125
0.2777777777777778
0.2702702702702703
0.11764705882352941
0.0625
0.33333333333333337
0.21621621621621623
0.2702702702702703
0.1212121212121212
0.0
0.2777777777777778
0.125
0.37837837837837834
0.17647058823529416
0.2777777777777778
0.2777777777777778
0.2631578947368421
0.2702702702702703
0.1212121212121212
0.058823529411764705
0.1212121212121212
0.1212121212121212
0.23529411764705882
0.2285714285714286
0.1142857142857143
0.4210526315789474
0.2105263157894737
0.1212121212121212
0.1212121212121212
0.1212121212121212
0.23529411764705882
0.2702702702702703
0.1142857142857143
0.058823529411764705
0.11764705882352941
0.125
0.17142857142857143
0.1212121212121212
0.18181818181818182
0.17647058823529416
0.2631578947368421
0.1212121212121212
0.06451612903225806
0.23529411764705882
0.23529411764705882
0.1212121212121212
0.06451612903225806
0.2702702702702703
0.23529411764705882
0.2777777777777778
0.1212121212121212
0.16666666666666669
0.125
0.2631578947368421
0.17142857142857143
0.125
0.23529411764705882
0.2777777777777778
0.20512820512820512
0.35897435897435903
0.2857142857142857
0.16666666666666669
0.23529411764705882
0.32432432432432434
0.2285714285714286
0.06451612903225806
0.3684210526315789
0.2285714285714286
0.2777777777777778
0.3684210526315789
0.0
0.17647058823529416
0.10526315789473685
0.2285714285714286
0.0625
0.0606060606060606
0.1212121212121212
0.06451612903225806
0.33333333333333337
0.1142857142857143
0.1142857142857143
0.125
0.06451612903225806
0.0
0.2777777777777778
0.17142857142857143
0.125
0.18181818181818182
0.18181818181818182
0.21621621621621623
0.0
0.18181818181818182
0.2285714285714286
0.11764705882352941
0.125
0.2777777777777778
0.125
0.16666666666666669
0.3684210526315789
0.2777777777777778
