0.3333333333333333
0.4444444444444444
0.4444444444444444
0.125
0.5
0.2
0.4666666666666667
1.0
0.42857142857142855
0.3333333333333333
0.16666666666666666
0.4
1.0
0.25
0.2
0.5
0.375
0.6666666666666666
0.14285714285714285
0.5714285714285714
0.4444444444444444
0.375
0.6666666666666666
0.45454545454545453
0.4
0.75
0.08333333333333333
0.5
0.25
0.6666666666666666
0.625
0.625
0.5
0.4
0.42857142857142855
0.0
0.13333333333333333
0.5
0.1875
0.38461538461538464
0.8
0.2727272727272727
0.5714285714285714
0.4444444444444444
0.32142857142857145
0.36363636363636365
0.625
0.3333333333333333
0.25
0.1
0.3333333333333333
0.14285714285714285
0.375
0.7777777777777778
0.5
0.36363636363636365
0.2
0.3888888888888889
0.2857142857142857
0.2
0.21739130434782608
0.6
0.38095238095238093
0.3333333333333333
0.5
0.5714285714285714
0.2857142857142857
0.4444444444444444
0.5454545454545454
1.0
0.8
0.5
0.25
0.0
0.3333333333333333
0.6666666666666666
0.42857142857142855
0.0
0.3333333333333333
0.625
0.4
0.6
0.25
0.5555555555555556
0.4
0.45454545454545453
0.36363636363636365
0.5555555555555556
0.13333333333333333
0.23529411764705882
0.4
0.6666666666666666
0.4
0.3333333333333333
0.75
0.2222222222222222
0.6
0.375
0.5
0.3333333333333333
0.7142857142857143
0.4166666666666667
0.6363636363636364
0.6666666666666666
0.46153846153846156
0.8
0.8571428571428571
0.16666666666666666
0.2857142857142857
0.75
0.6
0.14285714285714285
0.5
0.4
0.25
0.375
0.5714285714285714
0.5
0.2
0.125
0.5
0.25
0.3076923076923077
0.7777777777777778
0.5714285714285714
0.38461538461538464
0.4
0.3
0.25
0.38461538461538464
0.8333333333333334
0.3333333333333333
0.4
0.3333333333333333
0.5
0.0
0.36363636363636365
0.1
0.5384615384615384
0.6666666666666666
0.6666666666666666
0.5555555555555556
0.5
0.5
0.8333333333333334
0.5
0.6666666666666666
0.2857142857142857
0.16666666666666666
0.5
0.42857142857142855
0.42857142857142855
0.5
0.5
0.5
0.4444444444444444
0.5555555555555556
0.125
0.5555555555555556
0.25
0.3333333333333333
0.5
0.42857142857142855
0.75
0.0
0.4166666666666667
0.5
0.5
0.125
0.5714285714285714
0.6666666666666666
0.6666666666666666
0.5
0.5714285714285714
0.6363636363636364
0.25
0.3333333333333333
0.6
0.6666666666666666
0.3076923076923077
0.2
0.5
0.5
0.4444444444444444
0.3333333333333333
0.4444444444444444
0.375
0.75
0.0
0.8333333333333334
0.11764705882352941
0.2631578947368421
0.75
0.35714285714285715
0.5714285714285714
0.6
0.6153846153846154
0.2222222222222222
0.14814814814814814
0.0
0.3076923076923077
0.25
0.625
0.1
0.375
0.5
0.0
0.2222222222222222
0.16666666666666666
0.46153846153846156
0.14285714285714285
0.3333333333333333
0.23076923076923078
0.5714285714285714
0.2857142857142857
0.3
0.6666666666666666
0.3333333333333333
0.3333333333333333
0.42857142857142855
0.5454545454545454
0.6
0.5555555555555556
0.0
0.2222222222222222
0.25
0.4666666666666667
0.4
0.75
0.07692307692307693
0.46153846153846156
0.5
0.14285714285714285
0.4117647058823529
0.6153846153846154
0.75
0.45454545454545453
0.0
0.3333333333333333
0.6666666666666666
0.3333333333333333
0.7777777777777778
0.75
0.23076923076923078
0.08333333333333333
0.42857142857142855
0.5
0.21428571428571427
0.5
0.6666666666666666
0.375
0.5
0.8
0.2857142857142857
0.14285714285714285
0.3333333333333333
0.16666666666666666
0.5555555555555556
0.38461538461538464
0.25
0.4444444444444444
0.5
0.36363636363636365
0.16666666666666666
0.1111111111111111
0.0
0.6666666666666666
0.625
0.75
0.6666666666666666
0.4166666666666667
0.3333333333333333
0.3333333333333333
0.4444444444444444
0.375
0.5
0.1111111111111111
0.3333333333333333
0.38461538461538464
0.8333333333333334
0.3333333333333333
0.625
0.0625
0.5
0.1111111111111111
1.0
0.6666666666666666
0.5
0.36363636363636365
0.3333333333333333
0.23529411764705882
0.375
0.7
0.75
0.4
0.35
0.5
0.0
0.3684210526315789
0.6
0.3333333333333333
0.8571428571428571
0.3333333333333333
0.4444444444444444
0.5
0.36363636363636365
0.21428571428571427
0.4
0.3333333333333333
0.2857142857142857
0.7
0.4
0.2857142857142857
0.42857142857142855
0.4
0.23076923076923078
0.36363636363636365
0.6666666666666666
0.16666666666666666
0.2608695652173913
0.3333333333333333
0.6
0.375
0.16666666666666666
0.5
0.25
0.46153846153846156
1.0
0.25
0.3125
0.2857142857142857
0.4444444444444444
0.38461538461538464
0.6
0.3684210526315789
0.2
0.2857142857142857
0.2857142857142857
0.3
0.06666666666666667
0.23076923076923078
0.125
0.42857142857142855
0.6666666666666666
0.16666666666666666
0.16666666666666666
0.42857142857142855
0.75
0.6
0.75
0.25
0.23076923076923078
0.3333333333333333
0.6666666666666666
0.6666666666666666
0.3333333333333333
0.6666666666666666
0.35714285714285715
0.25
0.5555555555555556
0.4
0.5555555555555556
0.5
0.375
0.35714285714285715
0.13333333333333333
0.16666666666666666
0.5
0.2857142857142857
0.18181818181818182
0.4444444444444444
0.21428571428571427
0.16666666666666666
0.3333333333333333
0.6666666666666666
0.3333333333333333
0.375
0.8
0.4
0.17647058823529413
0.2857142857142857
0.625
0.35714285714285715
0.0
0.6666666666666666
0.3333333333333333
0.5
0.3333333333333333
0.4444444444444444
0.2
0.6666666666666666
0.2
0.0
0.5
0.5714285714285714
0.2857142857142857
0.4444444444444444
0.375
0.3684210526315789
0.5333333333333333
0.6666666666666666
0.4
0.4
0.5
0.15384615384615385
0.5
0.15384615384615385
0.4
0.375
0.2
0.5
0.5555555555555556
0.1111111111111111
0.14285714285714285
0.25
0.5714285714285714
0.5714285714285714
0.6
0.3333333333333333
0.25
0.125
0.5
0.7142857142857143
0.4
0.7
0.16666666666666666
0.4166666666666667
0.0
0.75
0.5555555555555556
0.8333333333333334
0.25
0.125
0.29411764705882354
0.5
0.5833333333333334
0.5454545454545454
1.0
0.2222222222222222
0.0
0.25
0.5
0.2222222222222222
0.2857142857142857
0.3125
0.42857142857142855
0.42857142857142855
0.75
0.3333333333333333
0.2
0.25
0.1
0.375
0.2727272727272727
0.14285714285714285
0.6
0.8
0.5
0.5
0.3333333333333333
0.23529411764705882
0.6666666666666666
0.6
0.6
0.2
0.2857142857142857
0.2857142857142857
0.3
0.2857142857142857
0.6666666666666666
0.2857142857142857
0.5714285714285714
0.25
0.6
0.16666666666666666
0.4
0.4166666666666667
0.2857142857142857
0.5714285714285714
0.5
0.5
0.3
0.46153846153846156
0.5
0.5
0.3333333333333333
0.38461538461538464
0.5
0.0
0.5
0.375
0.5
0.3333333333333333
0.625
0.3333333333333333
0.25
0.5
0.5
0.3
0.625
