0.5210344979669017
0.5470043122599254
0.5279533937066524
0.4900184355571094
0.5550415457650656
0.578000521808967
0.46222330952995433
0.5517881205009828
0.5301220896532776
0.5421558340528743
0.523576207692276
0.4629077119237651
0.4872148231548947
0.40546213643760215
0.5445904858268208
0.5426691594506685
0.51609538997119
0.523211333625979
0.5199794703677828
0.515847140966619
0.6102595733460079
0.505169650208886
0.5547522567176615
0.5331746659266722
0.5238302246007274
0.49441459332419513
0.5247964583797965
0.5027989309994161
0.544873096526473
0.520231617313949
0.5320305417088579
0.475011488952973
0.5419688615257404
0.5116349081980148
0.6126957233717361
0.5285922443217898
0.5086284915659237
0.43234987848217027
0.5220758100630357
0.5520495411622489
0.5304016022911644
0.5586285715440351
0.5335112608039283
0.5775041410210989
0.4847225098289305
0.5270517762408722
0.49764806917970195
0.4472512802149868
0.4603071141674707
0.46695799700261564
0.5566487130852942
0.5557071292182166
0.485759727882079
0.5991077604661575
0.5708381706283202
0.43180521903031205
0.5184423380196564
0.5496906333364535
0.5284861572333266
0.5901748517584072
0.5178522113949348
0.5725605778634605
0.5038744618495611
0.5813005981229983
0.5626276926486775
0.5563456954793119
0.5830087419890454
0.47709704559173777
0.4972843277216711
0.4953018339464216
0.48288820109557334
0.5868039150914526
0.5120947695565212
0.5948896488312565
0.4555029142283219
0.48175651197424973
0.4769160762470181
0.5495045671417156
0.5842117541602275
0.555857523832254
0.539239092073349
0.5321337316973065
0.5158404497411364
0.5139749936278106
0.5081258484184843
0.5556176749636833
0.4793092690378586
0.5933367347292388
0.4142775197349667
0.5887639472955992
0.5372193792125327
0.543039111421066
0.5772440422158454
0.5251747090424174
0.48267443551782707
0.5332728767813183
0.49613886830952464
0.5176912258436503
0.4914519766422222
0.5027407638583774
0.4937753908201915
0.49383397456964717
0.5386965578517902
0.5470926812341641
0.5162349496955891
0.599123093114308
0.5252801241545012
0.47806991163972656
0.527654873900825
0.5553133521913841
0.5838582479557335
0.5695091007575136
0.5936596281565276
0.5897220562739673
0.6415211960461997
0.6101856640044828
0.5293495257148875
0.5380120744117893
0.5324394509747657
0.6276507991560105
0.49522593297005735
0.5165092785305071
0.5140687838615441
0.4648419104070527
0.48517532840207933
0.5195964458717955
0.5404292024292078
0.5039218927786402
0.41314191471380035
0.5855416786230881
0.5476652602201881
0.585847149462352
0.5652266152466964
0.5289814766119412
0.46345269967885855
0.5446344924485742
0.5284871401205787
0.47493695559736615
0.49982752904580424
0.5847661805944374
0.542407433195576
0.6239834288641386
0.5048333757248363
0.6141209196679813
0.4093428931735451
0.48406864007579
0.49392043566731814
0.5002527658032289
0.5679586765526646
0.46989312719357
0.5031056180571114
0.6016038272919477
0.5002465327657786
0.5641847273476531
0.5342220389480159
0.555426229489778
0.5029760733164043
0.49296708077933044
0.5459722553199021
0.5621726768392284
0.4549644300949287
0.5176745910941071
0.5535871321825516
0.5180554233990583
0.5015756057166787
0.5045758284849113
0.5583014148372533
0.47558354276075154
0.4822581703364029
0.44257952271655876
0.47799813524732915
0.571354257280071
0.5284299296190301
0.47038785890695667
0.5634736415824704
0.5633733439233888
0.4594791619867019
0.5592494952639434
0.5480507654696821
0.4578184095101717
0.5723434357984517
0.6014129005801988
0.5837794366639756
0.5484654451646213
0.5286322510618069
0.5644473631054584
0.5552060047900853
0.49813020328241653
0.6364673895522986
0.5159939026153666
0.4684604686871898
0.5461800105572149
0.5177238530875383
0.5099214587199912
0.48688056704656296
0.47611926300204493
0.42408863844427913
0.44039442620058533
0.5295632373915644
0.5223763462415275
0.4974136772504252
0.4707847301331325
0.5365195942159978
0.6374887160070272
0.5400276575094817
0.5126732404965975
0.5286086696376997
0.46116107023404007
0.5983525645803446
0.557368597455418
0.5221983318365541
0.5244639688941238
0.5628690491610169
0.5257802207786074
0.488180694717603
0.47425580003911283
0.5103595757782315
0.4954784117132671
0.5453188683904212
0.5585589670598117
0.4964797555728582
0.45726307740538874
0.460620256803372
0.5977828367906619
0.6044105632835299
0.5690391414709058
0.5178801201858658
0.49080213957964086
0.5290064658448609
0.5046738503901282
0.5020272400885454
0.5082576847267026
0.6379214265046255
0.6088885955829912
0.5663953203856256
0.5528915128039412
0.4789984206138143
0.5108302918536946
0.4899345974708701
0.48534806916857165
0.529332362977543
0.5488529459881306
0.5030989538798691
0.5163255480098372
0.4825917945689102
0.49267004558887817
0.4181694971790464
0.5563419121912004
0.512361457548232
0.4958720774240623
0.5078340657562609
0.5610737462147856
0.6341938542836693
0.517243220004915
0.5735925715116439
0.6262274613364681
0.5478127839501868
0.47811703608916833
0.5452863075635669
0.5816913302833056
0.5429863841199379
0.4599186748637226
0.43498285337733134
0.5725054784583852
0.5633431653883902
0.4904616964257371
0.5411240787991244
0.607541288106683
0.6135786184473738
0.4462045630564274
0.4797887566577714
0.5543144838100834
0.49026413501440824
0.5054679300837421
0.5982026898932848
0.4445795248815318
0.5169610448843625
0.48238413229766086
0.5030135345424396
0.48735823368104736
0.5379048764381003
0.4712069306463372
0.5351134452928268
0.474621688235726
0.5521985155625958
0.5776585686667491
0.46654512415131644
0.5863845901530121
0.47943802821366654
0.5913139923165209
0.5802384019348554
0.5510226304402261
0.5612622705854495
0.5160627865202375
0.5492574453886231
0.505048183856065
0.43797958365999956
0.4676778806320221
0.5090162885279739
0.506268230942993
0.5573803741048998
0.48123690664451124
0.48770556875514653
0.4817191320190287
0.40381030358006126
0.6055971765534238
0.4835133189757889
0.5918399601326989
0.4997557251213582
0.5129426042396193
0.4872465908062569
0.5426897762025472
0.499920049914359
0.5348736605624441
0.50877804372952
0.5327788482794554
0.5285540295669447
0.4612781517321009
0.47117980535246146
0.5667160693757014
0.5293873977272805
0.5138448479263442
0.43400560145512396
0.48391996113764285
0.47660873567054063
0.5552213391312952
0.5582743058222491
0.5107098364709951
0.4966534236673421
0.5379598180506133
0.5055741760346222
0.4666035840281841
0.5414957491956829
0.5545884631882618
0.47350638789206384
0.5619899960102213
0.5335239026021764
0.5008452328142082
0.4890739751747255
0.5480016084816481
0.4478897550357004
0.5809195470613555
0.5935640018772544
0.5186814244057146
0.5599328565844013
0.5729018121900091
0.5395774474629222
0.5816441308052419
0.489856224563608
0.5256269843308784
0.5958133066398043
0.4251213879058261
0.5629069526504468
0.5331903127814626
0.5424114724132251
0.5611751740955587
0.49294506082056905
0.4862589792828489
0.5464496353231408
0.397513471455645
0.5544747918754821
0.47623171859477115
0.5047846363136517
0.4473833673278036
0.5034795632674551
0.4172040016265822
0.5477465512047962
0.4695629673610224
0.45306500254662907
0.5493408854843348
0.6225212878862584
0.5343019527586448
0.4600150697390894
0.5442288950071968
0.4842800896430367
0.591917993519514
0.5167142266380461
0.5791177127484015
0.5160154514120836
0.6806176276155634
0.5087997685784027
0.4735353319794098
0.522963695092888
0.5618958728163642
0.5142995305869215
0.5279190901032049
0.5634911393958615
0.5036763074733253
0.4649022812074815
0.5589940306794426
0.5394348776079282
0.5453582261753764
0.5345565951508574
0.5027737367080206
0.5081714332946812
0.5127433831726184
0.507857826433098
0.5009412762872404
0.4184034919130035
0.4939353624399513
0.4988602041745315
0.5376216000536773
0.4864370051169711
0.5169867224587219
0.47913148773322345
0.5080820219913674
0.5324647350681501
0.5246493474672618
0.5809895336340272
0.6017310060049882
0.5553592132832057
0.5463793944893809
0.5650026972799131
0.49045785479661297
0.49712893897840815
0.5993607015267431
0.5849674429967664
0.5625582193194101
0.5588494728013206
0.4732317561844072
0.5218216088656582
0.5342501677263851
0.4889757355604914
0.5094605407720403
0.581272563774317
0.5515900419245655
0.5350771237021912
0.48867457136407877
0.5277027403953216
0.49370447490702085
0.478865012616002
0.5297945364261871
0.5161131071655878
0.5031841195193401
0.5036073578699488
0.5989272499744952
0.5058991990910923
0.5054942452739184
0.44508425798429563
0.43995719692780666
0.6204553993174207
0.45204783931805204
0.49352272575242007
0.535803156855203
0.5503771592289591
0.6267659680958148
0.4094447343895232
0.6128118187372689
0.476591487173948
0.5097663847078089
0.5005537918606402
0.5582776873817664
0.538793313283269
0.49933600456991595
0.44980417334896716
0.5591686884758841
0.5173020329094659
0.5705140945936492
0.5986202661045961
0.4842790725670023
0.5529741491191539
0.5807021051703738
0.5001003186398486
0.4800198591476643
0.4789625350237726
0.4602740397826369
0.49132016118282984
0.5113093526126457
0.45133828758012107
0.5283907453062711
0.5359482406480557
0.552453541014478
0.5224059524609035
0.561282249943484
0.5258916688623965
0.5390178895270937
0.490138832116635
0.545193132374432
0.5082930310683254
0.5167537156861359
0.5579370201281765
0.5063665193913829
0.5397230906672433
0.5591180819238896
0.5154437908172441
0.4597611058803207
0.4762616182443904
0.509371728227654
0.5497965829622609
0.4549358733529132
0.545583257922305
0.5023784088143791
0.513402480022953
0.4920841828477014
0.46522478972270537
0.5192784686231563
0.42038708032544425
0.5971584338877989
0.5413680448325531
0.5177889505463114
