0.23728813559322037
0.26229508196721313
0.08
0.11111111111111112
0.10714285714285714
0.03846153846153846
0.19354838709677422
0.17543859649122806
0.17543859649122806
0.14814814814814814
0.32786885245901637
0.253968253968254
0.1904761904761905
0.3728813559322034
0.14705882352941177
0.14285714285714288
0.16129032258064516
0.20000000000000004
0.2413793103448276
0.16949152542372883
0.10526315789473685
0.2727272727272727
0.2181818181818182
0.16666666666666666
0.19672131147540983
0.10000000000000002
0.15625
0.1212121212121212
0.17142857142857143
0.27450980392156865
0.10169491525423728
0.19354838709677422
0.18750000000000003
0.11111111111111112
0.2105263157894737
0.23333333333333334
0.17543859649122806
0.1379310344827586
0.20338983050847456
0.29508196721311475
0.15873015873015872
0.208955223880597
0.23728813559322037
0.03174603174603175
0.21428571428571427
0.24657534246575347
0.14285714285714288
0.2580645161290323
0.16901408450704225
0.2153846153846154
0.2181818181818182
0.18750000000000003
0.22950819672131148
0.28169014084507044
0.17241379310344826
0.15094339622641512
0.16949152542372883
0.3
0.18750000000000003
0.2105263157894737
0.2413793103448276
0.2711864406779661
0.29850746268656714
0.1818181818181818
0.11764705882352941
0.32786885245901637
0.15384615384615383
0.03448275862068965
0.21428571428571427
0.33898305084745767
0.15873015873015872
0.1851851851851852
0.23333333333333334
0.10714285714285714
0.29032258064516125
0.20000000000000004
0.20689655172413796
0.16666666666666666
0.23529411764705882
0.20689655172413796
0.22222222222222224
0.29508196721311475
0.09836065573770492
0.14035087719298248
0.28125
0.22950819672131148
0.24615384615384614
0.2456140350877193
0.2413793103448276
0.16
0.2962962962962963
0.07692307692307691
0.19672131147540983
0.1515151515151515
0.2040816326530612
0.34375
0.17241379310344826
0.10000000000000002
0.36923076923076925
0.20689655172413796
0.16
0.1818181818181818
0.30769230769230765
0.253968253968254
0.14285714285714288
0.126984126984127
0.23880597014925373
0.16393442622950818
0.16666666666666666
0.18867924528301885
0.23728813559322037
0.07017543859649124
0.2962962962962963
0.2
0.17241379310344826
0.15625
0.21212121212121213
0.32142857142857145
0.22580645161290322
0.17241379310344826
0.2153846153846154
0.06451612903225808
0.23529411764705882
0.10169491525423728
0.2153846153846154
0.19354838709677422
0.20000000000000004
0.19354838709677422
0.303030303030303
0.23333333333333334
0.2413793103448276
0.2105263157894737
0.19354838709677422
0.13333333333333333
0.28571428571428564
0.3492063492063492
0.11764705882352941
0.09836065573770492
0.22222222222222224
0.16666666666666666
0.28070175438596495
0.24615384615384614
0.17391304347826086
0.23880597014925373
0.19354838709677422
0.34375
0.15384615384615383
0.2608695652173913
0.25
0.12903225806451615
0.28125
0.10714285714285714
0.19354838709677422
0.1851851851851852
0.15384615384615383
0.2413793103448276
0.03571428571428572
0.1904761904761905
0.14814814814814814
0.12903225806451615
0.1851851851851852
0.1923076923076923
0.23728813559322037
0.28571428571428575
0.22950819672131148
0.14925373134328357
0.2758620689655172
0.1379310344827586
0.23880597014925373
0.17241379310344826
0.17857142857142855
0.12765957446808512
0.23333333333333334
0.14285714285714288
0.22580645161290322
0.20000000000000004
0.0
0.208955223880597
0.15625
0.17241379310344826
0.08450704225352113
0.23529411764705882
0.17543859649122806
0.24615384615384614
0.2580645161290323
0.23333333333333334
0.26666666666666666
0.2571428571428572
0.30769230769230765
0.14545454545454545
0.2608695652173913
0.21874999999999997
0.10000000000000002
0.14285714285714288
0.19672131147540983
0.2
0.23880597014925373
0.2711864406779661
0.2758620689655172
0.3157894736842105
0.2456140350877193
0.2727272727272727
0.14035087719298248
0.17857142857142855
0.26229508196721313
0.3050847457627119
0.1379310344827586
0.17241379310344826
0.20689655172413796
0.17543859649122806
0.23728813559322037
0.19672131147540983
0.3103448275862069
0.23333333333333334
0.2909090909090909
0.0909090909090909
0.2456140350877193
0.14705882352941177
0.16393442622950818
0.17857142857142855
0.1791044776119403
0.06666666666666667
0.1379310344827586
0.17241379310344826
0.1090909090909091
0.18867924528301885
0.126984126984127
0.1558441558441558
0.126984126984127
0.18867924528301885
0.13333333333333333
0.11111111111111112
0.3125
0.2456140350877193
0.04
0.26666666666666666
0.16949152542372883
0.1702127659574468
0.0784313725490196
0.17647058823529413
0.14035087719298248
0.10714285714285714
0.2424242424242424
0.17543859649122806
0.03508771929824562
0.20689655172413796
0.20000000000000004
0.21428571428571427
0.2727272727272727
0.22222222222222224
0.125
0.3050847457627119
0.17647058823529413
0.2711864406779661
0.35294117647058826
0.16393442622950818
0.15094339622641512
0.1568627450980392
0.2318840579710145
0.15625
0.1090909090909091
0.13114754098360656
0.14035087719298248
0.1818181818181818
0.2181818181818182
0.125
0.07547169811320756
0.20338983050847456
0.17241379310344826
0.25
0.25
0.19672131147540983
0.1818181818181818
0.17543859649122806
0.2424242424242424
0.20588235294117646
0.12903225806451615
0.16949152542372883
0.26666666666666666
0.20000000000000004
0.1818181818181818
0.20588235294117646
0.07272727272727272
0.18750000000000003
0.16666666666666669
0.1818181818181818
0.2580645161290323
0.17543859649122806
0.17241379310344826
0.15625
0.09677419354838711
0.32786885245901637
0.26865671641791045
0.22222222222222224
0.10526315789473685
0.2285714285714286
0.22950819672131148
0.11538461538461538
0.17241379310344826
0.21874999999999997
0.23529411764705882
0.17543859649122806
0.2105263157894737
0.24615384615384614
0.2545454545454545
0.12903225806451615
0.4210526315789474
0.10526315789473685
0.19354838709677422
0.17241379310344826
0.2727272727272727
0.20689655172413796
0.21874999999999997
0.03333333333333333
0.2413793103448276
0.16438356164383564
0.3125
0.2580645161290323
0.16393442622950818
0.16129032258064516
0.23333333333333334
0.2545454545454545
0.1818181818181818
0.25
0.19354838709677422
0.20338983050847456
0.37500000000000006
0.2181818181818182
0.23333333333333334
0.15873015873015872
0.2105263157894737
0.16393442622950818
0.25
0.2962962962962963
0.1923076923076923
0.15873015873015872
0.16949152542372883
0.21428571428571427
0.24615384615384614
0.208955223880597
0.25
0.30769230769230765
0.23728813559322037
0.1515151515151515
0.29850746268656714
0.16129032258064516
0.2318840579710145
0.07407407407407407
0.15873015873015872
0.22222222222222224
0.1851851851851852
0.2769230769230769
0.26229508196721313
0.10526315789473685
0.20338983050847456
0.10344827586206898
0.25
0.25
0.24615384615384614
0.1904761904761905
0.16666666666666669
0.16393442622950818
0.13333333333333333
0.32142857142857145
0.09375000000000001
0.17241379310344826
0.32142857142857145
0.20000000000000004
0.28070175438596495
0.15384615384615383
0.2181818181818182
0.22950819672131148
0.15625
0.13114754098360656
0.3
0.25
0.17857142857142855
0.09375000000000001
0.26229508196721313
0.28571428571428575
0.22222222222222224
0.21428571428571427
0.09677419354838711
0.17543859649122806
0.2758620689655172
0.20000000000000004
0.28125
0.2909090909090909
0.03773584905660378
0.20000000000000004
0.2153846153846154
0.09677419354838711
0.06451612903225808
0.2692307692307693
0.2571428571428572
0.22580645161290322
0.380952380952381
0.18750000000000003
0.2181818181818182
0.26415094339622636
0.2105263157894737
0.26666666666666666
0.32142857142857145
0.2181818181818182
0.2647058823529412
0.253968253968254
0.19354838709677422
0.15873015873015872
0.22580645161290322
0.2727272727272727
0.09523809523809525
0.11594202898550725
0.20338983050847456
0.2727272727272727
0.20338983050847456
0.12307692307692307
0.14925373134328357
0.26229508196721313
0.2545454545454545
0.22222222222222224
0.10000000000000002
0.2758620689655172
0.24615384615384614
0.2711864406779661
0.08333333333333334
0.43333333333333335
0.1818181818181818
0.20338983050847456
0.3548387096774193
0.26666666666666666
0.26666666666666666
0.1379310344827586
0.20689655172413796
0.17543859649122806
0.25
0.10344827586206898
0.20338983050847456
0.2580645161290323
0.1515151515151515
0.2424242424242424
0.17543859649122806
0.16393442622950818
0.29508196721311475
0.253968253968254
0.23333333333333334
0.07017543859649124
0.2105263157894737
0.16949152542372883
0.061538461538461535
0.1904761904761905
0.126984126984127
0.17543859649122806
0.18750000000000003
0.20000000000000004
0.20000000000000004
0.1851851851851852
0.03571428571428572
0.2424242424242424
0.25
0.1904761904761905
0.07272727272727272
0.14285714285714288
0.3728813559322034
0.12903225806451615
0.20689655172413796
0.17857142857142855
0.17241379310344826
0.37500000000000006
0.19354838709677422
0.1379310344827586
0.22222222222222224
0.17857142857142855
0.1818181818181818
0.28571428571428564
0.03389830508474576
0.14035087719298248
0.21428571428571427
0.17543859649122806
0.28571428571428575
0.19607843137254902
0.1379310344827586
0.24615384615384614
0.06779661016949153
0.126984126984127
0.18750000000000003
0.1791044776119403
0.1818181818181818
0.1515151515151515
0.2727272727272727
0.11538461538461538
0.15094339622641512
0.07692307692307691
0.17241379310344826
0.20338983050847456
0.26666666666666666
0.26415094339622636
0.22950819672131148
0.1904761904761905
0.1379310344827586
0.16666666666666666
