0.48666666666666664
0.4111111111111111
0.6499999999999999
0.47361111111111115
0.6143055555555555
0.6393055555555556
0.39819444444444446
0.5208333333333334
0.5048611111111111
0.5384722222222222
0.45680555555555563
0.6044444444444445
0.5131944444444445
0.47027777777777774
0.6855555555555555
0.5941666666666666
0.6015277777777779
0.5525
0.41805555555555557
0.507638888888889
0.5840277777777777
0.529861111111111
0.5331944444444444
0.48333333333333334
0.49902777777777785
0.5740277777777778
0.5015277777777778
0.51375
0.5443055555555555
0.5361111111111111
0.5034722222222222
0.45888888888888885
0.5641666666666667
0.43833333333333335
0.5394444444444444
0.5090277777777777
0.5516666666666666
0.4494444444444444
0.5697222222222222
0.5345833333333333
0.42111111111111116
0.4740277777777778
0.4777777777777778
0.5547222222222223
0.6515277777777778
0.4815277777777778
0.47874999999999995
0.6048611111111112
0.4858333333333333
0.6008333333333333
0.5113888888888889
0.5413888888888889
0.43277777777777776
0.5666666666666667
0.5159722222222223
0.6074999999999999
0.5156944444444445
0.5165277777777778
0.5163888888888889
0.5429166666666666
0.6211111111111111
0.5004166666666667
0.5409722222222222
0.5770833333333333
0.44500000000000006
0.4904166666666667
0.5008333333333332
0.4898611111111112
0.5825
0.6794444444444445
0.47444444444444445
0.5613888888888889
0.5173611111111112
0.5065277777777777
0.52
0.5872222222222221
0.5301388888888888
0.48833333333333334
0.4144444444444444
0.5537500000000001
0.5855555555555555
0.5334722222222222
0.5909722222222222
0.5113888888888889
0.5008333333333334
0.5776388888888888
0.5618055555555554
0.5065277777777778
0.5180555555555556
0.533611111111111
0.5580555555555556
0.5143055555555556
0.33472222222222225
0.5975
0.39416666666666667
0.6116666666666666
0.5331944444444444
0.5416666666666667
0.42166666666666663
0.5168055555555556
0.5075
0.4679166666666667
0.43444444444444447
0.5131944444444444
0.47152777777777777
0.5926388888888889
0.5144444444444445
0.47625
0.5634722222222223
0.6245833333333334
0.4172222222222222
0.6147222222222223
0.6097222222222223
0.6115277777777778
0.5269444444444444
0.5802777777777779
0.5095833333333334
0.48888888888888893
0.5465277777777778
0.43847222222222226
0.4597222222222222
0.5415277777777777
0.5444444444444444
0.5804166666666667
0.5902777777777777
0.5290277777777778
0.44027777777777777
0.5602777777777778
0.48277777777777775
0.5748611111111112
0.47763888888888895
0.4041666666666667
0.5515277777777778
0.3788888888888889
0.6437499999999999
0.5266666666666666
0.5097222222222222
0.5072222222222222
0.44819444444444445
0.3641666666666667
0.5736111111111112
0.56125
0.5116666666666666
0.4830555555555556
0.5554166666666667
0.5616666666666668
0.40222222222222215
0.5448611111111111
0.564861111111111
0.4629166666666667
0.46375
0.5488888888888889
0.4851388888888889
0.4751388888888889
0.6068055555555556
0.47763888888888895
0.5591666666666667
0.39444444444444443
0.5243055555555555
0.57125
0.41694444444444445
0.4741666666666667
0.34777777777777774
0.5513888888888888
0.5013888888888889
0.5109722222222222
0.5627777777777778
0.4448611111111111
0.5723611111111111
0.5109722222222222
0.5779166666666665
0.4151388888888889
0.5736111111111112
0.5433333333333333
0.5647222222222222
0.5694444444444445
0.49333333333333335
0.6093055555555557
0.5681944444444444
0.4776388888888889
0.4986111111111112
0.5738888888888889
0.5362499999999999
0.4975
0.5858333333333333
0.6120833333333332
0.4759722222222222
0.5275
0.7020833333333333
0.525
0.5594444444444445
0.48777777777777775
0.4798611111111112
0.4447222222222222
0.4873611111111111
0.4270833333333333
0.48208333333333336
0.47069444444444447
0.5686111111111112
0.5718055555555556
0.4779166666666667
0.56625
0.4775
0.5822222222222223
0.46291666666666664
0.5434722222222222
0.5105555555555557
0.49152777777777773
0.48486111111111113
0.5355555555555556
0.5995833333333334
0.5520833333333334
0.5556944444444446
0.5555555555555556
0.4370833333333333
0.5276388888888889
0.5615277777777778
0.5344444444444445
0.43916666666666665
0.5940277777777778
0.5655555555555556
0.5813888888888888
0.5287499999999999
0.5480555555555555
0.5499999999999999
0.5779166666666667
0.6159722222222224
0.5544444444444445
0.5454166666666667
0.45736111111111116
0.5631944444444446
0.6563888888888889
0.5847222222222221
0.5
0.4856944444444445
0.5994444444444444
0.5668055555555556
0.4222222222222223
0.5531944444444444
0.5938888888888889
0.4702777777777778
0.6658333333333334
0.47944444444444445
0.4304166666666667
0.5679166666666666
0.4915277777777778
0.45875
0.4863888888888888
0.51625
0.5381944444444445
0.4554166666666667
0.48180555555555554
0.6151388888888889
0.5475
0.6209722222222221
0.5786111111111112
0.5269444444444444
0.6526388888888888
0.5530555555555555
0.5666666666666667
0.5791666666666666
0.5955555555555555
0.5136111111111111
0.5754166666666667
0.5119444444444445
0.6466666666666666
0.5327777777777778
0.5175000000000001
0.41361111111111104
0.5061111111111111
0.5651388888888889
0.5397222222222221
0.6505555555555556
0.48902777777777773
0.4491666666666667
0.5018055555555556
0.48583333333333334
0.48902777777777773
0.5495833333333333
0.5256944444444445
0.5904166666666667
0.5850000000000001
0.5247222222222223
0.5676388888888889
0.5288888888888889
0.4961111111111111
0.5154166666666666
0.5004166666666666
0.6448611111111111
0.4911111111111111
0.6033333333333333
0.5502777777777778
0.5045833333333333
0.5708333333333334
0.43222222222222223
0.5555555555555556
0.47111111111111115
0.5354166666666667
0.4659722222222222
0.5397222222222222
0.670138888888889
0.46611111111111114
0.4375
0.44555555555555554
0.5275000000000001
0.5706944444444444
0.5272222222222223
0.6411111111111111
0.44986111111111116
0.6304166666666667
0.5151388888888888
0.571111111111111
0.4843055555555556
0.5180555555555556
0.6068055555555556
0.5120833333333333
0.5052777777777778
0.6059722222222221
0.46791666666666665
0.5654166666666667
0.6261111111111112
0.6127777777777778
0.5459722222222222
0.4148611111111111
0.4611111111111111
0.5479166666666666
0.4158333333333334
0.46444444444444444
0.4469444444444444
0.6402777777777777
0.4993055555555555
0.48513888888888895
0.4370833333333334
0.49097222222222225
0.6083333333333334
0.53125
0.548888888888889
0.5198611111111111
0.5
0.5611111111111111
0.5922222222222222
0.6130555555555556
0.54625
0.5502777777777779
0.5801388888888889
0.38930555555555557
0.4629166666666667
0.5651388888888889
0.60875
0.5245833333333334
0.5711111111111111
0.5526388888888889
0.5147222222222222
0.47250000000000003
0.5240277777777778
0.622361111111111
0.3709722222222222
0.565
0.4329166666666666
0.46125000000000005
0.4861111111111111
0.4655555555555556
0.5379166666666667
0.46361111111111114
0.6381944444444445
0.51625
0.5204166666666666
0.5254166666666666
0.54125
0.4701388888888889
0.5908333333333332
0.4938888888888889
0.4608333333333333
0.6427777777777778
0.6331944444444444
0.4922222222222223
0.6319444444444444
0.5031944444444444
0.54875
0.46833333333333327
0.6419444444444445
0.5048611111111111
0.4215277777777778
0.40430555555555553
0.4269444444444444
0.6366666666666667
0.3840277777777778
0.4594444444444445
0.5104166666666666
0.56375
0.5473611111111112
0.5265277777777778
0.5245833333333333
0.6340277777777779
0.4881944444444444
0.4881944444444445
0.5722222222222222
0.6761111111111111
0.5206944444444445
0.5808333333333333
0.34500000000000003
0.5404166666666668
0.5001388888888889
0.5095833333333333
0.517361111111111
0.4304166666666667
0.5484722222222221
0.5684722222222222
0.4620833333333333
0.5190277777777779
0.6415277777777778
0.5334722222222222
0.5543055555555556
0.5004166666666667
0.5044444444444445
0.45805555555555555
0.4915277777777778
0.6802777777777778
0.45083333333333336
0.5923611111111111
0.4475
0.4165277777777778
0.5069444444444444
0.4980555555555556
0.5852777777777777
0.5180555555555556
0.5677777777777778
0.3948611111111111
0.58875
0.5984722222222223
0.4822222222222222
0.485
0.4681944444444444
0.33902777777777776
0.6416666666666666
0.5509722222222222
0.5541666666666667
0.47986111111111107
0.5850000000000001
0.4731944444444445
0.5980555555555556
0.5395833333333334
0.4326388888888889
0.5665277777777779
0.5947222222222222
0.49722222222222223
0.5252777777777777
0.44055555555555553
0.4822222222222222
0.6297222222222223
0.5290277777777779
0.5388888888888889
0.4756944444444444
0.5180555555555555
0.4466666666666667
0.49694444444444447
0.46486111111111106
0.6480555555555556
0.5883333333333334
0.5033333333333333
0.5111111111111111
0.6381944444444445
0.61875
0.5359722222222222
0.38
0.4598611111111111
0.5144444444444445
0.5556944444444444
0.43013888888888885
0.5323611111111111
0.5623611111111111
0.5623611111111112
0.5019444444444445
0.48986111111111114
0.6320833333333333
0.40888888888888886
0.5609722222222222
0.4583333333333333
0.4486111111111111
0.5344444444444445
0.43333333333333335
0.538611111111111
0.45125000000000004
0.48708333333333326
0.44347222222222227
0.48347222222222225
0.5501388888888888
0.5981944444444445
0.5741666666666667
0.5402777777777777
0.5788888888888889
0.5366666666666666
0.38652777777777786
0.5361111111111111
0.4588888888888889
0.6513888888888889
0.45624999999999993
0.3713888888888889
0.5176388888888889
0.49124999999999996
