0.3809523809523809
0.36363636363636365
0.34146341463414637
0.37209302325581395
0.35
0.3809523809523809
0.3829787234042553
0.46808510638297873
0.41025641025641024
0.36363636363636365
0.4545454545454545
0.3043478260869565
0.4090909090909091
0.34146341463414637
0.41860465116279066
0.37209302325581395
0.4313725490196078
0.32558139534883723
0.41860465116279066
0.37209302325581395
0.34146341463414637
0.3809523809523809
0.5106382978723405
0.4090909090909091
0.37209302325581395
0.35
0.3673469387755102
0.35
0.5217391304347827
0.48
0.32432432432432434
0.3555555555555555
0.4285714285714285
0.33333333333333337
0.5454545454545455
0.3902439024390244
0.3181818181818182
0.32558139534883723
0.4888888888888889
0.3902439024390244
0.37209302325581395
0.4444444444444444
0.3684210526315789
0.42553191489361697
0.37499999999999994
0.3902439024390244
0.43478260869565216
0.4
0.33333333333333337
0.3913043478260869
0.4
0.4285714285714285
0.37209302325581395
0.5116279069767441
0.3902439024390244
0.33333333333333337
0.41860465116279066
0.41860465116279066
0.4545454545454545
0.4651162790697674
0.2857142857142857
0.42553191489361697
0.43478260869565216
0.43902439024390244
0.4090909090909091
0.31578947368421056
0.5
0.35
0.4285714285714285
0.3673469387755102
0.28571428571428575
0.41860465116279066
0.33333333333333337
0.4651162790697674
0.2631578947368421
0.3043478260869565
0.3404255319148936
0.37209302325581395
0.5106382978723405
0.45833333333333326
0.43999999999999995
0.3809523809523809
0.4285714285714285
0.37209302325581395
0.34146341463414637
0.47826086956521735
0.4545454545454545
0.45833333333333326
0.3478260869565218
0.47619047619047616
0.33333333333333337
0.4210526315789474
0.4888888888888889
0.4090909090909091
0.4651162790697674
0.4
0.30769230769230765
0.32432432432432434
0.3913043478260869
0.35897435897435903
0.3809523809523809
0.36363636363636365
0.4
0.4285714285714285
0.46808510638297873
0.30769230769230765
0.47826086956521735
0.41860465116279066
0.3809523809523809
0.33333333333333337
0.37209302325581395
0.4
0.43902439024390244
0.47619047619047616
0.5454545454545455
0.47619047619047616
0.45000000000000007
0.44897959183673464
0.37209302325581395
0.5
0.3555555555555555
0.3478260869565218
0.34146341463414637
0.4444444444444444
0.3
0.3181818181818182
0.3809523809523809
0.37209302325581395
0.36000000000000004
0.43478260869565216
0.33333333333333337
0.4285714285714285
0.3809523809523809
0.34146341463414637
0.32558139534883723
0.3809523809523809
0.44897959183673464
0.4
0.3478260869565218
0.4545454545454545
0.43478260869565216
0.5833333333333334
0.34146341463414637
0.5
0.3478260869565218
0.34615384615384615
0.31111111111111117
0.3902439024390244
0.47619047619047616
0.3478260869565218
0.4
0.47619047619047616
0.35
0.41860465116279066
0.4285714285714285
0.37209302325581395
0.4090909090909091
0.31111111111111117
0.4651162790697674
0.4545454545454545
0.3181818181818182
0.41860465116279066
0.4166666666666667
0.35
0.3673469387755102
0.4
0.4285714285714285
0.32558139534883723
0.3
0.3478260869565218
0.3809523809523809
0.37209302325581395
0.37209302325581395
0.33333333333333337
0.4878048780487804
0.41860465116279066
0.33333333333333337
0.4545454545454545
0.4285714285714285
0.3555555555555555
0.4444444444444444
0.43902439024390244
0.4651162790697674
0.4
0.3555555555555555
0.4651162790697674
0.5217391304347827
0.33333333333333337
0.5
0.4545454545454545
0.25531914893617025
0.4285714285714285
0.3555555555555555
0.4615384615384615
0.47058823529411764
0.4074074074074074
0.3913043478260869
0.25
0.3902439024390244
0.34146341463414637
0.4090909090909091
0.3478260869565218
0.4545454545454545
0.5454545454545455
0.3809523809523809
0.32558139534883723
0.35897435897435903
0.34146341463414637
0.4615384615384615
0.4
0.4651162790697674
0.43478260869565216
0.36363636363636365
0.36363636363636365
0.4090909090909091
0.33333333333333337
0.4166666666666667
0.4
0.41860465116279066
0.4
0.33333333333333337
0.25
0.33333333333333337
0.4444444444444444
0.4545454545454545
0.3902439024390244
0.36363636363636365
0.3181818181818182
0.37209302325581395
0.3181818181818182
0.34146341463414637
0.4081632653061224
0.47619047619047616
0.4444444444444444
0.4444444444444444
0.3902439024390244
0.37499999999999994
0.33333333333333337
0.43478260869565216
0.37209302325581395
0.3809523809523809
0.43478260869565216
0.4444444444444444
0.3902439024390244
0.35
0.37209302325581395
0.33333333333333337
0.4
0.4081632653061224
0.39215686274509803
0.41025641025641024
0.47619047619047616
0.47826086956521735
0.4090909090909091
0.3902439024390244
0.3684210526315789
0.4
0.32558139534883723
0.4090909090909091
0.4545454545454545
0.4285714285714285
0.4081632653061224
0.4090909090909091
0.4090909090909091
0.4444444444444444
0.3404255319148936
0.35
0.43902439024390244
0.4651162790697674
0.4090909090909091
0.36363636363636365
0.45000000000000007
0.4090909090909091
0.37499999999999994
0.4888888888888889
0.3555555555555555
0.3555555555555555
0.3
0.36363636363636365
0.42553191489361697
0.4166666666666667
0.3
0.4
0.28571428571428575
0.35
0.43902439024390244
0.3404255319148936
0.43902439024390244
0.3529411764705882
0.5116279069767441
0.4090909090909091
0.47619047619047616
0.37209302325581395
0.36363636363636365
0.36363636363636365
0.3809523809523809
0.2978723404255319
0.35
0.4210526315789474
0.36363636363636365
0.43902439024390244
0.42553191489361697
0.36000000000000004
0.35897435897435903
0.3773584905660377
0.4285714285714285
0.4090909090909091
0.4878048780487804
0.3902439024390244
0.3902439024390244
0.33333333333333337
0.4090909090909091
0.35
0.4090909090909091
0.36363636363636365
0.4545454545454545
0.3809523809523809
0.36363636363636365
0.3555555555555555
0.4090909090909091
0.37209302325581395
0.36363636363636365
0.3404255319148936
0.33333333333333337
0.32558139534883723
0.4444444444444444
0.4285714285714285
0.3809523809523809
0.32558139534883723
0.31111111111111117
0.35
0.29268292682926833
0.4444444444444444
0.36363636363636365
0.33333333333333337
0.45000000000000007
0.31578947368421056
0.33333333333333337
0.3809523809523809
0.3809523809523809
0.31111111111111117
0.47619047619047616
0.4285714285714285
0.36363636363636365
0.34146341463414637
0.43478260869565216
0.37209302325581395
0.47619047619047616
0.3404255319148936
0.33333333333333337
0.41860465116279066
0.26086956521739135
0.4444444444444444
0.3478260869565218
0.37209302325581395
0.46808510638297873
0.33333333333333337
0.33333333333333337
0.4090909090909091
0.3478260869565218
0.4545454545454545
0.3809523809523809
0.4285714285714285
0.3809523809523809
0.37499999999999994
0.27906976744186046
0.4090909090909091
0.3902439024390244
0.35897435897435903
0.47619047619047616
0.5365853658536585
0.36000000000000004
0.28571428571428575
0.4
0.31111111111111117
0.4444444444444444
0.31111111111111117
0.43902439024390244
0.4090909090909091
0.5652173913043479
0.45833333333333326
0.4081632653061224
0.32558139534883723
0.41860465116279066
0.3902439024390244
0.3902439024390244
0.3684210526315789
0.37209302325581395
0.31111111111111117
0.42553191489361697
0.3809523809523809
0.4
0.4285714285714285
0.3913043478260869
0.30769230769230765
0.36363636363636365
0.3913043478260869
0.3673469387755102
0.34146341463414637
0.4888888888888889
0.4081632653061224
0.4888888888888889
0.37499999999999994
0.41860465116279066
0.3673469387755102
0.37209302325581395
0.37209302325581395
0.37499999999999994
0.5490196078431373
0.4888888888888889
0.46808510638297873
0.45833333333333326
0.3902439024390244
0.2702702702702703
0.35
0.47826086956521735
0.45000000000000007
0.4090909090909091
0.41860465116279066
0.3181818181818182
0.3809523809523809
0.4
0.3809523809523809
0.3
0.43478260869565216
0.3684210526315789
0.3555555555555555
0.28571428571428575
0.3181818181818182
0.4
0.3913043478260869
0.3684210526315789
0.4
0.35897435897435903
0.3829787234042553
0.5116279069767441
0.4
0.3809523809523809
0.3181818181818182
0.37209302325581395
0.45833333333333326
0.36363636363636365
0.41025641025641024
0.35897435897435903
0.31578947368421056
0.47619047619047616
0.3404255319148936
0.5238095238095238
0.34146341463414637
0.32558139534883723
0.4285714285714285
0.3809523809523809
0.3684210526315789
0.43999999999999995
0.3404255319148936
0.35
0.35897435897435903
0.43902439024390244
0.34146341463414637
0.3181818181818182
0.34146341463414637
0.4651162790697674
0.36363636363636365
0.29268292682926833
0.32558139534883723
0.27272727272727276
0.35
0.4
0.34146341463414637
0.4081632653061224
0.4166666666666667
0.35
0.4090909090909091
0.4615384615384615
0.35897435897435903
0.4
0.36363636363636365
0.3478260869565218
0.33333333333333337
0.32558139534883723
0.47826086956521735
0.36363636363636365
0.3902439024390244
0.4545454545454545
0.3181818181818182
0.3809523809523809
0.31111111111111117
0.3902439024390244
0.3684210526315789
0.3404255319148936
0.5106382978723405
0.34615384615384615
0.3809523809523809
0.33333333333333337
0.3902439024390244
0.39215686274509803
0.2978723404255319
0.43902439024390244
0.46808510638297873
0.32558139534883723
