0.16
0.28070175438596495
0.2711864406779661
0.1851851851851852
0.14814814814814814
0.22950819672131148
0.1090909090909091
0.13114754098360656
0.26229508196721313
0.28125
0.16129032258064516
0.2711864406779661
0.28571428571428564
0.14035087719298248
0.2580645161290323
0.17241379310344826
0.22950819672131148
0.22222222222222224
0.18750000000000003
0.17857142857142855
0.32142857142857145
0.2413793103448276
0.16666666666666666
0.16949152542372883
0.19672131147540983
0.11320754716981132
0.15384615384615383
0.15384615384615383
0.2647058823529412
0.13333333333333333
0.303030303030303
0.303030303030303
0.1818181818181818
0.22222222222222224
0.22950819672131148
0.13333333333333333
0.20338983050847456
0.2592592592592593
0.21212121212121213
0.21874999999999997
0.4126984126984127
0.40625
0.18461538461538463
0.2909090909090909
0.2456140350877193
0.13559322033898305
0.09677419354838711
0.15625
0.22222222222222224
0.10714285714285714
0.1904761904761905
0.21428571428571427
0.16666666666666666
0.20289855072463772
0.15873015873015872
0.3508771929824561
0.19672131147540983
0.2181818181818182
0.03636363636363636
0.13559322033898305
0.11320754716981132
0.16949152542372883
0.2153846153846154
0.21874999999999997
0.2181818181818182
0.09836065573770492
0.15625
0.2711864406779661
0.1818181818181818
0.18461538461538463
0.22222222222222224
0.3
0.126984126984127
0.21874999999999997
0.30769230769230765
0.1923076923076923
0.19354838709677422
0.1851851851851852
0.2456140350877193
0.21428571428571427
0.13333333333333333
0.22580645161290322
0.2545454545454545
0.22580645161290322
0.19672131147540983
0.22580645161290322
0.26229508196721313
0.17543859649122806
0.11320754716981132
0.17857142857142855
0.23076923076923075
0.125
0.34375
0.20689655172413796
0.32352941176470584
0.11320754716981132
0.18867924528301885
0.28571428571428564
0.2456140350877193
0.20000000000000004
0.19672131147540983
0.10526315789473685
0.03636363636363636
0.17142857142857143
0.22950819672131148
0.2456140350877193
0.1904761904761905
0.23333333333333334
0.23529411764705882
0.14285714285714288
0.16666666666666666
0.11111111111111112
0.26229508196721313
0.23333333333333334
0.1923076923076923
0.14545454545454545
0.2580645161290323
0.14285714285714288
0.16129032258064516
0.14925373134328357
0.14545454545454545
0.17241379310344826
0.12903225806451615
0.16129032258064516
0.22950819672131148
0.10169491525423728
0.2962962962962963
0.20338983050847456
0.20689655172413796
0.2545454545454545
0.2105263157894737
0.17391304347826086
0.26865671641791045
0.16949152542372883
0.19444444444444445
0.29508196721311475
0.15384615384615383
0.11111111111111112
0.2318840579710145
0.26865671641791045
0.1568627450980392
0.23076923076923075
0.2608695652173913
0.29032258064516125
0.19354838709677422
0.21212121212121213
0.1904761904761905
0.14035087719298248
0.125
0.2580645161290323
0.18867924528301885
0.16666666666666666
0.14545454545454545
0.09836065573770492
0.14545454545454545
0.22580645161290322
0.20689655172413796
0.28571428571428564
0.21428571428571427
0.1818181818181818
0.16
0.2571428571428572
0.16129032258064516
0.2592592592592593
0.10714285714285714
0.24615384615384614
0.25
0.2222222222222222
0.17241379310344826
0.29508196721311475
0.14035087719298248
0.1818181818181818
0.32142857142857145
0.19672131147540983
0.16666666666666666
0.16949152542372883
0.26666666666666666
0.12765957446808512
0.22950819672131148
0.2424242424242424
0.16129032258064516
0.16129032258064516
0.17857142857142855
0.15384615384615383
0.16393442622950818
0.12307692307692307
0.1379310344827586
0.18867924528301885
0.18461538461538463
0.21212121212121213
0.19444444444444445
0.1090909090909091
0.16129032258064516
0.20000000000000004
0.22580645161290322
0.16949152542372883
0.19354838709677422
0.18750000000000003
0.0634920634920635
0.125
0.22222222222222224
0.22222222222222224
0.14814814814814814
0.16949152542372883
0.14285714285714288
0.06779661016949153
0.2711864406779661
0.14035087719298248
0.19672131147540983
0.22950819672131148
0.10169491525423728
0.36923076923076925
0.253968253968254
0.12903225806451615
0.1904761904761905
0.13114754098360656
0.26229508196721313
0.16393442622950818
0.11764705882352941
0.10169491525423728
0.09836065573770492
0.3243243243243243
0.1904761904761905
0.16393442622950818
0.20000000000000004
0.06779661016949153
0.20689655172413796
0.3
0.17857142857142855
0.16393442622950818
0.19672131147540983
0.25
0.28125
0.3492063492063492
0.29508196721311475
0.15384615384615383
0.34375
0.26666666666666666
0.15384615384615383
0.20000000000000004
0.2
0.25
0.2608695652173913
0.09523809523809525
0.16666666666666666
0.20000000000000004
0.2535211267605634
0.1142857142857143
0.15094339622641512
0.28571428571428575
0.26865671641791045
0.23333333333333334
0.27450980392156865
0.20338983050847456
0.1904761904761905
0.2545454545454545
0.16438356164383564
0.23333333333333334
0.10526315789473685
0.17241379310344826
0.21212121212121213
0.1923076923076923
0.26229508196721313
0.37681159420289856
0.3272727272727273
0.23333333333333334
0.25
0.20588235294117646
0.2898550724637681
0.32142857142857145
0.2105263157894737
0.11111111111111112
0.10526315789473685
0.16393442622950818
0.16393442622950818
0.16666666666666666
0.22222222222222224
0.14814814814814814
0.17241379310344826
0.23880597014925373
0.0625
0.10526315789473685
0.17857142857142855
0.15094339622641512
0.21428571428571427
0.2318840579710145
0.16949152542372883
0.10344827586206898
0.22222222222222224
0.23529411764705882
0.1904761904761905
0.20000000000000004
0.20000000000000004
0.30769230769230765
0.11111111111111112
0.22535211267605634
0.19607843137254902
0.12903225806451615
0.2758620689655172
0.2898550724637681
0.19672131147540983
0.1904761904761905
0.2413793103448276
0.3333333333333333
0.1379310344827586
0.20338983050847456
0.17543859649122806
0.2692307692307693
0.34782608695652173
0.11320754716981132
0.13114754098360656
0.26229508196721313
0.19672131147540983
0.1818181818181818
0.125
0.20338983050847456
0.10714285714285714
0.19354838709677422
0.2153846153846154
0.17241379310344826
0.20000000000000004
0.2758620689655172
0.1923076923076923
0.25
0.1851851851851852
0.20000000000000004
0.14285714285714288
0.19672131147540983
0.18867924528301885
0.16393442622950818
0.19672131147540983
0.0689655172413793
0.15094339622641512
0.12903225806451615
0.19672131147540983
0.15625
0.21428571428571427
0.26229508196721313
0.12903225806451615
0.18867924528301885
0.20338983050847456
0.28571428571428575
0.19672131147540983
0.14285714285714288
0.11764705882352941
0.2413793103448276
0.18461538461538463
0.26229508196721313
0.14492753623188406
0.12903225806451615
0.1379310344827586
0.03571428571428572
0.208955223880597
0.21428571428571427
0.3157894736842105
0.16129032258064516
0.13559322033898305
0.07407407407407407
0.17543859649122806
0.16129032258064516
0.07272727272727272
0.16129032258064516
0.26229508196721313
0.36065573770491804
0.14545454545454545
0.17391304347826086
0.3050847457627119
0.14814814814814814
0.2105263157894737
0.22950819672131148
0.04081632653061225
0.24
0.2105263157894737
0.3050847457627119
0.26229508196721313
0.1818181818181818
0.31746031746031744
0.23880597014925373
0.21874999999999997
0.10169491525423728
0.22222222222222224
0.28169014084507044
0.17241379310344826
0.26666666666666666
0.19444444444444445
0.13333333333333333
0.2727272727272727
0.20689655172413796
0.20000000000000004
0.0689655172413793
0.15384615384615383
0.16666666666666666
0.16949152542372883
0.2040816326530612
0.15384615384615383
0.14545454545454545
0.14814814814814814
0.20000000000000004
0.17857142857142855
0.22641509433962265
0.14814814814814814
0.2456140350877193
0.1818181818181818
0.16949152542372883
0.2711864406779661
0.1379310344827586
0.22580645161290322
0.17543859649122806
0.20689655172413796
0.125
0.12903225806451615
0.19607843137254902
0.3157894736842105
0.1568627450980392
0.208955223880597
0.2105263157894737
0.14285714285714288
0.18750000000000003
0.26229508196721313
0.0689655172413793
0.19672131147540983
0.2711864406779661
0.23529411764705882
0.17543859649122806
0.16666666666666666
0.26666666666666666
0.07407407407407407
0.10169491525423728
0.14545454545454545
0.17857142857142855
0.07692307692307691
0.19672131147540983
0.26666666666666666
0.1818181818181818
0.23333333333333334
0.17241379310344826
0.3636363636363636
0.28571428571428564
0.18867924528301885
0.1379310344827586
0.30769230769230765
0.10526315789473685
0.20000000000000004
0.15384615384615383
0.15873015873015872
0.17543859649122806
0.14545454545454545
0.19354838709677422
0.1851851851851852
0.15094339622641512
0.1379310344827586
0.11940298507462686
0.21874999999999997
0.1904761904761905
0.12903225806451615
0.17543859649122806
0.16949152542372883
0.20338983050847456
0.12307692307692307
0.23333333333333334
0.15873015873015872
0.22222222222222224
0.17857142857142855
0.20689655172413796
0.2456140350877193
0.23529411764705882
0.10000000000000002
0.16949152542372883
0.15384615384615383
0.0625
0.2580645161290323
0.16393442622950818
0.16393442622950818
0.23529411764705882
0.2962962962962963
0.1923076923076923
0.10714285714285714
0.29508196721311475
0.3448275862068965
0.20338983050847456
0.13333333333333333
0.18750000000000003
0.33962264150943394
0.11320754716981132
0.26666666666666666
0.125
0.2181818181818182
0.13559322033898305
0.07407407407407407
0.24615384615384614
0.25
0.0634920634920635
0.3
0.36065573770491804
0.17241379310344826
0.2962962962962963
0.2711864406779661
0.20689655172413796
0.26229508196721313
0.07142857142857144
