0.5308333333333334
0.5211111111111111
0.5375
0.5236111111111112
0.518611111111111
0.6074999999999999
0.5094444444444444
0.56
0.5627777777777778
0.6077777777777778
0.5461111111111111
0.5438888888888889
0.6036111111111112
0.5938888888888889
0.6261111111111111
0.5525
0.5380555555555556
0.5597222222222222
0.5194444444444444
0.5377777777777778
0.5944444444444444
0.5247222222222222
0.5125
0.4958333333333333
0.5452777777777778
0.5116666666666667
0.4786111111111111
0.5658333333333333
0.5452777777777778
0.5505555555555556
0.525
0.5577777777777778
0.5769444444444445
0.4847222222222223
0.5127777777777778
0.5399999999999999
0.5630555555555555
0.5841666666666666
0.6019444444444445
0.5486111111111112
0.5919444444444444
0.5855555555555556
0.4722222222222222
0.5747222222222222
0.548888888888889
0.47277777777777774
0.6222222222222223
0.5422222222222222
0.5266666666666667
0.5969444444444445
0.5716666666666667
0.5641666666666666
0.5341666666666667
0.5213888888888889
0.6008333333333333
0.5563888888888888
0.571111111111111
0.5483333333333333
0.48333333333333334
0.6083333333333333
0.5083333333333332
0.5802777777777778
0.5536111111111112
0.5127777777777778
0.5291666666666666
0.54
0.49249999999999994
0.5452777777777778
0.5844444444444444
0.5616666666666666
0.5719444444444445
0.4791666666666667
0.5652777777777778
0.5386111111111112
0.5125
0.4566666666666666
0.5013888888888889
0.5175
0.5820833333333333
0.5302777777777778
0.5466666666666666
0.5663888888888888
0.5616666666666668
0.5338888888888889
0.5670833333333333
0.5188888888888888
0.5725
0.5663888888888889
0.5169444444444444
0.5155555555555555
0.5477777777777778
0.6063888888888889
0.5505555555555556
0.5888888888888888
0.5405555555555556
0.5269444444444444
0.5755555555555556
0.5577777777777778
0.5230555555555556
0.5627777777777778
0.5708333333333333
0.4891666666666667
0.5455555555555556
0.5491666666666667
0.5597222222222222
0.6036111111111111
0.4883333333333333
0.5602777777777779
0.5025000000000001
0.6133333333333334
0.5847222222222223
0.5411111111111111
0.591111111111111
0.5941666666666667
0.5233333333333333
0.5327777777777778
0.61
0.4872222222222222
0.5230555555555555
0.5786111111111111
0.4891666666666667
0.5836111111111111
0.5190277777777779
0.5616666666666665
0.5533333333333335
0.5744444444444444
0.5606944444444445
0.5372222222222223
0.5858333333333333
0.5266666666666667
0.6058333333333332
0.5205555555555554
0.5569444444444445
0.6224999999999999
0.6247222222222222
0.4505555555555556
0.5911111111111111
0.5752777777777778
0.581388888888889
0.4766666666666666
0.5844444444444444
0.5184722222222222
0.5033333333333333
0.5411111111111111
0.5766666666666668
0.5908333333333333
0.5319444444444444
0.5222222222222221
0.5358333333333334
0.5144444444444445
0.5422222222222222
0.6174999999999999
0.5516666666666666
0.5702777777777778
0.5397222222222222
0.6102777777777778
0.6052777777777778
0.5747222222222222
0.5136111111111111
0.5888888888888889
0.45027777777777783
0.5477777777777778
0.5383333333333333
0.586111111111111
0.5058333333333334
0.5313888888888889
0.5891666666666666
0.46111111111111114
0.5452777777777778
0.56
0.5175
0.5144444444444445
0.5038888888888888
0.5680555555555555
0.5833333333333334
0.5522222222222222
0.5377777777777778
0.5674999999999999
0.4975
0.6330555555555556
0.5491666666666667
0.4977777777777779
0.5302777777777778
0.6363888888888888
0.52
0.6163888888888889
0.5025
0.5413888888888889
0.6115277777777778
0.4994444444444444
0.5297222222222222
0.5125
0.46527777777777773
0.5377777777777778
0.5416666666666667
0.4977777777777779
0.6080555555555556
0.5827777777777777
0.5438888888888889
0.5488888888888889
0.46444444444444444
0.5552777777777776
0.5391666666666667
0.5263888888888888
0.5955555555555556
0.5883333333333334
0.4872222222222223
0.5566666666666666
0.6116666666666667
0.49861111111111106
0.5844444444444444
0.5172222222222222
0.5097222222222222
0.5561111111111111
0.5409722222222222
0.5088888888888888
0.5169444444444444
0.5105555555555555
0.5230555555555555
0.4163888888888889
0.5769444444444446
0.6069444444444444
0.5180555555555555
0.5233333333333333
0.49333333333333335
0.5158333333333334
0.49833333333333335
0.6130555555555556
0.5566666666666666
0.51
0.6008333333333333
0.6238888888888889
0.4783333333333334
0.6
0.563888888888889
0.5533333333333332
0.4716666666666667
0.45805555555555555
0.5788888888888889
0.5305555555555556
0.4547222222222222
0.608611111111111
0.553611111111111
0.5477777777777778
0.5519444444444443
0.5777777777777777
0.5241666666666666
0.5330555555555556
0.5902777777777779
0.5541666666666667
0.48833333333333334
0.5238888888888888
0.5663888888888889
0.6036111111111111
0.5272222222222221
0.5424999999999999
0.5599999999999999
0.5505555555555556
0.5744444444444444
0.5694444444444444
0.5430555555555555
0.5488888888888889
0.5680555555555555
0.4947222222222221
0.5533333333333333
0.5216666666666667
0.47638888888888886
0.5533333333333332
0.5438888888888889
0.5488888888888889
0.6391666666666667
0.5716666666666667
0.5113888888888888
0.5455555555555556
0.6391666666666667
0.4552777777777778
0.4658333333333333
0.6033333333333334
0.5105555555555555
0.5572222222222222
0.4847222222222223
0.5622222222222222
0.5469444444444445
0.5702777777777778
0.4486111111111111
0.5752777777777778
0.5447222222222223
0.5327777777777778
0.5736111111111111
0.4847222222222223
0.5654166666666667
0.5238888888888888
0.5566666666666666
0.5269444444444444
0.5830555555555555
0.6038888888888888
0.5080555555555555
0.5761111111111111
0.5358333333333333
0.5318055555555555
0.5544444444444444
0.46694444444444444
0.5233333333333333
0.6150000000000001
0.5186111111111111
0.6499999999999999
0.5513888888888889
0.5993055555555555
0.5013888888888889
0.5266666666666667
0.5041666666666667
0.5738888888888889
0.6538888888888889
0.5266666666666667
0.5866666666666667
0.5869444444444444
0.5213888888888889
0.591388888888889
0.6069444444444445
0.5433333333333333
0.5519444444444445
0.5669444444444445
0.5575
0.5252777777777777
0.5113888888888889
0.6244444444444445
0.45722222222222225
0.5097222222222223
0.5025
0.5655555555555555
0.5925
0.543611111111111
0.6202777777777778
0.5405555555555556
0.5855555555555556
0.5222222222222223
0.5683333333333334
0.5894444444444445
0.5002777777777778
0.5330555555555556
0.5852777777777778
0.5272222222222221
0.6272222222222222
0.5897222222222223
0.5894444444444444
0.5527777777777778
0.5588888888888889
0.6080555555555555
0.5533333333333335
0.5091666666666668
0.4905555555555555
0.5044444444444445
0.5345833333333333
0.43277777777777776
0.5077777777777778
0.5791666666666667
0.5530555555555556
0.6090277777777777
0.5452777777777778
0.5311111111111111
0.53
0.5266666666666667
0.5699999999999998
0.48416666666666675
0.55
0.5236111111111111
0.5566666666666668
0.5166666666666667
0.5025
0.43777777777777777
0.47166666666666673
0.5213888888888888
0.5236111111111111
0.5525
0.5725
0.5091666666666668
0.5680555555555555
0.6605555555555556
0.5622222222222223
0.5918055555555555
0.5683333333333334
0.5161111111111112
0.5169444444444444
0.4788888888888889
0.6044444444444443
0.5983333333333334
0.5800000000000001
0.495
0.5883333333333334
0.5294444444444444
0.5361111111111111
0.5133333333333333
0.5447222222222222
0.6397222222222223
0.5611111111111111
0.5847222222222223
0.533888888888889
0.5211111111111111
0.4733333333333333
0.5630555555555554
0.5241666666666667
0.5013888888888889
0.5475
0.5791666666666666
0.57
0.5222222222222223
0.49666666666666665
0.5747222222222222
0.5805555555555555
0.5180555555555555
0.5341666666666667
0.6258333333333335
0.5141666666666668
0.6063888888888889
0.47583333333333333
0.5488888888888889
0.581388888888889
0.4930555555555556
0.6355555555555555
0.5336111111111111
0.5786111111111111
0.5661111111111111
0.5541666666666667
0.55
0.5075000000000001
0.5438888888888889
0.5580555555555555
0.6325
0.5758333333333333
0.5161111111111111
0.5602777777777778
0.5750000000000001
0.4530555555555556
0.5472222222222223
0.6291666666666668
0.6056944444444444
0.515
0.5351388888888888
0.5594444444444444
0.5052777777777777
0.5766666666666667
0.48499999999999993
0.5602777777777778
0.5430555555555555
0.5299999999999999
0.4636111111111111
0.5791666666666667
0.6094444444444445
0.6136111111111111
0.5483333333333333
0.5411111111111111
0.5102777777777777
0.5775000000000001
0.5241666666666667
0.5568055555555554
0.5388888888888889
0.48416666666666663
0.5830555555555555
0.553611111111111
0.45527777777777784
0.5513888888888888
0.5547222222222222
0.5977777777777777
0.46305555555555555
0.53
0.5298611111111111
0.5722222222222222
0.5158333333333334
0.6216666666666667
0.47263888888888894
0.5299999999999999
0.48750000000000004
0.5305555555555557
0.5169444444444444
0.5861111111111111
0.6205555555555555
0.5377777777777777
0.5669444444444445
0.5875
0.5731944444444446
0.5627777777777778
0.5391666666666667
0.5802777777777777
0.631388888888889
0.37361111111111117
0.5466666666666666
0.6222222222222222
0.5605555555555555
0.5347222222222222
0.5830555555555554
0.6397222222222222
0.5147222222222223
0.5411111111111111
0.5608333333333333
0.5330555555555556
0.6138888888888889
0.575
0.5191666666666666
0.5475
0.5349999999999999
