0.5714285714285714
0.5714285714285714
0.4375
0.5
0.6363636363636364
0.42105263157894735
0.5
0.5238095238095238
0.6666666666666666
0.5333333333333333
0.6666666666666666
0.5833333333333334
0.6
0.6363636363636364
0.75
0.6153846153846154
0.6875
0.4375
0.8181818181818182
0.42105263157894735
0.5
0.5714285714285714
0.7058823529411765
0.75
0.6153846153846154
0.6363636363636364
0.6428571428571429
0.7
0.631578947368421
0.631578947368421
0.46153846153846156
0.6666666666666666
0.75
0.3888888888888889
0.631578947368421
0.6153846153846154
0.5384615384615384
0.4117647058823529
0.5789473684210527
0.47058823529411764
0.5
0.7142857142857143
0.6363636363636364
0.7692307692307693
0.391304347826087
0.7272727272727273
0.6666666666666666
0.6923076923076923
0.6363636363636364
0.5
0.5333333333333333
0.5294117647058824
0.8
0.55
0.6153846153846154
0.4375
0.9
0.6428571428571429
0.9090909090909091
0.47619047619047616
0.4117647058823529
0.5555555555555556
0.7142857142857143
0.5294117647058824
0.42857142857142855
0.42857142857142855
0.75
0.5
0.8181818181818182
0.5625
0.75
0.5625
0.875
0.5263157894736842
0.5
0.4375
0.5714285714285714
0.6153846153846154
0.6666666666666666
0.5789473684210527
0.7857142857142857
0.42105263157894735
0.5625
0.5
0.7
0.7857142857142857
0.7692307692307693
0.6470588235294118
0.47058823529411764
0.5882352941176471
0.4117647058823529
0.6153846153846154
0.6111111111111112
0.8181818181818182
0.5882352941176471
0.5714285714285714
0.6666666666666666
0.5454545454545454
0.6428571428571429
0.6363636363636364
0.5
0.47058823529411764
0.6
0.6428571428571429
0.5789473684210527
0.5
0.6470588235294118
0.6428571428571429
0.8
0.5384615384615384
0.8
0.5714285714285714
0.75
0.6666666666666666
0.631578947368421
0.4166666666666667
0.6428571428571429
0.7857142857142857
0.5714285714285714
0.6470588235294118
0.42105263157894735
0.6666666666666666
0.7777777777777778
0.7142857142857143
0.5
0.4375
0.5714285714285714
0.8
0.6923076923076923
0.8333333333333334
0.4666666666666667
0.6428571428571429
0.5714285714285714
0.5384615384615384
0.7777777777777778
0.6153846153846154
0.8461538461538461
0.6
0.5714285714285714
0.5882352941176471
0.5263157894736842
0.7
0.6363636363636364
0.5882352941176471
0.4444444444444444
0.5625
0.7777777777777778
0.8
0.6666666666666666
0.6666666666666666
0.8888888888888888
0.5555555555555556
0.5833333333333334
0.6
0.6
0.4444444444444444
0.9
0.4666666666666667
0.7142857142857143
0.5555555555555556
1.0
0.75
0.625
0.4666666666666667
0.6923076923076923
0.5294117647058824
0.8181818181818182
0.4666666666666667
0.46153846153846156
0.7272727272727273
0.6666666666666666
0.6153846153846154
0.5
0.4444444444444444
0.7142857142857143
0.5
0.6666666666666666
0.625
0.5294117647058824
0.5333333333333333
0.625
0.42857142857142855
0.6666666666666666
0.4
0.5
0.7692307692307693
0.7058823529411765
0.5384615384615384
0.6666666666666666
0.7692307692307693
0.46153846153846156
0.5625
0.47058823529411764
0.631578947368421
0.5
0.7333333333333333
0.5294117647058824
0.45454545454545453
0.6153846153846154
0.4666666666666667
0.42857142857142855
0.6153846153846154
0.7692307692307693
0.631578947368421
0.6666666666666666
0.5384615384615384
0.5833333333333334
0.5384615384615384
0.6428571428571429
0.5
0.6666666666666666
0.5263157894736842
0.4
0.7272727272727273
0.6428571428571429
0.7
0.5263157894736842
0.7142857142857143
0.5625
0.7272727272727273
0.6363636363636364
0.6666666666666666
0.7
0.5555555555555556
0.5263157894736842
0.8
0.4
0.7
0.5333333333333333
0.4117647058823529
0.4375
0.47619047619047616
0.5
0.6666666666666666
0.5
0.6153846153846154
0.6428571428571429
0.5833333333333334
0.625
0.5333333333333333
0.34782608695652173
0.5263157894736842
0.5555555555555556
0.5714285714285714
0.6363636363636364
0.6666666666666666
0.6363636363636364
0.6428571428571429
0.5
0.43478260869565216
0.6153846153846154
0.7692307692307693
0.6111111111111112
0.5625
0.42105263157894735
0.7
0.42857142857142855
0.5833333333333334
0.5625
0.5263157894736842
0.6
0.6666666666666666
0.6
0.75
0.625
0.6153846153846154
0.5833333333333334
0.8181818181818182
0.5
0.4090909090909091
0.6153846153846154
0.8181818181818182
0.45
0.5625
0.6470588235294118
0.5
0.4444444444444444
0.5454545454545454
0.4444444444444444
0.5263157894736842
0.5555555555555556
0.46153846153846156
0.5714285714285714
0.5454545454545454
0.5
0.5294117647058824
0.6666666666666666
0.8181818181818182
0.6
0.8461538461538461
0.5
0.5555555555555556
0.5333333333333333
0.8888888888888888
0.6153846153846154
0.5
0.5384615384615384
0.5
0.6666666666666666
0.5
0.75
0.7142857142857143
0.5625
0.6363636363636364
0.45454545454545453
0.5625
0.6428571428571429
0.6666666666666666
0.5
0.42105263157894735
0.5
0.5294117647058824
0.6363636363636364
0.75
0.6153846153846154
0.7142857142857143
0.47058823529411764
0.5333333333333333
0.8888888888888888
0.6428571428571429
0.8888888888888888
0.6153846153846154
0.5714285714285714
0.7777777777777778
0.7777777777777778
0.6666666666666666
0.5
0.7272727272727273
0.6363636363636364
0.3333333333333333
0.35
0.6
0.7692307692307693
0.6153846153846154
0.5
0.9
0.375
0.4666666666666667
0.5714285714285714
0.47058823529411764
0.4666666666666667
0.5555555555555556
0.75
0.38095238095238093
0.5833333333333334
0.7142857142857143
0.6153846153846154
0.5263157894736842
0.36363636363636365
0.7
0.5294117647058824
0.5454545454545454
0.8333333333333334
0.5333333333333333
0.7272727272727273
0.6111111111111112
0.5
0.4666666666666667
0.5294117647058824
0.42105263157894735
0.5882352941176471
0.38095238095238093
0.6
0.6153846153846154
0.6428571428571429
0.375
0.8181818181818182
0.5714285714285714
0.6363636363636364
0.5263157894736842
0.6875
0.45
0.75
0.4444444444444444
0.7
0.625
0.6363636363636364
0.6428571428571429
0.6
0.6842105263157895
0.6875
0.625
0.5384615384615384
0.6923076923076923
0.6666666666666666
0.8
0.6363636363636364
0.47058823529411764
0.3181818181818182
0.6666666666666666
0.6666666666666666
0.5294117647058824
0.6428571428571429
0.6428571428571429
0.5454545454545454
0.7272727272727273
0.6923076923076923
0.5625
0.4666666666666667
0.7333333333333333
0.5555555555555556
0.6875
0.6923076923076923
0.6923076923076923
0.47368421052631576
0.4444444444444444
0.5333333333333333
0.6923076923076923
0.5833333333333334
0.7333333333333333
0.6470588235294118
0.5789473684210527
0.5
0.5
0.5833333333333334
0.6875
0.47368421052631576
0.5625
0.6
0.4117647058823529
0.47058823529411764
0.5714285714285714
0.8
0.5454545454545454
0.5
0.7777777777777778
0.7272727272727273
0.4
0.5384615384615384
0.6923076923076923
0.391304347826087
0.7
0.7272727272727273
0.5
0.5294117647058824
0.6875
0.6666666666666666
0.8
0.7
0.5714285714285714
0.4782608695652174
0.38095238095238093
0.5714285714285714
0.6363636363636364
0.46153846153846156
0.5555555555555556
0.5
0.55
0.875
0.6363636363636364
0.6
0.5333333333333333
0.7777777777777778
0.5789473684210527
0.47058823529411764
0.7777777777777778
0.7777777777777778
0.5
0.6363636363636364
0.4375
0.5384615384615384
0.7142857142857143
1.0
0.5
0.5833333333333334
0.42857142857142855
0.5833333333333334
0.8181818181818182
0.5
0.5882352941176471
0.5555555555555556
0.4666666666666667
0.5
0.8181818181818182
0.7777777777777778
0.5625
0.5714285714285714
0.5714285714285714
0.5833333333333334
0.7
0.6875
0.47058823529411764
0.47058823529411764
0.7142857142857143
0.6363636363636364
0.6666666666666666
0.4375
0.5714285714285714
0.875
0.8
0.5454545454545454
0.47368421052631576
0.5714285714285714
0.5833333333333334
0.5333333333333333
0.5263157894736842
0.6363636363636364
0.6428571428571429
0.7857142857142857
0.6363636363636364
