0.31823301551015604
0.39182481613776265
0.26264547375286323
0.3898523934965977
0.41385977107683247
0.327538463594569
0.4230181691921177
0.36045227316649175
0.35319278888135264
0.426878311893547
0.31941573794103206
0.23954998852139434
0.45957543284995356
0.39216276542207584
0.4069430948367088
0.41778334099157033
0.413922607538849
0.24567350288438036
0.2493837672265752
0.35349971103406097
0.35988367818731654
0.37137781978098855
0.361444293918597
0.20305106859876387
0.3084188653372796
0.4585467924325026
0.33687604262759846
0.4299326710503945
0.4122848882264407
0.31143136953230405
0.35012436449096956
0.3237311011382882
0.31137599426978574
0.36028763735713065
0.5017358504145281
0.34580667825965444
0.36937878335036445
0.46866476810665936
0.42024243132000005
0.3566758730072118
0.3283419769944913
0.3073105335208866
0.35076949440481414
0.33967469429667696
0.2760726009767492
0.3231656392538422
0.46146556848589537
0.48532533522946764
0.2616146093363195
0.3731054645354336
0.3991513821392048
0.4908462285279044
0.2996055691501136
0.41369206689114313
0.3559670119003886
0.29694277389773027
0.32761379508764826
0.3530886559462618
0.24296802563450687
0.3325917330897989
0.2985999605853171
0.4428504380586942
0.2882890146779192
0.3366449160615893
0.3246486428547536
0.4117862243058807
0.35579352470803816
0.3817394861859181
0.2712549148218246
0.3539081354282343
0.3506188609297586
0.3549799268779306
0.328992428594544
0.3179797571756117
0.3592667725251346
0.2781141763534143
0.3903723544342882
0.3903876405099794
0.3851604666010733
0.4471377733337509
0.36584152444150586
0.28601005098118243
0.2845071862649915
0.30112526148269725
0.4439161407940032
0.40093617796389686
0.35060502175171426
0.2808182238265804
0.34156472951057554
0.27381837048962854
0.3788955089149526
0.4102402918939496
0.24819762208327886
0.537436806752237
0.37538461796201883
0.38313625022741293
0.46400669839786507
0.34248016153486466
0.2397653083109095
0.3923325369960886
0.26311819799834
0.26034259793611814
0.3711945969397791
0.3185255090409968
0.39227395523487574
0.4153556354196764
0.27899147280670883
0.3996245710720173
0.2762724120730468
0.45856876579900685
0.3717769209245912
0.2938211380098765
0.353425732021223
0.43716790206805756
0.32205751460125054
0.28574824756128836
0.34222687226394843
0.24333151262718172
0.2735347334560393
0.2771687288531972
0.30950430945960555
0.46190222978142786
0.23230754169536597
0.3939523825044713
0.38222312194632757
0.32824100291995295
0.28387682698264605
0.2923511464606274
0.3696207056761781
0.3367850742501019
0.5791463124635312
0.4514164886134967
0.2946298737927329
0.33433165106679785
0.4365538966802714
0.2167933902864737
0.31435131140958494
0.2836865661010134
0.31449922670723435
0.2910940750430393
0.36814853609811804
0.46532117553166197
0.4016332448594434
0.21658679328266484
0.45265102338630153
0.43987621188864895
0.3607583372658789
0.28560932185887733
0.24996064508558574
0.36133253264280285
0.40434388084221806
0.37237974673136176
0.3875385492977208
0.4240439459134073
0.32775272620748347
0.4118936970825121
0.32557288958989145
0.30596306319544286
0.2952151991234681
0.40311412845797656
0.2646640407190571
0.33775440774312215
0.29150873963815543
0.3502470113221712
0.30884340765579904
0.43844699358336814
0.44917598351823607
0.43811066797036047
0.3579304313497018
0.3162949376978404
0.4263805849756488
0.3054589954317045
0.3407334431865475
0.386498860948178
0.4361592516394078
0.3106714407812098
0.380387116171504
0.33469786728412176
0.23483307445405838
0.2969440331537846
0.3512429227617294
0.38863690078784097
0.3246380217327781
0.3681598379116127
0.31170652137982885
0.3461988085478097
0.31660218627717734
0.4765074482441005
0.301986691893693
0.42081677612747226
0.26202005124277494
0.31811680241709406
0.2785504756049709
0.36004466766224064
0.4436697188088247
0.3545255415898113
0.3758606265505468
0.30242838657625626
0.36542813358195414
0.37970287375286715
0.26728971916286637
0.27741504874963474
0.35646190048972914
0.32811944737370646
0.2827813280024582
0.4840911412394101
0.36908050503429196
0.3800309303460512
0.29354042367158617
0.23461097076637913
0.22376638671364563
0.20941560112611185
0.39455592491983993
0.328600992547338
0.4116403281245454
0.34958656852128894
0.4336788838692845
0.29155803220314813
0.41957052673542966
0.3248227378201448
0.2945390892007317
0.3749222186056189
0.3077900491256167
0.31857433579195
0.2718927700857298
0.2650003807525529
0.38555918960243746
0.48460250006877553
0.33349627115684544
0.3228236854138765
0.3783578347145013
0.41130403459883813
0.19250681527218771
0.3984160208326445
0.3383662624269058
0.33533020997499086
0.36442967658765435
0.2251613274029866
0.2783665071262147
0.3513484068732877
0.27566530023332
0.3192876889078116
0.35800863846027453
0.4260157357302292
0.2810669678906309
0.3885878745749516
0.29805514177282444
0.25173574712465085
0.2523357922187313
0.361977676121684
0.31275829963317014
0.26298892487136527
0.40406856002201985
0.2720138649303999
0.30892772803059276
0.3308875310113212
0.4263664264825808
0.42785239858772395
0.39298039300001597
0.36008075950900176
0.5198345545089237
0.36701875260494754
0.43013427294091044
0.35598990514608597
0.32072372421403983
0.3885872775721451
0.2635852519067383
0.4547821267881126
0.2805001081129474
0.3885649968587288
0.4387146415829826
0.4704614288090776
0.39594110996420123
0.33998874539322893
0.4726032758108474
0.2988026185312933
0.23566566252125787
0.47995722833831367
0.3445400781766415
0.43931785084852537
0.23827809257412186
0.38483441173968036
0.20276079061066354
0.29815870227311714
0.2795869258469616
0.3659518739435116
0.33327866973605424
0.2812980722615863
0.3587096552884384
0.22617135210649164
0.22802182049601466
0.3121981002081841
0.4366834824898521
0.3269487991473297
0.29861064139488047
0.3019550668188608
0.32838556810686825
0.22679999076385518
0.27843898167560294
0.293489517526743
0.25930515684543515
0.23074056807979995
0.31349753003107783
0.36516159184778185
0.3254373974495208
0.5480203557785921
0.3326506497146965
0.45159390113274017
0.25483262625370695
0.27340295341512816
0.28648206726996467
0.436424053809937
0.2965661405809127
0.36708460781490704
0.3957878086368004
0.3717321720942218
0.2325440440923509
0.4673753874056437
0.46496439527393346
0.2575849702253294
0.32262933538606786
0.3859464360449983
0.38281021939164134
0.2809094027008562
0.2714055947098733
0.25096353162847085
0.31790415588095405
0.3183155847325544
0.29185165487189924
0.2631090491659102
0.3923534494747259
0.26621085083039936
0.3708581254643856
0.37486235689376746
0.3264558962268962
0.3625767214636574
0.3413615589016083
0.3736399459268862
0.2861577466127346
0.30744380448124997
0.4014264873746123
0.2517705649347529
0.39251490756065543
0.38338109948411314
0.5162768040435279
0.3599068736905588
0.4785780108917199
0.4380565114269638
0.2999452183826482
0.24421666369863199
0.24561697397579887
0.2895321047773708
0.3733230428226479
0.21604952714581066
0.3097840638570719
0.4702200826558035
0.3162531840214522
0.3400512757822433
0.32525224636495975
0.31451690949282807
0.3543830586194786
0.3382781182443509
0.48555334140179385
0.39530158408989613
0.31965649105273874
0.28956899180293083
0.3026904860942513
0.45433807946659716
0.2736343930187728
0.2392061582747499
0.3509607341627967
0.25540776221850736
0.3007657402721795
0.3035385885555202
0.3404245470591559
0.25599890542095394
0.3335601366254107
0.4553166554438329
0.26738909278821016
0.2905780335643978
0.24137041881094945
0.30498934830015473
0.34162613299497724
0.3207046843563395
0.38651741410411145
0.39527128173000814
0.38570643847584907
0.3418950498871539
0.3832981958066421
0.3355431243896804
0.2305387349583468
0.3911867618800357
0.37649036931680013
0.43462285918784743
0.32427303779901157
0.3053540655021126
0.3205522856594458
0.31746657134692424
0.27249656677811235
0.3546556842607895
0.25228742689629013
0.25135831827377675
0.26677356212915315
0.3790715707330204
0.35545692964549314
0.28745485596223974
0.3266030313077207
0.37527802528984444
0.3456800492375026
0.3472556575657071
0.23850529033330822
0.572067933397028
0.3248517213147359
0.4147335282011503
0.2841412549599561
0.3635786842854721
0.3460727057829059
0.3371040144770889
0.31236139331156304
0.2404183995329514
0.36341164176738705
0.409635181008206
0.41491572356574635
0.32823281745191213
0.36147371518933485
0.4542013372547422
0.27215125690487857
0.4134024325949197
0.48717988902052367
0.4001962053495462
0.41174909129550247
0.3562874378903499
0.3364118444163173
0.4155043963243885
0.4320719214182834
0.4265283965947671
0.3789797148513787
0.28703406508479967
0.33394174419381883
0.31428152391561104
0.4169985480843491
0.4424725261811934
0.3981634604647273
0.4203650142543427
0.2637132842936807
0.2894246758394191
0.4033184980751337
0.4489366772028183
0.4186532260657131
0.43550922924152335
0.3850454840292434
0.3196053292592323
0.395613145765768
0.32716170465538363
0.37125547760518374
0.4176093315838606
0.3773879393163273
0.3175158278109853
0.27250522134860156
0.3222543225582958
0.30696443344180546
0.43545581919235943
0.2877858442743514
0.22950643575429897
0.34017827243977644
0.3388402311272073
0.47102825737193754
0.2595720991706996
0.338278194405219
0.39198127133909455
0.30129803952207423
0.31353722617017266
0.2417465685870378
0.5448500900483536
0.4363001853510283
0.30689689429014727
0.3028107946129635
0.33442273129326777
0.3343693141286398
0.31583785213292437
0.37073295981172594
0.2251941172416851
0.4234061883210555
0.4906201024751011
0.2328621378063937
0.2742288919166762
0.3655774807885151
0.3199630565642292
0.4090753691870371
0.38472844180295807
0.4188069273820625
0.34930639692417714
0.24866243097358698
0.4570458711539984
0.37752602758002235
0.3989382029501661
0.3216139388296538
0.2852552640832535
0.26847934793495254
0.26560113791705275
