0.7541666666666667
0.7287499999999999
0.765
0.7688888888888888
0.7906944444444444
0.7744444444444445
0.7404166666666667
0.7772222222222223
0.7261111111111112
0.8006944444444444
0.6806944444444444
0.758888888888889
0.7730555555555555
0.7131944444444444
0.8080555555555556
0.8230555555555554
0.7406944444444444
0.795138888888889
0.7797222222222222
0.788888888888889
0.7230555555555555
0.7990277777777778
0.7351388888888889
0.7866666666666668
0.8027777777777778
0.8019444444444445
0.7461111111111111
0.8272222222222223
0.7527777777777779
0.7694444444444444
0.7458333333333332
0.7670833333333333
0.8369444444444445
0.7980555555555557
0.7855555555555556
0.829861111111111
0.7931944444444444
0.7343055555555554
0.8076388888888889
0.7890277777777778
0.7872222222222223
0.7319444444444445
0.8208333333333333
0.8429166666666668
0.8155555555555556
0.7948611111111111
0.8458333333333333
0.8140277777777778
0.8106944444444445
0.8348611111111112
0.7538888888888889
0.79
0.7673611111111112
0.8020833333333333
0.8190277777777778
0.7681944444444444
0.7641666666666668
0.7509722222222222
0.7331944444444445
0.7931944444444444
0.7795833333333334
0.8198611111111112
0.8026388888888889
0.7345833333333334
0.7844444444444445
0.7894444444444444
0.6895833333333333
0.8063888888888888
0.793611111111111
0.6954166666666667
0.7827777777777778
0.7862500000000001
0.8229166666666667
0.7716666666666667
0.8054166666666667
0.7718055555555555
0.8472222222222222
0.8169444444444445
0.7538888888888888
0.7868055555555556
0.7883333333333333
0.7243055555555555
0.7819444444444446
0.7422222222222222
0.7726388888888889
0.7620833333333333
0.7608333333333333
0.6938888888888889
0.8408333333333333
0.7502777777777777
0.8166666666666667
0.7950000000000002
0.80625
0.7783333333333333
0.7975
0.6873611111111111
0.8154166666666667
0.7815277777777778
0.8402777777777777
0.7508333333333332
0.89
0.7586111111111111
0.7290277777777777
0.8526388888888888
0.8226388888888889
0.6798611111111111
0.7484722222222222
0.7391666666666666
0.7705555555555555
0.6944444444444444
0.8186111111111112
0.8066666666666666
0.7401388888888889
0.7831944444444445
0.7872222222222223
0.7647222222222223
0.8130555555555556
0.821388888888889
0.7630555555555555
0.7356944444444444
0.7952777777777778
0.7659722222222222
0.76
0.8373611111111111
0.8151388888888889
0.8333333333333334
0.7997222222222223
0.76375
0.7459722222222224
0.7515277777777778
0.7661111111111111
0.8068055555555556
0.7590277777777777
0.7670833333333333
0.7666666666666667
0.8072222222222223
0.85375
0.8295833333333333
0.74875
0.7040277777777777
0.7593055555555556
0.7668055555555556
0.74875
0.817361111111111
0.72
0.7986111111111112
0.7061111111111111
0.8136111111111112
0.7231944444444445
0.8236111111111112
0.7536111111111111
0.7343055555555555
0.8191666666666667
0.7338888888888888
0.7690277777777779
0.7663888888888889
0.7909722222222222
0.7301388888888888
0.66625
0.7294444444444445
0.7629166666666667
0.7713888888888889
0.7781944444444445
0.7859722222222223
0.7773611111111111
0.7145833333333332
0.7401388888888889
0.7711111111111111
0.7880555555555555
0.7877777777777777
0.7743055555555556
0.7343055555555555
0.8020833333333333
0.7819444444444444
0.7245833333333334
0.7897222222222222
0.7733333333333333
0.7863888888888888
0.7893055555555555
0.8216666666666667
0.773611111111111
0.8015277777777777
0.7970833333333333
0.7961111111111111
0.7993055555555556
0.8459722222222222
0.7970833333333334
0.7551388888888888
0.7088888888888889
0.8438888888888889
0.7995833333333334
0.7711111111111111
0.7775
0.6586111111111111
0.8558333333333333
0.7955555555555556
0.7768055555555555
0.6965277777777779
0.7605555555555555
0.7827777777777779
0.67625
0.7459722222222223
0.7444444444444445
0.7298611111111111
0.7409722222222221
0.7640277777777779
0.7465277777777778
0.73875
0.8513888888888889
0.7402777777777778
0.6568055555555556
0.6695833333333332
0.7423611111111111
0.7713888888888889
0.7027777777777778
0.8083333333333333
0.7933333333333333
0.7747222222222222
0.8018055555555555
0.7570833333333333
0.7845833333333333
0.7927777777777778
0.7445833333333334
0.8163888888888889
0.8427777777777778
0.7520833333333334
0.7151388888888889
0.7983333333333333
0.6105555555555556
0.7570833333333333
0.8580555555555556
0.8359722222222222
0.79125
0.8204166666666667
0.7333333333333334
0.7833333333333333
0.7561111111111112
0.7573611111111112
0.742638888888889
0.7848611111111112
0.8015277777777778
0.8181944444444446
0.7230555555555555
0.7144444444444444
0.7748611111111111
0.83
0.8126388888888889
0.77375
0.6981944444444446
0.7684722222222222
0.7280555555555556
0.7559722222222223
0.7830555555555556
0.755
0.7725
0.759861111111111
0.7227777777777777
0.7886111111111112
0.7016666666666668
0.7616666666666667
0.7023611111111111
0.8527777777777777
0.6969444444444445
0.7859722222222222
0.8398611111111112
0.7797222222222222
0.6680555555555556
0.6591666666666667
0.7606944444444445
0.7086111111111112
0.7479166666666668
0.7904166666666668
0.7530555555555556
0.7461111111111112
0.7459722222222221
0.7404166666666667
0.8009722222222222
0.7597222222222223
0.79625
0.8630555555555555
0.8076388888888889
0.8529166666666668
0.7763888888888889
0.8038888888888889
0.7752777777777777
0.7104166666666667
0.7947222222222222
0.8201388888888889
0.7544444444444445
0.8009722222222223
0.7444444444444446
0.7530555555555555
0.7797222222222222
0.7329166666666667
0.8079166666666666
0.795138888888889
0.7140277777777777
0.7887500000000001
0.7936111111111112
0.7537499999999999
0.7869444444444443
0.7484722222222222
0.7845833333333333
0.8155555555555555
0.7502777777777778
0.7837500000000001
0.7516666666666667
0.7901388888888888
0.8234722222222222
0.796111111111111
0.7613888888888889
0.6954166666666667
0.7904166666666668
0.8150000000000001
0.8652777777777778
0.7565277777777777
0.8140277777777777
0.8072222222222223
0.7563888888888889
0.7938888888888889
0.7641666666666667
0.6672222222222224
0.7619444444444444
0.8274999999999999
0.8434722222222222
0.8536111111111111
0.77625
0.8304166666666667
0.7483333333333333
0.6809722222222222
0.7386111111111111
0.7275
0.7136111111111112
0.7787499999999999
0.8420833333333334
0.8054166666666667
0.7533333333333333
0.7955555555555556
0.8065277777777778
0.7240277777777778
0.7791666666666667
0.7344444444444445
0.7598611111111111
0.827638888888889
0.7222222222222222
0.7691666666666667
0.7434722222222223
0.7797222222222222
0.7954166666666667
0.6795833333333332
0.7672222222222222
0.7402777777777778
0.8115277777777778
0.755
0.8018055555555555
0.7654166666666666
0.7126388888888889
0.7927777777777777
0.7430555555555557
0.8301388888888888
0.7851388888888889
0.8043055555555556
0.795138888888889
0.8037500000000001
0.8484722222222223
0.6922222222222223
0.7459722222222221
0.7997222222222222
0.8244444444444444
0.7652777777777778
0.8376388888888888
0.7793055555555556
0.7876388888888889
0.7506944444444443
0.8152777777777778
0.7831944444444443
0.715
0.8415277777777778
0.7833333333333333
0.7979166666666667
0.7151388888888889
0.8124999999999999
0.795
0.71125
0.7977777777777778
0.8323611111111112
0.7443055555555554
0.8365277777777778
0.7854166666666668
0.6856944444444445
0.8036111111111112
0.7430555555555556
0.7668055555555555
0.7866666666666666
0.7072222222222223
0.7534722222222223
0.7870833333333334
0.7841666666666667
0.7601388888888889
0.7893055555555556
0.7154166666666666
0.73875
0.7884722222222222
0.8034722222222223
0.7109722222222223
0.7372222222222222
0.7927777777777777
0.7022222222222222
0.7345833333333334
0.8315277777777778
0.7194444444444444
0.6869444444444444
0.7290277777777778
0.7109722222222222
0.7688888888888888
0.7852777777777779
0.7875
0.6919444444444445
0.8115277777777778
0.8377777777777778
0.7280555555555556
0.7059722222222222
0.6947222222222222
0.7915277777777778
0.8341666666666667
0.7906944444444445
0.8119444444444445
0.788611111111111
0.8084722222222223
0.7605555555555557
0.7422222222222221
0.8447222222222223
0.7980555555555555
0.8230555555555557
0.8113888888888889
0.7983333333333333
0.7651388888888889
0.8359722222222222
0.7208333333333333
0.8173611111111111
0.7568055555555555
0.8383333333333334
0.7094444444444445
0.8220833333333333
0.7763888888888888
0.7466666666666667
0.8354166666666667
0.7819444444444444
0.7929166666666666
0.7215277777777778
0.7150000000000001
0.8075
0.8104166666666666
0.7697222222222222
0.775
0.8226388888888889
0.7898611111111111
0.7561111111111112
0.73125
0.7934722222222222
0.7645833333333334
0.7068055555555556
0.7633333333333334
0.7761111111111111
0.7591666666666667
0.655
0.7909722222222223
0.7847222222222222
0.7449999999999999
0.7483333333333333
0.7687499999999999
0.7801388888888889
0.7931944444444445
0.7684722222222223
0.8175
0.7630555555555555
0.7975
0.8252777777777778
0.784861111111111
0.7393055555555555
0.7598611111111111
0.7370833333333333
0.7459722222222221
0.8
0.7473611111111111
0.7881944444444445
0.8195833333333333
0.7725
0.8087500000000001
0.774861111111111
0.7823611111111111
0.8197222222222222
0.7274999999999999
0.7873611111111111
0.7622222222222222
0.752638888888889
0.8340277777777778
0.7919444444444445
0.8166666666666668
0.7963888888888888
