0.5083333333333333
0.55
0.6583333333333333
0.6333333333333333
0.6166666666666667
0.6333333333333333
0.48333333333333334
0.675
0.7083333333333334
0.7
0.5916666666666667
0.55
0.5333333333333333
0.5333333333333333
0.5833333333333334
0.5666666666666667
0.5833333333333334
0.725
0.575
0.55
0.5166666666666667
0.6333333333333333
0.5666666666666667
0.7083333333333334
0.6833333333333333
0.7083333333333334
0.6416666666666667
0.6333333333333333
0.65
0.6333333333333333
0.4
0.65
0.6
0.5833333333333334
0.6583333333333333
0.475
0.5583333333333333
0.675
0.65
0.6416666666666667
0.6333333333333333
0.65
0.6583333333333333
0.625
0.6083333333333333
0.65
0.625
0.5666666666666667
0.6416666666666667
0.5166666666666667
0.48333333333333334
0.4666666666666667
0.6916666666666667
0.6
0.6
0.4666666666666667
0.5833333333333334
0.6416666666666667
0.6083333333333333
0.6666666666666666
0.6083333333333333
0.7166666666666667
0.6833333333333333
0.5833333333333334
0.5666666666666667
0.5583333333333333
0.5833333333333334
0.6333333333333333
0.625
0.6583333333333333
0.5
0.7083333333333334
0.6666666666666666
0.4666666666666667
0.5916666666666667
0.5916666666666667
0.6583333333333333
0.5083333333333333
0.6666666666666666
0.4166666666666667
0.6916666666666667
0.525
0.575
0.6166666666666667
0.7083333333333334
0.725
0.725
0.5583333333333333
0.5666666666666667
0.625
0.6333333333333333
0.6166666666666667
0.6166666666666667
0.6166666666666667
0.7
0.6916666666666667
0.6333333333333333
0.6333333333333333
0.5666666666666667
0.7083333333333334
0.7583333333333333
0.6916666666666667
0.6416666666666667
0.43333333333333335
0.55
0.5083333333333333
0.5833333333333334
0.65
0.575
0.55
0.5833333333333334
0.775
0.6666666666666666
0.65
0.6
0.6
0.6166666666666667
0.6083333333333333
0.7583333333333333
0.6666666666666666
0.5833333333333334
0.6166666666666667
0.5416666666666666
0.5583333333333333
0.5916666666666667
0.6
0.6583333333333333
0.6416666666666667
0.4083333333333333
0.5666666666666667
0.7
0.6083333333333333
0.7083333333333334
0.5583333333333333
0.55
0.6833333333333333
0.575
0.5833333333333334
0.775
0.6
0.475
0.575
0.55
0.675
0.675
0.5833333333333334
0.5583333333333333
0.5916666666666667
0.625
0.6916666666666667
0.75
0.6416666666666667
0.6333333333333333
0.5333333333333333
0.6666666666666666
0.625
0.5833333333333334
0.6666666666666666
0.5583333333333333
0.6833333333333333
0.6583333333333333
0.6
0.575
0.5833333333333334
0.5583333333333333
0.6666666666666666
0.6
0.55
0.725
0.6666666666666666
0.5583333333333333
0.6333333333333333
0.7
0.5916666666666667
0.625
0.6666666666666666
0.625
0.5833333333333334
0.6916666666666667
0.5833333333333334
0.5666666666666667
0.49166666666666664
0.5833333333333334
0.55
0.5666666666666667
0.6333333333333333
0.6583333333333333
0.6166666666666667
0.6333333333333333
0.55
0.6666666666666666
0.5916666666666667
0.6166666666666667
0.7583333333333333
0.5583333333333333
0.675
0.475
0.5833333333333334
0.6083333333333333
0.75
0.625
0.5333333333333333
0.6416666666666667
0.5833333333333334
0.5916666666666667
0.7
0.6416666666666667
0.6083333333333333
0.7083333333333334
0.6166666666666667
0.5833333333333334
0.5666666666666667
0.6833333333333333
0.5833333333333334
0.6916666666666667
0.7166666666666667
0.7083333333333334
0.5833333333333334
0.5916666666666667
0.5833333333333334
0.6916666666666667
0.6083333333333333
0.6666666666666666
0.5083333333333333
0.7083333333333334
0.625
0.6166666666666667
0.6916666666666667
0.7083333333333334
0.6916666666666667
0.6083333333333333
0.7
0.575
0.65
0.65
0.575
0.7083333333333334
0.65
0.6333333333333333
0.575
0.6166666666666667
0.5083333333333333
0.65
0.775
0.6666666666666666
0.6083333333333333
0.625
0.575
0.6
0.575
0.625
0.5666666666666667
0.5583333333333333
0.725
0.6083333333333333
0.6083333333333333
0.575
0.5916666666666667
0.5833333333333334
0.6583333333333333
0.6083333333333333
0.5333333333333333
0.6416666666666667
0.5166666666666667
0.675
0.6666666666666666
0.6333333333333333
0.675
0.7
0.48333333333333334
0.5666666666666667
0.6416666666666667
0.6
0.5583333333333333
0.475
0.5416666666666666
0.5166666666666667
0.65
0.6166666666666667
0.675
0.5
0.65
0.7
0.575
0.55
0.5333333333333333
0.7166666666666667
0.5333333333333333
0.55
0.5833333333333334
0.5583333333333333
0.625
0.55
0.55
0.5166666666666667
0.48333333333333334
0.65
0.6333333333333333
0.6083333333333333
0.4083333333333333
0.6
0.7333333333333333
0.575
0.7083333333333334
0.55
0.6666666666666666
0.6166666666666667
0.6083333333333333
0.55
0.5833333333333334
0.5666666666666667
0.7083333333333334
0.5416666666666666
0.6583333333333333
0.5416666666666666
0.5083333333333333
0.5416666666666666
0.625
0.525
0.6083333333333333
0.5833333333333334
0.5333333333333333
0.725
0.6166666666666667
0.5666666666666667
0.65
0.6583333333333333
0.6166666666666667
0.6333333333333333
0.5166666666666667
0.725
0.5
0.7166666666666667
0.6
0.5666666666666667
0.6
0.5833333333333334
0.65
0.6416666666666667
0.6416666666666667
0.6833333333333333
0.5583333333333333
0.7333333333333333
0.6083333333333333
0.55
0.5833333333333334
0.6
0.5166666666666667
0.6583333333333333
0.55
0.6833333333333333
0.6666666666666666
0.475
0.55
0.6333333333333333
0.4666666666666667
0.48333333333333334
0.7416666666666667
0.5333333333333333
0.7583333333333333
0.6416666666666667
0.575
0.6833333333333333
0.65
0.6083333333333333
0.675
0.4666666666666667
0.6083333333333333
0.6833333333333333
0.6916666666666667
0.675
0.675
0.625
0.675
0.5416666666666666
0.5583333333333333
0.6083333333333333
0.5416666666666666
0.5916666666666667
0.5583333333333333
0.575
0.725
0.7083333333333334
0.5833333333333334
0.625
0.7416666666666667
0.575
0.5916666666666667
0.5083333333333333
0.6083333333333333
0.675
0.5666666666666667
0.6333333333333333
0.65
0.5666666666666667
0.5833333333333334
0.5583333333333333
0.5833333333333334
0.6333333333333333
0.55
0.5833333333333334
0.5916666666666667
0.65
0.5333333333333333
0.5916666666666667
0.5083333333333333
0.6666666666666666
0.6083333333333333
0.625
0.5833333333333334
0.6166666666666667
0.7083333333333334
0.5666666666666667
0.7083333333333334
0.6916666666666667
0.7083333333333334
0.7583333333333333
0.6083333333333333
0.675
0.5666666666666667
0.5916666666666667
0.65
0.5583333333333333
0.6666666666666666
0.5583333333333333
0.575
0.5083333333333333
0.65
0.625
0.6333333333333333
0.6333333333333333
0.4666666666666667
0.5416666666666666
0.5916666666666667
0.5666666666666667
0.5583333333333333
0.6416666666666667
0.5583333333333333
0.5833333333333334
0.45
0.5
0.5583333333333333
0.5916666666666667
0.7583333333333333
0.7166666666666667
0.625
0.7416666666666667
0.6416666666666667
0.725
0.5833333333333334
0.5583333333333333
0.5666666666666667
0.5583333333333333
0.7333333333333333
0.7583333333333333
0.4666666666666667
0.6333333333333333
0.6083333333333333
0.5416666666666666
0.6416666666666667
0.5833333333333334
0.6666666666666666
0.7083333333333334
0.625
0.6583333333333333
0.7416666666666667
0.5666666666666667
0.6416666666666667
0.6083333333333333
0.675
0.6083333333333333
0.65
0.525
0.65
0.475
0.6
0.5833333333333334
0.6416666666666667
0.5416666666666666
0.625
0.5583333333333333
0.6083333333333333
0.525
0.625
0.6333333333333333
0.5666666666666667
0.6416666666666667
0.7166666666666667
0.6333333333333333
0.675
0.6
0.6916666666666667
0.5916666666666667
0.525
0.575
0.7583333333333333
0.6583333333333333
0.675
0.6583333333333333
0.5333333333333333
