0.49166666666666664
0.45
0.3416666666666667
0.36666666666666664
0.38333333333333336
0.36666666666666664
0.5166666666666667
0.325
0.2916666666666667
0.3
0.4083333333333333
0.45
0.4666666666666667
0.4666666666666667
0.4166666666666667
0.43333333333333335
0.4166666666666667
0.275
0.425
0.45
0.48333333333333334
0.36666666666666664
0.43333333333333335
0.2916666666666667
0.31666666666666665
0.2916666666666667
0.35833333333333334
0.36666666666666664
0.35
0.36666666666666664
0.6
0.35
0.4
0.4166666666666667
0.3416666666666667
0.525
0.44166666666666665
0.325
0.35
0.35833333333333334
0.36666666666666664
0.35
0.3416666666666667
0.375
0.39166666666666666
0.35
0.375
0.43333333333333335
0.35833333333333334
0.48333333333333334
0.5166666666666667
0.5333333333333333
0.30833333333333335
0.4
0.4
0.5333333333333333
0.4166666666666667
0.35833333333333334
0.39166666666666666
0.3333333333333333
0.39166666666666666
0.2833333333333333
0.31666666666666665
0.4166666666666667
0.43333333333333335
0.44166666666666665
0.4166666666666667
0.36666666666666664
0.375
0.3416666666666667
0.5
0.2916666666666667
0.3333333333333333
0.5333333333333333
0.4083333333333333
0.4083333333333333
0.3416666666666667
0.49166666666666664
0.3333333333333333
0.5833333333333334
0.30833333333333335
0.475
0.425
0.38333333333333336
0.2916666666666667
0.275
0.275
0.44166666666666665
0.43333333333333335
0.375
0.36666666666666664
0.38333333333333336
0.38333333333333336
0.38333333333333336
0.3
0.30833333333333335
0.36666666666666664
0.36666666666666664
0.43333333333333335
0.2916666666666667
0.24166666666666667
0.30833333333333335
0.35833333333333334
0.5666666666666667
0.45
0.49166666666666664
0.4166666666666667
0.35
0.425
0.45
0.4166666666666667
0.225
0.3333333333333333
0.35
0.4
0.4
0.38333333333333336
0.39166666666666666
0.24166666666666667
0.3333333333333333
0.4166666666666667
0.38333333333333336
0.4583333333333333
0.44166666666666665
0.4083333333333333
0.4
0.3416666666666667
0.35833333333333334
0.5916666666666667
0.43333333333333335
0.3
0.39166666666666666
0.2916666666666667
0.44166666666666665
0.45
0.31666666666666665
0.425
0.4166666666666667
0.225
0.4
0.525
0.425
0.45
0.325
0.325
0.4166666666666667
0.44166666666666665
0.4083333333333333
0.375
0.30833333333333335
0.25
0.35833333333333334
0.36666666666666664
0.4666666666666667
0.3333333333333333
0.375
0.4166666666666667
0.3333333333333333
0.44166666666666665
0.31666666666666665
0.3416666666666667
0.4
0.425
0.4166666666666667
0.44166666666666665
0.3333333333333333
0.4
0.45
0.275
0.3333333333333333
0.44166666666666665
0.36666666666666664
0.3
0.4083333333333333
0.375
0.3333333333333333
0.375
0.4166666666666667
0.30833333333333335
0.4166666666666667
0.43333333333333335
0.5083333333333333
0.4166666666666667
0.45
0.43333333333333335
0.36666666666666664
0.3416666666666667
0.38333333333333336
0.36666666666666664
0.45
0.3333333333333333
0.4083333333333333
0.38333333333333336
0.24166666666666667
0.44166666666666665
0.325
0.525
0.4166666666666667
0.39166666666666666
0.25
0.375
0.4666666666666667
0.35833333333333334
0.4166666666666667
0.4083333333333333
0.3
0.35833333333333334
0.39166666666666666
0.2916666666666667
0.38333333333333336
0.4166666666666667
0.43333333333333335
0.31666666666666665
0.4166666666666667
0.30833333333333335
0.2833333333333333
0.2916666666666667
0.4166666666666667
0.4083333333333333
0.4166666666666667
0.30833333333333335
0.39166666666666666
0.3333333333333333
0.49166666666666664
0.2916666666666667
0.375
0.38333333333333336
0.30833333333333335
0.2916666666666667
0.30833333333333335
0.39166666666666666
0.3
0.425
0.35
0.35
0.425
0.2916666666666667
0.35
0.36666666666666664
0.425
0.38333333333333336
0.49166666666666664
0.35
0.225
0.3333333333333333
0.39166666666666666
0.375
0.425
0.4
0.425
0.375
0.43333333333333335
0.44166666666666665
0.275
0.39166666666666666
0.39166666666666666
0.425
0.4083333333333333
0.4166666666666667
0.3416666666666667
0.39166666666666666
0.4666666666666667
0.35833333333333334
0.48333333333333334
0.325
0.3333333333333333
0.36666666666666664
0.325
0.3
0.5166666666666667
0.43333333333333335
0.35833333333333334
0.4
0.44166666666666665
0.525
0.4583333333333333
0.48333333333333334
0.35
0.38333333333333336
0.325
0.5
0.35
0.3
0.425
0.45
0.4666666666666667
0.2833333333333333
0.4666666666666667
0.45
0.4166666666666667
0.44166666666666665
0.375
0.45
0.45
0.48333333333333334
0.5166666666666667
0.35
0.36666666666666664
0.39166666666666666
0.5916666666666667
0.4
0.26666666666666666
0.425
0.2916666666666667
0.45
0.3333333333333333
0.38333333333333336
0.39166666666666666
0.45
0.4166666666666667
0.43333333333333335
0.2916666666666667
0.4583333333333333
0.3416666666666667
0.4583333333333333
0.49166666666666664
0.4583333333333333
0.375
0.475
0.39166666666666666
0.4166666666666667
0.4666666666666667
0.275
0.38333333333333336
0.43333333333333335
0.35
0.3416666666666667
0.38333333333333336
0.36666666666666664
0.48333333333333334
0.275
0.5
0.2833333333333333
0.4
0.43333333333333335
0.4
0.4166666666666667
0.35
0.35833333333333334
0.35833333333333334
0.31666666666666665
0.44166666666666665
0.26666666666666666
0.39166666666666666
0.45
0.4166666666666667
0.4
0.48333333333333334
0.3416666666666667
0.45
0.31666666666666665
0.3333333333333333
0.525
0.45
0.36666666666666664
0.5333333333333333
0.5166666666666667
0.25833333333333336
0.4666666666666667
0.24166666666666667
0.35833333333333334
0.425
0.31666666666666665
0.35
0.39166666666666666
0.325
0.5333333333333333
0.39166666666666666
0.31666666666666665
0.30833333333333335
0.325
0.325
0.375
0.325
0.4583333333333333
0.44166666666666665
0.39166666666666666
0.4583333333333333
0.4083333333333333
0.44166666666666665
0.425
0.275
0.2916666666666667
0.4166666666666667
0.375
0.25833333333333336
0.425
0.4083333333333333
0.49166666666666664
0.39166666666666666
0.325
0.43333333333333335
0.36666666666666664
0.35
0.43333333333333335
0.4166666666666667
0.44166666666666665
0.4166666666666667
0.36666666666666664
0.45
0.4166666666666667
0.4083333333333333
0.35
0.4666666666666667
0.4083333333333333
0.49166666666666664
0.3333333333333333
0.39166666666666666
0.375
0.4166666666666667
0.38333333333333336
0.2916666666666667
0.43333333333333335
0.2916666666666667
0.30833333333333335
0.2916666666666667
0.24166666666666667
0.39166666666666666
0.325
0.43333333333333335
0.4083333333333333
0.35
0.44166666666666665
0.3333333333333333
0.44166666666666665
0.425
0.49166666666666664
0.35
0.375
0.36666666666666664
0.36666666666666664
0.5333333333333333
0.4583333333333333
0.4083333333333333
0.43333333333333335
0.44166666666666665
0.35833333333333334
0.44166666666666665
0.4166666666666667
0.55
0.5
0.44166666666666665
0.4083333333333333
0.24166666666666667
0.2833333333333333
0.375
0.25833333333333336
0.35833333333333334
0.275
0.4166666666666667
0.44166666666666665
0.43333333333333335
0.44166666666666665
0.26666666666666666
0.24166666666666667
0.5333333333333333
0.36666666666666664
0.39166666666666666
0.4583333333333333
0.35833333333333334
0.4166666666666667
0.3333333333333333
0.2916666666666667
0.375
0.3416666666666667
0.25833333333333336
0.43333333333333335
0.35833333333333334
0.39166666666666666
0.325
0.39166666666666666
0.35
0.475
0.35
0.525
0.4
0.4166666666666667
0.35833333333333334
0.4583333333333333
0.375
0.44166666666666665
0.39166666666666666
0.475
0.375
0.36666666666666664
0.43333333333333335
0.35833333333333334
0.2833333333333333
0.36666666666666664
0.325
0.4
0.30833333333333335
0.4083333333333333
0.475
0.425
0.24166666666666667
0.3416666666666667
0.325
0.3416666666666667
0.4666666666666667
