0.5361482617907988
0.42269897982230287
0.487600972293278
0.5165576332603693
0.5498408798408798
0.5556795512959897
0.480938110830712
0.525123409123409
0.5690503394601755
0.5451443001443002
0.5008090975520643
0.4503466615793982
0.5467934009518167
0.48825740343965973
0.4655870067308041
0.38047585045860904
0.43782226215587844
0.4931284991811308
0.49969123469123466
0.48239622855037023
0.5386439689696938
0.40931960626440594
0.37763905461656505
0.37948065489102567
0.4251825025263185
0.4949797782724983
0.527395390928803
0.6298377889167363
0.48055215013646757
0.4828232636928289
0.47009229008992137
0.35745665626688605
0.530558178715706
0.5191664425745672
0.5502246705076893
0.4931930287066111
0.4743313496936685
0.5414443143851541
0.5428029910837617
0.5707981504755699
0.37948096911140394
0.4279221043184458
0.3646942306664529
0.5012420116982241
0.5560617756165701
0.46273915894088874
0.4892581773664197
0.43096621287183906
0.4762103174603174
0.40086137724115734
0.4140312977274063
0.4224052143340453
0.545027070876887
0.5326559644059644
0.5537401928937544
0.33381563844599077
0.47464499090438933
0.4283513817871272
0.5295602135874073
0.5380754917597023
0.5414359573968454
0.514358437721609
0.5480725367822142
0.5705638907312846
0.6022586013390611
0.42440427459584545
0.46193274337612067
0.4439311448273455
0.4867290334937394
0.3936259924890374
0.3147169440331806
0.49707765152048533
0.5550592954446165
0.5191130420840566
0.42679804291568996
0.43243351601029933
0.4879918266715101
0.4900940388440388
0.48897947912168416
0.46423151014829844
0.43308145311377927
0.45043921930050457
0.4216003061266219
0.45912414584517214
0.5303168686246227
0.5042514617379299
0.5507451843435824
0.4870851370851371
0.48328153559575404
0.40763344504669785
0.42170351023701214
0.46564446045171487
0.46312656622116843
0.3849626119742087
0.4865051679499911
0.5071615884115884
0.48817059987346967
0.565112786384131
0.5810991276570987
0.4717089576201652
0.5337957162663044
0.4814247938599863
0.4701703970576614
0.39758403787406044
0.46759042127463185
0.501048281854146
0.34495596205962054
0.5062216751502466
0.5383695174557244
0.43311722344741216
0.5423726804933185
0.5867339428323337
0.5593009708737864
0.4812261524280729
0.5202710229626166
0.5563324578212413
0.500711151453087
0.4319460672178063
0.5419028903367057
0.38650016648679264
0.5381127249351548
0.4792956152352986
0.46153926126516215
0.41752293125977336
0.5312361134551143
0.5137476817540853
0.4369193882514009
0.5454448625020749
0.4237688736774342
0.5188051984957356
0.4608005937417702
0.4997210197210197
0.5042876369384084
0.45272458058718085
0.43147786827126855
0.5364072673876595
0.5684725619841948
0.5410888109016893
0.524965404965405
0.4283415616074066
0.49718335694308236
0.45867662202169235
0.4428574433527704
0.4047603025829413
0.4213217893217894
0.5211094266903916
0.4823975965875268
0.33613088831808835
0.43014787935376164
0.5134144594417878
0.44831034438533446
0.524800782023788
0.4475037340048852
0.5202462405389973
0.49912662432674515
0.5356325847074259
0.45142229404548484
0.5824680134680135
0.4298461404372257
0.4036321090079724
0.44030780260842634
0.5419509493638848
0.46510539064110495
0.539675594498896
0.503658902548841
0.4569467661051819
0.4287990130202487
0.5168568249076725
0.48963966363703093
0.45125894705865705
0.5811241373332332
0.555955710955711
0.584566637066637
0.49077457563661325
0.46331251821620556
0.44838478676138804
0.43928258600056025
0.5662842448168535
0.4713152083106317
0.47722181312387496
0.4188090484020716
0.4554213581150201
0.4578210678210678
0.40547918343873846
0.40554082856714435
0.39541794150060794
0.5069337781465928
0.5154257509637042
0.4669209238921256
0.5139773864861584
0.4907481834059504
0.4994806132040426
0.3905425187428746
0.4727867862209298
0.40870468825948275
0.5456605336793569
0.4727664952635191
0.5238615403426328
0.3994286073403721
0.4940937149270483
0.4614657906910382
0.5573994157274837
0.45978200697401017
0.5668234177729062
0.4887970594220594
0.4949227006994799
0.4283008093362281
0.463159772326439
0.5329091791334355
0.5339842371529391
0.5961214980796871
0.4665850582847666
0.4757561091184399
0.43610040130309635
0.5453367526193613
0.5069790666849491
0.4640813836966154
0.4012415372572722
0.5104652083055444
0.4543850915562127
0.35921892921892923
0.5021097806711617
0.5192306455936264
0.45905757484704846
0.5862398722325335
0.5518790464556593
0.5696653975173926
0.5346117440551919
0.4214887524463756
0.49623137850420274
0.5966840394747371
0.556358422279475
0.3958387230774496
0.5545426130720248
0.41760686292607874
0.46090413285343346
0.4837847360850721
0.5003397416404203
0.46241190216268097
0.41262093298858005
0.509832025883083
0.5412004561140409
0.5099485928865982
0.38126861758864844
0.47618414036370693
0.41454611474219316
0.4697975738904009
0.45488824268710415
0.387699323328073
0.4033961819228921
0.4972445317840055
0.5675435421745753
0.508642802658821
0.423579547995041
0.46682886132886137
0.5652272727272728
0.48942992814993275
0.394856045102524
0.416584629956723
0.474202903848342
0.5169872504756226
0.41600674229984574
0.4744517315091807
0.5235099786859831
0.5551910784407849
0.45896467896467896
0.4223289123127963
0.4383546536023316
0.4874168240100751
0.44493634414366123
0.5039733120784263
0.5833228895600236
0.46986315693762504
0.6077614092319975
0.4444140032277609
0.3948817610354307
0.4697103965631877
0.46419404684950905
0.4454051143202087
0.4731736094258531
0.3891150867461609
0.5422146640243187
0.5818590749544048
0.4409972507249028
0.4559676548454377
0.425426471926472
0.5006530014863348
0.5286620399255759
0.419605817120658
0.519835161468109
0.4179193119729725
0.48586344679682697
0.47995820575088866
0.47795459572727417
0.45009420940093214
0.5897006164252999
0.4710113878894367
0.3371722597702658
0.550483370115723
0.5875783616355662
0.45704122983984596
0.5172004736114753
0.5329449478796493
0.5219828069971748
0.5466753666606144
0.5466790158278501
0.4336974165362912
0.36284934599439067
0.4913409907702361
0.48904705072873783
0.45518270944741535
0.4626175615115333
0.4781282752335384
0.5335189375254075
0.47300604315399775
0.4313413408909012
0.3382353846536426
0.4204187905128259
0.47673680384176176
0.42386985106011654
0.4171479585698372
0.4727606705653222
0.6171156379466912
0.4716275062656642
0.5458804949006293
0.5402140890012641
0.4114369952152656
0.466964152459202
0.5101934531736477
0.5216892733703078
0.4622368773198048
0.4580104698095848
0.3956439393939394
0.45803000298356333
0.5706230185560814
0.5095572273705267
0.3947973731261034
0.4893880783966992
0.4669946699945985
0.5265590220762635
0.42116191685851123
0.4380164201413562
0.4629085848440687
0.4629727784837848
0.44153586366352326
0.4602330952432373
0.4760513341927446
0.45748915942908436
0.3671912297614539
0.5497298739272424
0.4633779912805337
0.5589877823326099
0.41670488491937485
0.4374729192376251
0.4966505448839428
0.37683825196025855
0.5602456396358836
0.4558836527692323
0.4637206581169387
0.5473258967280706
0.43250501150801
0.5657308201058201
0.48375768481031634
0.5122662768148404
0.48117577345276874
0.40734302653939974
0.46086596387485673
0.48634484739377254
0.39953339354526146
0.5471575962748279
0.5210585353239252
0.5739299235951858
0.3978728889901322
0.49149047234881277
0.45625001191667863
0.42666463187672155
0.4439757088083947
0.5368024832310547
0.4947209068907182
0.550242828885596
0.5092260113021768
0.46564404948207766
0.40268956721786914
0.4710363872644574
0.5512190820320901
0.6023675770872678
0.5969234872643742
0.49619877706834226
0.5481850299497358
0.5022667224137812
0.4704235633647398
0.5138569747215016
0.4178818258494089
0.49357398548640297
0.4887853742600578
0.46318263109398333
0.4916509955896145
0.3993904552237886
0.4415747903888066
0.4127531244649889
0.6039201238038447
0.49699618743569907
0.42908630206584175
0.40502130079793397
0.4169446347384518
0.4832544295987815
0.538591712189636
0.39289505622657084
0.4221679993897984
0.5351042985873466
0.4407358626698249
0.5538333928186999
0.4016323956191968
0.5031142751514802
0.5409742874632948
0.5854933571545413
0.6173487212702898
0.4143534787652435
0.5014373403398864
0.4217292753030959
0.5567154039749321
0.4446657267424318
0.5230486759039646
0.41949739521105583
0.5370544388265439
0.42784874120588406
0.510659090950046
0.44163510663585465
0.4396067367011495
0.5172925259858109
0.5524941047125922
0.47742725202326286
0.4462332498591376
0.52319365072003
0.5253694441961297
0.5096034505418049
0.5843824222411406
0.652536598033921
0.39319978694378144
0.4320859300093951
0.45406203670052897
0.5343728455693404
0.4527399025616847
0.408596052485689
0.5684861320226826
0.5233233880814526
0.5183019355440754
0.5181147443342565
0.47629160191156006
0.5088600288600289
0.5646181274442144
0.46105754168653307
0.4884409262967555
0.47768888198302284
0.5356168736616055
0.4898992951504366
0.4795696660550982
0.38652837902837905
0.5175767549680593
0.5564617897117897
0.5296503051077974
0.428852371450675
0.40937295692936304
0.4749253113267801
0.5501001062650871
0.46907664775311836
0.49061052015407614
0.38845335668748826
0.46641305930855237
0.4981667157028099
0.5967559776671926
0.48851559583914994
0.42825687051931544
0.49436933486323265
0.528979044691119
0.48582723163295094
0.44910262764567843
0.4559512102153611
0.42746757100880145
0.6057036570308422
0.5271102105144658
0.5169147083176704
0.450243218235412
0.5093057394963021
0.44744672790027723
0.35876750164408683
0.48989914711429833
0.5125133003631989
0.41167784463005325
0.4676331442989033
0.4704497581505216
0.4680543952473777
0.5075633873301216
0.45857470467328165
0.42681975984834597
0.42912005396567465
0.5618467002250908
0.49585767743750764
0.4799931835018827
0.510177427897347
