0.5671641791044775
0.576271186440678
0.4
0.3823529411764707
0.4848484848484848
0.463768115942029
0.4923076923076923
0.4594594594594595
0.45
0.3888888888888889
0.4675324675324675
0.5151515151515152
0.5901639344262295
0.6296296296296297
0.54320987654321
0.4848484848484848
0.5
0.5128205128205129
0.4615384615384615
0.49315068493150693
0.4117647058823529
0.4337349397590361
0.4197530864197531
0.5625
0.35443037974683544
0.5151515151515152
0.4
0.456140350877193
0.4
0.4923076923076923
0.5161290322580646
0.4411764705882353
0.5373134328358209
0.4444444444444444
0.46875
0.5
0.5483870967741935
0.5074626865671642
0.47368421052631576
0.5588235294117647
0.5074626865671642
0.43037974683544306
0.5
0.463768115942029
0.5205479452054794
0.4722222222222222
0.4383561643835616
0.463768115942029
0.5161290322580646
0.507936507936508
0.507936507936508
0.46575342465753417
0.4545454545454545
0.43902439024390244
0.4838709677419355
0.6
0.5573770491803278
0.47887323943661975
0.5
0.53125
0.5901639344262295
0.5373134328358209
0.5151515151515152
0.5396825396825397
0.5
0.6296296296296297
0.463768115942029
0.4383561643835616
0.40625
0.4571428571428572
0.5555555555555556
0.46875
0.42666666666666675
0.47058823529411764
0.6071428571428571
0.42857142857142855
0.507936507936508
0.5245901639344263
0.4533333333333333
0.5
0.4927536231884058
0.47457627118644075
0.5396825396825397
0.4615384615384615
0.4047619047619047
0.4047619047619047
0.42666666666666675
0.53125
0.5483870967741935
0.4666666666666667
0.4109589041095891
0.507936507936508
0.4533333333333333
0.4415584415584416
0.5373134328358209
0.37209302325581395
0.46575342465753417
0.5507246376811593
0.5454545454545454
0.42857142857142855
0.49315068493150693
0.4411764705882353
0.507936507936508
0.5245901639344263
0.5
0.5614035087719299
0.4864864864864865
0.4307692307692308
0.523076923076923
0.4347826086956522
0.4444444444444444
0.5
0.42666666666666675
0.4838709677419355
0.5151515151515152
0.4727272727272728
0.40579710144927544
0.4864864864864865
0.4415584415584416
0.5
0.5846153846153846
0.40540540540540543
0.5
0.456140350877193
0.4864864864864865
0.48571428571428565
0.48571428571428565
0.38961038961038963
0.5483870967741935
0.47058823529411764
0.47058823529411764
0.5070422535211268
0.47619047619047616
0.47619047619047616
0.5
0.463768115942029
0.45454545454545453
0.49315068493150693
0.5074626865671642
0.43749999999999994
0.47058823529411764
0.5373134328358209
0.5
0.4666666666666667
0.4912280701754386
0.523076923076923
0.5294117647058824
0.5142857142857143
0.4
0.41463414634146345
0.4675324675324675
0.37209302325581395
0.45901639344262296
0.5245901639344263
0.5454545454545454
0.45454545454545453
0.5074626865671642
0.4533333333333333
0.4848484848484848
0.45783132530120485
0.4848484848484848
0.5
0.5074626865671642
0.42424242424242425
0.47619047619047616
0.4871794871794872
0.4615384615384615
0.5151515151515152
0.4722222222222222
0.41666666666666663
0.53125
0.4918032786885246
0.41666666666666663
0.5625
0.4864864864864865
0.507936507936508
0.46575342465753417
0.4666666666666667
0.39473684210526316
0.45454545454545453
0.5074626865671642
0.4358974358974359
0.5423728813559322
0.4838709677419355
0.48571428571428565
0.49315068493150693
0.5555555555555556
0.5373134328358209
0.5151515151515152
0.5074626865671642
0.5373134328358209
0.45
0.43243243243243246
0.39534883720930225
0.509090909090909
0.5074626865671642
0.523076923076923
0.4383561643835616
0.507936507936508
0.4383561643835616
0.5517241379310344
0.5
0.4918032786885246
0.5333333333333333
0.53125
0.48571428571428565
0.5757575757575758
0.5423728813559322
0.4444444444444444
0.4415584415584416
0.4615384615384615
0.4
0.4848484848484848
0.53125
0.4
0.5517241379310344
0.43243243243243246
0.5161290322580646
0.5633802816901409
0.4347826086956522
0.4197530864197531
0.47887323943661975
0.46575342465753417
0.3783783783783784
0.4533333333333333
0.48
0.41558441558441556
0.43243243243243246
0.46341463414634143
0.5294117647058824
0.5405405405405405
0.5217391304347826
0.4927536231884058
0.4864864864864865
0.42857142857142855
0.4225352112676056
0.38095238095238093
0.48571428571428565
0.4210526315789474
0.4507042253521127
0.5128205128205129
0.4923076923076923
0.4444444444444445
0.4675324675324675
0.463768115942029
0.4594594594594595
0.4210526315789474
0.4923076923076923
0.4615384615384615
0.4923076923076923
0.379746835443038
0.4
0.5666666666666667
0.40579710144927544
0.4444444444444445
0.4927536231884058
0.47761194029850745
0.37209302325581395
0.4383561643835616
0.40579710144927544
0.4225352112676056
0.5573770491803278
0.47761194029850745
0.5714285714285715
0.4923076923076923
0.47058823529411764
0.4444444444444444
0.4473684210526315
0.4507042253521127
0.5294117647058824
0.5
0.48571428571428565
0.4927536231884058
0.4444444444444445
0.5901639344262295
0.5757575757575758
0.5084745762711865
0.47887323943661975
0.463768115942029
0.4235294117647059
0.5833333333333334
0.5074626865671642
0.4615384615384615
0.463768115942029
0.3728813559322034
0.5074626865671642
0.4666666666666667
0.4918032786885246
0.5151515151515152
0.4225352112676056
0.4411764705882353
0.45569620253164556
0.47887323943661975
0.47761194029850745
0.5454545454545454
0.5666666666666667
0.53125
0.42666666666666675
0.4473684210526315
0.5517241379310344
0.5084745762711865
0.5945945945945945
0.4358974358974359
0.47058823529411764
0.5074626865671642
0.5517241379310344
0.5714285714285713
0.47761194029850745
0.40579710144927544
0.42857142857142855
0.5625
0.43678160919540227
0.45161290322580644
0.48
0.4918032786885246
0.4827586206896552
0.47619047619047616
0.4615384615384615
0.5660377358490566
0.40625
0.4262295081967213
0.5
0.4444444444444445
0.4923076923076923
0.507936507936508
0.47619047619047616
0.4923076923076923
0.4507042253521127
0.4444444444444444
0.5862068965517241
0.5428571428571427
0.5084745762711865
0.5
0.4923076923076923
0.5
0.4523809523809524
0.3943661971830986
0.5
0.5614035087719299
0.47058823529411764
0.4473684210526315
0.47761194029850745
0.4722222222222222
0.46875
0.4363636363636364
0.5074626865671642
0.5373134328358209
0.4477611940298507
0.5294117647058824
0.5161290322580646
0.4750000000000001
0.5
0.6101694915254238
0.5245901639344263
0.4477611940298507
0.5806451612903225
0.4918032786885246
0.4888888888888889
0.4571428571428572
0.39534883720930225
0.5862068965517241
0.5
0.46575342465753417
0.5151515151515152
0.463768115942029
0.42666666666666675
0.5538461538461538
0.4383561643835616
0.4927536231884058
0.38961038961038963
0.4864864864864865
0.4923076923076923
0.4691358024691358
0.5
0.47761194029850745
0.5671641791044775
0.47058823529411764
0.4225352112676056
0.507936507936508
0.4615384615384615
0.4827586206896552
0.4477611940298507
0.3888888888888889
0.42424242424242425
0.45569620253164556
0.4383561643835616
0.5172413793103449
0.5294117647058824
0.5555555555555556
0.5614035087719299
0.3888888888888889
0.5
0.47058823529411764
0.5
0.5294117647058824
0.5483870967741935
0.5
0.5070422535211268
0.4
0.5423728813559322
0.43243243243243246
0.3492063492063492
0.4722222222222222
0.4225352112676056
0.42857142857142855
0.5666666666666667
0.463768115942029
0.3902439024390244
0.4507042253521127
0.5142857142857143
0.42666666666666675
0.5
0.5070422535211268
0.5217391304347826
0.4675324675324675
0.4358974358974359
0.4594594594594595
0.47761194029850745
0.5
0.5396825396825397
0.4571428571428572
0.4
0.507936507936508
0.5333333333333333
0.4594594594594595
0.5084745762711865
0.46575342465753417
0.4615384615384615
0.4533333333333333
0.5352112676056339
0.4411764705882353
0.5714285714285713
0.5
0.5161290322580646
0.4848484848484848
0.5507246376811593
0.46875
0.4642857142857143
0.4507042253521127
0.4838709677419355
0.5573770491803278
0.5714285714285713
0.5483870967741935
0.4337349397590361
0.5428571428571427
0.42857142857142855
0.425
0.4594594594594595
0.46575342465753417
0.41666666666666663
0.4347826086956522
0.45454545454545453
0.5172413793103449
0.38461538461538464
0.4210526315789474
0.5
0.4507042253521127
0.523076923076923
0.5070422535211268
0.5
0.3516483516483517
0.46575342465753417
0.42857142857142855
0.5294117647058824
0.4444444444444444
0.3655913978494623
0.5074626865671642
0.4444444444444444
0.5074626865671642
0.5263157894736841
0.4923076923076923
0.3414634146341463
0.4109589041095891
0.5135135135135135
0.5806451612903225
0.46575342465753417
0.4848484848484848
0.5588235294117647
0.4918032786885246
0.4923076923076923
0.5483870967741935
0.41666666666666663
0.47619047619047616
0.3880597014925374
0.4571428571428572
0.6037735849056605
0.4878048780487804
0.4
0.4827586206896552
0.4444444444444444
0.5454545454545454
0.40506329113924044
0.48571428571428565
0.5151515151515152
0.5161290322580646
0.4197530864197531
0.5757575757575758
0.5263157894736841
0.5573770491803278
0.5555555555555556
