0.9230769230769231
0.7142857142857143
0.9230769230769231
0.8125
0.7142857142857143
0.75
0.9
0.9411764705882353
0.7777777777777778
0.8125
0.75
0.7857142857142857
0.8125
0.8461538461538461
0.9333333333333333
0.9230769230769231
0.8333333333333334
0.5238095238095238
0.7777777777777778
0.8571428571428571
0.8
0.8461538461538461
0.7
0.6875
0.8
0.75
0.9
0.9
0.6666666666666666
0.8
0.8571428571428571
0.75
0.75
0.8095238095238095
0.75
1.0
1.0
1.0
1.0
0.8823529411764706
0.7333333333333333
0.5
0.75
0.8571428571428571
0.8333333333333334
1.0
0.75
0.8461538461538461
0.9333333333333333
1.0
0.8461538461538461
0.6923076923076923
0.631578947368421
0.9333333333333333
0.9090909090909091
0.7857142857142857
0.55
0.7619047619047619
0.9411764705882353
0.75
0.8333333333333334
1.0
0.7692307692307693
0.7333333333333333
0.7272727272727273
1.0
0.8
0.8571428571428571
0.8571428571428571
0.75
0.8421052631578947
0.75
0.7777777777777778
1.0
0.7857142857142857
0.75
0.9285714285714286
0.9285714285714286
1.0
0.8888888888888888
0.625
0.7777777777777778
0.8125
0.8666666666666667
0.6666666666666666
0.8823529411764706
1.0
0.6666666666666666
0.875
0.75
0.9375
0.7894736842105263
0.9285714285714286
0.6
0.6666666666666666
0.9090909090909091
1.0
0.8888888888888888
1.0
0.6875
0.7
0.75
0.9285714285714286
1.0
0.7777777777777778
0.9
0.75
1.0
0.8571428571428571
0.9
1.0
0.7857142857142857
0.6818181818181818
0.9090909090909091
0.8888888888888888
0.9166666666666666
0.6923076923076923
0.7142857142857143
0.9333333333333333
0.8461538461538461
1.0
0.9230769230769231
0.75
0.7619047619047619
0.8571428571428571
0.75
0.9090909090909091
1.0
0.6666666666666666
0.8666666666666667
0.6875
0.8666666666666667
0.8
0.6875
1.0
1.0
0.7857142857142857
0.8461538461538461
0.875
0.75
1.0
0.9333333333333333
0.8666666666666667
1.0
0.7692307692307693
0.9166666666666666
0.9
0.8333333333333334
0.8888888888888888
1.0
0.9375
0.9090909090909091
0.9230769230769231
0.9090909090909091
0.8571428571428571
1.0
0.7857142857142857
0.9230769230769231
0.6
0.7857142857142857
1.0
1.0
0.7333333333333333
0.7857142857142857
0.9090909090909091
0.6842105263157895
0.6923076923076923
0.7333333333333333
0.9166666666666666
0.9285714285714286
1.0
0.7222222222222222
0.7647058823529411
0.7894736842105263
0.9375
0.8235294117647058
1.0
0.7272727272727273
0.9285714285714286
1.0
1.0
1.0
0.75
0.9285714285714286
0.5454545454545454
0.7692307692307693
0.9090909090909091
0.9166666666666666
0.7857142857142857
0.9230769230769231
0.6956521739130435
0.8666666666666667
0.8181818181818182
0.8125
0.8181818181818182
0.6842105263157895
0.8461538461538461
1.0
0.7142857142857143
1.0
0.7368421052631579
0.6666666666666666
0.7272727272727273
0.7777777777777778
0.7272727272727273
1.0
0.9
0.75
0.8666666666666667
1.0
0.9333333333333333
0.8
1.0
0.6923076923076923
1.0
0.5454545454545454
0.7857142857142857
0.9333333333333333
0.6111111111111112
0.7368421052631579
0.7142857142857143
0.75
0.8888888888888888
0.8
0.875
0.7058823529411765
0.85
0.7692307692307693
0.6
0.8333333333333334
0.875
0.8947368421052632
0.8571428571428571
0.6470588235294118
0.8571428571428571
0.75
0.8666666666666667
0.7333333333333333
0.8
0.7
0.6923076923076923
1.0
0.7777777777777778
0.75
0.8
0.7777777777777778
0.8
0.6521739130434783
0.7647058823529411
0.8
0.7777777777777778
0.8181818181818182
0.9166666666666666
0.7692307692307693
0.8888888888888888
0.7222222222222222
0.7647058823529411
0.6666666666666666
0.9333333333333333
0.7777777777777778
0.6666666666666666
1.0
0.7777777777777778
0.8181818181818182
0.8
0.9
0.9166666666666666
0.8666666666666667
0.8125
0.7857142857142857
0.75
0.65
1.0
0.9285714285714286
1.0
0.9444444444444444
0.9545454545454546
1.0
0.875
0.9230769230769231
0.9333333333333333
0.75
0.9230769230769231
0.9
0.875
1.0
0.9375
0.9375
0.8181818181818182
0.8181818181818182
1.0
0.8235294117647058
0.8
0.7857142857142857
1.0
0.9333333333333333
0.8
0.7142857142857143
0.9
0.8
0.7058823529411765
0.8181818181818182
0.8181818181818182
0.7777777777777778
0.8
0.8888888888888888
0.7142857142857143
0.8333333333333334
0.8333333333333334
0.7391304347826086
0.8666666666666667
0.8947368421052632
0.6153846153846154
1.0
0.8888888888888888
0.8461538461538461
0.8
0.7777777777777778
0.75
0.75
0.7692307692307693
0.7692307692307693
0.75
0.9285714285714286
0.7857142857142857
0.6363636363636364
0.9090909090909091
1.0
0.8125
1.0
0.9
1.0
0.76
0.6875
0.8461538461538461
0.6666666666666666
0.8461538461538461
0.8571428571428571
0.875
0.8461538461538461
0.9166666666666666
0.6666666666666666
0.8125
0.9411764705882353
1.0
0.9230769230769231
0.8181818181818182
0.9375
1.0
0.8333333333333334
1.0
0.7333333333333333
1.0
0.9230769230769231
0.8235294117647058
1.0
0.8888888888888888
0.8333333333333334
0.7692307692307693
0.625
0.6666666666666666
0.6818181818181818
0.8
0.8
0.6923076923076923
0.6470588235294118
0.9090909090909091
0.7058823529411765
0.8571428571428571
0.7857142857142857
0.9090909090909091
0.75
0.75
0.8666666666666667
1.0
0.8571428571428571
0.8666666666666667
0.5789473684210527
0.85
1.0
0.9
0.6842105263157895
0.75
0.8333333333333334
1.0
0.6666666666666666
0.6666666666666666
0.8125
0.8666666666666667
0.9090909090909091
0.9166666666666666
0.9375
1.0
0.8888888888888888
1.0
1.0
0.9411764705882353
0.8
0.7777777777777778
0.8181818181818182
0.7777777777777778
0.8666666666666667
0.8823529411764706
1.0
1.0
0.8571428571428571
0.8181818181818182
0.8888888888888888
1.0
1.0
0.7777777777777778
0.6363636363636364
0.5833333333333334
0.7692307692307693
0.9285714285714286
0.8125
0.75
0.8461538461538461
0.8823529411764706
0.8
0.9230769230769231
0.8
0.75
0.875
0.8235294117647058
0.8181818181818182
0.8571428571428571
0.7857142857142857
1.0
0.875
1.0
0.8666666666666667
1.0
0.5882352941176471
0.7272727272727273
0.8
0.6666666666666666
0.9166666666666666
0.8666666666666667
1.0
0.6470588235294118
0.7647058823529411
0.8888888888888888
0.75
0.6923076923076923
0.8125
1.0
0.9230769230769231
0.8571428571428571
0.7777777777777778
0.7857142857142857
0.75
0.7
0.8571428571428571
0.8666666666666667
0.8333333333333334
1.0
1.0
0.7857142857142857
0.9090909090909091
0.75
0.9285714285714286
0.7894736842105263
0.8666666666666667
0.7777777777777778
0.5909090909090909
0.9230769230769231
0.7272727272727273
0.9
1.0
0.8888888888888888
0.9285714285714286
0.9090909090909091
0.8125
1.0
0.8461538461538461
0.8235294117647058
0.9090909090909091
1.0
0.8333333333333334
0.8571428571428571
0.9
0.7
0.9333333333333333
0.9375
1.0
0.8333333333333334
0.7333333333333333
0.9166666666666666
0.8181818181818182
1.0
0.7142857142857143
0.6428571428571429
1.0
0.6
0.8235294117647058
0.9090909090909091
1.0
0.8125
0.7777777777777778
