0.803888888888889
0.7958333333333333
0.7177777777777777
0.7319444444444445
0.7944444444444444
0.7577777777777778
0.765
0.7477777777777779
0.6825000000000001
0.73
0.7236111111111111
0.7933333333333333
0.79
0.8427777777777778
0.7761111111111111
0.7908333333333333
0.778611111111111
0.8013888888888889
0.7455555555555555
0.7480555555555556
0.6875
0.7291666666666667
0.7491666666666666
0.8047222222222222
0.7208333333333333
0.7972222222222223
0.7238888888888888
0.7522222222222222
0.7097222222222223
0.7694444444444444
0.7922222222222223
0.7286111111111111
0.7677777777777778
0.735
0.7944444444444444
0.7863888888888889
0.8113888888888888
0.8027777777777778
0.7091666666666667
0.7949999999999999
0.8177777777777778
0.7188888888888889
0.8127777777777778
0.7649999999999999
0.7925
0.7586111111111111
0.7525000000000001
0.7541666666666667
0.7516666666666667
0.7808333333333333
0.7883333333333333
0.7422222222222222
0.7116666666666667
0.7188888888888889
0.8083333333333333
0.7805555555555556
0.7525
0.7386111111111111
0.7555555555555556
0.7530555555555556
0.7730555555555556
0.7497222222222222
0.8116666666666666
0.8008333333333334
0.7686111111111111
0.8261111111111111
0.7377777777777779
0.7219444444444445
0.7300000000000001
0.7419444444444445
0.8036111111111112
0.7691666666666668
0.74125
0.7302777777777778
0.821388888888889
0.7591666666666667
0.775
0.7741666666666667
0.7394444444444445
0.7916666666666667
0.73
0.741111111111111
0.7894444444444444
0.7725
0.6547222222222223
0.7075
0.7408333333333332
0.7813888888888888
0.7997222222222222
0.7608333333333333
0.7083333333333333
0.7652777777777778
0.7411111111111112
0.7672222222222222
0.7566666666666667
0.6527777777777778
0.7419444444444444
0.7908333333333333
0.8005555555555556
0.6852777777777779
0.7359722222222222
0.7552777777777779
0.7708333333333334
0.8119444444444445
0.7958333333333334
0.7802777777777777
0.7258333333333333
0.7341666666666666
0.755
0.7702777777777778
0.7638888888888888
0.7713888888888889
0.7088888888888889
0.7672222222222222
0.7322222222222222
0.7447222222222223
0.7447222222222223
0.7688888888888888
0.7347222222222222
0.7358333333333332
0.7913888888888889
0.6788888888888889
0.7827777777777777
0.796388888888889
0.7622222222222221
0.7638888888888888
0.7583333333333333
0.7133333333333333
0.7719444444444443
0.7630555555555555
0.8016666666666666
0.7572222222222222
0.7452777777777778
0.7869444444444444
0.76
0.7694444444444445
0.7655555555555555
0.7694444444444444
0.7444444444444445
0.77
0.7497222222222222
0.7552777777777778
0.7936111111111112
0.7208333333333333
0.8200000000000001
0.7858333333333334
0.7122222222222222
0.785
0.7119444444444444
0.7152777777777778
0.7266666666666667
0.6763888888888888
0.7741666666666667
0.7713888888888889
0.8158333333333334
0.7408333333333333
0.7566666666666667
0.7244444444444444
0.7705555555555555
0.7091666666666667
0.7530555555555556
0.7561111111111112
0.7761111111111111
0.6888888888888889
0.7586111111111111
0.7836111111111111
0.7586111111111111
0.7580555555555555
0.7119444444444445
0.7325
0.7563888888888889
0.8125
0.7522222222222222
0.7625
0.7372222222222222
0.773888888888889
0.7855555555555557
0.7511111111111113
0.7208333333333334
0.7166666666666667
0.7755555555555556
0.7405555555555556
0.7633333333333333
0.7861111111111112
0.7686111111111111
0.7525000000000001
0.7825
0.8063888888888889
0.7658333333333334
0.8116666666666668
0.7897222222222222
0.7400000000000001
0.7525
0.7133333333333334
0.8083333333333332
0.73
0.7436111111111112
0.7355555555555555
0.7775000000000001
0.7405555555555555
0.7944444444444444
0.7583333333333334
0.7419444444444444
0.8069444444444444
0.7675
0.7713888888888889
0.8247222222222222
0.795
0.7502777777777778
0.7327777777777778
0.7563888888888888
0.7074999999999999
0.7747222222222222
0.7933333333333333
0.7122222222222222
0.7872222222222222
0.7188888888888889
0.7597222222222223
0.7833333333333334
0.7477777777777778
0.7058333333333333
0.731388888888889
0.7433333333333334
0.7708333333333334
0.7316666666666667
0.7419444444444444
0.7327777777777779
0.7463888888888888
0.7061111111111111
0.7422222222222221
0.7608333333333334
0.7424999999999999
0.7847222222222222
0.7319444444444444
0.7369444444444445
0.7480555555555556
0.711111111111111
0.7444444444444445
0.7327777777777778
0.7338888888888889
0.7791666666666667
0.6980555555555555
0.7058333333333333
0.7305555555555556
0.7322222222222222
0.7241666666666667
0.715
0.7658333333333333
0.7775
0.78
0.7047222222222221
0.71875
0.8241666666666667
0.7488888888888889
0.6933333333333334
0.7594444444444444
0.7036111111111111
0.6900000000000001
0.7561111111111112
0.7291666666666666
0.7094444444444445
0.8177777777777778
0.7616666666666667
0.7733333333333333
0.7702777777777777
0.7391666666666666
0.725
0.7344444444444446
0.765
0.7758333333333334
0.8183333333333334
0.7908333333333334
0.7661111111111112
0.7536111111111111
0.7769444444444445
0.788611111111111
0.7630555555555555
0.7516666666666666
0.7566666666666667
0.6988888888888888
0.8027777777777778
0.7655555555555555
0.746388888888889
0.7755555555555557
0.7311111111111112
0.7044444444444444
0.7294444444444445
0.7952777777777778
0.7675
0.7230555555555556
0.7075
0.7125
0.7816666666666666
0.7727777777777778
0.8233333333333334
0.7783333333333333
0.7986111111111112
0.7422222222222222
0.7044444444444444
0.7930555555555555
0.7780555555555556
0.7986111111111112
0.7333333333333334
0.7786111111111113
0.7466666666666666
0.8063888888888888
0.7916666666666666
0.7644444444444445
0.7352777777777778
0.7719444444444445
0.7866666666666666
0.7044444444444444
0.7855555555555557
0.7463888888888889
0.7575
0.7941666666666667
0.7788888888888889
0.8105555555555556
0.7897222222222221
0.7322222222222222
0.7544444444444445
0.8108333333333333
0.7169444444444445
0.7558333333333334
0.7769444444444444
0.7186111111111111
0.7466666666666667
0.7280555555555557
0.7466666666666667
0.8047222222222222
0.7902777777777777
0.7966666666666667
0.7652777777777778
0.8013888888888888
0.7952777777777779
0.7580555555555556
0.7147222222222223
0.7711111111111111
0.7924999999999999
0.7891666666666666
0.73
0.7213888888888889
0.7338888888888889
0.7608333333333334
0.7786111111111111
0.7625
0.7466666666666667
0.7522222222222222
0.8191666666666666
0.7308333333333333
0.7125
0.743611111111111
0.8136111111111111
0.7816666666666666
0.7825000000000001
0.775
0.7883333333333333
0.7308333333333333
0.7522222222222222
0.6658333333333333
0.846111111111111
0.8219444444444445
0.7725
0.7588888888888888
0.7808333333333333
0.7366666666666667
0.7897222222222223
0.7555555555555555
0.7813888888888889
0.7630555555555555
0.785
0.7655555555555557
0.6977777777777778
0.741388888888889
0.8052777777777778
0.8027777777777778
0.7327777777777778
0.7386111111111111
0.8063888888888888
0.7655555555555555
0.7786111111111111
0.7819444444444444
0.7244444444444444
0.7111111111111111
0.7586111111111111
0.755
0.7486111111111111
0.7730555555555556
0.7838888888888889
0.7527777777777778
0.7036111111111111
0.7355555555555556
0.7825000000000001
0.7575000000000001
0.778611111111111
0.8494444444444446
0.7563888888888889
0.7683333333333334
0.7422222222222222
0.8236111111111112
0.7452777777777778
0.7141666666666667
0.7488888888888889
0.7297222222222223
0.7097222222222221
0.7583333333333334
0.7716666666666667
0.693888888888889
0.7297222222222223
0.775
0.7483333333333334
0.8044444444444444
0.7363888888888889
0.7886111111111112
0.7324999999999999
0.7183333333333333
0.7383333333333333
0.7494444444444446
0.7719444444444445
0.8302777777777778
0.7275
0.6816666666666666
0.7522222222222222
0.7599999999999999
0.7255555555555556
0.7541666666666667
0.7500000000000001
0.7577777777777778
0.7158333333333334
0.78
0.7452777777777778
0.803611111111111
0.7855555555555556
0.7880555555555555
0.7638888888888888
0.7883333333333333
0.7583333333333333
0.7863888888888889
0.7894444444444444
0.8052777777777778
0.7730555555555555
0.8066666666666666
0.7988888888888889
0.7205555555555555
0.7963888888888889
0.6880555555555554
0.7208333333333334
0.7155555555555556
0.7202777777777778
0.7411111111111112
0.7511111111111112
0.7483333333333334
0.7958333333333334
0.7413888888888889
0.7180555555555557
0.7986111111111112
0.728888888888889
0.7727777777777778
0.7336111111111112
0.7333333333333334
0.6013888888888889
0.7691666666666667
0.7363888888888889
0.8138888888888889
0.7391666666666666
0.643888888888889
0.7569444444444444
0.6902777777777778
0.7816666666666667
0.7641666666666668
0.7936111111111112
0.6855555555555555
0.7277777777777777
0.7627777777777779
0.8094444444444444
0.7891666666666667
0.7702777777777778
0.8116666666666666
0.7747222222222222
0.7366666666666667
0.8058333333333334
0.75
0.7377777777777779
0.7222222222222222
0.7483333333333334
0.8330555555555555
0.7700000000000001
0.6511111111111112
0.7897222222222222
0.7480555555555556
0.8305555555555556
0.7141666666666666
0.741388888888889
0.7819444444444446
0.7719444444444444
0.6851388888888889
0.7997222222222222
0.7836111111111111
0.7894444444444445
0.7813888888888889
