0.8902777777777778
0.8694444444444445
0.8830555555555555
0.8691666666666666
0.875
0.8441666666666667
0.8619444444444444
0.8688888888888889
0.7888888888888889
0.8302777777777779
0.8527777777777779
0.9080555555555556
0.8527777777777779
0.9094444444444445
0.9302777777777778
0.8594444444444445
0.8844444444444445
0.8930555555555555
0.8433333333333333
0.9016666666666667
0.8130555555555555
0.903888888888889
0.8844444444444445
0.8658333333333333
0.8311111111111111
0.8869444444444445
0.8808333333333334
0.8783333333333333
0.8330555555555555
0.8688888888888889
0.8902777777777777
0.8558333333333334
0.8738888888888889
0.8655555555555556
0.8566666666666667
0.9136111111111112
0.8880555555555556
0.8902777777777778
0.8838888888888888
0.91
0.9036111111111111
0.8813888888888889
0.908611111111111
0.88
0.8608333333333333
0.8702777777777778
0.9036111111111111
0.8666666666666667
0.8208333333333333
0.9119444444444444
0.8783333333333334
0.8486111111111111
0.8297222222222222
0.8786111111111111
0.8577777777777778
0.8772222222222222
0.8366666666666667
0.8444444444444443
0.9063888888888889
0.8722222222222222
0.8233333333333334
0.8472222222222222
0.8719444444444444
0.8902777777777777
0.8672222222222222
0.8777777777777778
0.8261111111111111
0.8444444444444446
0.8094444444444445
0.8505555555555556
0.8513888888888889
0.8341666666666666
0.8466666666666667
0.8869444444444444
0.8447222222222223
0.8997222222222222
0.8725
0.9088888888888889
0.8808333333333332
0.8505555555555556
0.8530555555555556
0.8250000000000001
0.8733333333333333
0.8791666666666667
0.7930555555555556
0.856388888888889
0.9036111111111111
0.8563888888888889
0.8594444444444445
0.8575
0.8425
0.8841666666666667
0.8497222222222222
0.8661111111111112
0.8547222222222222
0.8405555555555555
0.8677777777777778
0.8755555555555556
0.8700000000000001
0.8544444444444443
0.8888888888888888
0.8616666666666666
0.8202777777777777
0.8477777777777777
0.8802777777777777
0.8266666666666667
0.8458333333333333
0.8197222222222222
0.8677777777777778
0.8950000000000001
0.8694444444444446
0.8911111111111112
0.8300000000000001
0.8625
0.8572222222222223
0.8666666666666666
0.8333333333333334
0.9055555555555554
0.8622222222222222
0.8416666666666666
0.9155555555555556
0.8111111111111111
0.855
0.8366666666666667
0.8444444444444444
0.8616666666666667
0.8908333333333334
0.8516666666666667
0.8675000000000002
0.8761111111111112
0.9036111111111111
0.8572222222222223
0.86
0.8908333333333333
0.9022222222222223
0.8652777777777778
0.8711111111111111
0.8627777777777779
0.8811111111111112
0.8841666666666667
0.8816666666666667
0.8183333333333334
0.8891666666666667
0.7847222222222222
0.888888888888889
0.8494444444444444
0.8150000000000001
0.8872222222222222
0.8711111111111111
0.8819444444444444
0.8672222222222222
0.8102777777777778
0.8300000000000001
0.8944444444444445
0.8852777777777778
0.8533333333333333
0.8619444444444444
0.8402777777777778
0.8755555555555556
0.8624999999999999
0.9033333333333333
0.8652777777777777
0.8586111111111111
0.8186111111111112
0.8694444444444445
0.9055555555555556
0.8777777777777778
0.8519444444444445
0.8202777777777779
0.7980555555555556
0.8541666666666667
0.8347222222222223
0.8719444444444445
0.8569444444444444
0.8769444444444444
0.8680555555555556
0.9163888888888889
0.8641666666666666
0.8294444444444444
0.82
0.866388888888889
0.8966666666666667
0.8213888888888888
0.8558333333333332
0.8680555555555556
0.8688888888888889
0.8819444444444444
0.9011111111111112
0.8519444444444444
0.895
0.8797222222222223
0.8752777777777778
0.8933333333333334
0.8344444444444444
0.8922222222222222
0.8458333333333333
0.8747222222222222
0.8630555555555555
0.8347222222222223
0.8433333333333333
0.8666666666666667
0.8727777777777778
0.8558333333333333
0.8830555555555555
0.8791666666666667
0.8872222222222224
0.888888888888889
0.8772222222222222
0.8469444444444445
0.8572222222222221
0.8858333333333334
0.8147222222222222
0.8811111111111112
0.8588888888888889
0.9122222222222222
0.8658333333333333
0.8011111111111111
0.8305555555555556
0.8580555555555556
0.9116666666666666
0.8419444444444445
0.8691666666666666
0.8336111111111111
0.9152777777777777
0.8486111111111111
0.8991666666666667
0.8783333333333334
0.8641666666666666
0.8216666666666667
0.8044444444444445
0.8766666666666667
0.8494444444444446
0.8425
0.8347222222222223
0.8330555555555555
0.8894444444444445
0.8361111111111112
0.8758333333333334
0.855
0.8647222222222223
0.8694444444444445
0.7999999999999999
0.8583333333333333
0.8375
0.8194444444444444
0.8555555555555556
0.8330555555555555
0.8627777777777778
0.8825000000000001
0.873611111111111
0.8383333333333334
0.8708333333333333
0.9269444444444446
0.8344444444444444
0.8311111111111111
0.8530555555555555
0.7916666666666666
0.8280555555555555
0.8636111111111111
0.8586111111111111
0.8400000000000001
0.8927777777777779
0.8958333333333334
0.893888888888889
0.8136111111111111
0.8613888888888889
0.8222222222222223
0.8377777777777778
0.8927777777777778
0.8736111111111111
0.8741666666666666
0.8572222222222222
0.91
0.8408333333333333
0.8597222222222223
0.8683333333333333
0.8725
0.8936111111111111
0.8708333333333333
0.8422222222222222
0.8636111111111111
0.8541666666666667
0.8613888888888889
0.9191666666666666
0.8166666666666667
0.8555555555555556
0.8522222222222222
0.9052777777777777
0.825
0.8458333333333333
0.8383333333333334
0.8208333333333333
0.8780555555555556
0.8438888888888889
0.8797222222222223
0.8263888888888888
0.8702777777777777
0.8430555555555556
0.8427777777777777
0.8677777777777778
0.8638888888888888
0.8705555555555556
0.8716666666666667
0.8922222222222222
0.8697222222222223
0.885
0.8691666666666668
0.9063888888888889
0.8683333333333333
0.9052777777777777
0.8469444444444445
0.8430555555555557
0.8625
0.8433333333333334
0.8216666666666667
0.8994444444444444
0.8533333333333334
0.8830555555555556
0.8344444444444445
0.8269444444444445
0.8486111111111111
0.8908333333333334
0.8647222222222223
0.8652777777777777
0.8530555555555556
0.8205555555555557
0.8080555555555556
0.8847222222222223
0.8811111111111112
0.9094444444444445
0.9063888888888889
0.9133333333333333
0.8583333333333333
0.9027777777777778
0.9061111111111111
0.8522222222222222
0.8466666666666667
0.8991666666666667
0.855
0.8994444444444445
0.8936111111111111
0.8369444444444444
0.8216666666666667
0.8613888888888889
0.8847222222222222
0.8944444444444445
0.8611111111111112
0.8833333333333333
0.9113888888888888
0.8233333333333333
0.8805555555555555
0.8338888888888889
0.8688888888888889
0.8711111111111112
0.8822222222222222
0.8588888888888889
0.8741666666666666
0.8794444444444445
0.8713888888888889
0.8322222222222222
0.9044444444444444
0.9149999999999999
0.8761111111111112
0.8652777777777777
0.8616666666666668
0.8786111111111111
0.8558333333333333
0.8602777777777777
0.8694444444444445
0.9075
0.9002777777777778
0.8522222222222222
0.8247222222222222
0.8686111111111111
0.9038888888888889
0.8902777777777777
0.831388888888889
0.8647222222222223
0.885
0.9130555555555556
0.8561111111111112
0.8447222222222223
0.8583333333333333
0.8436111111111111
0.8927777777777778
0.825
0.8233333333333334
0.885
0.8183333333333334
0.8425
0.8344444444444445
0.8225
0.9138888888888889
0.8294444444444444
0.8975000000000001
0.893888888888889
0.8586111111111111
0.8975
0.9030555555555555
0.8611111111111112
0.8925
0.8344444444444444
0.8433333333333333
0.8805555555555556
0.7844444444444444
0.855
0.8405555555555555
0.8658333333333335
0.8513888888888889
0.8533333333333334
0.8686111111111111
0.8886111111111111
0.8430555555555554
0.8708333333333333
0.9019444444444444
0.8594444444444445
0.8527777777777777
0.9005555555555556
0.8908333333333334
0.9238888888888889
0.8836111111111111
0.8716666666666667
0.8766666666666667
0.8797222222222223
0.8436111111111111
0.8761111111111111
0.8711111111111111
0.8916666666666667
0.8511111111111112
0.8769444444444444
0.8713888888888889
0.8944444444444445
0.893888888888889
0.8455555555555556
0.8766666666666668
0.8619444444444445
0.8355555555555555
0.8161111111111111
0.898888888888889
0.9175
0.9033333333333334
0.8875
0.8797222222222222
0.8822222222222221
0.8955555555555555
0.8286111111111111
0.8775
0.8552777777777778
0.8794444444444444
0.8983333333333334
0.8505555555555556
0.8630555555555556
0.8611111111111112
0.8702777777777778
0.7877777777777778
0.9113888888888888
0.846388888888889
0.8722222222222222
0.8130555555555555
0.8544444444444445
0.8238888888888889
0.8913888888888889
0.8447222222222222
0.9013888888888889
0.8544444444444445
0.8099999999999999
0.8380555555555556
0.8511111111111112
0.8769444444444445
0.8850000000000001
0.8875000000000002
0.9097222222222222
0.8586111111111111
0.8925
0.9072222222222223
0.9127777777777778
0.8908333333333335
0.903611111111111
0.8727777777777778
0.8091666666666667
0.9025
0.8716666666666667
0.8236111111111111
0.8925
0.8322222222222223
0.9305555555555556
0.8544444444444446
0.9030555555555555
0.8680555555555556
0.8886111111111111
0.8722222222222222
0.8288888888888889
0.8555555555555555
0.8930555555555556
0.9022222222222223
0.8169444444444445
0.8705555555555556
0.9008333333333334
0.8738888888888889
0.8766666666666667
