0.4346496214274346
0.5996865580831424
0.5396903774904672
0.5577888697453914
0.5622348341349036
0.4804893034439801
0.4970614523067794
0.5298019890902559
0.5119577760498476
0.52558173637175
0.49788185080990005
0.5406882537435905
0.5130776651759124
0.577410980768193
0.5207043273669396
0.4792485919098823
0.5796850953152336
0.5879779421609318
0.5653728630850458
0.6030930135344708
0.5908551880721692
0.4955148709607913
0.5183146609233565
0.4622614536877032
0.4843881045043835
0.5778125096209213
0.524766339564465
0.44840222018753406
0.5492941176470588
0.4643759654646398
0.48245241642897946
0.49615721003044944
0.602534390583171
0.4516678861366741
0.5412820472297813
0.5279168008588299
0.5445930608317195
0.4928872624786603
0.5478701360280307
0.4596041022534975
0.5188049838091243
0.4859213402849689
0.47275942369125545
0.5146561240766382
0.47032118540593115
0.4669829705718207
0.5011951110088776
0.4280987184694278
0.43620946792629645
0.5656875868688994
0.5354956140350877
0.5443653399131707
0.5170177970563434
0.6013058932078048
0.555222650912306
0.46073959408324733
0.5094021148752427
0.4542411584516848
0.5114610674969939
0.5300900289349689
0.5449621056857898
0.4771061132948388
0.6118308955328301
0.5060532681704876
0.5617208217699661
0.5377681820520475
0.6591388688329306
0.5101959522722068
0.49829981470409124
0.499722717758432
0.4332974059313732
0.5798844624271555
0.4798020263151132
0.6075217281546396
0.4353075370063773
0.460165404924838
0.5594294425593335
0.4896398001122845
0.4490248519499124
0.48531202366928616
0.5334813177523332
0.4594721952950269
0.4525541125541125
0.41637076885407565
0.5208819137302962
0.513118853830034
0.5572851104574583
0.5808437712984738
0.5156425411955269
0.47483873564502166
0.466052445503665
0.5269698054660461
0.47661377336548694
0.5151922398531271
0.48359599362094524
0.5072873195986404
0.5360944434592858
0.49197625830959163
0.5602992337774946
0.6027342997438346
0.4703660835403344
0.5800767425063199
0.5070021860622883
0.5746671645159657
0.5057539682539682
0.4597831669884782
0.583036766452043
0.5189720736433356
0.527175315877351
0.48918803418803414
0.5503415826245402
0.5837954822275246
0.5288166248160537
0.508415163444662
0.5495425685425686
0.48797018817528004
0.588065573539292
0.5687719340917852
0.460024289500532
0.530887661980099
0.5732898399165522
0.4722387137216707
0.5088904549416958
0.4811447252956687
0.48662931839402424
0.5506324991032896
0.4807265553014789
0.5345608299446637
0.4707869073555348
0.44257932600037864
0.4878418934875781
0.5719957957841784
0.47993416302787295
0.4982908585775241
0.5401135486596664
0.5117152208095928
0.5862857198618315
0.48909273743660175
0.4818081784023813
0.37091041704525507
0.44535869510371184
0.5531170714541033
0.4951822624224976
0.5077320289536257
0.4706469715167041
0.494019221063556
0.48867786146070646
0.5312650154787497
0.5259118240384224
0.6117960976221846
0.48351770043622966
0.5502063831702863
0.5529771210537922
0.547600795430984
0.5315603131204635
0.5702177069277851
0.44053723491698177
0.5959442336429518
0.46959018897521576
0.4977843258020249
0.4353633105246008
0.46750712052147514
0.5057350416525949
0.5247168820809623
0.5645328934432117
0.4963373764452267
0.5769801205340375
0.6683080774307955
0.5605004545624174
0.42528596266080926
0.573714678687625
0.4783152864800585
0.4621235168405682
0.5932458792532773
0.4163756960336401
0.5693201243201242
0.4958218230801803
0.607646645021645
0.5800035313270607
0.5464037417610039
0.4788539809863339
0.5252155854651401
0.5344663858572309
0.514022109781792
0.43296165315552226
0.4925887932827382
0.4701432544547759
0.6071523538190204
0.5579364323327172
0.5714240144314598
0.5205692260955419
0.6122652100761765
0.5607093065916595
0.4059021917845447
0.5171868825825134
0.4643079497938833
0.47263893700458437
0.4962739094872546
0.42028581927188735
0.4886736329147044
0.526977016542234
0.5448669206163163
0.5445528641216322
0.5995534290271132
0.4958786957723128
0.5111658834768332
0.45449671009793513
0.4840952930908825
0.5436925733623846
0.6384655829544933
0.5418884926651917
0.48045089681697106
0.43599777009518603
0.5633643760534517
0.43545368407204926
0.47808506308506304
0.4798180330525006
0.5037582103931488
0.46914773401631976
0.49487450582425524
0.41811657060244634
0.5258075667320102
0.5077995654423529
0.549704790213477
0.4888621128207724
0.4969560806990694
0.6305407877134632
0.6025625
0.5241548390963474
0.45546996939153805
0.5271736369543387
0.58324765942413
0.4326791170353878
0.5328212635311752
0.5447630391970014
0.5476281386948932
0.4733053761669604
0.5112020830724888
0.4472208892174636
0.5024631828176912
0.5403989469369472
0.5012147876278311
0.511171566911902
0.5805207881574002
0.48058606366358303
0.4618395922317491
0.5055489672082347
0.5612857056591948
0.38296260263691456
0.5610128433657845
0.5482748976587138
0.5826010101010102
0.4778642936774947
0.6006907211035651
0.5061853288323876
0.5726114125257799
0.4046421961064973
0.4713052128841603
0.46905423586890616
0.5245596432552955
0.5405092123341163
0.5887763412432968
0.5727613636363637
0.533219579901597
0.5415570175438597
0.5830698972445432
0.5586741240234674
0.5819841269841269
0.6361278371986303
0.5848024030997384
0.4705070938529585
0.49809958893565454
0.4986224421358692
0.5214053889053889
0.49090032732769795
0.5258615487249068
0.5949925019214222
0.5254891686448392
0.47148505456644985
0.5000064416107128
0.44947549496519273
0.5611153008211831
0.5414125440346353
0.531442503234956
0.5433198962753418
0.5036128702444492
0.5875844347824938
0.53582582678469
0.6472674492258315
0.4773758305911361
0.5010810321084294
0.5220196232636783
0.42477395692992026
0.55119810796345
0.4957615882311492
0.5500824114157448
0.5633407981651701
0.4677078612770192
0.5006809061471139
0.4590413666301059
0.6329485340300101
0.4582477374340876
0.48825147862751944
0.49782467060898433
0.5256236248128053
0.5502259327973613
0.49268630513614275
0.4761363636363636
0.5394935096821889
0.5353959928959929
0.4512400283490901
0.5083480035718841
0.48853504054512337
0.5420788008288008
0.43706688238094016
0.5653238636791771
0.422507079816985
0.5835144101181837
0.42418929421249224
0.4880153845290346
0.5605973542044509
0.46917761847869377
0.5412276612276612
0.5823125141928567
0.45431160857411906
0.5480009819090278
0.47570721628435286
0.4851628727338997
0.45568204083108527
0.4673404336904159
0.4328161090872955
0.587368723590528
0.43470085111572454
0.5382634406949823
0.544936161157611
0.5648011779821278
0.49503961559882614
0.539228232085375
0.4820008868962198
0.4794452063979714
0.5447145182760336
0.5061455415899977
0.5406627085850306
0.47772921422377945
0.5056055031473026
0.45094257493826173
0.5061763918342865
0.513655269258721
0.5640629812445012
0.5472240912009877
0.6157634191677411
0.5480437401538318
0.45458861321655736
0.552480236524498
0.5473769386482898
0.409728387234601
0.500028500972163
0.5256300855485044
0.5110253970964294
0.5466816838726951
0.43696729035734233
0.48944359562006623
0.41788473931582615
0.5166373397843986
0.5144964836308762
0.5086404810340006
0.5669320272597979
0.45450370601286305
0.4384385208189556
0.5468220230560384
0.5575358072636329
0.5814327451580499
0.5317605206421328
0.5201883482861743
0.44296751822501446
0.44792895259876386
0.5400679454563426
0.49305283814717776
0.5868136546390119
0.5821028828197945
0.5934474102895155
0.4761076455784463
0.529105682345798
0.5041890801872653
0.5762213712213712
0.5338300848483021
0.536744693971941
0.5223423866769257
0.5119865910390529
0.5391975882011867
0.5182480839016711
0.5533750304894807
0.5673047263082565
0.571912635109244
0.5131679870601439
0.4450736690210374
0.6210706043646773
0.5567404876852939
0.5626197626197625
0.5623187830248481
0.44538771741050065
0.5159789448313153
0.4743754856254856
0.45962809455555725
0.4244011109977278
0.5827950663535176
0.461205271751313
0.53747207657352
0.49805302381331845
0.49368134789187423
0.6061842075386785
0.557814011479884
0.44698610155052987
0.47361513671589317
0.5672916916989081
0.4653126172920223
0.49629485051789934
0.5899400495885431
0.44979600641365347
0.46085344361469455
0.5633630902109162
0.46682532677409494
0.44950720395800486
0.5148946318923148
0.5933603433603434
0.4381536576099043
0.5063387945428188
0.4851264503470386
0.4596666837422352
0.461097737990303
0.6356952756952756
0.5428193424932555
0.45585918022988964
0.47108936405222324
0.5805691009036211
0.4898134552482379
0.5194531332031331
0.5693999375859229
0.48609687010750924
0.5482606138271773
0.45237215885822696
0.4936124542930351
0.5794463661987026
0.4081135813251898
0.5441696644513546
0.5840006858296676
0.5633540805599629
0.4993494997703051
0.4961138065289008
0.48439295243540526
0.46013801537386445
0.5070720824204662
0.6004093986540497
0.48446436604331344
0.5828497857989244
0.4617120991902744
0.5425441841179397
0.5778300569042829
0.5949389185597066
0.5147403398766626
0.4845822277402716
0.6218005909994276
0.4454561231413843
0.5390425863016601
0.532157633519526
0.48400690414351616
0.4907110086275269
0.4766018889436128
0.45530545721722193
0.5024625366439526
0.5055279303399605
0.5329023327882422
0.4442047182576618
0.4725227203434149
0.5400047925772563
0.6287170276970007
0.5156888042129194
0.5012470427054447
0.5046263447482959
0.5284184514066329
0.5169487893895669
0.5816292230930489
0.499641210533895
0.4011620759727589
0.473986956948122
0.6534463923500434
0.5230533094701615
0.5551719770281138
0.4508682708602593
0.5252777777777777
0.4946604591540892
0.42252141564378676
0.46055711173358227
0.4987686513110242
0.5181703236407836
0.5689598855556303
0.4932421195157044
0.4844582880431937
0.5879309847835746
0.5270202020202019
