0.28571428571428575
0.39215686274509803
0.45833333333333326
0.5
0.4
0.5263157894736842
0.45901639344262296
0.509090909090909
0.34615384615384615
0.4727272727272728
0.32
0.5306122448979592
0.4090909090909091
0.3673469387755102
0.47619047619047616
0.4545454545454545
0.41509433962264153
0.5714285714285714
0.5185185185185186
0.4615384615384615
0.4
0.423076923076923
0.3272727272727273
0.3773584905660377
0.5
0.44897959183673464
0.3773584905660377
0.5283018867924527
0.5199999999999999
0.43999999999999995
0.5217391304347827
0.3703703703703704
0.5217391304347827
0.5306122448979592
0.3902439024390244
0.37499999999999994
0.5283018867924527
0.456140350877193
0.42857142857142855
0.4642857142857143
0.4166666666666667
0.3793103448275862
0.5423728813559322
0.3555555555555555
0.4897959183673469
0.5283018867924527
0.4897959183673469
0.576271186440678
0.5199999999999999
0.6037735849056605
0.4313725490196078
0.3673469387755102
0.3846153846153846
0.608695652173913
0.4545454545454545
0.33333333333333337
0.47826086956521735
0.4090909090909091
0.40625
0.5
0.4545454545454545
0.47826086956521735
0.44897959183673464
0.423076923076923
0.45161290322580644
0.4814814814814815
0.38596491228070173
0.5306122448979592
0.37499999999999994
0.3846153846153846
0.4545454545454545
0.5714285714285715
0.5
0.4444444444444444
0.49056603773584906
0.48
0.608695652173913
0.49056603773584906
0.4814814814814815
0.41860465116279066
0.4081632653061224
0.3829787234042553
0.5
0.5
0.42553191489361697
0.4615384615384615
0.4
0.33333333333333337
0.5185185185185186
0.56
0.47826086956521735
0.4081632653061224
0.5490196078431373
0.43478260869565216
0.3478260869565218
0.3333333333333333
0.3902439024390244
0.3478260869565218
0.5333333333333333
0.3478260869565218
0.5306122448979592
0.48
0.3492063492063492
0.5531914893617021
0.5818181818181818
0.32558139534883723
0.33962264150943394
0.4081632653061224
0.42553191489361697
0.4074074074074074
0.5777777777777778
0.5
0.47457627118644075
0.47058823529411764
0.48
0.47619047619047616
0.523076923076923
0.5098039215686274
0.38709677419354843
0.3928571428571428
0.5306122448979592
0.326530612244898
0.4642857142857143
0.5833333333333334
0.5185185185185186
0.5185185185185186
0.4
0.47457627118644075
0.3846153846153846
0.423076923076923
0.3829787234042553
0.509090909090909
0.42553191489361697
0.4727272727272728
0.44067796610169496
0.4615384615384615
0.625
0.625
0.4444444444444445
0.4642857142857143
0.3404255319148936
0.5
0.4528301886792453
0.5964912280701755
0.4444444444444445
0.44897959183673464
0.3404255319148936
0.509090909090909
0.37681159420289856
0.4814814814814815
0.4528301886792453
0.43333333333333335
0.5357142857142857
0.4081632653061224
0.4888888888888889
0.5833333333333334
0.5714285714285714
0.43749999999999994
0.4067796610169491
0.3225806451612903
0.5306122448979592
0.3137254901960784
0.507936507936508
0.43999999999999995
0.4545454545454545
0.4081632653061224
0.3137254901960784
0.3555555555555555
0.3913043478260869
0.6071428571428571
0.3829787234042553
0.36000000000000004
0.4285714285714285
0.45833333333333326
0.33333333333333337
0.3043478260869565
0.46808510638297873
0.509090909090909
0.47058823529411764
0.576923076923077
0.5
0.36363636363636365
0.4
0.42553191489361697
0.5357142857142857
0.5454545454545454
0.6666666666666665
0.39215686274509803
0.4074074074074074
0.5238095238095238
0.39215686274509803
0.3181818181818182
0.43333333333333335
0.3571428571428571
0.5416666666666666
0.5416666666666666
0.4313725490196078
0.33333333333333337
0.42857142857142855
0.43999999999999995
0.3529411764705882
0.5454545454545454
0.4888888888888889
0.4642857142857143
0.42553191489361697
0.3846153846153846
0.2978723404255319
0.4
0.5833333333333334
0.4137931034482759
0.4074074074074074
0.21739130434782608
0.3529411764705882
0.43999999999999995
0.34615384615384615
0.44897959183673464
0.5199999999999999
0.45833333333333326
0.5
0.38596491228070173
0.4363636363636364
0.43999999999999995
0.5306122448979592
0.43478260869565216
0.5
0.47457627118644075
0.36065573770491804
0.4
0.2692307692307693
0.45833333333333326
0.5714285714285713
0.5777777777777778
0.29268292682926833
0.3913043478260869
0.33333333333333337
0.36363636363636365
0.3829787234042553
0.43999999999999995
0.3137254901960784
0.5217391304347827
0.41509433962264153
0.45833333333333326
0.37209302325581395
0.380952380952381
0.5199999999999999
0.5106382978723405
0.4923076923076923
0.5384615384615385
0.4081632653061224
0.5
0.5
0.3571428571428571
0.4814814814814815
0.39344262295081966
0.45000000000000007
0.47619047619047616
0.3928571428571428
0.6122448979591837
0.36666666666666664
0.4313725490196078
0.24
0.5
0.33333333333333337
0.48
0.576923076923077
0.4210526315789474
0.3571428571428571
0.26086956521739135
0.4642857142857143
0.4444444444444445
0.4081632653061224
0.47058823529411764
0.34615384615384615
0.45833333333333326
0.35
0.2978723404255319
0.5
0.3684210526315789
0.46808510638297873
0.46808510638297873
0.64
0.43902439024390244
0.4482758620689655
0.5199999999999999
0.4444444444444445
0.3404255319148936
0.5245901639344263
0.5384615384615385
0.44897959183673464
0.5199999999999999
0.25531914893617025
0.48
0.5116279069767441
0.456140350877193
0.5454545454545455
0.5
0.4166666666666667
0.4912280701754386
0.5
0.26666666666666666
0.5098039215686274
0.5
0.47826086956521735
0.5084745762711865
0.43999999999999995
0.5416666666666666
0.27272727272727276
0.49056603773584906
0.456140350877193
0.5283018867924527
0.5245901639344263
0.3492063492063492
0.42553191489361697
0.5199999999999999
0.5098039215686274
0.32558139534883723
0.42553191489361697
0.43478260869565216
0.28571428571428575
0.4444444444444444
0.4090909090909091
0.33333333333333337
0.4081632653061224
0.5
0.4545454545454545
0.4090909090909091
0.47826086956521735
0.47058823529411764
0.41860465116279066
0.3529411764705882
0.32142857142857145
0.3555555555555555
0.3793103448275862
0.4363636363636364
0.5416666666666666
0.4848484848484848
0.41509433962264153
0.41860465116279066
0.5490196078431373
0.31111111111111117
0.3829787234042553
0.4727272727272728
0.5098039215686274
0.42553191489361697
0.5185185185185186
0.3272727272727273
0.3703703703703704
0.28571428571428575
0.5084745762711865
0.4545454545454545
0.4137931034482759
0.3137254901960784
0.29268292682926833
0.4
0.45833333333333326
0.3673469387755102
0.26086956521739135
0.5833333333333334
0.21739130434782608
0.5964912280701755
0.20512820512820512
0.5
0.36000000000000004
0.4727272727272728
0.5652173913043479
0.4210526315789474
0.423076923076923
0.4313725490196078
0.42553191489361697
0.4
0.5172413793103449
0.4444444444444445
0.43478260869565216
0.41860465116279066
0.4444444444444444
0.4
0.3636363636363636
0.5862068965517241
0.5416666666666666
0.47826086956521735
0.3928571428571428
0.5
0.4814814814814815
0.3272727272727273
0.4285714285714285
0.32558139534883723
0.4727272727272728
0.4090909090909091
0.4878048780487804
0.32
0.4444444444444444
0.3913043478260869
0.5660377358490566
0.48
0.4210526315789474
0.5
0.47887323943661975
0.4090909090909091
0.456140350877193
0.5384615384615385
0.32
0.44067796610169496
0.5423728813559322
0.42553191489361697
0.326530612244898
0.42553191489361697
0.34146341463414637
0.4117647058823529
0.3636363636363636
0.43478260869565216
0.27272727272727276
0.3
0.4
0.31111111111111117
0.4137931034482759
0.5084745762711865
0.46808510638297873
0.4074074074074074
0.3829787234042553
0.5384615384615385
0.4081632653061224
0.3404255319148936
0.3529411764705882
0.4615384615384615
0.4074074074074074
0.49056603773584906
0.4
0.56
0.6
0.33333333333333326
0.41509433962264153
0.5384615384615385
0.3829787234042553
0.48
0.4888888888888889
0.3913043478260869
0.3555555555555555
0.5116279069767441
0.4313725490196078
0.43478260869565216
0.4615384615384615
0.5333333333333333
0.3913043478260869
0.3846153846153846
0.3829787234042553
0.3793103448275862
0.5490196078431373
0.4313725490196078
0.4897959183673469
0.4444444444444445
0.3043478260869565
0.27906976744186046
0.5531914893617021
0.4137931034482759
0.4
0.4814814814814815
0.47058823529411764
0.4313725490196078
0.3913043478260869
0.5454545454545454
0.46875
0.36000000000000004
0.43902439024390244
0.47826086956521735
0.4210526315789474
0.37500000000000006
0.4545454545454545
0.5
0.4888888888888889
0.4210526315789474
0.4210526315789474
0.42424242424242425
0.5
0.5
0.5
0.509090909090909
0.5
0.576923076923077
0.44897959183673464
0.4444444444444445
0.4888888888888889
0.43478260869565216
0.4074074074074074
0.4
0.3773584905660377
0.5098039215686274
0.5660377358490566
0.3829787234042553
0.5
0.456140350877193
0.47058823529411764
0.48
0.5483870967741935
0.25
0.4363636363636364
0.4444444444444445
0.5098039215686274
0.4081632653061224
0.30769230769230765
0.42553191489361697
