0.5135135135135135
0.5862068965517241
0.3333333333333333
0.34210526315789475
0.4444444444444444
0.41025641025641024
0.45714285714285713
0.38636363636363635
0.36
0.3333333333333333
0.3829787234042553
0.4722222222222222
0.5806451612903226
0.7083333333333334
0.43137254901960786
0.4444444444444444
0.4473684210526316
0.4166666666666667
0.42857142857142855
0.4186046511627907
0.3684210526315789
0.33962264150943394
0.3333333333333333
0.5294117647058824
0.2857142857142857
0.4722222222222222
0.35
0.48148148148148145
0.32
0.45714285714285713
0.5
0.39473684210526316
0.4864864864864865
0.38095238095238093
0.4411764705882353
0.4473684210526316
0.53125
0.4594594594594595
0.391304347826087
0.5
0.4594594594594595
0.3469387755102041
0.4473684210526316
0.41025641025641024
0.4418604651162791
0.40476190476190477
0.37209302325581395
0.41025641025641024
0.5
0.48484848484848486
0.48484848484848486
0.3953488372093023
0.3448275862068966
0.34615384615384615
0.46875
0.6
0.5483870967741935
0.4146341463414634
0.42857142857142855
0.5
0.5806451612903226
0.4864864864864865
0.4722222222222222
0.5151515151515151
0.4473684210526316
0.7083333333333334
0.41025641025641024
0.37209302325581395
0.38235294117647056
0.4
0.625
0.4411764705882353
0.35555555555555557
0.42105263157894735
0.6538461538461539
0.375
0.48484848484848486
0.5161290322580645
0.37777777777777777
0.5
0.4358974358974359
0.4827586206896552
0.5151515151515151
0.42857142857142855
0.3148148148148148
0.3148148148148148
0.35555555555555557
0.5
0.53125
0.4666666666666667
0.3488372093023256
0.48484848484848486
0.37777777777777777
0.3617021276595745
0.4864864864864865
0.2857142857142857
0.3953488372093023
0.48717948717948717
0.5
0.3333333333333333
0.4186046511627907
0.39473684210526316
0.48484848484848486
0.5161290322580645
0.47058823529411764
0.5925925925925926
0.4090909090909091
0.4
0.4857142857142857
0.38461538461538464
0.38095238095238093
0.41304347826086957
0.35555555555555557
0.46875
0.4722222222222222
0.52
0.358974358974359
0.4090909090909091
0.3617021276595745
0.4473684210526316
0.5428571428571428
0.3409090909090909
0.4473684210526316
0.48148148148148145
0.4090909090909091
0.425
0.425
0.3191489361702128
0.53125
0.42105263157894735
0.42105263157894735
0.43902439024390244
0.45454545454545453
0.45454545454545453
0.41304347826086957
0.41025641025641024
0.4166666666666667
0.4186046511627907
0.4594594594594595
0.4117647058823529
0.42105263157894735
0.4864864864864865
0.4473684210526316
0.4666666666666667
0.5185185185185185
0.4857142857142857
0.47368421052631576
0.45
0.35
0.3269230769230769
0.3829787234042553
0.2857142857142857
0.45161290322580644
0.5161290322580645
0.5
0.4166666666666667
0.4594594594594595
0.37777777777777777
0.4444444444444444
0.3584905660377358
0.4444444444444444
0.5
0.4594594594594595
0.3888888888888889
0.45454545454545453
0.3958333333333333
0.42857142857142855
0.4722222222222222
0.40476190476190477
0.35714285714285715
0.5
0.4838709677419355
0.35714285714285715
0.5294117647058824
0.4090909090909091
0.48484848484848486
0.3953488372093023
0.4666666666666667
0.32608695652173914
0.4166666666666667
0.4594594594594595
0.3541666666666667
0.5517241379310345
0.46875
0.425
0.4186046511627907
0.47619047619047616
0.4864864864864865
0.4722222222222222
0.4594594594594595
0.4864864864864865
0.36
0.36363636363636365
0.30357142857142855
0.56
0.4594594594594595
0.4857142857142857
0.37209302325581395
0.48484848484848486
0.37209302325581395
0.5714285714285714
0.47058823529411764
0.4838709677419355
0.5333333333333333
0.5
0.425
0.5277777777777778
0.5517241379310345
0.38095238095238093
0.3617021276595745
0.42857142857142855
0.37142857142857144
0.4444444444444444
0.5
0.32
0.5714285714285714
0.36363636363636365
0.5
0.4878048780487805
0.38461538461538464
0.3333333333333333
0.4146341463414634
0.3953488372093023
0.3181818181818182
0.37777777777777777
0.4
0.3404255319148936
0.36363636363636365
0.36538461538461536
0.47368421052631576
0.45454545454545453
0.46153846153846156
0.4358974358974359
0.4090909090909091
0.375
0.36585365853658536
0.2962962962962963
0.425
0.34782608695652173
0.3902439024390244
0.4166666666666667
0.45714285714285713
0.35294117647058826
0.3829787234042553
0.41025641025641024
0.38636363636363635
0.34782608695652173
0.45714285714285713
0.42857142857142855
0.45714285714285713
0.30612244897959184
0.35
0.5666666666666667
0.358974358974359
0.35294117647058826
0.4358974358974359
0.43243243243243246
0.2857142857142857
0.37209302325581395
0.358974358974359
0.36585365853658536
0.5483870967741935
0.43243243243243246
0.5
0.45714285714285713
0.42105263157894735
0.38095238095238093
0.3695652173913043
0.3902439024390244
0.47368421052631576
0.47058823529411764
0.425
0.4358974358974359
0.42424242424242425
0.5806451612903226
0.5277777777777778
0.5172413793103449
0.4146341463414634
0.41025641025641024
0.32727272727272727
0.7777777777777778
0.4594594594594595
0.375
0.41025641025641024
0.3793103448275862
0.4594594594594595
0.4666666666666667
0.4838709677419355
0.4722222222222222
0.36585365853658536
0.39473684210526316
0.3673469387755102
0.4146341463414634
0.43243243243243246
0.6
0.5666666666666667
0.5
0.35555555555555557
0.3695652173913043
0.5714285714285714
0.5172413793103449
0.5
0.3541666666666667
0.42105263157894735
0.4594594594594595
0.5714285714285714
0.5454545454545454
0.43243243243243246
0.358974358974359
0.375
0.5294117647058824
0.3333333333333333
0.4375
0.4
0.4838709677419355
0.5
0.45454545454545453
0.42857142857142855
0.6521739130434783
0.38235294117647056
0.41935483870967744
0.4473684210526316
0.35294117647058826
0.45714285714285713
0.48484848484848486
0.45454545454545453
0.45714285714285713
0.3902439024390244
0.38095238095238093
0.6071428571428571
0.475
0.5172413793103449
0.41304347826086957
0.45714285714285713
0.42857142857142855
0.35185185185185186
0.34146341463414637
0.47058823529411764
0.5925925925925926
0.42105263157894735
0.3695652173913043
0.43243243243243246
0.40476190476190477
0.4411764705882353
0.48
0.4594594594594595
0.4864864864864865
0.40540540540540543
0.47368421052631576
0.5
0.38
0.4473684210526316
0.6206896551724138
0.5161290322580645
0.40540540540540543
0.5625
0.4838709677419355
0.36666666666666664
0.4
0.30357142857142855
0.6071428571428571
0.5
0.3953488372093023
0.4722222222222222
0.41025641025641024
0.35555555555555557
0.5142857142857142
0.37209302325581395
0.4358974358974359
0.3191489361702128
0.4090909090909091
0.45714285714285713
0.37254901960784315
0.42857142857142855
0.43243243243243246
0.5135135135135135
0.42105263157894735
0.36585365853658536
0.48484848484848486
0.42857142857142855
0.5
0.40540540540540543
0.3333333333333333
0.3888888888888889
0.3673469387755102
0.37209302325581395
0.5357142857142857
0.47368421052631576
0.625
0.5925925925925926
0.3333333333333333
0.47058823529411764
0.42105263157894735
0.42857142857142855
0.47368421052631576
0.53125
0.4473684210526316
0.43902439024390244
0.32
0.5517241379310345
0.36363636363636365
0.3333333333333333
0.40476190476190477
0.36585365853658536
0.375
0.5666666666666667
0.41025641025641024
0.3076923076923077
0.3902439024390244
0.45
0.35555555555555557
0.4473684210526316
0.43902439024390244
0.46153846153846156
0.3829787234042553
0.3541666666666667
0.38636363636363635
0.43243243243243246
0.47058823529411764
0.5151515151515151
0.4
0.32
0.48484848484848486
0.4444444444444444
0.38636363636363635
0.5172413793103449
0.3953488372093023
0.375
0.37777777777777777
0.4634146341463415
0.39473684210526316
0.5454545454545454
0.4473684210526316
0.5
0.4444444444444444
0.48717948717948717
0.4411764705882353
0.5
0.3902439024390244
0.46875
0.5483870967741935
0.5454545454545454
0.53125
0.33962264150943394
0.475
0.375
0.34
0.38636363636363635
0.3953488372093023
0.35714285714285715
0.38461538461538464
0.4166666666666667
0.5357142857142857
0.3125
0.34782608695652173
0.47058823529411764
0.3902439024390244
0.4857142857142857
0.43902439024390244
0.42857142857142855
0.26229508196721313
0.3953488372093023
0.375
0.47368421052631576
0.38095238095238093
0.2698412698412698
0.4594594594594595
0.38095238095238093
0.4594594594594595
0.43478260869565216
0.45714285714285713
0.2692307692307692
0.3488372093023256
0.4318181818181818
0.5625
0.3953488372093023
0.4444444444444444
0.5
0.4838709677419355
0.45714285714285713
0.53125
0.35714285714285715
0.45454545454545453
0.35135135135135137
0.4
0.6956521739130435
0.38461538461538464
0.3
0.5
0.38095238095238093
0.6
0.32653061224489793
0.425
0.4722222222222222
0.5
0.3333333333333333
0.5277777777777778
0.43478260869565216
0.5483870967741935
0.625
