0.7692307692307693
0.6818181818181818
0.5263157894736842
0.55
0.6666666666666666
0.6
0.6428571428571429
0.8461538461538461
0.7647058823529411
0.6111111111111112
0.5384615384615384
0.631578947368421
0.7
0.5555555555555556
0.5555555555555556
0.5625
0.48148148148148145
0.5789473684210527
0.55
0.6190476190476191
0.6470588235294118
0.43478260869565216
0.4583333333333333
0.4166666666666667
0.5
0.5909090909090909
0.5625
0.5
0.625
0.75
0.7333333333333333
0.5217391304347826
0.5454545454545454
0.7333333333333333
0.8181818181818182
0.7333333333333333
0.5714285714285714
0.7272727272727273
0.75
0.7142857142857143
0.4166666666666667
0.5
0.7
0.6470588235294118
0.6875
0.5294117647058824
0.7222222222222222
0.5384615384615384
0.6470588235294118
0.625
0.3793103448275862
0.47368421052631576
0.5909090909090909
0.6666666666666666
0.5555555555555556
0.47058823529411764
0.5238095238095238
0.7222222222222222
0.631578947368421
0.5555555555555556
0.6470588235294118
0.65
0.5238095238095238
0.6153846153846154
0.7857142857142857
0.4
0.625
0.5625
0.6
0.5
0.5
0.5625
0.8
0.6470588235294118
0.45454545454545453
0.5333333333333333
0.6875
0.75
0.5652173913043478
0.6842105263157895
0.6
0.75
0.47368421052631576
0.6111111111111112
0.7058823529411765
0.55
0.55
0.4827586206896552
0.5294117647058824
0.5
0.4666666666666667
0.6470588235294118
0.6190476190476191
0.5625
0.8888888888888888
0.7333333333333333
0.6190476190476191
0.5416666666666666
0.5217391304347826
0.8333333333333334
0.55
0.7142857142857143
0.6875
0.4583333333333333
0.7222222222222222
0.6190476190476191
0.5882352941176471
0.5714285714285714
0.7222222222222222
0.5
0.6923076923076923
0.6111111111111112
0.6666666666666666
0.5555555555555556
0.6190476190476191
0.5789473684210527
0.5238095238095238
0.5652173913043478
0.65
0.47619047619047616
0.7692307692307693
0.7692307692307693
0.5416666666666666
0.6111111111111112
0.75
0.46875
0.625
0.6153846153846154
0.5454545454545454
0.5882352941176471
0.6666666666666666
0.8461538461538461
0.6
0.5714285714285714
0.6666666666666666
0.6666666666666666
0.6666666666666666
0.7333333333333333
0.7777777777777778
0.5185185185185185
0.5833333333333334
0.631578947368421
0.5294117647058824
0.5555555555555556
0.6111111111111112
0.6875
0.7058823529411765
0.5625
0.5555555555555556
0.6428571428571429
0.7333333333333333
0.6842105263157895
0.631578947368421
0.6153846153846154
0.5555555555555556
0.5454545454545454
0.5625
0.625
0.5652173913043478
0.4482758620689655
0.4666666666666667
0.7058823529411765
0.6666666666666666
0.5882352941176471
0.5
0.6923076923076923
0.6190476190476191
0.6923076923076923
0.5263157894736842
0.7692307692307693
0.5714285714285714
1.0
0.55
0.6111111111111112
0.625
0.5
0.5
0.7857142857142857
0.5217391304347826
0.75
0.6111111111111112
0.5714285714285714
0.7058823529411765
0.6666666666666666
0.5714285714285714
0.6666666666666666
0.7857142857142857
0.6153846153846154
0.5789473684210527
0.6428571428571429
0.6111111111111112
0.7058823529411765
0.5
0.6923076923076923
0.5
0.7058823529411765
0.6666666666666666
0.65
0.5
0.5714285714285714
0.5
0.6470588235294118
0.6470588235294118
0.6
0.6666666666666666
0.6666666666666666
0.625
0.6
0.7222222222222222
0.6428571428571429
0.7058823529411765
0.65
0.5238095238095238
0.5217391304347826
0.6875
0.7222222222222222
0.5263157894736842
0.6111111111111112
0.5416666666666666
0.8
0.6363636363636364
0.65
0.56
0.5652173913043478
0.6818181818181818
0.7333333333333333
0.7692307692307693
0.65
0.5238095238095238
0.625
0.6470588235294118
0.7333333333333333
0.5625
0.6470588235294118
0.5238095238095238
0.6
0.7222222222222222
0.5238095238095238
0.5
0.5555555555555556
0.6666666666666666
0.6666666666666666
0.6875
0.6111111111111112
0.5652173913043478
0.5
0.55
0.5909090909090909
0.4482758620689655
0.44
0.8
0.8
0.5882352941176471
0.6875
0.5333333333333333
0.625
0.48
0.6
0.5333333333333333
0.625
0.6875
0.5652173913043478
0.6
0.5882352941176471
0.6470588235294118
0.5652173913043478
0.5238095238095238
0.5909090909090909
0.55
0.5263157894736842
0.6086956521739131
0.5882352941176471
0.6470588235294118
0.631578947368421
0.5625
0.4642857142857143
0.6428571428571429
0.7142857142857143
0.6
0.6153846153846154
0.5
0.8666666666666667
0.6875
0.5882352941176471
0.5909090909090909
0.6923076923076923
0.6666666666666666
0.8235294117647058
0.4444444444444444
0.6
0.5294117647058824
0.5833333333333334
0.4782608695652174
0.5
0.6
0.6842105263157895
0.5909090909090909
0.47368421052631576
0.6923076923076923
0.75
0.6190476190476191
0.6470588235294118
0.6666666666666666
0.5238095238095238
0.7333333333333333
0.8181818181818182
0.8
0.45454545454545453
0.5238095238095238
0.5238095238095238
0.6470588235294118
0.6
0.8571428571428571
0.7692307692307693
0.6666666666666666
0.52
0.5
0.5652173913043478
0.47368421052631576
0.7333333333333333
0.5882352941176471
0.55
0.8125
0.7272727272727273
0.5652173913043478
0.7333333333333333
0.5294117647058824
0.47368421052631576
0.5789473684210527
0.6111111111111112
0.8181818181818182
0.6842105263157895
0.5217391304347826
0.7692307692307693
0.6666666666666666
0.6
0.5454545454545454
0.6875
0.6153846153846154
0.5625
0.5909090909090909
0.5238095238095238
0.6666666666666666
0.5714285714285714
0.9090909090909091
0.5294117647058824
0.5416666666666666
0.4782608695652174
0.5
0.8235294117647058
0.6666666666666666
0.75
0.56
0.6666666666666666
0.7058823529411765
0.375
0.7368421052631579
0.5555555555555556
0.7058823529411765
0.6111111111111112
0.6363636363636364
0.7222222222222222
0.7142857142857143
0.47619047619047616
0.631578947368421
0.5
0.6470588235294118
0.6470588235294118
0.5714285714285714
0.5
0.75
0.6666666666666666
0.5625
0.5454545454545454
0.6428571428571429
0.5555555555555556
0.5
0.6923076923076923
0.6
0.7692307692307693
0.6
0.6470588235294118
0.5789473684210527
0.7857142857142857
0.65
0.7222222222222222
0.6666666666666666
0.6470588235294118
0.6153846153846154
0.6470588235294118
0.5555555555555556
0.631578947368421
0.6363636363636364
0.6666666666666666
0.6923076923076923
0.6
0.6153846153846154
0.5882352941176471
0.6111111111111112
0.5294117647058824
0.7333333333333333
0.7142857142857143
0.6
0.5333333333333333
0.38235294117647056
0.5185185185185185
0.6190476190476191
0.4782608695652174
0.6111111111111112
0.6
0.6666666666666666
0.75
0.47058823529411764
0.8333333333333334
0.75
0.7142857142857143
0.625
0.5652173913043478
0.7058823529411765
0.5333333333333333
0.65
0.5555555555555556
0.7142857142857143
0.5882352941176471
0.6111111111111112
0.4375
0.7058823529411765
0.6
0.5
0.7142857142857143
0.7857142857142857
0.5263157894736842
0.6111111111111112
0.5555555555555556
0.65
0.5454545454545454
0.7857142857142857
0.9090909090909091
0.42105263157894735
0.5652173913043478
0.5909090909090909
0.625
0.6
0.5909090909090909
0.6
0.75
0.631578947368421
0.5625
0.5238095238095238
0.6666666666666666
0.7272727272727273
0.5882352941176471
0.5416666666666666
0.6
0.8333333333333334
0.4
0.5555555555555556
0.5
0.5
0.7894736842105263
0.8
0.5
0.5263157894736842
0.6
0.7142857142857143
0.6111111111111112
0.625
0.5
0.4
0.6428571428571429
0.8333333333333334
0.5217391304347826
0.42857142857142855
0.6875
0.5
0.631578947368421
0.6
0.42857142857142855
0.5238095238095238
0.5294117647058824
0.75
0.5217391304347826
0.6
0.6923076923076923
0.7058823529411765
0.42857142857142855
0.9090909090909091
0.625
0.42105263157894735
0.55
0.6875
0.6666666666666666
0.8
0.5161290322580645
0.6875
0.5
0.6666666666666666
0.6470588235294118
0.65
0.6923076923076923
