0.22222222222222224
0.2769230769230769
0.22222222222222224
0.2181818181818182
0.125
0.25
0.07017543859649124
0.23728813559322037
0.10526315789473685
0.3125
0.303030303030303
0.22641509433962265
0.23728813559322037
0.208955223880597
0.21874999999999997
0.22641509433962265
0.3225806451612903
0.2456140350877193
0.20588235294117646
0.10526315789473685
0.25
0.17241379310344826
0.28070175438596495
0.3448275862068965
0.20000000000000004
0.32786885245901637
0.11764705882352941
0.10344827586206898
0.1379310344827586
0.2456140350877193
0.16949152542372883
0.17543859649122806
0.11538461538461538
0.1379310344827586
0.06779661016949153
0.28571428571428564
0.27027027027027023
0.20689655172413796
0.22222222222222224
0.3333333333333333
0.19607843137254902
0.22580645161290322
0.26666666666666666
0.17543859649122806
0.26666666666666666
0.11538461538461538
0.13333333333333333
0.17857142857142855
0.23333333333333334
0.20689655172413796
0.2105263157894737
0.3492063492063492
0.21428571428571427
0.14925373134328357
0.1818181818181818
0.20689655172413796
0.07017543859649124
0.23333333333333334
0.10714285714285714
0.20689655172413796
0.16393442622950818
0.3050847457627119
0.19607843137254902
0.1568627450980392
0.26865671641791045
0.2424242424242424
0.10344827586206898
0.15094339622641512
0.20000000000000004
0.1818181818181818
0.16129032258064516
0.15625
0.2456140350877193
0.20689655172413796
0.32786885245901637
0.15625
0.1515151515151515
0.2580645161290323
0.20338983050847456
0.14285714285714288
0.26865671641791045
0.2545454545454545
0.1923076923076923
0.22222222222222224
0.19354838709677422
0.20338983050847456
0.20689655172413796
0.21212121212121213
0.3529411764705882
0.13114754098360656
0.15873015873015872
0.16949152542372883
0.28571428571428564
0.17857142857142855
0.17543859649122806
0.10714285714285714
0.22950819672131148
0.253968253968254
0.12903225806451615
0.17543859649122806
0.2040816326530612
0.19672131147540983
0.23529411764705882
0.13333333333333333
0.26229508196721313
0.2222222222222222
0.17241379310344826
0.14285714285714288
0.22950819672131148
0.20689655172413796
0.3
0.2580645161290323
0.22950819672131148
0.20000000000000004
0.15384615384615383
0.2727272727272727
0.23333333333333334
0.1851851851851852
0.253968253968254
0.36666666666666664
0.14545454545454545
0.2105263157894737
0.2727272727272727
0.18750000000000003
0.3103448275862069
0.17543859649122806
0.2711864406779661
0.3492063492063492
0.17543859649122806
0.22950819672131148
0.25
0.09230769230769231
0.3636363636363636
0.14285714285714288
0.26229508196721313
0.17241379310344826
0.12
0.21874999999999997
0.16393442622950818
0.14814814814814814
0.15384615384615383
0.31884057971014496
0.3448275862068965
0.31746031746031744
0.1791044776119403
0.2413793103448276
0.12903225806451615
0.10000000000000002
0.1923076923076923
0.2456140350877193
0.21874999999999997
0.10344827586206898
0.21212121212121213
0.19354838709677422
0.10169491525423728
0.1379310344827586
0.2711864406779661
0.18867924528301885
0.10169491525423728
0.2181818181818182
0.19672131147540983
0.20000000000000004
0.2758620689655172
0.2413793103448276
0.21874999999999997
0.20689655172413796
0.29032258064516125
0.16393442622950818
0.09677419354838711
0.2909090909090909
0.16129032258064516
0.2413793103448276
0.22580645161290322
0.1090909090909091
0.20289855072463772
0.07547169811320756
0.17241379310344826
0.1515151515151515
0.11111111111111112
0.10714285714285714
0.11320754716981132
0.09523809523809525
0.17543859649122806
0.18461538461538463
0.20000000000000004
0.1568627450980392
0.29032258064516125
0.1818181818181818
0.15625
0.20000000000000004
0.2758620689655172
0.253968253968254
0.22222222222222224
0.09375000000000001
0.19672131147540983
0.20338983050847456
0.16949152542372883
0.28070175438596495
0.10714285714285714
0.17241379310344826
0.14285714285714288
0.2105263157894737
0.11764705882352941
0.22580645161290322
0.15384615384615383
0.3384615384615384
0.34375
0.2105263157894737
0.10714285714285714
0.29411764705882354
0.18461538461538463
0.2758620689655172
0.2413793103448276
0.23076923076923075
0.1904761904761905
0.2711864406779661
0.126984126984127
0.14705882352941177
0.2962962962962963
0.23728813559322037
0.20000000000000004
0.16393442622950818
0.22950819672131148
0.19672131147540983
0.26865671641791045
0.2758620689655172
0.3
0.18461538461538463
0.19672131147540983
0.23076923076923075
0.3283582089552239
0.03636363636363636
0.23333333333333334
0.2413793103448276
0.09523809523809525
0.19672131147540983
0.03636363636363636
0.20338983050847456
0.3283582089552239
0.126984126984127
0.1818181818181818
0.19672131147540983
0.163265306122449
0.0784313725490196
0.09523809523809525
0.25
0.22950819672131148
0.16666666666666666
0.4262295081967213
0.20338983050847456
0.32142857142857145
0.14925373134328357
0.2181818181818182
0.22580645161290322
0.31746031746031744
0.28070175438596495
0.3125
0.23880597014925373
0.2413793103448276
0.2424242424242424
0.15384615384615383
0.20338983050847456
0.20689655172413796
0.28571428571428575
0.1515151515151515
0.23529411764705882
0.17647058823529413
0.2456140350877193
0.10714285714285714
0.14285714285714288
0.19672131147540983
0.12307692307692307
0.2424242424242424
0.13559322033898305
0.3703703703703704
0.13559322033898305
0.15384615384615383
0.10000000000000002
0.25
0.07142857142857144
0.22580645161290322
0.2580645161290323
0.3384615384615384
0.09523809523809525
0.2711864406779661
0.12903225806451615
0.1818181818181818
0.2153846153846154
0.20000000000000004
0.0
0.2424242424242424
0.26229508196721313
0.2758620689655172
0.15094339622641512
0.24615384615384614
0.21428571428571427
0.22950819672131148
0.20689655172413796
0.3333333333333333
0.15384615384615383
0.22641509433962265
0.20000000000000004
0.12307692307692307
0.10344827586206898
0.1515151515151515
0.28070175438596495
0.1851851851851852
0.253968253968254
0.20689655172413796
0.07142857142857144
0.10526315789473685
0.22222222222222224
0.14705882352941177
0.2456140350877193
0.15873015873015872
0.11111111111111112
0.10000000000000002
0.0634920634920635
0.10344827586206898
0.26415094339622636
0.22641509433962265
0.21428571428571427
0.18461538461538463
0.1904761904761905
0.2105263157894737
0.1904761904761905
0.3103448275862069
0.22950819672131148
0.07692307692307691
0.2
0.16129032258064516
0.18461538461538463
0.2580645161290323
0.19354838709677422
0.25
0.13559322033898305
0.16129032258064516
0.07272727272727272
0.20000000000000004
0.25
0.20588235294117646
0.2105263157894737
0.125
0.20338983050847456
0.1851851851851852
0.2181818181818182
0.2153846153846154
0.26229508196721313
0.13333333333333333
0.1791044776119403
0.10714285714285714
0.16129032258064516
0.22950819672131148
0.1818181818181818
0.2545454545454545
0.07142857142857144
0.2413793103448276
0.07692307692307691
0.22641509433962265
0.09836065573770492
0.14545454545454545
0.16393442622950818
0.14035087719298248
0.0816326530612245
0.16666666666666666
0.2318840579710145
0.26666666666666666
0.23728813559322037
0.34782608695652173
0.1904761904761905
0.20689655172413796
0.2758620689655172
0.15094339622641512
0.11320754716981132
0.22222222222222224
0.07547169811320756
0.2545454545454545
0.20000000000000004
0.20338983050847456
0.10169491525423728
0.23880597014925373
0.253968253968254
0.2181818181818182
0.16666666666666666
0.15094339622641512
0.1904761904761905
0.22580645161290322
0.16666666666666666
0.208955223880597
0.12903225806451615
0.30769230769230765
0.16393442622950818
0.28571428571428564
0.26666666666666666
0.20000000000000004
0.19354838709677422
0.08333333333333334
0.21874999999999997
0.11111111111111112
0.3333333333333333
0.16949152542372883
0.07692307692307691
0.3636363636363636
0.09677419354838711
0.21428571428571427
0.2285714285714286
0.20000000000000004
0.10169491525423728
0.17241379310344826
0.22222222222222224
0.20689655172413796
0.29032258064516125
0.16949152542372883
0.18461538461538463
0.2105263157894737
0.0816326530612245
0.1851851851851852
0.16949152542372883
0.20588235294117646
0.3050847457627119
0.14035087719298248
0.21874999999999997
0.26229508196721313
0.2608695652173913
0.208955223880597
0.17543859649122806
0.06666666666666667
0.22222222222222224
0.17241379310344826
0.3548387096774193
0.25
0.15094339622641512
0.13559322033898305
0.11764705882352941
0.16129032258064516
0.1818181818181818
0.21212121212121213
0.163265306122449
0.17857142857142855
0.26415094339622636
0.29508196721311475
0.25
0.21428571428571427
0.22222222222222224
0.37500000000000006
0.2727272727272727
0.22950819672131148
0.23333333333333334
0.303030303030303
0.2456140350877193
0.16393442622950818
0.2580645161290323
0.22222222222222224
0.20689655172413796
0.21428571428571427
0.22222222222222224
0.15094339622641512
0.2153846153846154
0.22580645161290322
0.2978723404255319
0.36065573770491804
0.23728813559322037
0.2592592592592593
0.11111111111111112
0.1851851851851852
0.21874999999999997
0.3103448275862069
0.3548387096774193
0.21874999999999997
0.3050847457627119
0.20689655172413796
0.21874999999999997
0.19354838709677422
0.253968253968254
0.2647058823529412
0.1923076923076923
0.22580645161290322
0.22222222222222224
0.13559322033898305
0.22950819672131148
0.24615384615384614
0.2898550724637681
0.2105263157894737
0.20289855072463772
0.14285714285714288
0.22950819672131148
0.13333333333333333
0.15873015873015872
0.2153846153846154
0.31884057971014496
0.21212121212121213
0.163265306122449
0.14925373134328357
0.2711864406779661
0.13559322033898305
0.06779661016949153
0.2456140350877193
0.208955223880597
0.2105263157894737
0.20000000000000004
