0.7304166666666667
0.7416666666666667
0.7741666666666666
0.8029166666666667
0.7895833333333334
0.7391666666666666
0.772361111111111
0.7393055555555555
0.7794444444444444
0.7743055555555556
0.7155555555555556
0.77
0.7515277777777778
0.7994444444444444
0.7661111111111111
0.7225
0.7966666666666666
0.7772222222222223
0.7197222222222223
0.7955555555555556
0.7936111111111112
0.7794444444444444
0.7783333333333333
0.7605555555555557
0.7630555555555556
0.7430555555555556
0.7109722222222222
0.7481944444444444
0.7626388888888889
0.6986111111111111
0.7727777777777778
0.7663888888888889
0.7806944444444445
0.7305555555555556
0.7745833333333334
0.7619444444444444
0.7854166666666668
0.7965277777777778
0.7538888888888889
0.7909722222222222
0.7341666666666667
0.7470833333333333
0.7891666666666667
0.7815277777777778
0.7994444444444444
0.781388888888889
0.7366666666666667
0.7031944444444445
0.7059722222222222
0.6990277777777778
0.7161111111111111
0.7341666666666666
0.7108333333333333
0.7847222222222222
0.7686111111111111
0.7902777777777777
0.7686111111111111
0.7675
0.7277777777777777
0.7725000000000001
0.7408333333333335
0.7366666666666667
0.8241666666666667
0.7211111111111111
0.8019444444444445
0.7452777777777778
0.7533333333333333
0.7329166666666668
0.7359722222222222
0.7527777777777778
0.7068055555555556
0.736111111111111
0.7302777777777778
0.7277777777777777
0.7115277777777779
0.7275
0.7819444444444444
0.7826388888888889
0.7447222222222222
0.7852777777777777
0.7449999999999999
0.7365277777777778
0.7494444444444445
0.715
0.8063888888888889
0.7852777777777779
0.7487499999999999
0.7466666666666667
0.7334722222222222
0.7363888888888889
0.7474999999999999
0.783611111111111
0.6936111111111111
0.7402777777777778
0.7538888888888888
0.7333333333333333
0.75
0.758888888888889
0.7804166666666668
0.7795833333333333
0.7713888888888889
0.7858333333333333
0.7375
0.7208333333333333
0.7525000000000001
0.7643055555555556
0.7819444444444444
0.7579166666666666
0.7325
0.7705555555555555
0.7527777777777778
0.8369444444444445
0.7736111111111111
0.7483333333333334
0.7422222222222222
0.7638888888888891
0.7902777777777777
0.7491666666666668
0.7625000000000001
0.8038888888888889
0.7508333333333334
0.7619444444444444
0.7827777777777778
0.7238888888888888
0.7369444444444444
0.78125
0.737361111111111
0.7658333333333334
0.795
0.7158333333333332
0.7094444444444444
0.8244444444444444
0.7331944444444445
0.7113888888888888
0.785
0.7572222222222221
0.788888888888889
0.8105555555555556
0.7918055555555555
0.7486111111111111
0.6963888888888888
0.7805555555555556
0.7308333333333333
0.7381944444444444
0.7519444444444445
0.7522222222222222
0.801111111111111
0.7797222222222223
0.7275
0.7825
0.7355555555555556
0.7647222222222221
0.7852777777777777
0.7661111111111111
0.7672222222222221
0.7283333333333333
0.731111111111111
0.8097222222222221
0.7002777777777778
0.7766666666666666
0.7194444444444443
0.7734722222222221
0.7436111111111111
0.8465277777777778
0.7466666666666667
0.7584722222222222
0.7716666666666666
0.8131944444444444
0.7933333333333333
0.7377777777777778
0.8013888888888888
0.7227777777777779
0.7054166666666666
0.7573611111111112
0.7541666666666668
0.7386111111111111
0.7799999999999999
0.8398611111111111
0.7705555555555554
0.7940277777777778
0.7440277777777777
0.7409722222222223
0.7863888888888889
0.7186111111111112
0.7169444444444444
0.7523611111111111
0.7413888888888889
0.7911111111111111
0.7525000000000001
0.7841666666666667
0.7563888888888889
0.7694444444444445
0.7777777777777778
0.7379166666666667
0.7634722222222222
0.7541666666666667
0.7461111111111111
0.7733333333333334
0.7526388888888889
0.8036111111111112
0.7704166666666666
0.7402777777777777
0.7661111111111111
0.7975
0.7591666666666667
0.7820833333333335
0.7283333333333333
0.7516666666666667
0.7638888888888888
0.7686111111111111
0.7658333333333333
0.6902777777777778
0.7619444444444445
0.7565277777777778
0.7273611111111111
0.7558333333333334
0.7444444444444445
0.7543055555555556
0.7344444444444443
0.7202777777777777
0.7123611111111111
0.7891666666666667
0.792638888888889
0.7875000000000001
0.7670833333333333
0.7716666666666666
0.7805555555555556
0.7730555555555555
0.8163888888888888
0.77625
0.7719444444444445
0.7648611111111111
0.7277777777777779
0.7923611111111112
0.8077777777777778
0.7229166666666667
0.8009722222222223
0.7806944444444445
0.7352777777777777
0.7655555555555557
0.7605555555555555
0.79
0.8088888888888889
0.7136111111111112
0.8380555555555556
0.7119444444444445
0.7909722222222222
0.788888888888889
0.7290277777777777
0.7511111111111111
0.8291666666666666
0.793888888888889
0.7488888888888889
0.7686111111111111
0.75375
0.7726388888888889
0.7825
0.7441666666666668
0.7602777777777777
0.7758333333333334
0.7766666666666667
0.785
0.763611111111111
0.7949999999999999
0.7831944444444444
0.7805555555555556
0.7447222222222222
0.7930555555555556
0.7952777777777778
0.8308333333333333
0.7258333333333333
0.7651388888888888
0.7830555555555556
0.7743055555555556
0.7830555555555556
0.7025
0.8141666666666667
0.7202777777777777
0.751111111111111
0.7697222222222222
0.7175
0.7788888888888889
0.7720833333333333
0.7433333333333333
0.806388888888889
0.7305555555555556
0.7836111111111111
0.71125
0.8011111111111112
0.6925
0.7309722222222222
0.7877777777777778
0.7241666666666667
0.7972222222222222
0.7405555555555556
0.7222222222222222
0.8013888888888888
0.7231944444444445
0.7497222222222223
0.7759722222222223
0.7869444444444444
0.7722222222222223
0.7341666666666666
0.7859722222222222
0.7005555555555556
0.7455555555555556
0.7162499999999999
0.6811111111111112
0.7602777777777778
0.7547222222222222
0.7681944444444444
0.8072222222222223
0.7277777777777777
0.7491666666666668
0.7166666666666667
0.7422222222222221
0.7830555555555555
0.8055555555555555
0.7358333333333333
0.7634722222222222
0.8091666666666667
0.7241666666666667
0.7713888888888889
0.8036111111111112
0.7488888888888889
0.7375
0.8133333333333332
0.7915277777777778
0.7572222222222222
0.7280555555555556
0.76
0.7733333333333334
0.7377777777777778
0.7840277777777778
0.7838888888888889
0.7493055555555556
0.7081944444444445
0.7627777777777777
0.7683333333333333
0.8091666666666667
0.7744444444444445
0.778888888888889
0.8022222222222223
0.7452777777777777
0.7679166666666666
0.7783333333333333
0.7722222222222223
0.7177777777777778
0.7730555555555556
0.8099999999999999
0.7744444444444444
0.7629166666666666
0.7375
0.7211111111111111
0.6786111111111112
0.7272222222222222
0.711111111111111
0.7381944444444444
0.7605555555555555
0.7701388888888888
0.7629166666666666
0.773611111111111
0.7363888888888889
0.7022222222222223
0.7605555555555555
0.7570833333333333
0.7608333333333334
0.6983333333333334
0.7722222222222223
0.7231944444444445
0.7652777777777777
0.76
0.76125
0.6679166666666666
0.7229166666666668
0.6616666666666666
0.7555555555555555
0.7375
0.7888888888888889
0.7572222222222222
0.8023611111111111
0.7608333333333334
0.7784722222222222
0.7941666666666667
0.8166666666666668
0.7715277777777777
0.7744444444444445
0.7701388888888888
0.7654166666666666
0.6944444444444444
0.7855555555555556
0.7631944444444445
0.77875
0.7899999999999999
0.7600000000000001
0.7591666666666667
0.8022222222222223
0.7341666666666667
0.8127777777777778
0.7884722222222222
0.7902777777777777
0.7375
0.7561111111111111
0.7291666666666666
0.7805555555555556
0.794861111111111
0.7716666666666666
0.7569444444444444
0.7791666666666667
0.773888888888889
0.7630555555555556
0.7740277777777778
0.7469444444444445
0.7476388888888889
0.7926388888888889
0.8009722222222222
0.7554166666666667
0.7558333333333334
0.7506944444444444
0.7127777777777777
0.7829166666666667
0.7331944444444445
0.7233333333333333
0.6877777777777777
0.7894444444444445
0.7177777777777778
0.75
0.7366666666666666
0.7951388888888888
0.7597222222222222
0.7830555555555556
0.7761111111111112
0.7206944444444444
0.7636111111111111
0.7822222222222223
0.7469444444444444
0.7269444444444444
0.7513888888888889
0.717361111111111
0.7266666666666666
0.7363888888888889
0.77
0.7705555555555555
0.7416666666666666
0.7086111111111111
0.7544444444444445
0.7619444444444445
0.7597222222222222
0.7672222222222222
0.7366666666666667
0.7188888888888888
0.7611111111111112
0.7783333333333334
0.7465277777777778
0.785
0.7241666666666666
0.7191666666666667
0.7722222222222221
0.7644444444444445
0.7147222222222221
0.7291666666666666
0.8329166666666666
0.7591666666666667
0.8211111111111111
0.7236111111111111
0.7527777777777778
0.79
0.7488888888888888
0.7441666666666666
0.6983333333333333
0.7911111111111111
0.75
0.7733333333333333
0.7019444444444445
0.7158333333333333
0.8019444444444446
0.7330555555555556
0.7344444444444445
0.7443055555555556
0.7908333333333334
0.7991666666666667
0.7527777777777779
0.7475
0.7138888888888889
0.7722222222222223
0.8263888888888888
0.7672222222222221
0.7786111111111111
0.731388888888889
0.7218055555555556
0.7002777777777778
0.7883333333333334
0.6852777777777778
0.7741666666666667
0.7775
0.7411111111111112
0.7219444444444444
0.8008333333333334
0.7780555555555556
0.7899999999999999
