0.6785714285714286
0.7727272727272727
0.9375
0.9285714285714286
0.64
0.64
0.9411764705882353
0.8095238095238095
0.6206896551724138
0.8235294117647058
0.75
0.8095238095238095
0.8571428571428571
0.8947368421052632
0.8461538461538461
0.8888888888888888
0.68
0.6896551724137931
0.7142857142857143
0.9
0.8235294117647058
0.75
0.7727272727272727
0.72
0.6666666666666666
0.85
0.7777777777777778
0.9285714285714286
0.7619047619047619
0.7272727272727273
0.7619047619047619
0.8333333333333334
0.72
0.8888888888888888
0.9375
0.85
0.8947368421052632
0.8947368421052632
0.9
0.8636363636363636
0.7391304347826086
0.7391304347826086
0.7391304347826086
0.7619047619047619
0.76
0.7727272727272727
0.7619047619047619
0.7619047619047619
0.8421052631578947
0.8421052631578947
0.8
0.8095238095238095
0.5714285714285714
0.8571428571428571
0.6818181818181818
1.0
0.85
0.7727272727272727
0.8181818181818182
0.8095238095238095
0.9
0.72
0.7083333333333334
0.7727272727272727
0.8095238095238095
0.9444444444444444
0.7272727272727273
0.7619047619047619
0.8125
0.8421052631578947
0.75
0.6521739130434783
0.8421052631578947
0.9411764705882353
0.6296296296296297
0.8333333333333334
0.7272727272727273
0.9411764705882353
0.7727272727272727
0.7142857142857143
0.8095238095238095
0.7
0.8947368421052632
0.8823529411764706
0.7727272727272727
0.7083333333333334
0.8421052631578947
0.7391304347826086
0.8947368421052632
0.9333333333333333
0.75
0.7619047619047619
0.9444444444444444
0.8095238095238095
0.782608695652174
0.7619047619047619
0.85
0.7916666666666666
0.782608695652174
0.782608695652174
0.8181818181818182
0.6818181818181818
0.8
0.7272727272727273
0.8421052631578947
0.7619047619047619
0.782608695652174
0.6666666666666666
0.8947368421052632
0.8333333333333334
0.7619047619047619
0.8260869565217391
0.8
0.6818181818181818
1.0
0.7647058823529411
0.6666666666666666
0.8571428571428571
0.6538461538461539
0.7083333333333334
0.9047619047619048
0.6818181818181818
0.7727272727272727
0.7647058823529411
0.8181818181818182
0.6296296296296297
0.8947368421052632
0.6818181818181818
0.85
0.8888888888888888
0.7619047619047619
0.9
0.8333333333333334
0.7894736842105263
1.0
0.8
0.9375
0.75
0.9444444444444444
0.875
0.8421052631578947
0.9473684210526315
0.8095238095238095
0.8235294117647058
0.875
0.85
0.9
0.782608695652174
0.7368421052631579
0.7391304347826086
0.9
0.6956521739130435
0.7368421052631579
0.8421052631578947
0.8181818181818182
0.7894736842105263
0.9444444444444444
0.8095238095238095
0.8
0.76
0.8888888888888888
0.9375
0.7083333333333334
0.7777777777777778
0.8333333333333334
0.7307692307692307
0.75
0.8095238095238095
0.8095238095238095
0.6818181818181818
0.85
0.7894736842105263
0.6818181818181818
0.8181818181818182
0.9
0.6956521739130435
0.8947368421052632
0.8235294117647058
0.7894736842105263
0.7894736842105263
0.85
0.85
0.8421052631578947
0.6818181818181818
0.6296296296296297
0.782608695652174
0.8
0.9
0.6296296296296297
0.8095238095238095
0.782608695652174
0.6666666666666666
1.0
0.6538461538461539
0.8235294117647058
0.7083333333333334
0.9444444444444444
0.8
0.8421052631578947
0.7272727272727273
0.8
0.9411764705882353
0.8823529411764706
0.8421052631578947
0.7727272727272727
0.85
0.95
0.8
0.7272727272727273
0.6071428571428571
0.8823529411764706
0.8666666666666667
0.8
0.85
0.8888888888888888
0.6956521739130435
0.7619047619047619
0.7619047619047619
0.8
0.8333333333333334
0.6538461538461539
0.85
0.8095238095238095
0.8235294117647058
0.7083333333333334
0.72
0.6956521739130435
0.6666666666666666
0.7307692307692307
0.782608695652174
0.6896551724137931
0.8181818181818182
0.6538461538461539
0.75
0.7142857142857143
0.8333333333333334
0.6666666666666666
0.8947368421052632
0.6153846153846154
0.8421052631578947
0.6451612903225806
0.8
0.72
0.72
0.7272727272727273
0.7727272727272727
0.7619047619047619
0.6956521739130435
0.8823529411764706
0.7619047619047619
0.8333333333333334
0.7
0.85
0.5833333333333334
0.9
0.7727272727272727
0.7619047619047619
0.64
0.6956521739130435
0.6666666666666666
0.7142857142857143
0.8947368421052632
0.8
0.8
0.5333333333333333
0.8888888888888888
0.8421052631578947
0.8095238095238095
0.8421052631578947
0.72
0.6956521739130435
0.6296296296296297
0.8947368421052632
0.875
0.8571428571428571
0.8636363636363636
0.8333333333333334
0.8095238095238095
0.8421052631578947
0.8571428571428571
0.875
0.6071428571428571
0.8181818181818182
0.8888888888888888
0.55
0.9444444444444444
0.7777777777777778
0.7142857142857143
0.7391304347826086
0.7894736842105263
0.9375
0.6666666666666666
0.7391304347826086
0.8
0.8823529411764706
0.7083333333333334
0.85
0.7619047619047619
0.8095238095238095
0.8888888888888888
0.7894736842105263
0.6666666666666666
0.85
0.8421052631578947
0.7391304347826086
0.8888888888888888
0.6923076923076923
0.9411764705882353
0.7368421052631579
0.7142857142857143
0.75
0.76
0.7368421052631579
0.782608695652174
0.75
0.9333333333333333
0.75
0.75
0.75
0.7647058823529411
0.6190476190476191
0.7727272727272727
0.782608695652174
0.8
0.7619047619047619
0.7142857142857143
0.7272727272727273
0.8421052631578947
0.9411764705882353
0.85
0.8260869565217391
0.8333333333333334
0.6129032258064516
0.8
0.9
0.6551724137931034
0.875
0.8
0.8
0.9411764705882353
0.68
0.8
0.6538461538461539
0.75
0.8571428571428571
0.8095238095238095
0.9
0.7894736842105263
0.6923076923076923
0.8421052631578947
0.95
0.7727272727272727
0.8571428571428571
0.8888888888888888
0.6818181818181818
0.9
0.8823529411764706
0.7096774193548387
0.8
0.6071428571428571
0.7391304347826086
0.8333333333333334
0.7727272727272727
0.8095238095238095
0.6666666666666666
0.7619047619047619
0.75
0.64
0.6538461538461539
0.7894736842105263
0.6923076923076923
0.7619047619047619
0.8636363636363636
0.72
0.8421052631578947
0.8636363636363636
0.7272727272727273
0.8333333333333334
0.7272727272727273
0.8823529411764706
0.8235294117647058
0.7142857142857143
0.6363636363636364
0.8235294117647058
0.9
0.64
0.7142857142857143
0.8181818181818182
0.8333333333333334
0.8421052631578947
0.7777777777777778
0.8
0.8
0.782608695652174
0.782608695652174
0.68
0.85
0.8571428571428571
0.7619047619047619
0.6666666666666666
0.7619047619047619
0.6470588235294118
0.6296296296296297
0.8333333333333334
0.6521739130434783
0.8947368421052632
0.7272727272727273
0.7272727272727273
0.9411764705882353
0.9473684210526315
0.6666666666666666
0.68
0.8181818181818182
0.6666666666666666
0.8181818181818182
0.8095238095238095
0.5862068965517241
0.8421052631578947
0.6956521739130435
0.85
0.8421052631578947
0.8
0.8421052631578947
0.8
0.7391304347826086
0.8823529411764706
0.8095238095238095
0.782608695652174
0.7391304347826086
0.8260869565217391
0.7142857142857143
0.9
0.8947368421052632
0.7619047619047619
0.7619047619047619
0.9047619047619048
0.7142857142857143
0.9285714285714286
0.8
1.0
0.9444444444444444
0.8571428571428571
0.7391304347826086
0.75
0.7037037037037037
0.7894736842105263
0.7727272727272727
0.6538461538461539
0.7391304347826086
0.9375
0.7142857142857143
0.8823529411764706
0.8823529411764706
0.7142857142857143
0.5714285714285714
0.9411764705882353
0.7272727272727273
0.85
0.782608695652174
0.6923076923076923
0.6666666666666666
0.7391304347826086
0.7142857142857143
0.782608695652174
0.6666666666666666
0.5666666666666667
0.6538461538461539
0.8
0.9444444444444444
0.8
0.8
0.875
0.7142857142857143
0.76
0.9
0.85
0.9411764705882353
0.7307692307692307
0.9375
0.8421052631578947
0.85
0.75
0.7142857142857143
1.0
0.8
1.0
0.6896551724137931
0.8181818181818182
0.7777777777777778
1.0
0.9375
0.7619047619047619
0.8095238095238095
1.0
0.9411764705882353
0.7083333333333334
0.9047619047619048
0.8
0.85
0.9375
