0.5
0.47619047619047616
0.6111111111111112
0.5909090909090909
0.5
0.5555555555555556
0.45161290322580644
0.56
0.4090909090909091
0.52
0.4
0.6842105263157895
0.6428571428571429
0.47368421052631576
0.8333333333333334
0.7142857142857143
0.4782608695652174
0.7368421052631579
0.5833333333333334
0.5454545454545454
0.44
0.5
0.36
0.43478260869565216
0.7857142857142857
0.5789473684210527
0.43478260869565216
0.6086956521739131
0.65
0.55
0.75
0.4166666666666667
0.75
0.6842105263157895
0.7272727272727273
0.5
0.6086956521739131
0.48148148148148145
0.46153846153846156
0.5
0.5555555555555556
0.39285714285714285
0.5517241379310345
0.5333333333333333
0.631578947368421
0.6086956521739131
0.631578947368421
0.5862068965517241
0.65
0.6956521739130435
0.5238095238095238
0.47368421052631576
0.45454545454545453
0.875
0.7142857142857143
0.5833333333333334
0.6875
0.6428571428571429
0.38235294117647056
0.6666666666666666
0.7142857142857143
0.6875
0.5789473684210527
0.5
0.4375
0.5416666666666666
0.4074074074074074
0.6842105263157895
0.5
0.45454545454545453
0.7142857142857143
0.6153846153846154
0.6666666666666666
0.6666666666666666
0.5652173913043478
0.6
0.875
0.5652173913043478
0.5416666666666666
0.6923076923076923
0.5263157894736842
0.5294117647058824
0.6666666666666666
0.6666666666666666
0.5882352941176471
0.5454545454545454
0.44
0.4444444444444444
0.5833333333333334
0.7
0.6875
0.5263157894736842
0.6666666666666666
0.625
0.5
0.2857142857142857
0.7272727272727273
0.5
0.8
0.5
0.6842105263157895
0.6
0.3333333333333333
0.7647058823529411
0.64
0.5384615384615384
0.391304347826087
0.5263157894736842
0.5882352941176471
0.4583333333333333
0.8666666666666667
0.5
0.4827586206896552
0.5714285714285714
0.6
0.8333333333333334
0.4857142857142857
0.6190476190476191
0.375
0.4230769230769231
0.6842105263157895
0.42105263157894735
0.5
0.7777777777777778
0.5833333333333334
0.5833333333333334
0.6
0.4827586206896552
0.45454545454545453
0.5
0.5294117647058824
0.56
0.5882352941176471
0.52
0.4482758620689655
0.5454545454545454
0.8333333333333334
0.8333333333333334
0.5
0.5
0.47058823529411764
0.6666666666666666
0.5217391304347826
0.6296296296296297
0.42424242424242425
0.5789473684210527
0.47058823529411764
0.56
0.3333333333333333
0.5416666666666666
0.5217391304347826
0.43333333333333335
0.5769230769230769
0.5263157894736842
0.7333333333333333
0.7777777777777778
0.7368421052631579
0.4117647058823529
0.41379310344827586
0.3125
0.6842105263157895
0.38095238095238093
0.48484848484848486
0.55
0.7142857142857143
0.5263157894736842
0.38095238095238093
0.5333333333333333
0.5625
0.6538461538461539
0.5294117647058824
0.45
0.75
0.6111111111111112
0.4444444444444444
0.4375
0.6470588235294118
0.56
0.5714285714285714
0.6818181818181818
0.5909090909090909
0.5714285714285714
0.6
0.5882352941176471
0.5769230769230769
0.6
0.75
0.47619047619047616
0.4583333333333333
0.9166666666666666
0.47619047619047616
0.5
0.43333333333333335
0.38461538461538464
0.7222222222222222
0.7222222222222222
0.5238095238095238
0.4444444444444444
0.46153846153846156
0.55
0.42857142857142855
0.6
0.7333333333333333
0.5
0.5882352941176471
0.45454545454545453
0.4117647058823529
0.5
0.7777777777777778
0.42857142857142855
0.4583333333333333
0.3125
0.42857142857142855
0.55
0.4090909090909091
0.5789473684210527
0.65
0.6111111111111112
0.5909090909090909
0.4074074074074074
0.48
0.55
0.6842105263157895
0.625
0.5909090909090909
0.4827586206896552
0.3548387096774194
0.6
0.3181818181818182
0.6111111111111112
0.5454545454545454
0.8666666666666667
0.5454545454545454
0.5625
0.4444444444444444
0.5714285714285714
0.5294117647058824
0.55
0.38095238095238093
0.75
0.4782608695652174
0.6111111111111112
0.6153846153846154
0.36363636363636365
0.65
0.7058823529411765
0.45714285714285713
0.6363636363636364
0.5263157894736842
0.5
0.6666666666666666
0.38461538461538464
0.5416666666666666
0.3870967741935484
0.9
0.8333333333333334
0.4230769230769231
0.7894736842105263
0.36666666666666664
0.5238095238095238
0.3
1.0
0.4444444444444444
0.6
0.6818181818181818
0.4444444444444444
0.38461538461538464
0.375
0.5
0.5
0.5263157894736842
0.5714285714285714
0.4090909090909091
0.6111111111111112
0.7
0.4117647058823529
0.5909090909090909
0.875
0.6470588235294118
0.6470588235294118
0.8
0.8181818181818182
0.4642857142857143
0.65
0.5
0.47058823529411764
0.5161290322580645
0.6363636363636364
0.5789473684210527
0.65
0.35294117647058826
0.6
0.8461538461538461
0.48148148148148145
0.8571428571428571
0.5384615384615384
0.5555555555555556
0.5185185185185185
0.5909090909090909
0.4
0.6190476190476191
0.5384615384615384
0.6875
0.5172413793103449
0.55
0.7222222222222222
0.42857142857142855
0.5652173913043478
0.48148148148148145
0.6086956521739131
0.5161290322580645
0.3333333333333333
0.5882352941176471
0.65
0.6190476190476191
0.5384615384615384
0.5882352941176471
0.625
0.5
0.6666666666666666
0.6428571428571429
0.4444444444444444
0.5263157894736842
0.6666666666666666
0.7142857142857143
0.6428571428571429
0.6875
0.5714285714285714
0.6923076923076923
0.42857142857142855
0.34615384615384615
0.5333333333333333
0.39285714285714285
0.48
0.7222222222222222
0.4444444444444444
0.4782608695652174
0.6923076923076923
0.6666666666666666
0.4666666666666667
0.5294117647058824
0.52
0.6190476190476191
0.5882352941176471
0.5833333333333334
0.36
0.4166666666666667
0.5
0.5172413793103449
0.7142857142857143
0.42857142857142855
0.38095238095238093
0.5454545454545454
0.44
0.6111111111111112
0.47368421052631576
0.375
0.7777777777777778
0.3125
0.6296296296296297
0.4444444444444444
0.6666666666666666
0.45
0.52
0.8125
0.4444444444444444
0.5
0.5238095238095238
0.5882352941176471
0.5
0.5357142857142857
0.5
0.625
0.6923076923076923
0.6666666666666666
0.6
0.3333333333333333
0.6071428571428571
0.7222222222222222
0.6875
0.4230769230769231
0.5909090909090909
0.5416666666666666
0.36
0.75
0.5384615384615384
0.52
0.6428571428571429
0.9090909090909091
0.4
0.6666666666666666
0.5625
0.6521739130434783
0.6
0.4444444444444444
0.6666666666666666
0.4146341463414634
0.6428571428571429
0.48148148148148145
0.6363636363636364
0.4
0.4482758620689655
0.5517241379310345
0.5882352941176471
0.42105263157894735
0.5882352941176471
0.6363636363636364
0.3684210526315789
0.4
0.625
0.42857142857142855
0.3
0.6
0.4666666666666667
0.42857142857142855
0.5172413793103449
0.6470588235294118
0.4583333333333333
0.5294117647058824
0.6363636363636364
0.5263157894736842
0.47058823529411764
0.42857142857142855
0.5454545454545454
0.4583333333333333
0.5652173913043478
0.6
0.7
0.6
0.375
0.4782608695652174
0.6363636363636364
0.5294117647058824
0.6
0.7333333333333333
0.5625
0.5333333333333333
0.8461538461538461
0.5238095238095238
0.625
0.5454545454545454
0.5333333333333333
0.5625
0.45454545454545453
0.5294117647058824
0.39285714285714285
0.6666666666666666
0.5238095238095238
0.631578947368421
0.5
0.4375
0.46153846153846156
0.7647058823529411
0.42857142857142855
0.44
0.5416666666666666
0.5714285714285714
0.5238095238095238
0.5625
0.6
0.4411764705882353
0.45
0.8181818181818182
0.6875
0.4444444444444444
0.35294117647058826
0.7142857142857143
0.5909090909090909
0.7333333333333333
0.4444444444444444
0.4444444444444444
0.3888888888888889
0.5384615384615384
0.47058823529411764
0.6666666666666666
0.56
0.5909090909090909
0.6818181818181818
0.5789473684210527
0.5
0.7333333333333333
0.625
0.4583333333333333
0.6
0.43478260869565216
0.6190476190476191
0.6521739130434783
0.5294117647058824
0.7857142857142857
0.48148148148148145
0.5714285714285714
0.6
0.53125
0.5
0.48
0.5
0.6190476190476191
0.5263157894736842
0.6666666666666666
0.5882352941176471
