0.25
0.2571428571428571
0.21212121212121213
0.24
0.11764705882352941
0.2692307692307692
0.07407407407407407
0.2413793103448276
0.1111111111111111
0.29411764705882354
0.2777777777777778
0.2608695652173913
0.2413793103448276
0.1891891891891892
0.20588235294117646
0.2608695652173913
0.3125
0.25925925925925924
0.18421052631578946
0.1111111111111111
0.23529411764705882
0.17857142857142858
0.2962962962962963
0.35714285714285715
0.2
0.3225806451612903
0.10526315789473684
0.10714285714285714
0.14285714285714285
0.25925925925925924
0.1724137931034483
0.18518518518518517
0.13636363636363635
0.14285714285714285
0.06896551724137931
0.2727272727272727
0.22727272727272727
0.21428571428571427
0.21212121212121213
0.3333333333333333
0.23809523809523808
0.21875
0.26666666666666666
0.18518518518518517
0.26666666666666666
0.13636363636363635
0.13333333333333333
0.19230769230769232
0.23333333333333334
0.21428571428571427
0.2222222222222222
0.3333333333333333
0.23076923076923078
0.13513513513513514
0.2
0.21428571428571427
0.07407407407407407
0.23333333333333334
0.11538461538461539
0.21428571428571427
0.16129032258064516
0.3103448275862069
0.23809523809523808
0.19047619047619047
0.24324324324324326
0.2222222222222222
0.10714285714285714
0.17391304347826086
0.2
0.2
0.15625
0.14705882352941177
0.25925925925925924
0.21428571428571427
0.3225806451612903
0.14705882352941177
0.1388888888888889
0.25
0.20689655172413793
0.15384615384615385
0.24324324324324326
0.28
0.22727272727272727
0.21212121212121213
0.1875
0.20689655172413793
0.21428571428571427
0.19444444444444445
0.42857142857142855
0.12903225806451613
0.15151515151515152
0.1724137931034483
0.2727272727272727
0.19230769230769232
0.18518518518518517
0.11538461538461539
0.22580645161290322
0.24242424242424243
0.125
0.18518518518518517
0.2631578947368421
0.1935483870967742
0.21052631578947367
0.13333333333333333
0.25806451612903225
0.19047619047619047
0.17857142857142858
0.15384615384615385
0.22580645161290322
0.21428571428571427
0.3
0.25
0.22580645161290322
0.2
0.18181818181818182
0.25
0.23333333333333334
0.20833333333333334
0.24242424242424243
0.36666666666666664
0.16
0.2222222222222222
0.25
0.17647058823529413
0.32142857142857145
0.18518518518518517
0.27586206896551724
0.3333333333333333
0.18518518518518517
0.22580645161290322
0.23529411764705882
0.08571428571428572
0.3333333333333333
0.15384615384615385
0.25806451612903225
0.17857142857142858
0.15
0.20588235294117646
0.16129032258064516
0.16666666666666666
0.14285714285714285
0.28205128205128205
0.35714285714285715
0.30303030303030304
0.16216216216216217
0.25
0.125
0.1
0.22727272727272727
0.25925925925925924
0.20588235294117646
0.10714285714285714
0.19444444444444445
0.1875
0.10344827586206896
0.14285714285714285
0.27586206896551724
0.21739130434782608
0.10344827586206896
0.24
0.1935483870967742
0.2
0.2857142857142857
0.25
0.20588235294117646
0.21428571428571427
0.28125
0.16129032258064516
0.09375
0.32
0.15625
0.25
0.21875
0.12
0.1794871794871795
0.08695652173913043
0.17857142857142858
0.1388888888888889
0.125
0.11538461538461539
0.13043478260869565
0.09090909090909091
0.18518518518518517
0.17142857142857143
0.2
0.19047619047619047
0.28125
0.2
0.14705882352941177
0.2
0.2857142857142857
0.24242424242424243
0.25
0.08823529411764706
0.1935483870967742
0.20689655172413793
0.1724137931034483
0.2962962962962963
0.11538461538461539
0.17857142857142858
0.125
0.2222222222222222
0.10526315789473684
0.21875
0.18181818181818182
0.3142857142857143
0.3235294117647059
0.2222222222222222
0.11538461538461539
0.2631578947368421
0.17142857142857143
0.2857142857142857
0.25
0.2727272727272727
0.18181818181818182
0.27586206896551724
0.12121212121212122
0.13157894736842105
0.3333333333333333
0.2413793103448276
0.2
0.16129032258064516
0.22580645161290322
0.1935483870967742
0.24324324324324326
0.2857142857142857
0.3
0.17142857142857143
0.1935483870967742
0.2727272727272727
0.2972972972972973
0.04
0.23333333333333334
0.25
0.09090909090909091
0.1935483870967742
0.04
0.20689655172413793
0.2972972972972973
0.12121212121212122
0.16666666666666666
0.1935483870967742
0.21052631578947367
0.09523809523809523
0.09090909090909091
0.23529411764705882
0.22580645161290322
0.16666666666666666
0.41935483870967744
0.20689655172413793
0.34615384615384615
0.13513513513513514
0.24
0.21875
0.30303030303030304
0.2962962962962963
0.29411764705882354
0.21621621621621623
0.25
0.2222222222222222
0.14285714285714285
0.20689655172413793
0.21428571428571427
0.3076923076923077
0.1388888888888889
0.21052631578947367
0.15789473684210525
0.25925925925925924
0.11538461538461539
0.15384615384615385
0.1935483870967742
0.11428571428571428
0.2222222222222222
0.13793103448275862
0.4166666666666667
0.13793103448275862
0.14285714285714285
0.1
0.23529411764705882
0.07692307692307693
0.21875
0.25
0.3142857142857143
0.09090909090909091
0.27586206896551724
0.125
0.2
0.2
0.2
0.0
0.2222222222222222
0.25806451612903225
0.2857142857142857
0.17391304347826086
0.22857142857142856
0.23076923076923078
0.22580645161290322
0.21428571428571427
0.3333333333333333
0.18181818181818182
0.2608695652173913
0.2
0.11428571428571428
0.10714285714285714
0.1388888888888889
0.2962962962962963
0.20833333333333334
0.24242424242424243
0.21428571428571427
0.07692307692307693
0.1111111111111111
0.21212121212121213
0.13157894736842105
0.25925925925925924
0.15151515151515152
0.125
0.1
0.06060606060606061
0.10714285714285714
0.30434782608695654
0.2608695652173913
0.23076923076923078
0.17142857142857143
0.18181818181818182
0.2222222222222222
0.18181818181818182
0.32142857142857145
0.22580645161290322
0.09090909090909091
0.175
0.15625
0.17142857142857143
0.25
0.1875
0.2692307692307692
0.13793103448275862
0.15625
0.08
0.2
0.23529411764705882
0.18421052631578946
0.2222222222222222
0.11764705882352941
0.20689655172413793
0.20833333333333334
0.24
0.2
0.25806451612903225
0.13333333333333333
0.16216216216216217
0.11538461538461539
0.15625
0.22580645161290322
0.16666666666666666
0.28
0.07692307692307693
0.25
0.09090909090909091
0.2608695652173913
0.0967741935483871
0.16
0.16129032258064516
0.14814814814814814
0.10526315789473684
0.16666666666666666
0.20512820512820512
0.2222222222222222
0.2413793103448276
0.3076923076923077
0.18181818181818182
0.21428571428571427
0.2857142857142857
0.17391304347826086
0.13043478260869565
0.21212121212121213
0.08695652173913043
0.28
0.2
0.20689655172413793
0.10344827586206896
0.21621621621621623
0.24242424242424243
0.24
0.16666666666666666
0.17391304347826086
0.18181818181818182
0.21875
0.16666666666666666
0.1891891891891892
0.125
0.2857142857142857
0.16129032258064516
0.2727272727272727
0.26666666666666666
0.2
0.1875
0.1111111111111111
0.20588235294117646
0.125
0.3333333333333333
0.1724137931034483
0.09090909090909091
0.4
0.09375
0.23076923076923078
0.2
0.2
0.10344827586206896
0.17857142857142858
0.21212121212121213
0.21428571428571427
0.28125
0.1724137931034483
0.17142857142857143
0.2222222222222222
0.10526315789473684
0.20833333333333334
0.1724137931034483
0.18421052631578946
0.3103448275862069
0.14814814814814814
0.20588235294117646
0.25806451612903225
0.23076923076923078
0.1891891891891892
0.18518518518518517
0.06666666666666667
0.25
0.17857142857142858
0.34375
0.2692307692307692
0.17391304347826086
0.13793103448275862
0.10526315789473684
0.15625
0.16666666666666666
0.19444444444444445
0.21052631578947367
0.19230769230769232
0.30434782608695654
0.2903225806451613
0.23529411764705882
0.23076923076923078
0.21212121212121213
0.35294117647058826
0.25
0.22580645161290322
0.23333333333333334
0.2777777777777778
0.25925925925925924
0.16129032258064516
0.25
0.21212121212121213
0.21428571428571427
0.23076923076923078
0.21212121212121213
0.17391304347826086
0.2
0.21875
0.4117647058823529
0.3548387096774194
0.2413793103448276
0.2916666666666667
0.125
0.20833333333333334
0.20588235294117646
0.32142857142857145
0.34375
0.20588235294117646
0.3103448275862069
0.21428571428571427
0.20588235294117646
0.1875
0.24242424242424243
0.23684210526315788
0.22727272727272727
0.21875
0.25
0.13793103448275862
0.22580645161290322
0.22857142857142856
0.2564102564102564
0.2222222222222222
0.1794871794871795
0.15384615384615385
0.22580645161290322
0.13333333333333333
0.15151515151515152
0.2
0.28205128205128205
0.19444444444444445
0.21052631578947367
0.13513513513513514
0.27586206896551724
0.13793103448275862
0.06896551724137931
0.25925925925925924
0.1891891891891892
0.2222222222222222
0.2
