0.1774193548387097
0.3142857142857143
0.21818181818181817
0.23636363636363636
0.23076923076923078
0.14583333333333334
0.14492753623188406
0.16176470588235295
0.225
0.17142857142857143
0.19230769230769232
0.22448979591836735
0.18333333333333332
0.2857142857142857
0.19718309859154928
0.17142857142857143
0.22807017543859648
0.1746031746031746
0.14
0.2631578947368421
0.20689655172413793
0.1348314606741573
0.20270270270270271
0.1917808219178082
0.20408163265306123
0.2037037037037037
0.15942028985507245
0.1956521739130435
0.22448979591836735
0.22916666666666666
0.14
0.14285714285714285
0.19298245614035087
0.1724137931034483
0.15555555555555556
0.2
0.22727272727272727
0.208955223880597
0.19047619047619047
0.171875
0.208955223880597
0.1506849315068493
0.17857142857142858
0.1774193548387097
0.1951219512195122
0.1896551724137931
0.1323529411764706
0.2857142857142857
0.25925925925925924
0.225
0.19047619047619047
0.2
0.19444444444444445
0.16455696202531644
0.15254237288135594
0.1875
0.16901408450704225
0.3333333333333333
0.1625
0.19642857142857142
0.21666666666666667
0.13513513513513514
0.18681318681318682
0.3023255813953488
0.17647058823529413
0.22807017543859648
0.2465753424657534
0.17647058823529413
0.1509433962264151
0.14893617021276595
0.1267605633802817
0.1794871794871795
0.17391304347826086
0.20833333333333334
0.22807017543859648
0.14925373134328357
0.1896551724137931
0.23636363636363636
0.25
0.2
0.1724137931034483
0.18181818181818182
0.21951219512195122
0.20481927710843373
0.08333333333333333
0.16161616161616163
0.16417910447761194
0.2
0.2
0.1794871794871795
0.18032786885245902
0.17543859649122806
0.2222222222222222
0.23684210526315788
0.17647058823529413
0.18181818181818182
0.15151515151515152
0.16
0.2127659574468085
0.1864406779661017
0.19642857142857142
0.23376623376623376
0.11290322580645161
0.3333333333333333
0.24
0.2926829268292683
0.20833333333333334
0.19642857142857142
0.16279069767441862
0.21052631578947367
0.18571428571428572
0.2153846153846154
0.20689655172413793
0.21951219512195122
0.15714285714285714
0.20930232558139536
0.23529411764705882
0.1896551724137931
0.16129032258064516
0.19672131147540983
0.16071428571428573
0.15789473684210525
0.18055555555555555
0.12307692307692308
0.14035087719298245
0.22388059701492538
0.22535211267605634
0.20634920634920634
0.29545454545454547
0.18181818181818182
0.16216216216216217
0.25
0.1320754716981132
0.18181818181818182
0.20408163265306123
0.21739130434782608
0.19047619047619047
0.14925373134328357
0.2
0.1896551724137931
0.22727272727272727
0.2641509433962264
0.22
0.25
0.18333333333333332
0.18032786885245902
0.25
0.12962962962962962
0.175
0.203125
0.16216216216216217
0.1875
0.2
0.21818181818181817
0.2391304347826087
0.19230769230769232
0.12903225806451613
0.15789473684210525
0.1864406779661017
0.17647058823529413
0.16326530612244897
0.19047619047619047
0.24615384615384617
0.21052631578947367
0.203125
0.11940298507462686
0.1746031746031746
0.14285714285714285
0.13513513513513514
0.18604651162790697
0.2
0.2459016393442623
0.1746031746031746
0.3142857142857143
0.16129032258064516
0.12244897959183673
0.2037037037037037
0.1875
0.18181818181818182
0.2962962962962963
0.21052631578947367
0.2727272727272727
0.22807017543859648
0.16363636363636364
0.2
0.21428571428571427
0.21052631578947367
0.2
0.2
0.1791044776119403
0.16176470588235295
0.1774193548387097
0.20253164556962025
0.22641509433962265
0.20588235294117646
0.22727272727272727
0.22413793103448276
0.24
0.1702127659574468
0.2
0.2127659574468085
0.17105263157894737
0.14666666666666667
0.171875
0.2054794520547945
0.1686746987951807
0.1935483870967742
0.1791044776119403
0.16071428571428573
0.19444444444444445
0.23809523809523808
0.10416666666666667
0.23214285714285715
0.1917808219178082
0.22857142857142856
0.23809523809523808
0.21666666666666667
0.19672131147540983
0.16901408450704225
0.140625
0.23214285714285715
0.13846153846153847
0.20930232558139536
0.12903225806451613
0.17391304347826086
0.19117647058823528
0.2545454545454545
0.19736842105263158
0.06666666666666667
0.1791044776119403
0.16666666666666666
0.2692307692307692
0.2564102564102564
0.18840579710144928
0.2222222222222222
0.09803921568627451
0.22641509433962265
0.28205128205128205
0.19402985074626866
0.18840579710144928
0.203125
0.16363636363636364
0.10294117647058823
0.1111111111111111
0.17567567567567569
0.20967741935483872
0.24561403508771928
0.14492753623188406
0.2037037037037037
0.36363636363636365
0.16923076923076924
0.14473684210526316
0.2
0.12658227848101267
0.203125
0.22641509433962265
0.2765957446808511
0.18181818181818182
0.19298245614035087
0.16176470588235295
0.09803921568627451
0.3333333333333333
0.18461538461538463
0.21428571428571427
0.21428571428571427
0.1875
0.22535211267605634
0.17543859649122806
0.16901408450704225
0.3076923076923077
0.24528301886792453
0.20408163265306123
0.1891891891891892
0.2037037037037037
0.23076923076923078
0.20930232558139536
0.16279069767441862
0.2033898305084746
0.14516129032258066
0.14814814814814814
0.2926829268292683
0.2
0.2235294117647059
0.1875
0.11764705882352941
0.23255813953488372
0.19230769230769232
0.21951219512195122
0.2826086956521739
0.3170731707317073
0.20930232558139536
0.16216216216216217
0.3023255813953488
0.18867924528301888
0.1694915254237288
0.21428571428571427
0.21739130434782608
0.22807017543859648
0.26785714285714285
0.13953488372093023
0.2553191489361702
0.2073170731707317
0.15789473684210525
0.14864864864864866
0.15254237288135594
0.15
0.2826086956521739
0.17391304347826086
0.18333333333333332
0.17721518987341772
0.17333333333333334
0.2
0.17307692307692307
0.24489795918367346
0.2
0.32
0.16393442622950818
0.21818181818181817
0.19607843137254902
0.2
0.18840579710144928
0.24285714285714285
0.1896551724137931
0.16666666666666666
0.225
0.19718309859154928
0.14666666666666667
0.2
0.18461538461538463
0.12962962962962962
0.2037037037037037
0.28205128205128205
0.18823529411764706
0.13333333333333333
0.14457831325301204
0.20754716981132076
0.16326530612244897
0.24193548387096775
0.1896551724137931
0.1935483870967742
0.18309859154929578
0.19047619047619047
0.24242424242424243
0.19607843137254902
0.21052631578947367
0.21052631578947367
0.136986301369863
0.21568627450980393
0.1509433962264151
0.20689655172413793
0.17105263157894737
0.19230769230769232
0.2
0.28
0.23636363636363636
0.16666666666666666
0.2222222222222222
0.17721518987341772
0.18840579710144928
0.22413793103448276
0.19642857142857142
0.171875
0.21818181818181817
0.2549019607843137
0.1320754716981132
0.14925373134328357
0.1509433962264151
0.21428571428571427
0.2222222222222222
0.16304347826086957
0.2777777777777778
0.15151515151515152
0.29411764705882354
0.125
0.17105263157894737
0.17567567567567569
0.13725490196078433
0.24528301886792453
0.2558139534883721
0.17391304347826086
0.28846153846153844
0.19696969696969696
0.18292682926829268
0.1891891891891892
0.22388059701492538
0.21951219512195122
0.20588235294117646
0.16326530612244897
0.22727272727272727
0.24528301886792453
0.20833333333333334
0.13513513513513514
0.20634920634920634
0.14583333333333334
0.2153846153846154
0.17391304347826086
0.1896551724137931
0.3333333333333333
0.1917808219178082
0.20689655172413793
0.19117647058823528
0.23255813953488372
0.18666666666666668
0.16666666666666666
0.14285714285714285
0.19047619047619047
0.275
0.18309859154929578
0.1774193548387097
0.24242424242424243
0.171875
0.22388059701492538
0.1891891891891892
0.2028985507246377
0.12121212121212122
0.19767441860465115
0.22033898305084745
0.2037037037037037
0.18309859154929578
0.16666666666666666
0.20689655172413793
0.18181818181818182
0.25
0.29508196721311475
0.2153846153846154
0.23333333333333334
0.2
0.19047619047619047
0.1864406779661017
0.19117647058823528
0.2465753424657534
0.1875
0.16666666666666666
0.20833333333333334
0.23529411764705882
0.25
0.21739130434782608
0.18181818181818182
0.24193548387096775
0.14705882352941177
0.22916666666666666
0.21666666666666667
0.15517241379310345
0.10465116279069768
0.125
0.22033898305084745
0.25396825396825395
0.15217391304347827
0.16
0.21739130434782608
0.1875
0.14285714285714285
0.20754716981132076
0.2222222222222222
0.25862068965517243
0.2077922077922078
0.16666666666666666
0.18032786885245902
0.18421052631578946
0.21739130434782608
0.1875
0.24390243902439024
0.1111111111111111
0.22413793103448276
0.18333333333333332
0.13095238095238096
0.325
0.18461538461538463
0.35714285714285715
0.16981132075471697
0.1643835616438356
0.16666666666666666
0.17777777777777778
0.2033898305084746
0.17307692307692307
0.2727272727272727
0.2857142857142857
0.19672131147540983
0.22058823529411764
0.16363636363636364
0.2926829268292683
0.1836734693877551
0.20588235294117646
0.38235294117647056
0.15942028985507245
0.16326530612244897
0.18823529411764706
0.15
0.24528301886792453
0.1794871794871795
0.19047619047619047
0.12790697674418605
0.21052631578947367
0.20634920634920634
0.1951219512195122
0.14084507042253522
0.20512820512820512
0.22857142857142856
0.16666666666666666
0.21311475409836064
