0.5581395348837209
0.2702702702702703
0.5581395348837209
0.5652173913043479
0.4545454545454545
0.4285714285714285
0.45000000000000007
0.6808510638297872
0.5833333333333334
0.5652173913043479
0.4285714285714285
0.5
0.5652173913043479
0.5116279069767441
0.6222222222222223
0.5581395348837209
0.47619047619047616
0.4313725490196078
0.5833333333333334
0.5454545454545455
0.4
0.5116279069767441
0.35
0.47826086956521735
0.4
0.6
0.45000000000000007
0.45000000000000007
0.4444444444444444
0.5333333333333333
0.5454545454545455
0.31578947368421056
0.6
0.6666666666666666
0.5217391304347827
0.37837837837837834
0.37837837837837834
0.7755102040816326
0.6046511627906976
0.6382978723404256
0.4888888888888889
0.37499999999999994
0.4285714285714285
0.5454545454545455
0.47619047619047616
0.5365853658536585
0.5217391304347827
0.5116279069767441
0.6222222222222223
0.5365853658536585
0.5116279069767441
0.41860465116279066
0.4897959183673469
0.6222222222222223
0.4878048780487804
0.5
0.43999999999999995
0.6274509803921569
0.6808510638297872
0.6
0.47619047619047616
0.6956521739130436
0.4651162790697674
0.4888888888888889
0.6153846153846153
0.4615384615384615
0.5333333333333333
0.5454545454545455
0.5454545454545455
0.4285714285714285
0.653061224489796
0.5217391304347827
0.5833333333333334
0.6046511627906976
0.5
0.5217391304347827
0.5909090909090909
0.5909090909090909
0.4210526315789474
0.41025641025641024
0.43478260869565216
0.35897435897435903
0.5652173913043479
0.5777777777777778
0.4444444444444444
0.6382978723404256
0.5
0.5
0.608695652173913
0.4285714285714285
0.6521739130434783
0.6122448979591837
0.5909090909090909
0.17142857142857143
0.4444444444444444
0.4878048780487804
0.5365853658536585
0.6666666666666667
0.5714285714285715
0.47826086956521735
0.56
0.5217391304347827
0.5909090909090909
0.5714285714285715
0.35897435897435903
0.45000000000000007
0.4285714285714285
0.125
0.5454545454545455
0.45000000000000007
0.4615384615384615
0.5
0.576923076923077
0.4878048780487804
0.41025641025641024
0.5238095238095238
0.6428571428571429
0.4545454545454545
0.6222222222222223
0.5116279069767441
0.5
0.5581395348837209
0.4285714285714285
0.6274509803921569
0.5454545454545455
0.4285714285714285
0.4878048780487804
0.6666666666666666
0.30769230769230765
0.5777777777777778
0.47826086956521735
0.5777777777777778
0.64
0.47826086956521735
0.37837837837837834
0.5365853658536585
0.5
0.5116279069767441
0.608695652173913
0.4285714285714285
0.6956521739130436
0.6222222222222223
0.5777777777777778
0.5
0.4651162790697674
0.5238095238095238
0.45000000000000007
0.47619047619047616
0.41025641025641024
0.5
0.6521739130434783
0.4878048780487804
0.5581395348837209
0.4878048780487804
0.5454545454545455
0.5714285714285715
0.5
0.5581395348837209
0.48
0.5
0.6046511627906976
0.5
0.4888888888888889
0.5
0.4878048780487804
0.5306122448979592
0.41860465116279066
0.4888888888888889
0.5238095238095238
0.5909090909090909
0.6363636363636364
0.5416666666666666
0.5531914893617021
0.6122448979591837
0.6521739130434783
0.5957446808510638
0.5365853658536585
0.3902439024390244
0.5909090909090909
0.4210526315789474
0.5
0.37837837837837834
0.4285714285714285
0.5909090909090909
0.4615384615384615
0.4651162790697674
0.4878048780487804
0.5238095238095238
0.5
0.5581395348837209
0.6037735849056605
0.5777777777777778
0.43902439024390244
0.5652173913043479
0.43902439024390244
0.5306122448979592
0.5116279069767441
0.2857142857142857
0.4545454545454545
0.6363636363636364
0.5714285714285714
0.30769230769230765
0.3902439024390244
0.5833333333333334
0.3902439024390244
0.6363636363636364
0.45000000000000007
0.31578947368421056
0.5777777777777778
0.6956521739130436
0.6222222222222223
0.5333333333333333
0.5714285714285715
0.6428571428571429
0.5365853658536585
0.4615384615384615
0.5
0.6222222222222223
0.45833333333333326
0.5714285714285714
0.588235294117647
0.4285714285714285
0.41025641025641024
0.5333333333333333
0.608695652173913
0.5106382978723405
0.68
0.4651162790697674
0.4
0.47619047619047616
0.608695652173913
0.6938775510204083
0.5454545454545455
0.46808510638297873
0.5454545454545455
0.4285714285714285
0.5777777777777778
0.4888888888888889
0.5333333333333333
0.35
0.41860465116279066
0.4615384615384615
0.5833333333333334
0.31578947368421056
0.4
0.5833333333333334
0.4
0.5660377358490566
0.5531914893617021
0.4
0.35897435897435903
0.43902439024390244
0.5238095238095238
0.4651162790697674
0.41025641025641024
0.5416666666666666
0.5531914893617021
0.5
0.6222222222222223
0.5833333333333334
0.2222222222222222
0.6046511627906976
0.5833333333333334
0.43902439024390244
0.7272727272727272
0.45000000000000007
0.5238095238095238
0.5777777777777778
0.5652173913043479
0.5
0.4285714285714285
0.5199999999999999
0.6666666666666666
0.5909090909090909
0.5714285714285715
0.7083333333333334
0.8076923076923077
0.5365853658536585
0.3684210526315789
0.5581395348837209
0.6222222222222223
0.5217391304347827
0.5581395348837209
0.45000000000000007
0.3684210526315789
0.5365853658536585
0.6521739130434783
0.6521739130434783
0.43902439024390244
0.43902439024390244
0.5
0.5957446808510638
0.4
0.5
0.6363636363636364
0.6222222222222223
0.4
0.4545454545454545
0.45000000000000007
0.4
0.5106382978723405
0.43902439024390244
0.43902439024390244
0.35897435897435903
0.5333333333333333
0.41025641025641024
0.588235294117647
0.47619047619047616
0.47619047619047616
0.6415094339622641
0.5777777777777778
0.6938775510204083
0.37209302325581395
0.5714285714285715
0.41025641025641024
0.5116279069767441
0.5333333333333333
0.5833333333333334
0.4285714285714285
0.4285714285714285
0.4651162790697674
0.4651162790697674
0.4285714285714285
0.5909090909090909
0.5
0.34146341463414637
0.4878048780487804
0.4615384615384615
0.5652173913043479
0.5
0.45000000000000007
0.4615384615384615
0.6909090909090909
0.47826086956521735
0.5116279069767441
0.5
0.5116279069767441
0.5454545454545455
0.608695652173913
0.5116279069767441
0.5238095238095238
0.5
0.5652173913043479
0.6808510638297872
0.4615384615384615
0.5581395348837209
0.43902439024390244
0.6521739130434783
0.7499999999999999
0.47619047619047616
0.7234042553191489
0.4888888888888889
0.6956521739130436
0.5581395348837209
0.5957446808510638
0.5365853658536585
0.41025641025641024
0.625
0.4651162790697674
0.2631578947368421
0.30769230769230765
0.576923076923077
0.64
0.5333333333333333
0.41860465116279066
0.46808510638297873
0.4878048780487804
0.5106382978723405
0.5454545454545455
0.5
0.4878048780487804
0.5217391304347827
0.4285714285714285
0.5777777777777778
0.6046511627906976
0.5454545454545455
0.5777777777777778
0.44897959183673464
0.68
0.5365853658536585
0.45000000000000007
0.5306122448979592
0.5217391304347827
0.625
0.5714285714285715
0.3809523809523809
0.5
0.5652173913043479
0.5777777777777778
0.4878048780487804
0.5238095238095238
0.6521739130434783
0.5365853658536585
0.41025641025641024
0.4615384615384615
0.33333333333333337
0.6808510638297872
0.4
0.5833333333333334
0.43902439024390244
0.5833333333333334
0.5777777777777778
0.6382978723404256
0.4615384615384615
0.5365853658536585
0.32432432432432434
0.43902439024390244
0.41025641025641024
0.6666666666666666
0.6363636363636364
0.35897435897435903
0.34146341463414637
0.33333333333333337
0.4651162790697674
0.5909090909090909
0.5652173913043479
0.4285714285714285
0.5116279069767441
0.6382978723404256
0.5333333333333333
0.5581395348837209
0.5333333333333333
0.31578947368421056
0.608695652173913
0.5957446808510638
0.43902439024390244
0.5454545454545455
0.5
0.37837837837837834
0.3684210526315789
0.5714285714285715
0.5777777777777778
0.2857142857142857
0.42553191489361697
0.3902439024390244
0.5333333333333333
0.5925925925925926
0.5238095238095238
0.5777777777777778
0.6046511627906976
0.46808510638297873
0.5531914893617021
0.41025641025641024
0.5217391304347827
0.41860465116279066
0.5652173913043479
0.33333333333333337
0.5581395348837209
0.5454545454545455
0.5833333333333334
0.5
0.5217391304347827
0.35
0.5454545454545455
0.5777777777777778
0.2777777777777778
0.5714285714285715
0.5714285714285715
0.5
0.4878048780487804
0.6
0.5909090909090909
0.6122448979591837
0.5777777777777778
0.5833333333333334
0.5
0.5581395348837209
0.3902439024390244
0.45000000000000007
0.5714285714285715
0.41025641025641024
0.5909090909090909
0.4878048780487804
0.5652173913043479
0.33333333333333337
0.5116279069767441
0.5957446808510638
0.4878048780487804
0.4615384615384615
0.47619047619047616
0.5454545454545455
0.45000000000000007
0.35
0.6222222222222223
0.6521739130434783
0.5714285714285715
0.625
0.4888888888888889
0.5238095238095238
0.43902439024390244
0.6046511627906976
0.4545454545454545
0.4090909090909091
0.5365853658536585
0.4
0.5957446808510638
0.4878048780487804
0.5
0.5652173913043479
0.35897435897435903
