0.5545335057234417
0.6031120106896606
0.5847434964829008
0.6213599839204732
0.6078582640433748
0.523657411025976
0.5645610997644629
0.5448316250566412
0.580282499924808
0.582843899599888
0.5972809192419839
0.5432478849353252
0.6013349904895142
0.6120621699896042
0.6076314511701576
0.4448830290036878
0.5729151590651903
0.5956914719031432
0.5785410967916733
0.6534230515563362
0.651500158426084
0.5454756749133973
0.5051126325391019
0.5781079421148869
0.5859768276716963
0.5499364401836931
0.491180394220478
0.5170398448396296
0.5641139683036255
0.5334388834625596
0.5676417130431586
0.5810770229020517
0.5935855531390947
0.5300779116300631
0.5247498810725837
0.5571139739024499
0.576886117784235
0.6003942863803515
0.6455736940515031
0.5313853214245456
0.5202825381287364
0.5565985855920821
0.550168130591933
0.5674890924231925
0.568957823508697
0.5454678509921889
0.5645589045555115
0.5547918957192088
0.5221454534481078
0.5326909264435556
0.4679202366546655
0.5156915680576267
0.5462011666369763
0.5956870584471873
0.6008728987767304
0.5426185282513313
0.5098349786512215
0.6177427397040193
0.5355310374810046
0.5684704549172744
0.551682591905666
0.5410956749896194
0.668641198221952
0.5411961643784139
0.6391453202845805
0.501630628456341
0.6418692803433941
0.5461244074348208
0.5645897120608563
0.5440018386173493
0.4480437877534997
0.5242509411279442
0.5077121220220472
0.569500684521695
0.5273248824946617
0.505655687954765
0.6001357080165103
0.5984964988249447
0.4900760970407767
0.616607586069875
0.6164180641561309
0.5457490917568586
0.5319460701497639
0.5257186614120644
0.6322526708040815
0.5747807438583972
0.5682336102607926
0.6236700214891903
0.46738319745607926
0.5015976014419339
0.4919527443273072
0.5962905419664996
0.5472249386781911
0.522403353455715
0.5601233006398495
0.45799316508997745
0.5239023094432111
0.5384482547368772
0.5793042720873791
0.6303677550202201
0.5733688027937016
0.606470005539633
0.5535129544212495
0.5390149224603334
0.5423836395386887
0.5459457707763236
0.6316864497248754
0.5830731960887536
0.537581195361796
0.630139585671383
0.5993359096088956
0.6242208213101191
0.6090749178570131
0.5679083487052988
0.527580068065597
0.5814626388629575
0.6470994429420286
0.5985397673970332
0.6134961506154872
0.6277839884950954
0.559492950119304
0.5883207808748051
0.5846500310698242
0.548868439309707
0.5489122997611982
0.5910787423678241
0.5287046733606999
0.5320916568497857
0.5879177360841833
0.4752004713402592
0.5626605577457374
0.5997994748045189
0.5396263705274019
0.5249522496770871
0.5755486204212855
0.5727116887766177
0.6452527203471943
0.5771220435026659
0.6133459285117085
0.49581797249710124
0.4614513360580601
0.6131243724473804
0.5074363509733159
0.5767404689797505
0.5821133285583766
0.5723428394539858
0.6596751764751223
0.5572882146719955
0.5270467032065251
0.5717413564060355
0.5367074625203341
0.6262062581308447
0.6045428673272504
0.5072253313856883
0.5633924891436147
0.5572018085578688
0.5313165972892286
0.5811762612133544
0.5695787551213505
0.6060405258486203
0.46887428456331554
0.5350470557632596
0.5654088325709863
0.694637265197234
0.6105690953944019
0.5290056283906458
0.6179067646273887
0.6581631916557842
0.5881151608058288
0.5456191386534788
0.5958439967582625
0.5152302619947967
0.47335001021254575
0.6106298376155664
0.5324528679739897
0.5762188666552687
0.5379035153194869
0.6632514488175765
0.6092895266839371
0.5732434356632309
0.5284066224768491
0.5458575967306125
0.5524037249234393
0.5434648093923016
0.43036952629950576
0.5441138320019633
0.5783405477687006
0.5934186874897575
0.5589183447200379
0.5826940728489297
0.6078625253729867
0.596397042672063
0.6027638063041151
0.5136665803312018
0.5896362527571346
0.511137827323745
0.5647555906792033
0.6166914757497785
0.48332270592487553
0.6265264178194079
0.5123141982291228
0.6228823592794608
0.5812390578131176
0.6516376653977021
0.5550785434498715
0.6036643649340706
0.5043508890212083
0.543026879477612
0.6006819963555622
0.6088180722558042
0.6038533028841024
0.5440130597400099
0.5991158111814628
0.5905332843487524
0.4862380806314988
0.5625676011993376
0.5343184324470922
0.5546990496389029
0.5484669931180676
0.5233597859185845
0.5382480919293677
0.585010603046257
0.5632295669870715
0.6092273405780025
0.5667555248603915
0.5500766522933286
0.6462032452552839
0.6386695393025857
0.6229961757652879
0.5678043279212979
0.6094865297272282
0.5420685833913781
0.508127164676677
0.6183274452440494
0.617403799220457
0.5559954581984112
0.5968124626821139
0.6002385813927066
0.5014677259109783
0.5866810663771755
0.5455695745707496
0.6160233644165245
0.6408382548019314
0.5549049460706179
0.5866539417069818
0.4971948483817159
0.5568602936413267
0.6393989982068589
0.503950936724389
0.5796664614271253
0.6472953573666148
0.6421644827869649
0.5411718762583824
0.5564212508373816
0.5212775999680781
0.5498682149708682
0.47518542569907746
0.5284416239095726
0.5461138092762774
0.526003730205138
0.5971197597525033
0.6598258502552876
0.6112054656125596
0.634511222749963
0.6471915750613049
0.6429557377444178
0.5376594166260599
0.6129799404223752
0.6217202272864559
0.6352142973806022
0.5649520030673408
0.5524846502284347
0.567612497037526
0.5537409308229673
0.5667286065042486
0.5313913549955971
0.5991390988619151
0.6189903346117117
0.5141955676124452
0.6366601669105486
0.4888072684100856
0.6272230664690704
0.6295221208583077
0.5755043153017395
0.6410300520016148
0.5233271813421848
0.6420169527618098
0.502409271176121
0.6172182159688198
0.5281451834727405
0.5202170387973618
0.5329567727324194
0.5015958630408243
0.5980128742728076
0.5071145937110327
0.6021253446566672
0.6529617351115311
0.5355731708378788
0.5408002557537961
0.5511143468093962
0.6616057796653123
0.5711709405264057
0.4862558456749073
0.6152868979929642
0.4858233648480451
0.5896927327365167
0.5462249785657967
0.5037747780006645
0.6183038423365167
0.5510720395436859
0.569132160220806
0.624811257617216
0.5267585218064406
0.5822871251667946
0.48503193498626934
0.5636232046984678
0.5688789623732668
0.6274368053501181
0.48835155064619057
0.5172954414120866
0.6632177079964484
0.524748959923924
0.6056077066249481
0.6085324390438077
0.5740154450902754
0.5270429796344547
0.5545843264278014
0.5347858678238252
0.5582042678640657
0.5372071467232178
0.5294202731401336
0.5953030482237973
0.49665174315190724
0.6293320168489157
0.5827572574360674
0.5503959790381591
0.5306997440356869
0.5865364019833068
0.586139782876238
0.6039504663273892
0.5875292543934758
0.6240562247247078
0.648215556565694
0.5528114553630851
0.4955914247947734
0.5735868932375042
0.5283745956907945
0.47988849027021985
0.5849720340452905
0.6338604025566131
0.6258717013598178
0.5815734911898784
0.4710349207770762
0.580078533650128
0.513966601041573
0.5156283921784331
0.5204418353019337
0.5295304081146875
0.5649797812599096
0.6216878378211894
0.47275609248216893
0.5321444743140082
0.47492557537967717
0.5028981289387262
0.5865514819488138
0.6100783861782771
0.5797942658771567
0.419285320676209
0.5546059217838778
0.5317449042275412
0.6027687499252841
0.6109915815489357
0.5610938290723888
0.5663590821431946
0.4898570624962002
0.41698444272500784
0.5684601429573625
0.5354652596516667
0.6447697279811477
0.6216006599298346
0.6398867701820792
0.5929149050847529
0.6083484502465153
0.5584506136090497
0.6374058806329248
0.5769718296211853
0.6104012120377484
0.49827349764370354
0.5602159101774827
0.5195662978688655
0.5865396842915199
0.6347484084075311
0.6013483390233668
0.6072913384215941
0.5743272895534658
0.5449413590748655
0.6038447082523866
0.573538877662361
0.6420172350114159
0.5822099033873799
0.6028027097811262
0.5274821155884752
0.5446185215742787
0.44369832585492647
0.5869321629765936
0.6107710617283014
0.5017429946031333
0.5647205651761459
0.6037605622535384
0.49972908227479246
0.5715883921963749
0.5799501394598935
0.5392788237702607
0.5497184488638059
0.6348088506787132
0.6040763599975739
0.555481483371232
0.6302332043973726
0.5921865078429726
0.48702013328623406
0.5849395589921806
0.5653167082745498
0.4609641927512491
0.5196222270346935
0.6331809843460406
0.5163067418582048
0.5885714883994678
0.5513205947424412
0.5226022531330516
0.5128117374333465
0.6093059807274208
0.6216570005261184
0.49859805862852
0.5617233877204162
0.6399992689138698
0.46371671782597107
0.5444737983863752
0.5935868583182748
0.5243186318599596
0.5509786059168054
0.5263673702455727
0.5792687624377539
0.6281177101427482
0.5554945208632381
0.6193295537880834
0.5726945087572743
0.5825945197068785
0.5448742623523783
0.5683829351692721
0.6206773816722153
0.5076780058064706
0.623628933556452
0.6426054495500605
0.5428481847818717
0.5978374550392389
0.47411539823587673
0.519749009548707
0.5825422517762006
0.6083018973095954
0.5557223219661269
0.506577295916745
0.6863640525648416
0.5518396519780785
0.6430757087377653
0.5789552118834387
0.5356721256504745
0.5810566595903213
0.5207462431878097
0.46823277101894
0.44276919337250065
0.5956386939599823
0.5976287137965306
0.540590889621026
0.5427126762547496
0.542349315939922
0.6671651620377687
0.5621766037917983
0.5681744013971968
0.5342409884590489
0.5778875162154586
0.6073153584032639
0.5891605662610123
0.5999389550922637
0.5330100180351943
0.5598894867658674
0.6664809161297953
0.5729673638056171
0.5957408963474049
0.5242687279540156
0.5058599519200387
0.5152803264967489
0.5622814112894299
0.503665563140836
0.5398112463598284
0.5578484323712936
0.5859160686598033
0.5076947347751443
0.6107532255925027
0.6037470193298052
0.5979021540035289
