0.20733277483489118
0.30544952238098766
0.22919704685863412
0.2606959190948412
0.20303468309721356
0.2455928290470642
0.1981831787394504
0.2019619425489058
0.2092077719155124
0.18540118512139653
0.20411955380193128
0.2593770171324106
0.17624452643776642
0.23673310134511405
0.2701876609636353
0.21423287103542982
0.23107749844708658
0.2095638867560999
0.18581635957379666
0.23934594477618767
0.27156845305530863
0.19694893611034314
0.2309496024168628
0.19796362088116898
0.24532508999977176
0.2710941124704173
0.19334080680264287
0.2136841097981684
0.19902826938196969
0.24241025784335643
0.17279324549938052
0.21067442203552508
0.20257642669766035
0.1785349563713738
0.1606419284060555
0.18797869965892128
0.21912005104365087
0.23790312032675046
0.19178422072280477
0.18366824567151718
0.24129658483472174
0.16428311703362858
0.19116299969871398
0.20863834811651616
0.2401446959415449
0.21585074868141776
0.17086778670362146
0.3210626485357658
0.23967085601577853
0.25790828467427207
0.23751887661336582
0.22645705349435624
0.21462281543424114
0.2173101524879224
0.18016252215007464
0.21273303127558071
0.21705510961546998
0.2894030093088376
0.18430246901160988
0.22802674048590785
0.21613516414521736
0.16166963634043738
0.17645287551792857
0.27046339949293996
0.2164502864093337
0.23356402094388365
0.259747898040651
0.22945248282421532
0.19987786704970248
0.18464892807061856
0.18069353434990545
0.18145910164601756
0.20246131791334884
0.20628398502997655
0.22777613740628538
0.18397171339202215
0.23343876582861364
0.233820304085513
0.23272320062502663
0.21470588395786597
0.26436156556549784
0.19293675888948908
0.23155553784166324
0.20390958362427009
0.1866659284159867
0.1765975519306782
0.17358560287168023
0.21663821201382177
0.2699838322335828
0.19366951432383153
0.18428862003684593
0.2007412145075646
0.21170947197817752
0.20407345065096782
0.18478897983970802
0.18380814943978244
0.19958547677329888
0.17058845548088425
0.2118090896955492
0.18867482276963676
0.20223630061694003
0.24615754998708572
0.1666905749000665
0.3471661711879104
0.27695867701389726
0.2769202366766106
0.29125264165452347
0.2450533797810314
0.18088216784287198
0.21984473652568057
0.19463372751232577
0.2411036179831448
0.22204508135542622
0.22262600347295855
0.16792156672770206
0.26496388909373997
0.2505181895757264
0.20489655414321672
0.1642711461235311
0.19628032932781037
0.22816683067294855
0.20076095154228632
0.22019784044165527
0.1684712396291888
0.1935389583475485
0.21715133734504122
0.21588737932305166
0.2405649528807262
0.32704044368828966
0.2477787519892783
0.22570530643881218
0.225171593534158
0.18989493762122228
0.18364681139017006
0.23670455745952673
0.23466734345931842
0.2150254227136591
0.18964368782775018
0.21654350677254808
0.2670960965234364
0.24664693436603344
0.2473987148676663
0.2277670156645395
0.25177073443466885
0.22882828859630586
0.17199091425932994
0.2887742757518877
0.17934871051419796
0.18150644199344707
0.21075942852658258
0.2233311859499291
0.19590265316495506
0.18730249470820864
0.22583589904180087
0.22246367170045636
0.2143782277734471
0.18379395483276184
0.17341991753534228
0.19693810843206289
0.18128822395718114
0.205067441566511
0.20341463290030534
0.24414363902007943
0.24308884239996342
0.1875073319485177
0.16167260147535478
0.21701830010235668
0.22834187853218835
0.16264464373651183
0.2176449425943865
0.21808776175086136
0.25787372653991586
0.24220339237654742
0.2991471365931756
0.21974100553533701
0.18579143292712264
0.1979895354410499
0.18292615175427132
0.18767302919205808
0.31591912623034857
0.23420979106459128
0.2713051461616525
0.2123640609708285
0.19183078229777403
0.24971728865212572
0.28447931989663233
0.1923688094021916
0.2381619381198737
0.21617438265088101
0.19627937145974908
0.18099436417645987
0.19258674666816988
0.2560189099531062
0.26724259465308836
0.18558332101675795
0.23165476096455861
0.2280704389902658
0.21544484212117368
0.23516272050113052
0.22377446296472406
0.25253611153542804
0.193539327080882
0.16995379789162798
0.1863471109246154
0.2446556816514323
0.22011624230801055
0.19495499529247678
0.21095935239192534
0.18407029794605195
0.1967081451265961
0.20658735235802905
0.22168152699394394
0.26001172823250923
0.21805471417261701
0.2210343024969652
0.3356534685752038
0.2689910192197461
0.2214014690785237
0.19655938547931925
0.17385471567858457
0.21013536336153754
0.1847181681534893
0.19087952236907196
0.18658262088369615
0.18623791275001383
0.19603920421215082
0.23199543138139628
0.21790833690330155
0.1602386489863461
0.1954202136381924
0.1834485268019669
0.2373860671029255
0.23074194812024426
0.20238199514399222
0.19504740337967402
0.16845544328890244
0.2344564904283844
0.25229863024147403
0.21298964216967067
0.24590955452316982
0.19887894721737248
0.16710220688233904
0.17342752483984825
0.1820297661937159
0.19551909603523912
0.20952911871820698
0.23733864476957708
0.16311145066356503
0.2556285416979958
0.28587498226506847
0.19708657325102083
0.17125993619414673
0.19943313873249074
0.1680970615458274
0.24659535110323388
0.21692027603232147
0.3332508502343329
0.179450958111411
0.19479417729733942
0.20017068391057288
0.16560279055704116
0.2754015959585402
0.254801178054737
0.21195871493428417
0.2599755518419113
0.18813787146404948
0.22039304727282463
0.20393382595814183
0.26666617597514797
0.304861999503033
0.2419128003973582
0.21026052404757106
0.22836184798047784
0.20734446221429487
0.22140817193645615
0.20841970806897908
0.1840988483048237
0.22207558708060113
0.1786556122318753
0.1856589804539689
0.2680310088515935
0.18600850063310959
0.19686561929857715
0.1979349490378902
0.1918985715430618
0.22682375125289334
0.24944731432128475
0.2737666977059935
0.27414982821602796
0.27260941579204756
0.21647842252493416
0.2172956513893072
0.2527956879259261
0.20414029155972502
0.24356879682568955
0.251686626663282
0.19121887090036732
0.22793548083766402
0.23584337556219315
0.20676850276317482
0.2523294500076917
0.19262813978820464
0.17478392271611032
0.18215315838358262
0.18435976811710753
0.17311904749434642
0.29788451032193497
0.17492494644932866
0.20962817428530514
0.18286609017118888
0.1847488917774889
0.2182504201190739
0.23441530246686015
0.2502926884230852
0.19216011573316832
0.2753864947549144
0.21205541953492774
0.2282661888018454
0.2185854795835782
0.20794941796147
0.20897727646174852
0.26620523613857905
0.17880242023625312
0.17203941386519614
0.2056459943056089
0.2532793066778886
0.2630228075612221
0.237908361303743
0.18960833742294228
0.2172303914381023
0.23887226746010767
0.26101918586000206
0.1970820987695748
0.18126794564596968
0.16997328555317068
0.20518614273660127
0.16605351284474565
0.2558625708136238
0.19904475921036008
0.19829829688467032
0.20195370819226682
0.2470558669544704
0.31231200143678256
0.19522204611269772
0.22092378702987014
0.22920490730559379
0.2019568174756529
0.2159471874731346
0.16259133659691766
0.2255638523041012
0.17364564043643804
0.19033127645795309
0.20359700332640446
0.3249216239262799
0.20228541979452935
0.17382323536913238
0.25721776134410795
0.1958005317712026
0.2299719442380356
0.21763917032526486
0.20622514759826813
0.19049864475444372
0.23496656787362175
0.2562476107249712
0.16616142041225282
0.17937606741388315
0.19491990578078308
0.25491278438770343
0.24793069660912373
0.1671973270366677
0.2800292778139232
0.1741597116402477
0.25288602392141013
0.2085687986392627
0.17847766511361898
0.21269139626218686
0.23562962164649745
0.268315370515405
0.22524133120478637
0.18723669037265733
0.259726290339718
0.18396458229655174
0.28726133624270855
0.23062391732604498
0.24029680464843062
0.23676026255536115
0.23833925162141953
0.22408520515987151
0.2181039570024657
0.1999006190566908
0.22933087564609306
0.17215294815294813
0.26553048401968954
0.20318444892040388
0.28019272654459504
0.20240398947911026
0.21725220946142645
0.2969382874523261
0.1879321323770656
0.22272333229120272
0.17562050542954846
0.2790359120676588
0.24363549764404668
0.20583821203510866
0.20054956196029278
0.27220029825113196
0.24171442846144303
0.19125832137015658
0.1735217903022765
0.2404975449720609
0.18064060974891072
0.2041156541318935
0.21823296183464932
0.19627622160385746
0.16556188583639794
0.1840665568826929
0.2536568553641789
0.23905313655359017
0.22409559570713974
0.2033857422861182
0.19654340537462134
0.1918794882787772
0.2299410737962948
0.2635198509293404
0.19906710740770753
0.19922010966250683
0.20331622029262536
0.1969371398505257
0.18816467908474963
0.1982920611450587
0.31998734357012215
0.18464002540396643
0.19026967481494242
0.25526483004646566
0.22662187982040924
0.30008556201776715
0.20622436537264122
0.20543234191465637
0.21983852490857672
0.19118297289148528
0.20581556652634256
0.19099572313787758
0.20504316482253807
0.15687446205268576
0.1603803951612874
0.25451000829104004
0.2691064982555868
0.16470582499730735
0.18880774766308023
0.19133734032134633
0.2762432531156204
0.18983456757290365
0.23578317523844
0.20089141178700035
0.24044324464675823
0.1912722328039742
0.19282279655307527
0.22010940089206585
0.21797775458877605
0.22229480249629155
0.19514790832140644
0.20266348132281464
0.1635566371517129
0.23476986520591567
0.19553936252445736
0.19674302877649733
0.2751804195631144
0.1794229418123791
0.31752431359831174
0.19145293491934087
0.19715963188477037
0.1692452091192406
0.19241290764351934
0.1965999446492115
0.1929573761485906
0.29907616770385603
0.24533868715194015
0.19874821267125456
0.20678140486964017
0.22904353992506674
0.2334350625137583
0.1934732945497768
0.19926317568894691
0.30418794630169466
0.17024025423297676
0.2178554635202461
0.1888497417384599
0.20950946768703776
0.25912805999170624
0.21687393726824009
0.2264003091804109
0.1712465938708055
0.21526447942485316
0.1872723761896334
0.2142083076801535
0.17066035719861214
0.17705296747104343
0.2231687820480924
0.1912688829858596
0.21230117457433706
