0.7223611111111111
0.69875
0.7640277777777779
0.752361111111111
0.7598611111111112
0.7452777777777777
0.7448611111111112
0.75875
0.7552777777777778
0.7509722222222223
0.6836111111111112
0.7677777777777778
0.7338888888888888
0.7208333333333333
0.7405555555555555
0.681111111111111
0.746388888888889
0.7033333333333333
0.6801388888888888
0.7587499999999999
0.7619444444444444
0.7344444444444445
0.7241666666666666
0.6719444444444445
0.6902777777777778
0.7051388888888889
0.700138888888889
0.74
0.7188888888888889
0.6811111111111111
0.7598611111111111
0.7243055555555555
0.7506944444444444
0.6906944444444445
0.7866666666666667
0.7527777777777778
0.7404166666666667
0.7680555555555555
0.7252777777777777
0.7995833333333333
0.7031944444444446
0.7351388888888889
0.751388888888889
0.7602777777777778
0.8195833333333333
0.7470833333333335
0.7295833333333335
0.6758333333333334
0.7269444444444444
0.6484722222222222
0.65625
0.7002777777777778
0.7208333333333333
0.7447222222222223
0.7452777777777778
0.7316666666666667
0.715
0.7240277777777777
0.7559722222222224
0.7702777777777778
0.7130555555555556
0.7129166666666666
0.7713888888888889
0.7019444444444445
0.8129166666666666
0.6933333333333335
0.7163888888888889
0.7109722222222222
0.7108333333333333
0.7059722222222222
0.6805555555555556
0.6869444444444445
0.6916666666666668
0.6629166666666666
0.6930555555555555
0.7141666666666666
0.7373611111111111
0.7094444444444444
0.6929166666666666
0.7836111111111111
0.7169444444444445
0.7108333333333333
0.6981944444444445
0.6959722222222223
0.7725000000000001
0.7552777777777778
0.7101388888888889
0.6925000000000001
0.7206944444444444
0.7277777777777777
0.7302777777777777
0.7769444444444444
0.6856944444444445
0.7322222222222222
0.7375
0.7375
0.7466666666666667
0.7213888888888889
0.77625
0.7473611111111111
0.7316666666666667
0.7570833333333334
0.7304166666666667
0.7291666666666666
0.7787499999999998
0.7627777777777779
0.7169444444444445
0.7537499999999999
0.725
0.7447222222222223
0.7645833333333333
0.7863888888888888
0.7399999999999999
0.7447222222222222
0.7427777777777778
0.7352777777777778
0.7494444444444445
0.7316666666666667
0.7215277777777779
0.7361111111111112
0.7455555555555555
0.7451388888888888
0.7640277777777779
0.6977777777777778
0.7170833333333333
0.718888888888889
0.7188888888888888
0.76625
0.7402777777777778
0.7308333333333332
0.7095833333333332
0.7955555555555556
0.6780555555555556
0.6954166666666667
0.7644444444444445
0.7305555555555556
0.8016666666666666
0.7770833333333333
0.755138888888889
0.7740277777777778
0.7179166666666666
0.7177777777777777
0.6783333333333333
0.7166666666666667
0.697638888888889
0.7198611111111112
0.7663888888888889
0.7256944444444445
0.7004166666666667
0.7152777777777778
0.7302777777777778
0.7258333333333333
0.7533333333333333
0.7566666666666666
0.7368055555555555
0.6861111111111111
0.7438888888888889
0.7595833333333333
0.6688888888888889
0.7308333333333333
0.6890277777777778
0.763888888888889
0.7227777777777777
0.7538888888888889
0.6780555555555556
0.7322222222222222
0.73625
0.71
0.7913888888888889
0.7315277777777779
0.7863888888888889
0.745
0.7208333333333332
0.7344444444444445
0.7579166666666667
0.6572222222222223
0.7541666666666667
0.8030555555555555
0.7168055555555556
0.7511111111111112
0.7072222222222223
0.7302777777777777
0.7544444444444445
0.6852777777777778
0.7244444444444444
0.7216666666666668
0.7209722222222222
0.736388888888889
0.768888888888889
0.7136111111111111
0.7316666666666666
0.7295833333333334
0.7169444444444445
0.7726388888888889
0.7383333333333334
0.7494444444444445
0.7179166666666666
0.7405555555555555
0.706388888888889
0.7443055555555556
0.7680555555555556
0.7
0.7158333333333332
0.7616666666666666
0.75
0.7627777777777778
0.7379166666666667
0.7290277777777777
0.78
0.72125
0.7730555555555556
0.6988888888888889
0.7238888888888888
0.7088888888888889
0.7448611111111111
0.762638888888889
0.7027777777777777
0.7134722222222222
0.7119444444444444
0.70375
0.675
0.7663888888888889
0.7593055555555557
0.7548611111111111
0.7252777777777778
0.7802777777777778
0.7427777777777778
0.7247222222222222
0.745
0.7416666666666667
0.7250000000000001
0.7483333333333332
0.6586111111111111
0.7440277777777778
0.748888888888889
0.72125
0.7881944444444444
0.7284722222222222
0.7168055555555556
0.7194444444444444
0.7533333333333334
0.7644444444444445
0.7625000000000001
0.6604166666666667
0.7827777777777778
0.6754166666666667
0.7675
0.7591666666666667
0.7183333333333334
0.7008333333333333
0.7670833333333333
0.7633333333333333
0.7016666666666667
0.7281944444444445
0.7434722222222221
0.7680555555555556
0.7468055555555556
0.7234722222222222
0.6852777777777778
0.7477777777777779
0.7913888888888888
0.6943055555555555
0.7613888888888889
0.7652777777777778
0.7344444444444446
0.7243055555555555
0.7397222222222222
0.7611111111111111
0.7444444444444445
0.7976388888888888
0.6886111111111111
0.7141666666666666
0.7662499999999999
0.7561111111111112
0.7551388888888889
0.6677777777777777
0.7509722222222223
0.6775
0.6498611111111111
0.7208333333333333
0.6573611111111112
0.7508333333333334
0.76125
0.7173611111111111
0.7359722222222222
0.6775
0.7463888888888889
0.7052777777777777
0.6947222222222222
0.6738888888888889
0.7191666666666666
0.7677777777777778
0.737638888888889
0.7452777777777777
0.7188888888888889
0.6905555555555555
0.7866666666666667
0.680138888888889
0.7338888888888889
0.7818055555555556
0.7447222222222222
0.7808333333333334
0.7397222222222223
0.7497222222222222
0.7219444444444444
0.6930555555555555
0.7045833333333333
0.6580555555555556
0.7291666666666666
0.7047222222222222
0.735972222222222
0.7716666666666667
0.6926388888888888
0.7408333333333333
0.6816666666666666
0.6893055555555556
0.7100000000000001
0.76625
0.7041666666666667
0.7109722222222222
0.7297222222222223
0.7008333333333333
0.7315277777777777
0.7452777777777777
0.7365277777777779
0.7327777777777778
0.7725000000000001
0.7605555555555555
0.7475
0.7690277777777778
0.7663888888888888
0.7547222222222223
0.7009722222222223
0.726111111111111
0.7361111111111112
0.7201388888888889
0.7041666666666667
0.7123611111111111
0.7331944444444444
0.7858333333333333
0.7298611111111112
0.7231944444444444
0.7508333333333334
0.7081944444444445
0.7333333333333333
0.7390277777777778
0.7913888888888888
0.7108333333333333
0.7280555555555556
0.7811111111111111
0.7577777777777778
0.7398611111111111
0.7231944444444445
0.7165277777777779
0.6761111111111111
0.7001388888888889
0.7422222222222222
0.7177777777777778
0.7349999999999999
0.7531944444444444
0.7605555555555555
0.7883333333333333
0.6836111111111112
0.6693055555555555
0.7434722222222223
0.6786111111111112
0.7365277777777778
0.7409722222222223
0.7125
0.7079166666666667
0.7861111111111111
0.73
0.7072222222222222
0.6544444444444444
0.7147222222222223
0.6780555555555556
0.6930555555555556
0.7401388888888889
0.7705555555555555
0.7497222222222223
0.7565277777777777
0.7270833333333333
0.7134722222222222
0.7595833333333333
0.7227777777777777
0.7947222222222223
0.7527777777777778
0.7625
0.6888888888888889
0.6681944444444444
0.7641666666666668
0.73875
0.7209722222222222
0.7755555555555556
0.7665277777777778
0.7363888888888889
0.7619444444444444
0.6708333333333334
0.7738888888888888
0.7277777777777776
0.7916666666666667
0.6630555555555556
0.7138888888888889
0.7116666666666667
0.7300000000000001
0.7405555555555555
0.7619444444444445
0.7204166666666666
0.7281944444444445
0.7059722222222222
0.7291666666666667
0.7241666666666667
0.6920833333333334
0.7588888888888891
0.7419444444444445
0.7854166666666668
0.7494444444444444
0.7033333333333334
0.7856944444444446
0.685
0.7766666666666667
0.7020833333333334
0.7322222222222222
0.6331944444444444
0.7494444444444445
0.6481944444444445
0.6908333333333334
0.7173611111111112
0.741388888888889
0.7505555555555556
0.7438888888888888
0.736111111111111
0.7331944444444445
0.7172222222222222
0.7430555555555556
0.7222222222222222
0.7294444444444443
0.7956944444444445
0.7040277777777777
0.7008333333333333
0.726111111111111
0.7741666666666668
0.7147222222222221
0.7397222222222223
0.7094444444444443
0.8109722222222223
0.7270833333333333
0.7111111111111112
0.7655555555555554
0.7258333333333333
0.7244444444444444
0.7322222222222222
0.7694444444444445
0.7508333333333334
0.7769444444444444
0.6693055555555556
0.7166666666666667
0.7436111111111111
0.7388888888888889
0.733888888888889
0.7515277777777778
0.7763888888888889
0.7155555555555555
0.7951388888888888
0.7740277777777778
0.7098611111111112
0.7488888888888888
0.6861111111111111
0.6991666666666666
0.7427777777777779
0.7616666666666667
0.7286111111111111
0.7283333333333333
0.6774999999999999
0.7025000000000001
0.7516666666666667
0.7147222222222221
0.6602777777777779
0.6983333333333334
0.7591666666666667
0.7647222222222223
0.7138888888888889
0.7280555555555557
0.7258333333333333
0.7229166666666665
0.7081944444444445
0.7536111111111112
0.7169444444444444
0.6806944444444447
0.7030555555555555
0.7166666666666667
0.7522222222222222
0.695
0.716111111111111
0.7405555555555555
0.6950000000000001
0.7424999999999999
0.7779166666666667
0.745
0.7615277777777778
