0.6952777777777777
0.6763888888888888
0.726111111111111
0.7175
0.7329166666666665
0.7322222222222222
0.7577777777777779
0.7344444444444443
0.7219444444444445
0.7733333333333333
0.6947222222222222
0.7829166666666667
0.7186111111111111
0.7374999999999999
0.7472222222222223
0.7244444444444444
0.7845833333333334
0.7416666666666667
0.6994444444444445
0.765
0.7702777777777777
0.7768055555555556
0.8033333333333333
0.7056944444444444
0.7308333333333333
0.7231944444444444
0.6847222222222222
0.7280555555555556
0.7550000000000001
0.6733333333333333
0.7702777777777777
0.7736111111111111
0.7422222222222222
0.6908333333333333
0.7386111111111111
0.7222222222222222
0.7577777777777778
0.7884722222222222
0.7111111111111109
0.7688888888888888
0.7227777777777777
0.7452777777777778
0.8069444444444445
0.7294444444444446
0.8227777777777778
0.6883333333333332
0.7433333333333333
0.6783333333333333
0.6947222222222224
0.6505555555555557
0.6991666666666667
0.7015277777777778
0.7027777777777778
0.7480555555555556
0.7369444444444444
0.7468055555555556
0.7229166666666665
0.7183333333333334
0.7
0.7280555555555556
0.7138888888888889
0.68125
0.7466666666666667
0.73
0.7733333333333333
0.7208333333333333
0.7283333333333333
0.72375
0.7218055555555556
0.7501388888888889
0.7258333333333332
0.7433333333333334
0.6694444444444444
0.7106944444444444
0.7176388888888887
0.7377777777777778
0.7080555555555557
0.7461111111111111
0.7533333333333334
0.7756944444444445
0.7177777777777777
0.7312500000000001
0.7297222222222222
0.7175000000000001
0.7831944444444445
0.7315277777777778
0.7062499999999999
0.7458333333333336
0.7311111111111112
0.7109722222222223
0.7777777777777777
0.7483333333333334
0.6963888888888888
0.7763888888888888
0.7133333333333334
0.7319444444444444
0.7275
0.7302777777777778
0.7779166666666667
0.7279166666666667
0.7402777777777778
0.7401388888888889
0.725138888888889
0.7293055555555557
0.7626388888888889
0.7508333333333334
0.7372222222222222
0.7536111111111111
0.7786111111111111
0.768888888888889
0.7416666666666667
0.7633333333333334
0.7222222222222223
0.7531944444444445
0.7366666666666667
0.7341666666666666
0.7408333333333335
0.7194444444444444
0.7165277777777778
0.7736111111111111
0.7255555555555556
0.7454166666666667
0.8022222222222222
0.74
0.7388888888888889
0.7602777777777778
0.7054166666666666
0.6972222222222222
0.7822222222222223
0.6973611111111111
0.6926388888888889
0.7794444444444445
0.7083333333333334
0.7072222222222222
0.7505555555555555
0.75875
0.7936111111111112
0.803888888888889
0.7244444444444444
0.7590277777777777
0.7222222222222222
0.7533333333333334
0.6577777777777778
0.7051388888888889
0.6773611111111112
0.687361111111111
0.7473611111111111
0.7583333333333334
0.7505555555555555
0.7319444444444444
0.6795833333333333
0.7088888888888889
0.731111111111111
0.7430555555555556
0.7325
0.6849999999999999
0.7044444444444444
0.731111111111111
0.6983333333333333
0.76
0.7047222222222222
0.7458333333333333
0.7152777777777778
0.793611111111111
0.7184722222222222
0.7166666666666667
0.7175
0.7133333333333333
0.8111111111111111
0.7063888888888888
0.7033333333333333
0.6622222222222223
0.7177777777777778
0.7554166666666667
0.7236111111111111
0.6465277777777777
0.7215277777777778
0.808888888888889
0.7383333333333334
0.7736111111111112
0.7086111111111111
0.735
0.7751388888888888
0.72
0.7184722222222222
0.7448611111111112
0.7044444444444443
0.7641666666666667
0.7852777777777776
0.7327777777777778
0.719722222222222
0.6941666666666667
0.7547222222222223
0.7643055555555556
0.7672222222222222
0.7466666666666667
0.736388888888889
0.7472222222222222
0.6880555555555555
0.7198611111111112
0.7775
0.7177777777777778
0.6991666666666667
0.7397222222222222
0.7094444444444444
0.7808333333333334
0.7075
0.7449999999999999
0.7248611111111112
0.7283333333333334
0.7400000000000001
0.7119444444444445
0.706388888888889
0.70375
0.6734722222222222
0.7491666666666668
0.7583333333333333
0.7416666666666666
0.715
0.6959722222222222
0.672638888888889
0.7694444444444444
0.7330555555555556
0.7894444444444444
0.6904166666666667
0.7181944444444446
0.7297222222222223
0.7175
0.7744444444444444
0.7197222222222223
0.711388888888889
0.6955555555555555
0.7202777777777778
0.6936111111111112
0.7572222222222222
0.7102777777777778
0.7875
0.6876388888888889
0.7481944444444445
0.7073611111111111
0.70125
0.7544444444444445
0.7472222222222222
0.6699999999999999
0.8002777777777779
0.6954166666666667
0.7361111111111112
0.7419444444444444
0.6761111111111111
0.7349999999999999
0.8030555555555556
0.7398611111111112
0.7009722222222222
0.7251388888888889
0.7254166666666666
0.7419444444444445
0.7631944444444445
0.7554166666666666
0.7247222222222223
0.7425
0.7783333333333333
0.7338888888888889
0.7498611111111112
0.6897222222222223
0.772361111111111
0.7333333333333333
0.7205555555555555
0.7354166666666668
0.758888888888889
0.7881944444444445
0.7363888888888889
0.7315277777777778
0.7708333333333334
0.7397222222222222
0.7497222222222223
0.6868055555555557
0.7941666666666666
0.6965277777777777
0.6736111111111112
0.7327777777777778
0.6787500000000001
0.7630555555555556
0.7666666666666666
0.7073611111111111
0.7783333333333333
0.6913888888888888
0.7625000000000001
0.6891666666666667
0.7424999999999999
0.6855555555555556
0.7663888888888889
0.7863888888888889
0.7275
0.7598611111111111
0.6636111111111112
0.7216666666666667
0.7958333333333334
0.6790277777777778
0.7354166666666667
0.7827777777777778
0.7533333333333333
0.74375
0.7024999999999999
0.7505555555555555
0.7181944444444446
0.7044444444444444
0.6730555555555556
0.6386111111111111
0.72875
0.7294444444444445
0.7283333333333334
0.7691666666666666
0.7277777777777777
0.7188888888888889
0.6877777777777778
0.6923611111111111
0.7697222222222222
0.7830555555555556
0.7051388888888889
0.6636111111111112
0.7913888888888889
0.6708333333333334
0.7402777777777777
0.7258333333333332
0.7180555555555556
0.7336111111111111
0.8049999999999999
0.7477777777777778
0.7172222222222222
0.7447222222222223
0.7365277777777778
0.7595833333333333
0.6719444444444445
0.7218055555555556
0.7080555555555555
0.7291666666666667
0.6805555555555555
0.7190277777777778
0.7527777777777778
0.8058333333333334
0.7465277777777779
0.7212500000000001
0.6950000000000001
0.7444444444444445
0.7794444444444445
0.7636111111111111
0.7272222222222222
0.74
0.7151388888888888
0.7369444444444444
0.7730555555555556
0.6915277777777777
0.7148611111111112
0.6805555555555556
0.6820833333333333
0.7625000000000001
0.7058333333333334
0.7102777777777778
0.71625
0.7636111111111111
0.8034722222222223
0.7591666666666667
0.6898611111111111
0.6790277777777778
0.7513888888888889
0.6844444444444444
0.7352777777777778
0.7686111111111111
0.7508333333333334
0.7261111111111112
0.7413888888888889
0.7169444444444445
0.7519444444444444
0.6731944444444444
0.6698611111111111
0.7193055555555556
0.7093055555555556
0.7066666666666667
0.7570833333333333
0.7172222222222222
0.7594444444444445
0.7281944444444444
0.7252777777777777
0.7969444444444446
0.741388888888889
0.7797222222222222
0.7563888888888889
0.7640277777777778
0.7281944444444444
0.6866666666666666
0.7859722222222223
0.7150000000000001
0.7401388888888889
0.7269444444444445
0.7244444444444444
0.7180555555555556
0.7672222222222222
0.6733333333333332
0.7858333333333334
0.7747222222222223
0.78
0.7047222222222221
0.7350000000000001
0.73375
0.728888888888889
0.7580555555555555
0.7434722222222222
0.7520833333333332
0.7279166666666667
0.7355555555555555
0.7247222222222222
0.7747222222222223
0.7591666666666667
0.7518055555555555
0.7147222222222221
0.7920833333333334
0.7066666666666667
0.6956944444444445
0.7619444444444444
0.6811111111111111
0.7318055555555556
0.6983333333333333
0.71
0.6525
0.7526388888888889
0.706111111111111
0.7344444444444446
0.7109722222222221
0.8055555555555555
0.7708333333333334
0.7427777777777778
0.7418055555555556
0.747638888888889
0.7095833333333333
0.7163888888888889
0.6795833333333334
0.7272222222222222
0.7175
0.706111111111111
0.7068055555555556
0.7573611111111112
0.7041666666666667
0.7019444444444444
0.7544444444444445
0.68125
0.7641666666666668
0.721388888888889
0.7006944444444445
0.7258333333333333
0.7400000000000001
0.7177777777777777
0.7388888888888889
0.7501388888888889
0.7101388888888889
0.7479166666666667
0.7108333333333333
0.6975
0.7302777777777778
0.6986111111111111
0.7108333333333332
0.69
0.7913888888888889
0.7413888888888889
0.7845833333333333
0.7430555555555556
0.7419444444444445
0.768888888888889
0.6858333333333333
0.716111111111111
0.7684722222222222
0.7348611111111111
0.7319444444444444
0.7365277777777778
0.6616666666666666
0.6593055555555557
0.7365277777777777
0.7070833333333333
0.6875
0.7170833333333334
0.7322222222222223
0.7663888888888889
0.7672222222222222
0.72875
0.7397222222222223
0.735138888888889
0.70625
0.7384722222222222
0.721111111111111
0.7313888888888889
0.7125
0.706111111111111
0.768888888888889
0.6815277777777777
0.7690277777777778
0.727638888888889
0.7183333333333333
0.6962499999999999
0.7258333333333332
0.7452777777777777
0.7641666666666667
