0.5372605005131986
0.5065752185137515
0.5572976547989201
0.5268285108355314
0.5369448426484622
0.5559767665462882
0.5490845772028918
0.5864956552962511
0.5755200062107042
0.6286602395000288
0.5823946793949387
0.6407666075594529
0.5591586152727968
0.5216833334027348
0.5901062040928529
0.532534532651039
0.5930972654604092
0.5117026289290598
0.5668985184970381
0.6315872256487466
0.5864526075774132
0.6059308246883974
0.6447089973532065
0.5171540242100441
0.5472743389318444
0.6004369217570067
0.4932128633405738
0.528383021596478
0.5612346416847471
0.5227019471668668
0.5988078439554908
0.6128144799063882
0.567549810855635
0.5549480007137222
0.5345986106010484
0.5539137642848824
0.6200505128182174
0.6213533086530367
0.6074274978081542
0.5849628844398869
0.5094415673897102
0.5878102457428986
0.6366740894641613
0.5552670628519474
0.6638027476773247
0.44357512498552804
0.5979874985705531
0.5252024081611061
0.5301251884479894
0.4668855920343046
0.5497937038321037
0.37021786644839383
0.5174314600110812
0.6102706003237647
0.5837275402702751
0.5221045612919099
0.5358757431298402
0.5075011147524694
0.5469524575785665
0.5294674154252641
0.55159766655322
0.46566320728466337
0.5459219915404535
0.5904346618741124
0.5381080743415273
0.556012788868969
0.5605750078511427
0.5545390284283754
0.5898646439812739
0.6011154511197487
0.4607255278999535
0.5522408645706823
0.4812208596623646
0.5256470414360833
0.5660551025752317
0.5556330761220536
0.5556368956528213
0.5163767564903471
0.5723453985128233
0.5870911006030793
0.5634425815340701
0.5736156689761276
0.5354078960667789
0.5487975003868869
0.6062542417935991
0.5433059355686619
0.550002146396232
0.6223414385289191
0.4547275568939109
0.5516577266844129
0.5377826304106871
0.5310988426616082
0.6017660587756319
0.5715468903741037
0.539100532561398
0.5810058418327291
0.5682581115207886
0.5519340862956739
0.5754166576133373
0.5421786233490132
0.6061115753814083
0.5381483701212083
0.518972051100433
0.5644113511895301
0.5833743417985944
0.5924589825526512
0.5577346556980907
0.5906121298507462
0.6129375050385447
0.5957770882669428
0.567660670438984
0.6016273629570648
0.5367482909609376
0.5979118959302773
0.5317282377404193
0.5834987765129522
0.529533327835845
0.5771756002780362
0.5247458135848327
0.5651974679423196
0.5561769078717845
0.5591120529717849
0.6502655138110324
0.5811305320876553
0.541999701593502
0.6556149649544377
0.5659830436823576
0.4683728639775
0.6369093455755307
0.45323883591298336
0.5171167445707787
0.6176464348740393
0.5603247634228489
0.5667075388617515
0.547536707955084
0.5900157343035869
0.6193754344860266
0.6327784198622488
0.505498525102037
0.5381440883989898
0.5517694513655343
0.6214524390388007
0.40032338590491073
0.5343363816758258
0.5101804223447648
0.47324443742515765
0.5756709480688967
0.5588957285359668
0.5532019244442997
0.5309640709541957
0.47291916437328735
0.5761733188665702
0.6191779568303383
0.5840042640856417
0.5115583469817688
0.5451607457556713
0.49437141143737406
0.5149178279691723
0.5548337138598595
0.6024630610340133
0.49920122769176534
0.5636576343255042
0.5526018694057133
0.6008992246984827
0.6073393255681748
0.49543843661208176
0.5396465649067692
0.47764466342107126
0.6310182634167184
0.5371812122260011
0.499165724251974
0.45837126321799415
0.5579168725251828
0.5977824874670667
0.5482985116547264
0.5070435673970625
0.4831169609718692
0.6384851049650809
0.6142785715749595
0.6249536668904087
0.5716454145820822
0.5562763314888254
0.5453607098858324
0.5352282598055831
0.5740607838731114
0.5485300143964499
0.5477255157669028
0.5964778177604655
0.6190660517150173
0.528266777393859
0.5618306302102982
0.5452230562805318
0.6073308963522959
0.5329716367640541
0.5652443222778634
0.49743759726978315
0.5865419851975285
0.5909799967274132
0.479861373886599
0.5070392972819537
0.5998897209138743
0.6104379618949383
0.5099596223231226
0.5908758202643366
0.551427572574946
0.5816861574188728
0.48980784915932324
0.5742842337422873
0.5351871520424142
0.5374412770354078
0.4547252642560843
0.5987008774006002
0.5620295804369143
0.5058056598208585
0.406047168175527
0.5812533715101952
0.5861070402023343
0.5766204596994636
0.5580663256315207
0.45607700761534425
0.46261000994977497
0.5913938456308382
0.563624450939052
0.6434721630994958
0.5709330798110787
0.554464245316465
0.5648760647852572
0.5316935645538038
0.606520979673256
0.5214961083703388
0.5410537755730292
0.5146595208862405
0.517026703415665
0.5841011046036024
0.47522969161935114
0.5099144805004435
0.604342554773749
0.465753245812848
0.5757663563224122
0.500130786843747
0.47528412807047715
0.5885774152159157
0.571884882075497
0.5194699644344339
0.5829025468933595
0.5185094018608616
0.5512877501633772
0.5286743215000084
0.5552169109866291
0.5250377247121663
0.6809105945952261
0.5556265219574239
0.5580039067714107
0.5898811510411541
0.5050087523212348
0.5568045955886421
0.5099041084947606
0.5863582563379565
0.5442019197682035
0.5273167044156434
0.614284227698701
0.6171855052894788
0.5107447898812909
0.4459259559988017
0.6029487688997995
0.5810250368591315
0.5179715533995783
0.5210588445012159
0.5779217240799662
0.558776868452542
0.6195041921590663
0.5899591097656289
0.6059364279016466
0.5652217814678324
0.518286670509392
0.5090179492733092
0.610764785495824
0.569941672252399
0.5457631916039485
0.5756041214930727
0.524128550193012
0.6221220058306939
0.6016401048245977
0.5454394128621859
0.6327091858117553
0.5501039457021147
0.5763956497772069
0.563927757060702
0.5378430101483932
0.5099508915845622
0.5947668214094404
0.6326241704229517
0.5230521541899922
0.5333951688387273
0.4122161602172164
0.5876375345188174
0.6093123885718874
0.4809849721571643
0.5184436917246542
0.6421341565189188
0.6217710457516482
0.5407714004554204
0.5045954644723427
0.5289331772094404
0.5414314066534193
0.506672539308121
0.539142874992451
0.47515815555851953
0.5769802526368513
0.547188506264723
0.6038480486097468
0.5798507121267793
0.5491024755446078
0.5708814169360968
0.5278650218299996
0.4505551855422154
0.5723131429161292
0.6264897103231826
0.5296464201179992
0.4449231095646565
0.6377072555155255
0.5229428099519169
0.6240011670050929
0.47064084614333984
0.5615294921692051
0.5751009584748161
0.5965259136705541
0.557844277605956
0.551306609893576
0.5613084360465783
0.5804406325734061
0.5783229406172988
0.5105316349367215
0.5493286760911729
0.5132109535583615
0.5177119222543493
0.5710324701493827
0.5846986868279842
0.5788592932684842
0.60034601171086
0.6262081245022647
0.5606669131268397
0.5169349853453594
0.5880034802691757
0.5964275149386984
0.5870535359325659
0.49592591226819216
0.5872561100729812
0.5243466721467478
0.5384777620005679
0.6238080209412946
0.5085199192844897
0.4586338220152259
0.5584280190466892
0.5770961721496504
0.5907634982735648
0.5659735375550861
0.5709645408272166
0.5554696117796313
0.5416105183776692
0.6205525906908345
0.5724131118870911
0.5036695940735993
0.5437916332218753
0.6059774230861855
0.5292775382547229
0.5466874981477133
0.5791307248234798
0.5689114536448372
0.5694480909951097
0.5506959049286493
0.6023389223924847
0.5654495688323211
0.5228180714422704
0.5211605678515207
0.5367484480297714
0.5566032746328348
0.5191554032591278
0.5536742927995049
0.5562721941404593
0.5834831262482766
0.6167741560373092
0.5462578195439457
0.5994843341447716
0.5498165636574028
0.587408335996494
0.6384648179972435
0.5185040900296659
0.5421310459370278
0.5310628999209358
0.5929292013329591
0.5441319723793774
0.5909773071593516
0.6074390074142025
0.5083760462174337
0.4829372587194937
0.576118985973533
0.5019774247098744
0.6347299773394869
0.5662226907295893
0.5481929944349236
0.4963623337036353
0.5805376568434532
0.554852884515961
0.5390439807924009
0.6102574564193188
0.5523565157010926
0.573262232879317
0.5684299086623269
0.5021223911427241
0.5207975575838697
0.5872676169002773
0.5821894568982369
0.5649847669680873
0.5619093597159157
0.6586043888839538
0.49791672819036775
0.5672548680566849
0.5845627664040604
0.484162081405981
0.49480163601513727
0.520065766165766
0.5185607484263937
0.5288007330589681
0.5985648787730146
0.5419525130088227
0.5613729643833929
0.5755577418783423
0.5962935484796938
0.5277127774950839
0.5750068786463558
0.49047219147051135
0.5207712829716424
0.4787740632758325
0.5866749687788375
0.44640758649891704
0.5895777708352536
0.5739386561937048
0.5160343694738899
0.6074926005654575
0.6202066633170141
0.4895711047398641
0.5612404890395623
0.5696582426735345
0.525313707691016
0.5691932912897547
0.5941990953676028
0.5197682354942226
0.5491254716260863
0.6138046814765794
0.518232518165604
0.541676902484061
0.5865703948200636
0.5357193792728351
0.5307538049480193
0.47818179750774403
0.5366418101517233
0.5244193614271699
0.5395367003066778
0.6120371717511305
0.5015020704394303
0.6173919176675351
0.5621299386021371
0.5910961428636374
0.5513413635787121
0.5689822214046096
0.6012559227491869
0.5181087960615737
0.493065922495097
0.5976547983851552
0.6030130932371723
0.5320726934041647
0.5649419720958648
0.4540767856320281
0.5009393583440407
0.577813551143601
0.5004855555672347
0.511579939170586
0.5399299875959911
0.5374312225872353
0.5635917833383167
0.6289613373955508
0.5758417789371948
0.6414288093513271
0.5375258881018992
0.510490656252718
0.5729084093545649
0.5513601682835537
0.4789607524378602
0.5470959231249184
0.5317685527551076
0.6214079627480094
0.5162977837079656
0.62095766870529
0.5376951037228962
0.5502142632430495
0.5111052945346237
0.487282145761747
0.5819064691198489
0.5473752226845786
