0.4651162790697674
0.5555555555555556
0.43478260869565216
0.4313725490196078
0.509090909090909
0.41860465116279066
0.3913043478260869
0.47826086956521735
0.5531914893617021
0.5116279069767441
0.5384615384615385
0.5106382978723405
0.5490196078431373
0.42553191489361697
0.4651162790697674
0.4
0.5199999999999999
0.44897959183673464
0.4888888888888889
0.5306122448979592
0.47826086956521735
0.4651162790697674
0.5116279069767441
0.4166666666666667
0.49056603773584906
0.5199999999999999
0.37499999999999994
0.36363636363636365
0.4545454545454545
0.5
0.47826086956521735
0.5106382978723405
0.48
0.46808510638297873
0.41860465116279066
0.47826086956521735
0.5454545454545455
0.41025641025641024
0.5333333333333333
0.4166666666666667
0.4
0.5106382978723405
0.3684210526315789
0.47826086956521735
0.4888888888888889
0.36000000000000004
0.5909090909090909
0.5283018867924527
0.47826086956521735
0.43478260869565216
0.45833333333333326
0.34615384615384615
0.4727272727272728
0.5957446808510638
0.4651162790697674
0.3809523809523809
0.45833333333333326
0.5098039215686274
0.5106382978723405
0.4081632653061224
0.4888888888888889
0.456140350877193
0.4313725490196078
0.4
0.4313725490196078
0.42553191489361697
0.5454545454545454
0.43902439024390244
0.5454545454545455
0.45000000000000007
0.4888888888888889
0.4090909090909091
0.3555555555555555
0.47826086956521735
0.4444444444444444
0.3809523809523809
0.43999999999999995
0.3913043478260869
0.5199999999999999
0.5
0.48
0.43902439024390244
0.4090909090909091
0.5
0.5106382978723405
0.4313725490196078
0.43999999999999995
0.5490196078431373
0.37499999999999994
0.5199999999999999
0.3181818181818182
0.4313725490196078
0.5909090909090909
0.4285714285714285
0.37209302325581395
0.5238095238095238
0.5199999999999999
0.5098039215686274
0.48
0.43478260869565216
0.5238095238095238
0.4444444444444444
0.44897959183673464
0.4888888888888889
0.5531914893617021
0.5306122448979592
0.43478260869565216
0.5
0.5531914893617021
0.3902439024390244
0.4090909090909091
0.45833333333333326
0.43478260869565216
0.4651162790697674
0.4814814814814815
0.45833333333333326
0.47826086956521735
0.5416666666666666
0.5098039215686274
0.4166666666666667
0.42553191489361697
0.4545454545454545
0.5416666666666666
0.4888888888888889
0.4090909090909091
0.588235294117647
0.4444444444444444
0.37209302325581395
0.5333333333333333
0.39215686274509803
0.48
0.5116279069767441
0.5106382978723405
0.5
0.42553191489361697
0.4651162790697674
0.5217391304347827
0.4888888888888889
0.31111111111111117
0.5185185185185186
0.3684210526315789
0.5
0.3829787234042553
0.43478260869565216
0.43999999999999995
0.4313725490196078
0.5
0.4090909090909091
0.43478260869565216
0.4
0.423076923076923
0.5416666666666666
0.5333333333333333
0.5818181818181818
0.4081632653061224
0.4528301886792453
0.3829787234042553
0.5454545454545454
0.5306122448979592
0.5199999999999999
0.35
0.47058823529411764
0.4081632653061224
0.47619047619047616
0.5306122448979592
0.37499999999999994
0.5
0.4090909090909091
0.43478260869565216
0.42553191489361697
0.3478260869565218
0.3404255319148936
0.46808510638297873
0.47826086956521735
0.4444444444444444
0.3636363636363636
0.3571428571428571
0.4888888888888889
0.5217391304347827
0.5581395348837209
0.46808510638297873
0.5
0.4897959183673469
0.4444444444444444
0.5
0.48
0.4888888888888889
0.3809523809523809
0.5
0.41860465116279066
0.45833333333333326
0.5217391304347827
0.5
0.3913043478260869
0.5106382978723405
0.48
0.5106382978723405
0.5199999999999999
0.36000000000000004
0.42857142857142855
0.46808510638297873
0.5116279069767441
0.46808510638297873
0.5106382978723405
0.3809523809523809
0.4444444444444444
0.42553191489361697
0.5106382978723405
0.5199999999999999
0.4
0.4528301886792453
0.5652173913043479
0.45833333333333326
0.4615384615384615
0.4313725490196078
0.5306122448979592
0.47619047619047616
0.47826086956521735
0.5098039215686274
0.37209302325581395
0.3181818181818182
0.5416666666666666
0.5283018867924527
0.5531914893617021
0.4918032786885246
0.46808510638297873
0.43478260869565216
0.4642857142857143
0.5
0.4166666666666667
0.45833333333333326
0.43999999999999995
0.41860465116279066
0.4888888888888889
0.4313725490196078
0.3913043478260869
0.5306122448979592
0.4313725490196078
0.4545454545454545
0.4166666666666667
0.4
0.5283018867924527
0.44897959183673464
0.47826086956521735
0.5306122448979592
0.34146341463414637
0.45833333333333326
0.5416666666666666
0.4814814814814815
0.45833333333333326
0.5454545454545455
0.48
0.4545454545454545
0.5238095238095238
0.3555555555555555
0.42553191489361697
0.4528301886792453
0.4285714285714285
0.3902439024390244
0.4545454545454545
0.5116279069767441
0.5652173913043479
0.41860465116279066
0.4081632653061224
0.4888888888888889
0.49056603773584906
0.44897959183673464
0.4727272727272728
0.45833333333333326
0.42553191489361697
0.5833333333333334
0.4651162790697674
0.4888888888888889
0.5
0.3913043478260869
0.49056603773584906
0.4285714285714285
0.4444444444444444
0.43902439024390244
0.5714285714285715
0.45833333333333326
0.5777777777777778
0.5
0.43478260869565216
0.5416666666666666
0.4285714285714285
0.5106382978723405
0.5714285714285714
0.4615384615384615
0.3829787234042553
0.4090909090909091
0.5714285714285714
0.46808510638297873
0.4074074074074074
0.34615384615384615
0.5416666666666666
0.5199999999999999
0.3913043478260869
0.4
0.5454545454545454
0.49056603773584906
0.41509433962264153
0.42553191489361697
0.43999999999999995
0.4888888888888889
0.3673469387755102
0.5217391304347827
0.39215686274509803
0.45833333333333326
0.44897959183673464
0.5116279069767441
0.47058823529411764
0.5217391304347827
0.4545454545454545
0.3902439024390244
0.456140350877193
0.4285714285714285
0.5531914893617021
0.3829787234042553
0.423076923076923
0.47619047619047616
0.4888888888888889
0.5909090909090909
0.36363636363636365
0.49056603773584906
0.45833333333333326
0.41860465116279066
0.41860465116279066
0.45833333333333326
0.4888888888888889
0.4285714285714285
0.5098039215686274
0.4528301886792453
0.4444444444444444
0.509090909090909
0.4090909090909091
0.5
0.5
0.3902439024390244
0.4285714285714285
0.5098039215686274
0.46808510638297873
0.4545454545454545
0.5217391304347827
0.4545454545454545
0.4285714285714285
0.4727272727272728
0.47826086956521735
0.4888888888888889
0.5185185185185186
0.5833333333333334
0.4285714285714285
0.5384615384615385
0.48
0.5454545454545455
0.41860465116279066
0.5283018867924527
0.4651162790697674
0.4615384615384615
0.47826086956521735
0.5490196078431373
0.5531914893617021
0.42553191489361697
0.4444444444444444
0.5217391304347827
0.37209302325581395
0.45833333333333326
0.46808510638297873
0.37209302325581395
0.42553191489361697
0.5106382978723405
0.56
0.4
0.48
0.41860465116279066
0.4651162790697674
0.45833333333333326
0.4090909090909091
0.48
0.4444444444444444
0.4897959183673469
0.5116279069767441
0.47826086956521735
0.4888888888888889
0.456140350877193
0.49056603773584906
0.5957446808510638
0.4888888888888889
0.4
0.45833333333333326
0.4166666666666667
0.47058823529411764
0.5384615384615385
0.5333333333333333
0.4090909090909091
0.41860465116279066
0.36363636363636365
0.4081632653061224
0.5
0.3829787234042553
0.46808510638297873
0.4545454545454545
0.5217391304347827
0.4
0.456140350877193
0.5384615384615385
0.4814814814814815
0.46808510638297873
0.46808510638297873
0.37499999999999994
0.5
0.4285714285714285
0.4
0.43478260869565216
0.4444444444444445
0.5
0.39215686274509803
0.5
0.47058823529411764
0.4
0.4642857142857143
0.42553191489361697
0.4444444444444444
0.47619047619047616
0.46808510638297873
0.34146341463414637
0.5106382978723405
0.5
0.4090909090909091
0.42553191489361697
0.45833333333333326
0.4166666666666667
0.43999999999999995
0.39215686274509803
0.5199999999999999
0.4067796610169491
0.5
0.4444444444444444
0.36363636363636365
0.5777777777777778
0.5652173913043479
0.39215686274509803
0.5
0.5306122448979592
0.5660377358490566
0.4090909090909091
0.5
0.3913043478260869
0.44897959183673464
0.5714285714285714
0.37209302325581395
0.4444444444444444
0.5306122448979592
0.4090909090909091
0.42553191489361697
0.3404255319148936
0.43478260869565216
0.3913043478260869
0.3902439024390244
0.6122448979591837
0.3404255319148936
0.5531914893617021
0.4545454545454545
0.41860465116279066
0.4166666666666667
0.4888888888888889
0.5263157894736842
0.41860465116279066
0.3478260869565218
0.4285714285714285
0.588235294117647
0.4615384615384615
0.47058823529411764
0.47826086956521735
0.4
0.47058823529411764
0.4
0.4
0.44897959183673464
0.37499999999999994
0.5
0.5333333333333333
0.4897959183673469
0.45000000000000007
0.4897959183673469
0.36000000000000004
0.4444444444444444
0.4444444444444444
0.36363636363636365
0.4888888888888889
0.45833333333333326
0.5106382978723405
0.37209302325581395
0.64
0.47826086956521735
0.43999999999999995
0.3902439024390244
0.4313725490196078
0.5
0.3829787234042553
