0.21052631578947367
0.2631578947368421
0.2413793103448276
0.2222222222222222
0.14285714285714285
0.13043478260869565
0.21621621621621623
0.15151515151515152
0.25
0.2727272727272727
0.13157894736842105
0.22580645161290322
0.23333333333333334
0.275
0.23529411764705882
0.2647058823529412
0.14705882352941177
0.21875
0.15151515151515152
0.125
0.14285714285714285
0.21951219512195122
0.10714285714285714
0.12903225806451613
0.1724137931034483
0.15789473684210525
0.23076923076923078
0.2413793103448276
0.23529411764705882
0.25
0.09375
0.21739130434782608
0.35714285714285715
0.17142857142857143
0.23333333333333334
0.17857142857142858
0.2647058823529412
0.07692307692307693
0.14705882352941177
0.2571428571428571
0.17857142857142858
0.27586206896551724
0.21739130434782608
0.1724137931034483
0.15384615384615385
0.23076923076923078
0.1724137931034483
0.14634146341463414
0.24324324324324326
0.2647058823529412
0.3
0.30303030303030304
0.2413793103448276
0.19047619047619047
0.2222222222222222
0.21739130434782608
0.10714285714285714
0.3225806451612903
0.07142857142857142
0.06896551724137931
0.21739130434782608
0.2
0.25925925925925924
0.05405405405405406
0.25
0.15151515151515152
0.3
0.2222222222222222
0.2
0.23076923076923078
0.18181818181818182
0.1724137931034483
0.2
0.20689655172413793
0.1875
0.043478260869565216
0.2962962962962963
0.18518518518518517
0.15625
0.16129032258064516
0.2413793103448276
0.125
0.16666666666666666
0.03225806451612903
0.20833333333333334
0.23333333333333334
0.10714285714285714
0.2631578947368421
0.21621621621621623
0.2692307692307692
0.08695652173913043
0.125
0.17391304347826086
0.16279069767441862
0.125
0.12903225806451613
0.06896551724137931
0.28125
0.18421052631578946
0.2857142857142857
0.15384615384615385
0.0975609756097561
0.2962962962962963
0.2
0.19047619047619047
0.21428571428571427
0.24
0.22580645161290322
0.20930232558139536
0.24242424242424243
0.16
0.2222222222222222
0.14285714285714285
0.15151515151515152
0.16666666666666666
0.2222222222222222
0.27586206896551724
0.42857142857142855
0.17391304347826086
0.2727272727272727
0.15625
0.23076923076923078
0.2857142857142857
0.16129032258064516
0.2857142857142857
0.14814814814814814
0.26666666666666666
0.15151515151515152
0.18518518518518517
0.24
0.1724137931034483
0.22857142857142856
0.27586206896551724
0.16129032258064516
0.15789473684210525
0.3125
0.04
0.16666666666666666
0.28
0.13513513513513514
0.17142857142857143
0.29411764705882354
0.2222222222222222
0.21739130434782608
0.21212121212121213
0.23076923076923078
0.14814814814814814
0.15789473684210525
0.15151515151515152
0.21428571428571427
0.17857142857142858
0.23529411764705882
0.3125
0.20689655172413793
0.16666666666666666
0.21428571428571427
0.12903225806451613
0.1388888888888889
0.0967741935483871
0.2777777777777778
0.23529411764705882
0.21428571428571427
0.18518518518518517
0.2608695652173913
0.20689655172413793
0.10344827586206896
0.17647058823529413
0.19047619047619047
0.125
0.15
0.25
0.2413793103448276
0.1
0.25
0.10344827586206896
0.14285714285714285
0.15151515151515152
0.2727272727272727
0.24
0.19444444444444445
0.14814814814814814
0.13333333333333333
0.2413793103448276
0.18181818181818182
0.2916666666666667
0.12903225806451613
0.10526315789473684
0.28
0.18181818181818182
0.12903225806451613
0.25
0.2916666666666667
0.25
0.09375
0.25806451612903225
0.28
0.14814814814814814
0.14285714285714285
0.27586206896551724
0.2608695652173913
0.2413793103448276
0.08695652173913043
0.26666666666666666
0.18181818181818182
0.13793103448275862
0.2413793103448276
0.20689655172413793
0.16666666666666666
0.18181818181818182
0.21951219512195122
0.07142857142857142
0.21739130434782608
0.25925925925925924
0.125
0.12903225806451613
0.34615384615384615
0.3125
0.15789473684210525
0.16666666666666666
0.15384615384615385
0.15151515151515152
0.08333333333333333
0.21875
0.2
0.18421052631578946
0.18518518518518517
0.21875
0.21875
0.25
0.24242424242424243
0.18518518518518517
0.14705882352941177
0.125
0.12121212121212122
0.12903225806451613
0.25
0.20588235294117646
0.2857142857142857
0.0967741935483871
0.2
0.2
0.18421052631578946
0.17391304347826086
0.13793103448275862
0.1388888888888889
0.1724137931034483
0.09375
0.15625
0.14285714285714285
0.3
0.2727272727272727
0.38461538461538464
0.16666666666666666
0.25
0.125
0.20689655172413793
0.1875
0.2608695652173913
0.18181818181818182
0.14285714285714285
0.11538461538461539
0.35
0.2
0.32
0.14285714285714285
0.3333333333333333
0.27586206896551724
0.15384615384615385
0.23076923076923078
0.17857142857142858
0.14814814814814814
0.20689655172413793
0.2
0.22580645161290322
0.10526315789473684
0.22857142857142856
0.23333333333333334
0.18518518518518517
0.16666666666666666
0.23333333333333334
0.16
0.18181818181818182
0.08333333333333333
0.3125
0.21621621621621623
0.23333333333333334
0.29411764705882354
0.17391304347826086
0.21875
0.14285714285714285
0.22857142857142856
0.125
0.25
0.28
0.17391304347826086
0.1111111111111111
0.2222222222222222
0.28125
0.23076923076923078
0.20833333333333334
0.20833333333333334
0.25
0.18181818181818182
0.16666666666666666
0.0967741935483871
0.13636363636363635
0.22580645161290322
0.2571428571428571
0.23684210526315788
0.2972972972972973
0.24
0.23076923076923078
0.2222222222222222
0.18181818181818182
0.16666666666666666
0.22580645161290322
0.17391304347826086
0.10344827586206896
0.1724137931034483
0.1282051282051282
0.16129032258064516
0.21212121212121213
0.10714285714285714
0.21875
0.3333333333333333
0.16666666666666666
0.28
0.25925925925925924
0.15151515151515152
0.1
0.21739130434782608
0.16129032258064516
0.1111111111111111
0.08333333333333333
0.30303030303030304
0.16666666666666666
0.17391304347826086
0.17857142857142858
0.18181818181818182
0.13513513513513514
0.08333333333333333
0.16216216216216217
0.1935483870967742
0.16
0.125
0.3
0.2903225806451613
0.25925925925925924
0.1875
0.3333333333333333
0.16216216216216217
0.23076923076923078
0.12121212121212122
0.2
0.25
0.15151515151515152
0.13513513513513514
0.25
0.18518518518518517
0.20689655172413793
0.15789473684210525
0.16666666666666666
0.16216216216216217
0.1891891891891892
0.13333333333333333
0.3333333333333333
0.22727272727272727
0.2413793103448276
0.0
0.29411764705882354
0.2
0.14285714285714285
0.13636363636363635
0.20833333333333334
0.13793103448275862
0.2727272727272727
0.04
0.2727272727272727
0.14285714285714285
0.20689655172413793
0.125
0.17142857142857143
0.2
0.15625
0.3870967741935484
0.22857142857142856
0.10714285714285714
0.06451612903225806
0.17857142857142858
0.2
0.14285714285714285
0.16
0.10714285714285714
0.1388888888888889
0.13333333333333333
0.2571428571428571
0.23076923076923078
0.21621621621621623
0.2564102564102564
0.19230769230769232
0.16129032258064516
0.23333333333333334
0.28
0.23076923076923078
0.2
0.15
0.2903225806451613
0.07407407407407407
0.12
0.16129032258064516
0.2
0.17857142857142858
0.22580645161290322
0.15384615384615385
0.15
0.15151515151515152
0.32142857142857145
0.2
0.17647058823529413
0.24242424242424243
0.21739130434782608
0.21875
0.21212121212121213
0.22580645161290322
0.2916666666666667
0.20833333333333334
0.15151515151515152
0.0967741935483871
0.09375
0.14285714285714285
0.24
0.24324324324324326
0.1388888888888889
0.2
0.25
0.26666666666666666
0.3333333333333333
0.23076923076923078
0.24
0.18518518518518517
0.16666666666666666
0.16666666666666666
0.11764705882352941
0.10526315789473684
0.06896551724137931
0.12121212121212122
0.2692307692307692
0.06896551724137931
0.175
0.2
0.21428571428571427
0.2692307692307692
0.18181818181818182
0.13333333333333333
0.3333333333333333
0.20454545454545456
0.16666666666666666
0.2
0.2916666666666667
0.09090909090909091
0.21951219512195122
0.09375
0.125
0.0625
0.15789473684210525
0.09090909090909091
0.12
0.1724137931034483
0.14285714285714285
0.2571428571428571
0.25
0.26666666666666666
0.25
0.15625
0.14814814814814814
0.3225806451612903
0.23529411764705882
0.20588235294117646
0.09375
0.10526315789473684
0.15384615384615385
0.1935483870967742
0.2
0.2571428571428571
0.2
0.12121212121212122
0.21212121212121213
0.125
0.2702702702702703
0.15625
0.125
0.12903225806451613
0.0967741935483871
0.19230769230769232
0.26666666666666666
0.12903225806451613
0.2
0.14814814814814814
0.1875
0.21212121212121213
