0.6551724137931035
0.6538461538461539
0.6521739130434783
0.5909090909090909
0.5818181818181818
0.5818181818181818
0.6808510638297872
0.6666666666666666
0.6101694915254238
0.5957446808510638
0.6666666666666665
0.6666666666666666
0.7058823529411764
0.6938775510204083
0.7857142857142856
0.6666666666666667
0.6181818181818183
0.6779661016949153
0.588235294117647
0.7200000000000001
0.5957446808510638
0.6666666666666665
0.6538461538461539
0.6545454545454547
0.5490196078431373
0.68
0.5833333333333334
0.5909090909090909
0.6274509803921569
0.6153846153846153
0.6274509803921569
0.625
0.6545454545454547
0.6666666666666667
0.6521739130434783
0.68
0.6938775510204083
0.6938775510204083
0.7200000000000001
0.7307692307692307
0.6415094339622641
0.6415094339622641
0.6415094339622641
0.6274509803921569
0.6909090909090909
0.6538461538461539
0.6274509803921569
0.6274509803921569
0.653061224489796
0.653061224489796
0.64
0.6666666666666666
0.6153846153846153
0.7058823529411764
0.576923076923077
0.7499999999999999
0.68
0.6538461538461539
0.6923076923076923
0.6666666666666666
0.7200000000000001
0.6545454545454547
0.6296296296296297
0.6538461538461539
0.6666666666666666
0.7083333333333334
0.6153846153846153
0.6274509803921569
0.5652173913043479
0.653061224489796
0.6
0.5660377358490566
0.653061224489796
0.6808510638297872
0.5964912280701755
0.625
0.6153846153846153
0.6808510638297872
0.6538461538461539
0.588235294117647
0.6666666666666666
0.56
0.6938775510204083
0.6382978723404256
0.6538461538461539
0.6296296296296297
0.653061224489796
0.6415094339622641
0.6938775510204083
0.6222222222222223
0.6
0.6274509803921569
0.7083333333333334
0.6666666666666666
0.6792452830188679
0.6274509803921569
0.68
0.7037037037037038
0.6792452830188679
0.6792452830188679
0.6923076923076923
0.576923076923077
0.64
0.6153846153846153
0.653061224489796
0.6274509803921569
0.6792452830188679
0.5490196078431373
0.6938775510204083
0.625
0.6274509803921569
0.7169811320754716
0.64
0.576923076923077
0.7234042553191489
0.5531914893617021
0.5490196078431373
0.7058823529411764
0.6071428571428571
0.6296296296296297
0.7450980392156863
0.576923076923077
0.6538461538461539
0.5531914893617021
0.6923076923076923
0.5964912280701755
0.6938775510204083
0.576923076923077
0.68
0.6666666666666667
0.6274509803921569
0.7200000000000001
0.625
0.6122448979591837
0.7755102040816326
0.64
0.6521739130434783
0.6666666666666665
0.7083333333333334
0.608695652173913
0.653061224489796
0.7346938775510204
0.6666666666666666
0.5957446808510638
0.608695652173913
0.68
0.7200000000000001
0.6792452830188679
0.5714285714285714
0.6415094339622641
0.7200000000000001
0.6037735849056605
0.5714285714285714
0.653061224489796
0.6923076923076923
0.6122448979591837
0.7083333333333334
0.6666666666666666
0.64
0.6909090909090909
0.6666666666666667
0.6521739130434783
0.6296296296296297
0.5833333333333334
0.625
0.6785714285714285
0.6
0.6666666666666666
0.6666666666666666
0.576923076923077
0.68
0.6122448979591837
0.576923076923077
0.6923076923076923
0.7200000000000001
0.6037735849056605
0.6938775510204083
0.5957446808510638
0.6122448979591837
0.6122448979591837
0.68
0.68
0.653061224489796
0.576923076923077
0.5964912280701755
0.6792452830188679
0.7272727272727272
0.7200000000000001
0.5964912280701755
0.6666666666666666
0.6792452830188679
0.631578947368421
0.6956521739130436
0.6071428571428571
0.5957446808510638
0.6296296296296297
0.7083333333333334
0.64
0.653061224489796
0.6153846153846153
0.64
0.6808510638297872
0.6382978723404256
0.653061224489796
0.6538461538461539
0.68
0.7599999999999999
0.64
0.6153846153846153
0.5862068965517241
0.6382978723404256
0.5777777777777778
0.64
0.68
0.6666666666666667
0.6037735849056605
0.6274509803921569
0.6274509803921569
0.7272727272727272
0.625
0.6071428571428571
0.68
0.6666666666666666
0.5957446808510638
0.6296296296296297
0.6545454545454547
0.6037735849056605
0.5925925925925926
0.6785714285714285
0.6792452830188679
0.6779661016949153
0.6923076923076923
0.6071428571428571
0.6666666666666665
0.588235294117647
0.625
0.5925925925925926
0.6938775510204083
0.5714285714285715
0.653061224489796
0.6557377049180327
0.64
0.6545454545454547
0.6545454545454547
0.6153846153846153
0.6538461538461539
0.6274509803921569
0.6037735849056605
0.6382978723404256
0.6274509803921569
0.625
0.56
0.68
0.5185185185185186
0.7200000000000001
0.6538461538461539
0.6274509803921569
0.5818181818181818
0.6037735849056605
0.5490196078431373
0.588235294117647
0.6938775510204083
0.64
0.7272727272727272
0.5333333333333333
0.6666666666666667
0.653061224489796
0.6666666666666666
0.653061224489796
0.6545454545454547
0.6037735849056605
0.5964912280701755
0.6938775510204083
0.608695652173913
0.7058823529411764
0.7307692307692307
0.625
0.6666666666666666
0.653061224489796
0.7058823529411764
0.608695652173913
0.5862068965517241
0.6923076923076923
0.6666666666666667
0.43999999999999995
0.7083333333333334
0.5833333333333334
0.588235294117647
0.6415094339622641
0.6122448979591837
0.6521739130434783
0.631578947368421
0.6415094339622641
0.64
0.6382978723404256
0.6296296296296297
0.68
0.6274509803921569
0.6666666666666666
0.6666666666666667
0.6122448979591837
0.6984126984126984
0.68
0.653061224489796
0.6415094339622641
0.6666666666666667
0.6428571428571429
0.6808510638297872
0.5714285714285714
0.588235294117647
0.6666666666666665
0.6909090909090909
0.5714285714285714
0.6792452830188679
0.6
0.6222222222222223
0.6
0.6
0.6
0.5531914893617021
0.5098039215686274
0.6538461538461539
0.6792452830188679
0.64
0.6274509803921569
0.588235294117647
0.6153846153846153
0.653061224489796
0.6808510638297872
0.68
0.7169811320754716
0.625
0.6229508196721313
0.64
0.7200000000000001
0.6440677966101694
0.608695652173913
0.64
0.64
0.6808510638297872
0.6181818181818183
0.64
0.6071428571428571
0.6
0.5454545454545455
0.6666666666666666
0.7200000000000001
0.6122448979591837
0.6428571428571429
0.653061224489796
0.7599999999999999
0.6538461538461539
0.7058823529411764
0.6666666666666667
0.576923076923077
0.7200000000000001
0.6382978723404256
0.7213114754098361
0.64
0.5862068965517241
0.6415094339622641
0.625
0.6538461538461539
0.6666666666666666
0.5925925925925926
0.6274509803921569
0.6666666666666665
0.5818181818181818
0.6071428571428571
0.6122448979591837
0.6428571428571429
0.6274509803921569
0.7307692307692307
0.6545454545454547
0.653061224489796
0.7307692307692307
0.6153846153846153
0.625
0.6153846153846153
0.6382978723404256
0.5957446808510638
0.588235294117647
0.5384615384615385
0.5957446808510638
0.7200000000000001
0.5818181818181818
0.588235294117647
0.6923076923076923
0.625
0.653061224489796
0.5833333333333334
0.64
0.64
0.6792452830188679
0.6792452830188679
0.6181818181818183
0.68
0.7058823529411764
0.6274509803921569
0.5925925925925926
0.6274509803921569
0.46808510638297873
0.5964912280701755
0.625
0.5660377358490566
0.6938775510204083
0.6153846153846153
0.6153846153846153
0.6808510638297872
0.7346938775510204
0.5925925925925926
0.6181818181818183
0.6923076923076923
0.631578947368421
0.6923076923076923
0.6666666666666666
0.576271186440678
0.653061224489796
0.6037735849056605
0.68
0.653061224489796
0.64
0.653061224489796
0.7272727272727272
0.6415094339622641
0.6382978723404256
0.6666666666666666
0.6792452830188679
0.6415094339622641
0.7169811320754716
0.588235294117647
0.7200000000000001
0.6938775510204083
0.6274509803921569
0.6274509803921569
0.7450980392156863
0.588235294117647
0.5909090909090909
0.64
0.6666666666666666
0.7083333333333334
0.7058823529411764
0.6415094339622641
0.6666666666666665
0.6666666666666667
0.6122448979591837
0.6538461538461539
0.6071428571428571
0.6415094339622641
0.6521739130434783
0.588235294117647
0.6382978723404256
0.6382978723404256
0.588235294117647
0.5517241379310344
0.6808510638297872
0.6153846153846153
0.68
0.6792452830188679
0.6428571428571429
0.5925925925925926
0.6415094339622641
0.588235294117647
0.6792452830188679
0.5925925925925926
0.5666666666666667
0.6071428571428571
0.64
0.7083333333333334
0.7272727272727272
0.64
0.608695652173913
0.588235294117647
0.6909090909090909
0.7200000000000001
0.68
0.6808510638297872
0.6785714285714285
0.6521739130434783
0.653061224489796
0.68
0.6
0.588235294117647
0.6046511627906976
0.64
0.6956521739130436
0.6779661016949153
0.6923076923076923
0.5833333333333334
0.6956521739130436
0.6521739130434783
0.6274509803921569
0.6666666666666666
0.7234042553191489
0.6808510638297872
0.6296296296296297
0.7450980392156863
0.7272727272727272
0.68
0.6521739130434783
