0.17142857142857143
0.1111111111111111
0.2857142857142857
0.09375
0.2857142857142857
0.14285714285714285
0.34615384615384615
0.21428571428571427
0.16
0.21951219512195122
0.04
0.1388888888888889
0.3103448275862069
0.19444444444444445
0.3125
0.1388888888888889
0.20588235294117646
0.23333333333333334
0.2692307692307692
0.25925925925925924
0.2413793103448276
0.2903225806451613
0.125
0.22580645161290322
0.14814814814814814
0.125
0.22727272727272727
0.12903225806451613
0.32142857142857145
0.2413793103448276
0.1388888888888889
0.28
0.14814814814814814
0.1724137931034483
0.2
0.14285714285714285
0.21212121212121213
0.22857142857142856
0.24242424242424243
0.15384615384615385
0.2413793103448276
0.14814814814814814
0.22580645161290322
0.2413793103448276
0.2
0.10714285714285714
0.2857142857142857
0.2413793103448276
0.13043478260869565
0.36363636363636365
0.23333333333333334
0.19230769230769232
0.25
0.12903225806451613
0.1282051282051282
0.2222222222222222
0.20588235294117646
0.2222222222222222
0.2727272727272727
0.15384615384615385
0.25
0.34615384615384615
0.25
0.22857142857142856
0.15625
0.22580645161290322
0.14285714285714285
0.18181818181818182
0.21212121212121213
0.2413793103448276
0.18181818181818182
0.3157894736842105
0.2222222222222222
0.2222222222222222
0.2608695652173913
0.14285714285714285
0.2222222222222222
0.10344827586206896
0.1111111111111111
0.1282051282051282
0.25
0.19047619047619047
0.2222222222222222
0.09375
0.12121212121212122
0.14705882352941177
0.13333333333333333
0.2
0.15151515151515152
0.20930232558139536
0.16666666666666666
0.32
0.2916666666666667
0.15151515151515152
0.21428571428571427
0.21875
0.13333333333333333
0.2857142857142857
0.16666666666666666
0.15
0.15217391304347827
0.16129032258064516
0.08
0.2571428571428571
0.2
0.29411764705882354
0.16666666666666666
0.13157894736842105
0.20689655172413793
0.17647058823529413
0.25
0.24324324324324326
0.23809523809523808
0.11428571428571428
0.22580645161290322
0.2631578947368421
0.10810810810810811
0.19047619047619047
0.19230769230769232
0.20689655172413793
0.1935483870967742
0.16666666666666666
0.11428571428571428
0.2692307692307692
0.16666666666666666
0.2608695652173913
0.1724137931034483
0.17857142857142858
0.125
0.2
0.3
0.23333333333333334
0.1724137931034483
0.15384615384615385
0.2777777777777778
0.28125
0.16
0.25
0.19444444444444445
0.21428571428571427
0.20689655172413793
0.2413793103448276
0.2692307692307692
0.13043478260869565
0.14285714285714285
0.23076923076923078
0.3225806451612903
0.25
0.21428571428571427
0.21052631578947367
0.2
0.21739130434782608
0.10344827586206896
0.3939393939393939
0.24324324324324326
0.07407407407407407
0.14705882352941177
0.1875
0.2692307692307692
0.125
0.10344827586206896
0.2608695652173913
0.3103448275862069
0.15151515151515152
0.1875
0.2903225806451613
0.17073170731707318
0.14814814814814814
0.25
0.25
0.22580645161290322
0.25
0.10344827586206896
0.24242424242424243
0.24242424242424243
0.3181818181818182
0.20833333333333334
0.3333333333333333
0.21428571428571427
0.3142857142857143
0.3055555555555556
0.125
0.27586206896551724
0.2857142857142857
0.1875
0.2962962962962963
0.15625
0.07142857142857142
0.13636363636363635
0.25
0.25
0.09090909090909091
0.2
0.11764705882352941
0.1875
0.21428571428571427
0.2894736842105263
0.16666666666666666
0.2857142857142857
0.2222222222222222
0.15384615384615385
0.14285714285714285
0.14814814814814814
0.3
0.2857142857142857
0.16666666666666666
0.13333333333333333
0.225
0.08695652173913043
0.1
0.1935483870967742
0.21621621621621623
0.2
0.25
0.4782608695652174
0.16666666666666666
0.08333333333333333
0.21428571428571427
0.22580645161290322
0.22727272727272727
0.2222222222222222
0.12
0.2222222222222222
0.13333333333333333
0.18518518518518517
0.16666666666666666
0.15625
0.22857142857142856
0.3055555555555556
0.10714285714285714
0.25
0.2222222222222222
0.12
0.3125
0.2413793103448276
0.2857142857142857
0.2
0.07142857142857142
0.18518518518518517
0.13043478260869565
0.18181818181818182
0.19607843137254902
0.25
0.28125
0.22727272727272727
0.21428571428571427
0.19444444444444445
0.1935483870967742
0.09090909090909091
0.28205128205128205
0.275
0.16666666666666666
0.1794871794871795
0.17391304347826086
0.2857142857142857
0.0967741935483871
0.16129032258064516
0.1875
0.25806451612903225
0.23333333333333334
0.2
0.2857142857142857
0.07142857142857142
0.1724137931034483
0.13793103448275862
0.13333333333333333
0.16666666666666666
0.2916666666666667
0.2702702702702703
0.2631578947368421
0.22580645161290322
0.225
0.21052631578947367
0.047619047619047616
0.2413793103448276
0.22857142857142856
0.25
0.25
0.07142857142857142
0.14814814814814814
0.18181818181818182
0.2608695652173913
0.11428571428571428
0.08333333333333333
0.25
0.1111111111111111
0.25925925925925924
0.2727272727272727
0.09375
0.23809523809523808
0.2
0.13333333333333333
0.18518518518518517
0.2571428571428571
0.17391304347826086
0.2
0.25
0.25
0.19230769230769232
0.20689655172413793
0.13793103448275862
0.08
0.23076923076923078
0.11764705882352941
0.20512820512820512
0.18181818181818182
0.18518518518518517
0.3448275862068966
0.14285714285714285
0.25
0.26666666666666666
0.1875
0.25806451612903225
0.08823529411764706
0.2413793103448276
0.25806451612903225
0.15384615384615385
0.23076923076923078
0.13043478260869565
0.25806451612903225
0.16666666666666666
0.28125
0.24242424242424243
0.2
0.1875
0.1111111111111111
0.2
0.17857142857142858
0.17647058823529413
0.21875
0.11538461538461539
0.30434782608695654
0.17391304347826086
0.13793103448275862
0.14285714285714285
0.1794871794871795
0.1935483870967742
0.28
0.27586206896551724
0.15384615384615385
0.11764705882352941
0.26666666666666666
0.3076923076923077
0.1875
0.25
0.14285714285714285
0.16216216216216217
0.3076923076923077
0.32
0.25
0.25925925925925924
0.25
0.18181818181818182
0.22727272727272727
0.08333333333333333
0.18518518518518517
0.26666666666666666
0.24242424242424243
0.14634146341463414
0.21428571428571427
0.16129032258064516
0.10810810810810811
0.07407407407407407
0.12
0.2647058823529412
0.2222222222222222
0.2
0.12
0.08
0.17857142857142858
0.25
0.14705882352941177
0.2
0.16666666666666666
0.24242424242424243
0.10714285714285714
0.35
0.30303030303030304
0.15384615384615385
0.34375
0.22580645161290322
0.20689655172413793
0.13333333333333333
0.32142857142857145
0.22580645161290322
0.10714285714285714
0.20689655172413793
0.12903225806451613
0.14285714285714285
0.13793103448275862
0.2222222222222222
0.10526315789473684
0.25
0.12121212121212122
0.17142857142857143
0.19230769230769232
0.20689655172413793
0.16129032258064516
0.25
0.19230769230769232
0.36
0.26666666666666666
0.2608695652173913
0.23076923076923078
0.19230769230769232
0.13636363636363635
0.2972972972972973
0.16
0.25806451612903225
0.21875
0.25
0.14285714285714285
0.13636363636363635
0.08
0.1111111111111111
0.24
0.2727272727272727
0.2
0.15625
0.19230769230769232
0.14285714285714285
0.15789473684210525
0.17857142857142858
0.2413793103448276
0.1724137931034483
0.17142857142857143
0.10344827586206896
0.25806451612903225
0.1388888888888889
0.23076923076923078
0.14814814814814814
0.24242424242424243
0.36
0.22857142857142856
0.14814814814814814
0.3076923076923077
0.20454545454545456
0.18181818181818182
0.125
0.13513513513513514
0.13333333333333333
0.21875
0.1
0.23684210526315788
0.19444444444444445
0.23333333333333334
0.08571428571428572
0.11428571428571428
0.10714285714285714
0.125
0.21212121212121213
0.25
0.1935483870967742
0.25
0.3333333333333333
0.21212121212121213
0.2631578947368421
0.1724137931034483
0.17857142857142858
0.3225806451612903
0.20689655172413793
0.20689655172413793
0.3235294117647059
0.11428571428571428
0.08333333333333333
0.1724137931034483
0.3
0.15625
0.15789473684210525
0.03571428571428571
0.35294117647058826
0.20588235294117646
0.23529411764705882
0.13793103448275862
0.16666666666666666
0.1875
0.25806451612903225
0.18518518518518517
0.175
0.3
0.28
0.0967741935483871
0.26666666666666666
0.16
0.18518518518518517
0.2413793103448276
0.35714285714285715
0.16666666666666666
0.23809523809523808
0.23076923076923078
0.2413793103448276
0.27586206896551724
0.3333333333333333
0.16
0.24
0.11538461538461539
0.2571428571428571
0.21052631578947367
0.22857142857142856
0.09375
