0.7264151256293114
0.6422275728073307
0.7723414784457269
0.7799373678793323
0.7537210397001999
0.6710798213333221
0.7733798256419138
0.7130871961974657
0.5977112198533903
0.6921660991231234
0.7266104986316156
0.8139923325776627
0.7470225005852585
0.769451834363487
0.8224099453817554
0.7089404460465772
0.7624608271415375
0.7362755524306724
0.6299544036292483
0.775334130830261
0.6312708498217806
0.784576659793065
0.6996765905173827
0.6901955237845951
0.6053233979860748
0.7940739094747478
0.7387927032613859
0.7796970030117533
0.659422684124365
0.6996851916511608
0.7154307804721287
0.7538492250267279
0.6806768627171064
0.7897492146673196
0.704000834142658
0.8011227121654457
0.780457589080672
0.7866577145721799
0.7711928916838648
0.7972682309918746
0.6734367935465737
0.7217135678853264
0.7912201574678341
0.7143717624539878
0.6989153013336302
0.7091328037004923
0.785439254712418
0.725493587564173
0.6836876008326467
0.7900225088350227
0.7301453096879505
0.712635850484498
0.6679757579614649
0.8010953302729106
0.7298351427783628
0.8118654080053055
0.6950028421026987
0.746107349246294
0.7541048652523733
0.7198942981182409
0.7150617868446347
0.6927991354303299
0.7243944796615716
0.762948149568129
0.6824210614385028
0.7744463714446406
0.664344388038711
0.7123340803574937
0.6930486848056536
0.7436318701841177
0.7373201793696698
0.7022829209477327
0.7361247095890169
0.778963179395108
0.5964203560639884
0.7517782089091678
0.7148977271442623
0.8157789286986067
0.7310887965560431
0.6828401583978938
0.7019632508535778
0.6355730589119137
0.7869856217486871
0.7546230427722351
0.6892539623142515
0.727385189378822
0.8120893336699825
0.7395493432464718
0.7805497980637893
0.7767240849152736
0.6862747741480111
0.7583065519665342
0.7925521441346839
0.7162119003708243
0.7205021273311512
0.6915095718291198
0.7802014805683593
0.7550614771129368
0.7693259539774658
0.6957083506640314
0.7341482671549379
0.6860619860937609
0.718849399969385
0.7306681304958427
0.7786708428290632
0.7006212242847484
0.6849523230455257
0.6789912976527992
0.7779098607696051
0.7738296833858488
0.6673957844654019
0.7574995053559148
0.6489876042208158
0.6607739824001906
0.7805383499721004
0.7225429142266803
0.7002802995660161
0.7757919760017367
0.6432081232135854
0.6840620723789774
0.8467066404673107
0.6247670348789073
0.7583876819429554
0.7044381744936101
0.7441012731122327
0.705143601312201
0.8008547778470931
0.6874820983640552
0.7668103993595098
0.7856266076976881
0.7236585594049888
0.7449480911032488
0.7303727380126157
0.7719927850044429
0.8193535122846786
0.7477110865895545
0.807072727265494
0.7621801738248479
0.7672155660117127
0.7716061098835715
0.7970123360306277
0.7272280692625283
0.737483571308716
0.660208541366387
0.7743171003063183
0.758434555039662
0.7001187791325127
0.765627719016527
0.7159659389814068
0.7663333065980797
0.7653495783601476
0.6919588546219487
0.6892147391425815
0.7819502565311149
0.7395870702711302
0.6491028661354763
0.7874442621582425
0.673851004099327
0.6980526088846061
0.7120515470933976
0.7561923803547264
0.7538054661478367
0.7165104967653585
0.6515106510959305
0.7740028802935485
0.7833324437949415
0.7480736764812915
0.7188469453081194
0.6916395053074754
0.6227955338947384
0.765021343356564
0.6837845620112629
0.7254672207504457
0.7750643437344925
0.7636932681469157
0.7199415631263073
0.8135588355804039
0.6890054534551884
0.6769129231771844
0.6639277658008382
0.7889060715402821
0.7689005572080149
0.7122333314367635
0.7268877071763902
0.6936763165238325
0.7157336887239261
0.7245880532949026
0.8152350094061903
0.6375143218512989
0.7498594627173759
0.7553685837447235
0.7526372415824648
0.8303468172338959
0.5681037242495722
0.7225374802229766
0.6852532151093049
0.800802640509947
0.7204943279541729
0.7346763561759879
0.6827003738311777
0.7075604838522055
0.798061451098725
0.7606132837278653
0.772354377682293
0.7571211562582947
0.7704211385776076
0.8240866909160676
0.6812437843372346
0.6883623961058574
0.6976882296228892
0.7653321199555172
0.6228419563996195
0.7332134709394443
0.7578488288520886
0.7970931097930183
0.6663082614261729
0.6628674738360001
0.7023656003362676
0.7567011004923689
0.7765122217818006
0.6401088238061728
0.7697062171639264
0.7282008286095347
0.7261369774904798
0.7411603330377834
0.7789642512239199
0.690024315582182
0.6880168360418439
0.6558245333672266
0.5747136828396878
0.7709014559207208
0.7483820132025445
0.6380444738094394
0.6656306998681463
0.6837463522820554
0.7732673790447826
0.6400216102221862
0.7252204857496697
0.6322666358640707
0.757906474367284
0.7393350980538594
0.649292130912062
0.7004769071653568
0.6332290739679601
0.6052030186600018
0.7313823399180867
0.7036787210734037
0.6944831379210383
0.719221071931997
0.6704673374783962
0.6893757937766264
0.6465557554336017
0.8085505604451384
0.6032837669626763
0.7706196640784614
0.7031064703303523
0.6275009883505007
0.6208607757582462
0.7017616203538748
0.685513089081487
0.6520925040461681
0.8018740169873013
0.7706111297107324
0.7933361970606017
0.6282591805907558
0.759464321099792
0.6949599247802524
0.7520502233554681
0.74466596558298
0.7525195374896267
0.6802705622432581
0.6732994138352411
0.8129309540400006
0.7314572440772544
0.7739093692040645
0.7335471369653184
0.7903870449717306
0.7016250060015349
0.6951707759483842
0.7377062399511007
0.7071913918262898
0.6409330524538882
0.668497996485233
0.8245916061871487
0.6298229388498343
0.755774019380828
0.6687610433743236
0.7343667579554346
0.7270096810007656
0.6723605708090766
0.7393237443781455
0.7050609972364225
0.7387248278554294
0.753143824195574
0.7941628073829835
0.6819022976252244
0.7180737959023651
0.7358527494056721
0.7205461115714058
0.7700169433256197
0.7347542189206336
0.7264580900727852
0.7305278959555214
0.7626129823072025
0.709105884611048
0.7777293654063668
0.7583673280450447
0.8240412049593835
0.7119370962115907
0.7585602760603869
0.7019245034212379
0.7019699770767278
0.7554668727986265
0.7056952905369891
0.6730947234626014
0.8026387202048225
0.7194611561523828
0.7135840412548633
0.6916543228341853
0.6557369202954795
0.6411236828888294
0.7957714389706745
0.7591903401535163
0.7395324852912518
0.7410920380577147
0.5860988023645509
0.6088222901154642
0.7620600180564484
0.7891681476439504
0.7628011703493317
0.7737066056393892
0.7514556544290105
0.6918821362131138
0.7639605113341521
0.7988516784852797
0.6707745523388557
0.714098796381785
0.745381550859363
0.7447948906428812
0.8238069983292826
0.7699242429903241
0.6286583313713106
0.6788037677575814
0.746243535428892
0.723946007330153
0.7683850900356937
0.7759792967705916
0.7528965452738542
0.7505931650172664
0.6834910381864485
0.7409740669822964
0.7214177136386403
0.6978052976313248
0.748090908223971
0.7558659548911735
0.7541875061010722
0.7835454271549731
0.7463438939172811
0.7062715371007817
0.5984022424925877
0.7144420257312805
0.8117526450021189
0.7471726684018707
0.7073543008658448
0.7118995235539496
0.6888925962199722
0.7195078031735945
0.692174645876944
0.6923717169191499
0.7752177166661918
0.7498401033654849
0.6912001817853417
0.7778331280598549
0.6718230027697651
0.7921571044668594
0.7906609404910059
0.6631409410619542
0.7180830599657214
0.6855488183594004
0.8017153364074633
0.7430304866346313
0.7249051958696497
0.6740709641904334
0.695835867647401
0.8009167542466044
0.6535974902835209
0.6702339595300971
0.7616449211876244
0.697650870172158
0.7278796220809829
0.6822878549723946
0.7146039932174458
0.8014964112237466
0.7161531288585647
0.7939363378252748
0.7221920073312789
0.7446909911803178
0.8208395766179409
0.7778308214206301
0.6754372067821071
0.7479579523605423
0.6054811710765294
0.7019416303508262
0.7268347171155748
0.645194367396627
0.766089566577014
0.7407935336841381
0.7618304831929209
0.7765760315589415
0.7739898212706547
0.6980509305510865
0.7477904031744168
0.736519747066489
0.6776139485848689
0.7013992243199162
0.7129452742039591
0.7151707625546764
0.7405640654128729
0.7251981882431151
0.7979238926455349
0.7328865339930907
0.7030989905179297
0.7570715765828223
0.7775108828606121
0.6744510207824393
0.778511256536575
0.7771071932770932
0.7502437150890924
0.7287177709618636
0.7792772725824301
0.7353788255175955
0.803186039564024
0.7800786182791923
0.7035647599465562
0.7695724419694797
0.7795010740220424
0.6531544661952108
0.6757074506782279
0.8017392954468148
0.8696608292571576
0.770629914307537
0.7644965294901033
0.739452568561384
0.7359900688450564
0.7676991272367576
0.6937439236711316
0.7467464749315329
0.6830585567252025
0.6869243037861382
0.8145475503717934
0.6909647990922354
0.7514735586487126
0.7330046314767588
0.7181523056646137
0.627705354306606
0.8233220078614109
0.705126454701243
0.7607727986627911
0.6892414718066421
0.6941489194462701
0.5999235778171825
0.7477434704579824
0.714096930498207
0.8080779827678817
0.657231248386337
0.5897123727040343
0.6593630325744798
0.7153157529128086
0.7851394583068431
0.7955852625645105
0.7847978486412935
0.7877383862103526
0.7220701719739864
0.7387996559132612
0.8330445104715581
0.8215500098028062
0.8160718598132781
0.7796199982142175
0.7730877068497128
0.6705005574114967
0.8135229186195706
0.7289502831804702
0.668362491862412
0.8106610926103147
0.658322280273485
0.8428466896913472
0.757937767884255
0.7061474108301153
0.7038390996933859
0.8141672679331304
0.7719477011767101
0.6521893468787525
0.745930921110944
0.8064781886865993
0.7938066949897492
0.680349085166997
0.7991816563754841
0.8277298639353368
0.764983067885668
0.7741816564200918
