0.6430789023107863
0.48704119981325866
0.7626978768602809
0.6714535321832521
0.5783434958634456
0.5593825381392227
0.6035790959406016
0.7311077376232269
0.6636350504189379
0.6526643431715895
0.6307907132329469
0.6387425270493308
0.6973663999399293
0.6914437414437414
0.7513658563658564
0.6202419008741823
0.6348388206095433
0.5662361481435815
0.6491272736484774
0.6755624481640162
0.5557957982731122
0.7027154185327464
0.5923999523621789
0.6373648835444251
0.5208295751949004
0.633512707706256
0.6601752835469141
0.575344883949003
0.642489879414298
0.6798602003423095
0.6575789388378757
0.4631011546461462
0.6680070329806147
0.7290968999367105
0.6061515809699577
0.5159235583511217
0.7411342432137422
0.838946180291313
0.7885185335678866
0.6680962999848449
0.5769044417009136
0.38318546017106747
0.592788288471857
0.6714519865917382
0.6500531632110579
0.6916239400847968
0.6205747030747031
0.7099141999931096
0.7860076035076035
0.7556218553320002
0.7322696762907501
0.5521834537214894
0.5898007322049084
0.7668890538237396
0.6214173466126992
0.6493196053714452
0.5263207018421792
0.6733597883597883
0.8186040926087632
0.6836844834751812
0.6510981067125646
0.7341574203574204
0.5822771442214782
0.607154176364604
0.5848772339102737
0.6719820384294068
0.6268362845831646
0.6250915415876046
0.6782362893766403
0.6618090983426737
0.7559094354941716
0.690738734134083
0.6933418772569134
0.7683006535947713
0.6069820502671223
0.6308749789389659
0.7108997435630637
0.7613009694687612
0.6354956726986625
0.5986319583783506
0.6008789734801386
0.6118712441776198
0.6850305484512645
0.667371971271402
0.5425379470539703
0.769552148822171
0.7320410927571467
0.5653993812247229
0.7028531109413462
0.6232943690914639
0.7931088992974238
0.6808485998962986
0.7093815480436833
0.4856400476631239
0.5493191342451189
0.6680385672074246
0.7793766649301515
0.7386244426244426
0.7392650148744513
0.5729316505934152
0.7219375361480624
0.6709325272739908
0.7370545869266341
0.7207670939669579
0.5926513523749527
0.6530460083651574
0.7140616656209963
0.4894316177649511
0.5958832887868408
0.579912185103985
0.7046803362931957
0.6426663979073044
0.5959965828215223
0.6433468098164304
0.5715424672793095
0.724826504245109
0.664957171462959
0.5474259471818275
0.6621370837834253
0.6911639398233634
0.7460330378726833
0.7459703568036902
0.6052062114131079
0.6516119292669161
0.626703675233087
0.6060749728188373
0.6525090964467544
0.7715925370648009
0.47972232746034893
0.7342909917590225
0.5900209150085535
0.7120661617052956
0.7498397691489797
0.7125591942128237
0.5790550021254736
0.711130981770867
0.7085584878442022
0.6344296639033481
0.7509115039549822
0.5871799549790825
0.8018973754628653
0.6938799315579501
0.6905791756136583
0.8144576719576718
0.6061700008671872
0.6297116200169636
0.6463202114355588
0.5963803448013975
0.5618503002373969
0.6622920588152832
0.7781602919284192
0.6317406518930108
0.7820035756205969
0.5887810775733935
0.653437340526354
0.6648984646411116
0.6058527479783768
0.6759841960891618
0.5725847703422454
0.5874912331418036
0.7307624872702829
0.6814303242269344
0.6198994027309708
0.6444683348569459
0.67280805000183
0.6342083356793609
0.6039825874608483
0.5907871429760535
0.7027988180077731
0.7503219003219003
0.7103343627422282
0.5888683161894173
0.5782377789961525
0.7498921941252077
0.7264502583979328
0.6556194376720558
0.7392283950617283
0.6359310328954195
0.7253962075679248
0.5847562314398254
0.6711601962902772
0.6439846871751232
0.5551126472094214
0.7809683299156983
0.5184513937281406
0.6132870511131381
0.640707669790134
0.6516916104139219
0.6444591996015094
0.7421638952220205
0.6155366845455856
0.7341645778187749
0.6007136796791969
0.6370502083200411
0.5853860434805671
0.6199981014480499
0.6697616149540964
0.6709523399368361
0.5685677142123919
0.7552302084831225
0.549161723466089
0.5277762314887783
0.6582817945537244
0.6940673358359528
0.6267634968616935
0.7916310800930111
0.769232108933874
0.49469981284475967
0.6936161161161161
0.727176280949061
0.7749792098719576
0.5963018221275936
0.7308849547724228
0.598127430144349
0.7719103583690334
0.51844152668926
0.528597385988674
0.735306315184364
0.5537092011920388
0.6817691028919098
0.6414672642064165
0.6157167369383817
0.6763024663714319
0.6757965253427023
0.7513573700571098
0.6044547404897652
0.7383944491502709
0.6031377466386694
0.5851450465243568
0.5745917497433757
0.6610311894255964
0.6903182019219171
0.5919280062867591
0.5621647984635297
0.6352282543327319
0.5413494616414588
0.6931570701416995
0.6065904855000335
0.6157595535244271
0.6306903380307636
0.5975191323900075
0.680814094227987
0.6496804144690145
0.6091415407693132
0.6536924053079164
0.741534151034151
0.6338770526045182
0.5559517345574317
0.6356303765290531
0.5098641820794512
0.7346669261649923
0.5646355605179135
0.6872419021809266
0.6938865172739412
0.6800706265412148
0.5310072550188829
0.6420961350641952
0.5667181959247622
0.6736777318778122
0.6703337695008427
0.5109279300945968
0.7975598826460896
0.7058973190718796
0.7140758604722952
0.7414952622084093
0.7116204765381035
0.6838006047932825
0.6646186943364024
0.6555156134188392
0.6021411331093643
0.5637192523334197
0.6065471308500668
0.8546728039241409
0.7822336683923038
0.7158367379907933
0.76877846859969
0.8717187010327279
0.7402194338364552
0.7600553045987829
0.7581357484932768
0.7624146981627297
0.657758284774632
0.6569376827506859
0.6336813169866604
0.5842602645474306
0.771184376976597
0.7985287461580565
0.7797889637507326
0.6257731046093115
0.656631465561043
0.622827903091061
0.6764309870542363
0.6032022651906089
0.6696549804362304
0.7992101484130469
0.6636646186490115
0.6293827160493828
0.6327231842009002
0.6246466582012223
0.6549988127405224
0.6054755109734191
0.6882698470650278
0.6782363396054822
0.6617827380830824
0.6526015059637852
0.6809260808042857
0.5959096459096459
0.6528979902020654
0.6653797483905843
0.6951287123910305
0.6727364650716721
0.7772902188593696
0.575637079010573
0.6795551797834614
0.6494637947848956
0.6270540529404325
0.6858313532309476
0.6438322593878149
0.6160239651416122
0.5983303304458594
0.6846201946201946
0.5679381168349682
0.6734019734019735
0.716591810966811
0.673253894288377
0.5469725625044773
0.6754994629553454
0.6539119484577022
0.6497816098528179
0.7215417430862733
0.6851433461703039
0.6607438455924746
0.677508202858833
0.5317419407625593
0.58560609814233
0.6838007085976153
0.7230883940620783
0.7279633363263422
0.6809085144246435
0.6236226994464982
0.7189087205129986
0.6043959593432314
0.6580958367877059
0.854947624289037
0.7467927724449464
0.7129565322395781
0.6015333001603025
0.8160080434261495
0.8545239640307778
0.6776383045036621
0.8352018079959256
0.6349208299208299
0.7786347687973075
0.7325986229197239
0.7020894007952831
0.6597764275028657
0.6145837919630365
0.640616020965552
0.6694192082427376
0.5794353067438727
0.6079220419331024
0.7170469944325909
0.7016645135959457
0.732682379349046
0.533974271670901
0.5736173130739076
0.6622879670430117
0.582291248529389
0.671435501909671
0.6275530657109605
0.7608866317553844
0.546051641539286
0.5284359601929165
0.6662876337634677
0.714106209634553
0.7290377439077893
0.6419316290363276
0.5464416920043055
0.7196132081085059
0.74556374605322
0.6445452788304409
0.6103015373190812
0.6099120184470928
0.7202668222132483
0.6790926470588236
0.5643055152962395
0.6136338253250018
0.7370811287477954
0.6674241881724312
0.618480247801408
0.6888081357119905
0.7253308209567289
0.777705914870094
0.665214415894563
0.8220500965662256
0.4488450111979524
0.7961821966376046
0.6054285714285714
0.6486079301717451
0.5672567371045123
0.6770003859841258
0.6877137430975853
0.7193109616625067
0.759935416906931
0.6322713231799466
0.699621626327482
0.5786485152274625
0.5936303418803419
0.7754183223677068
0.796570402916778
0.6301496513963155
0.5330425356982761
0.525043998470345
0.6369999198305974
0.6774194324194325
0.7770725140947053
0.5452871535291165
0.6321007431009645
0.7295534678879413
0.6282222679281504
0.7722566465792273
0.724779887937384
0.5084791283641859
0.6942285209727542
0.6793220801456096
0.6315660066779888
0.7063773911273911
0.6418244631185809
0.660227838113803
0.6288400446401272
0.7069766573295985
0.6755369308563615
0.7068893899023024
0.4642744671576726
0.48366114438279906
0.7157011421031135
0.5893979311778405
0.6492217587045173
0.7637589035058523
0.7348977932700125
0.5866116791642917
0.6784935166672513
0.6482287413138477
0.6175306409483625
0.61020624303233
0.7219995032290114
0.7038068662269575
0.6745191988567913
0.5918411413148255
0.6303146524310208
0.5837657566913064
0.5619801094962387
0.5561721654232292
0.5863640544455669
0.6892256322818983
0.5055964950082598
0.7757375967902284
0.6611564165674828
0.6823644627116072
0.6426703074750961
0.6433230611196712
0.6911642437797871
0.6736304784161321
0.6788356494963821
0.6701625908204856
0.4812392830028682
0.7371742294052194
0.4730732687473778
0.6603729603729604
0.7798625079723299
0.624011476793691
0.7816453487273842
0.6330049847813005
0.675739731692296
0.6202826370309391
0.6602867929620665
0.6908413630133264
0.7422061219404672
0.6947227725321032
0.61263842729888
0.6365334809892949
0.6313085126088221
0.544166030048383
0.7300190953574411
0.7788399293942774
0.6614280248767381
0.7776202566311093
0.6578347481145786
0.6672637518908
0.6554219778043308
0.8055813900107698
0.6533679007518669
0.4435604276249438
0.6916282642089093
0.5184731946582178
0.705010196942402
0.6874216459580348
0.7526092461193203
0.7071267210077027
0.6383760820106773
