0.5630829516594638
0.47496696026024754
0.5299267199508321
0.5107518081999438
0.5808288887587119
0.5563774945071228
0.5546494807426632
0.5877848246576518
0.5978992186245563
0.5878931689548068
0.506561848653528
0.5017812791303147
0.6182823373938624
0.5054272878455218
0.5381256927303106
0.45708223401686776
0.5157277607859788
0.5030483368098598
0.5505123247161279
0.49748058715433374
0.5672722241519217
0.47536102663702245
0.4718598114684024
0.42201496786447285
0.4971449784517057
0.5227714170857145
0.48769725437349554
0.5528422314882792
0.5362783593441207
0.5697589396182416
0.5356976251009664
0.4624940823838139
0.5467372928633595
0.5639656016407704
0.585386416745527
0.5532429965034346
0.509831513360173
0.5597553997954015
0.6000926779919536
0.6327991691942068
0.44602944979259534
0.483517681024756
0.474575796564351
0.5309715721882632
0.6470803689826136
0.4791740508030893
0.538919086267087
0.4870157620695082
0.5327904396142025
0.4657096999408932
0.39999299859810494
0.42838915863953864
0.5631747540850183
0.5763748672448756
0.579857298791094
0.42584471106891403
0.5094313466760365
0.5308552472036935
0.5585461270743367
0.5286809343144877
0.5382820499557297
0.5394183742057685
0.5399660842436709
0.5154295862396368
0.6302918605913843
0.47707356855120053
0.558279403768378
0.4348032793023892
0.5414368777574439
0.4694120030728711
0.34908702448385026
0.5045875877678272
0.5587217630027654
0.47769512559241467
0.5164142378975092
0.45015209325653227
0.45611631364139216
0.46195402945089115
0.4589492777836394
0.5360162517136057
0.5033835254161221
0.5032042330579862
0.4884156039715255
0.5048429237579651
0.5487748311604798
0.507230070999232
0.5033116340382393
0.49284648810991794
0.5087978983330752
0.4401177715973773
0.48901512547672876
0.558469042533754
0.4829269825297658
0.43340849486074806
0.5601342589712492
0.6082614070103766
0.6113989965210664
0.5716285064863913
0.6030545094511454
0.5778093613443318
0.5402509878357642
0.5489830882351898
0.5098786843169564
0.45467984137435946
0.5877023402175873
0.5830293485052394
0.47541217882666875
0.5302136840288942
0.5521269268679041
0.4986739490858169
0.5932098093575855
0.5887897344383034
0.598506400239909
0.5441224678527561
0.5825084588867535
0.5703045323516894
0.5265691189314814
0.44515405665612084
0.5306722878039425
0.47660736865468556
0.5661659625440552
0.5675234859703693
0.5252909018239537
0.49128619104189203
0.5518103674308826
0.5846764602061317
0.49316947947267564
0.5370466230474615
0.44320745100066755
0.528838530009534
0.5514667775715351
0.6052145466943298
0.4964788319596223
0.48269277863516014
0.5635225116528921
0.5721841393117272
0.5822951162210234
0.6076766347375744
0.5641759308143826
0.4765624981651461
0.4901684102571111
0.4942325892550762
0.4287252511164642
0.4092776625508441
0.4755880184690327
0.548369756514774
0.6212879765163664
0.40191592760884776
0.46471128067185197
0.5207595766130304
0.5309964137797513
0.5269710874145517
0.49788141710647654
0.5471535894674867
0.5402551898525323
0.5162720708134557
0.5308011397547254
0.5530250010202001
0.44540980548151055
0.5096497676748729
0.4184916273419152
0.5615524261623288
0.5118499274554982
0.5049676072428613
0.4791234036144685
0.5117526284724099
0.502954828970839
0.5355668422655677
0.5137178708288521
0.5288347240378882
0.5736293160756494
0.6190735537891203
0.5379653792145895
0.5546481523125152
0.5346653730815297
0.42964419415928046
0.4894868178116487
0.6389334291893926
0.520294221283279
0.5031603087115618
0.49014868259407635
0.4996237125688976
0.5645975560126572
0.46518144960747193
0.4557596166270509
0.5138386019815403
0.5689636788573702
0.5415246312777385
0.5694305056929644
0.5239051057669749
0.5498421038032414
0.5163769052949463
0.47818539668437415
0.5264099116446415
0.4788336734246577
0.5941175191873201
0.5393523923116051
0.6104169612945084
0.45034921468186245
0.5154383476715834
0.5139659747746285
0.5823126431732583
0.4597357298787536
0.6004742756285127
0.5277098229392051
0.538111626117867
0.48795238032837035
0.5275322934881299
0.568285017000184
0.542401531249361
0.5928942646249485
0.4798173738769991
0.5681090105854247
0.44333479321392705
0.5780237813510507
0.5386783224656669
0.46966677899073656
0.4793515771690563
0.4551444146360767
0.5137989756178645
0.43386703344414734
0.550734327950161
0.5840352580663152
0.5549806877356218
0.5976602586130819
0.5630019717975386
0.5859243717805238
0.5442053570645701
0.4552470033623551
0.5288147174733452
0.5652844717690363
0.6028250428701488
0.4052568737405831
0.5560058695013974
0.4959558144841784
0.5493357882860557
0.5672762556569881
0.5284025500279119
0.5010583288299062
0.48309724145443644
0.5237225962308657
0.5638093487206202
0.5930813172092309
0.41673814067855935
0.5213254146876832
0.4394519851797079
0.5005115934625811
0.4902594354786755
0.5451996071545533
0.49357014614853445
0.5613222170265241
0.6402854928307198
0.48656062446642456
0.48746185951583665
0.4692652324526356
0.5823203162622907
0.4958881183939391
0.4696410522863525
0.3784122168354543
0.4951667795909927
0.601889271470828
0.4258742956287169
0.550724001644445
0.5703844629191414
0.5703868655042982
0.5266429197289645
0.4876903908437783
0.5071277850093571
0.5180735277746338
0.5107933802089799
0.5701842681936354
0.5554950995354749
0.547335391120988
0.5279173838939525
0.4902608940103809
0.4804677427438182
0.5043393823932641
0.501469667233177
0.47255267309689375
0.5728724956513638
0.45111127053356964
0.6462525583341705
0.5971915613471241
0.49802941072214146
0.5008312167814046
0.4764005300744791
0.5659259103667653
0.5971408173144971
0.40041886435871055
0.4968082754944574
0.47731057697876256
0.5046399566009968
0.5289864156344335
0.5155781688264681
0.47186989347358815
0.55727627278539
0.5305904365249238
0.37921504043798837
0.5278411250030467
0.6200516023334559
0.5135383344404223
0.5911519778324571
0.5609012933901434
0.5233122041085362
0.5776361902960943
0.4982681974408601
0.5672020802604167
0.47508179484943125
0.5707791358524552
0.5115202057787887
0.5685681097505186
0.5519098572913522
0.5669183528025941
0.5871568004260195
0.45988822310188243
0.46723038180964205
0.4049268267556151
0.539549898495268
0.5259971233820302
0.4971686032554724
0.48699490926840405
0.4996567814175422
0.5941518036732177
0.5241250111732976
0.5869705208158478
0.5497069265279615
0.5138884749377363
0.4897795456430775
0.5430468478916627
0.5685539416396211
0.6141968618231126
0.578400576892037
0.4332943268202663
0.5658137413330162
0.5569841346785043
0.44866910247708636
0.4908545679493705
0.5460125175740914
0.48072831977558433
0.5676920472850937
0.48398269475907485
0.4913170556787308
0.487742010682674
0.49462052939819506
0.5702410188894471
0.4775160774412555
0.5421627205590336
0.497389981382102
0.41461399795271026
0.5734777638211235
0.5069903221082667
0.5695632885876152
0.4682410110687101
0.4642083588096432
0.5087671166725315
0.4103277682969505
0.5969644126564769
0.49961405856473345
0.5019966904098702
0.5905279069745136
0.5581705861203726
0.6369077220497678
0.5322955393315159
0.5275058679590964
0.5375519229301435
0.4605089093528274
0.46971553161954344
0.5397828403796929
0.5050110823605272
0.5182331814030817
0.6126094844067174
0.6179372501537104
0.4584518883518962
0.5113762609376445
0.48077586608015516
0.43039317893916573
0.45812079506233094
0.5564553775560735
0.5837110583419808
0.5532306757095726
0.5627623168932276
0.4828780969526998
0.4720842856655837
0.5701396643964299
0.550270554045821
0.6105556893859386
0.6215798731539632
0.5128224823606478
0.47052332097889504
0.5100643476960602
0.5173206604131805
0.5421664148896465
0.4821851629425701
0.5540352516102998
0.5137644178125296
0.48849043982471213
0.496756430447229
0.4398250664396637
0.567557505765224
0.4818037388420292
0.6401283730371474
0.5202782601816424
0.47548674825440246
0.4424471110171261
0.47230943659087327
0.5753491194087225
0.5884736459676042
0.446584076426555
0.5085525623949572
0.5199322230674033
0.4994934870700571
0.509120915346098
0.4323388432529976
0.5971075783363935
0.5908493291969872
0.5994823538829875
0.5707172036190438
0.4221813719048575
0.5867633428546097
0.43696679415917483
0.5841155335401442
0.4708644015291638
0.5111345806029788
0.4363287150916767
0.5340211080559024
0.42486652611726844
0.4802851649494698
0.5106122940212812
0.467746119507078
0.5524875654140301
0.5890727026754631
0.5214399648595762
0.5162642600990627
0.5107158220439101
0.5436599059476701
0.5042724185921221
0.5833534384413722
0.6685014929143073
0.4596963954700816
0.4730108866427488
0.5109231836245671
0.5422451711451037
0.5658676115427366
0.507620952179253
0.5846157857417047
0.6250349884376323
0.5041612340524444
0.5280364545272056
0.5071055126752693
0.5874418206930461
0.5355087882757201
0.5327021714005691
0.5548193524052766
0.4975223004917638
0.5880177144940968
0.4403877573302723
0.4658370716174679
0.529153010674664
0.5105576157494105
0.6292327810703152
0.5868050358757537
0.4743023690894606
0.4688576680056641
0.550954117362336
0.6167865291613712
0.4846940078913387
0.5785484726339921
0.4254439780709668
0.433890909403242
0.5327140325122168
0.6418972385054303
0.5530949784440149
0.4430334350775119
0.5045791041027483
0.5110028027725694
0.5119983027985973
0.4692492942129728
0.46683259993425047
0.5168650296799959
0.5376794623472171
0.624252324505112
0.5421361509429092
0.5197439453929075
0.5444187743991161
0.5163084925984585
0.3842050049044675
0.6076392863559352
0.48179574166640204
0.38464292204585165
0.4792495095856798
0.5483420165673408
0.6073153541971613
0.4901869238592618
0.487602044936789
0.49653429303199464
0.48771066648136874
0.540147700842136
0.5401128786325962
0.5516612343296073
0.572304309167138
