0.25776477566612715
0.2687766608268141
0.3021913549211245
0.21911977094671495
0.22814721181969583
0.22866973245971833
0.24183835083113914
0.20491917447561067
0.22009429259681515
0.27528665752685166
0.24192408518313924
0.23852824475146003
0.2636820443331006
0.21609971783326534
0.2377906534357287
0.19871959253857588
0.32877324597610025
0.21095799816264454
0.2258752910310386
0.22969077230619006
0.23960275441404877
0.25498167151705653
0.20530567819827888
0.1800078005619387
0.21303586921199064
0.21997237638290634
0.16666550786077716
0.17619771906995213
0.2344604189721548
0.2260102048067458
0.26851037144740897
0.22632011011650652
0.27477990974667565
0.18131231585763033
0.2075818345106933
0.24609936325032564
0.25644937717212163
0.18703427472615686
0.20250027830005568
0.2556895760025563
0.23364695845280076
0.1985433637882081
0.2834887980717078
0.2504403559262512
0.19533680016817628
0.2317857004728539
0.1889399831465114
0.21197612143528854
0.23506005955126416
0.300651865487474
0.2698002334823255
0.23445815016511062
0.24191424470950612
0.23936788250685082
0.20214067107430944
0.3014649422786796
0.2600393004289687
0.22846644892966528
0.22288769915173787
0.24881955240746897
0.21904037764781534
0.18922333465848362
0.21895205310151822
0.27109572304839796
0.24953506633165096
0.18865329697014446
0.25436618772074876
0.23830341756296147
0.22821790105514633
0.2174831510293171
0.4013687624190979
0.21641324404159784
0.2227533471864307
0.2927041083537522
0.25601494955913223
0.2749164280856694
0.23090217591547504
0.2589129943377473
0.17976694681922115
0.31355515452862803
0.20935654866410053
0.25583758436903176
0.23558267775873765
0.24614663740892834
0.19410354616466513
0.20242144428349101
0.23894330960966909
0.2071130598288872
0.23994150058544095
0.19290924026504058
0.2509972759270107
0.2004255202038763
0.234219774960005
0.2201761687015559
0.23782594972668752
0.18139787656592504
0.22116650967120283
0.20660000121277278
0.27348612522646404
0.21400956704479818
0.2034996659489021
0.2102709635840203
0.2427632823333368
0.343529473165449
0.2683005640688541
0.2936007753221026
0.23710105251163038
0.2294309998063869
0.20408062334781274
0.25988380674317335
0.2200993992654826
0.18086727556500493
0.22539469583226382
0.24440995287783246
0.24681887853001186
0.20561691601507026
0.27777888154454666
0.24111795499776562
0.19453258932627193
0.19157967765681927
0.2052325433191399
0.2305246687421084
0.3558104813185544
0.2282221850042652
0.2298938950288125
0.2199611553048386
0.23485079851444318
0.22818687052418823
0.32731910064434233
0.2507620177677429
0.26370965394123796
0.20764904319481037
0.1609686163837103
0.27011999293290273
0.2228222641475282
0.17896550857139826
0.27542682450648936
0.28479378992039406
0.24188740525893968
0.2489033426414412
0.2773406193797566
0.21593819891059482
0.2783920199483595
0.18223222298815486
0.24594730777158424
0.24514415116045735
0.1889937466828877
0.23386549925901745
0.22660192089510617
0.19852551886370218
0.18072787875810647
0.21313797526971595
0.2082114400895923
0.24357478929045565
0.2712760846228041
0.19550555168110245
0.20279903958832934
0.22270903773427647
0.25362676325426475
0.2165619530491866
0.17655117778718754
0.22040989818409185
0.2410243550621564
0.25927328278548833
0.19699947870038487
0.20250667070465309
0.23490891974577832
0.18965862750954282
0.16641488519402758
0.26163672764766344
0.24241317260366027
0.2447775200932077
0.23102969264889908
0.23328506275391037
0.17537161323485007
0.27139860754947065
0.2036305713887388
0.22112900679219674
0.215163093651972
0.23367402385537106
0.22318016639944188
0.2952264011500261
0.21850058715837722
0.2673872605776713
0.22838316149312282
0.2179860422641628
0.20789667092481107
0.2058380220188305
0.1911292534073214
0.23513249423152388
0.1925293408695392
0.2530928817809004
0.21846601735402416
0.1792979609466033
0.21736773148655877
0.2219833762634033
0.19794866102096081
0.2113709624069795
0.33185638724081223
0.17275617549109518
0.23528838957283835
0.20660386458136337
0.19995907696872697
0.21228531971694942
0.23764541105051964
0.1852317820773225
0.20885480536427092
0.22115032961083808
0.2053655329268317
0.26768649763731367
0.1997348144518377
0.2071119414034077
0.17249891290415667
0.2386206865155544
0.18175579170583775
0.19165104379671855
0.22830089113488572
0.2675664667010474
0.21088099598748433
0.22025550752962814
0.20267376702666134
0.2135682936685302
0.21647351270056736
0.23677873564343704
0.2542319198036359
0.27801804235554894
0.21714455221612422
0.1982023908150832
0.19531249463613753
0.20164283321208265
0.22711089275282004
0.19684220004558087
0.26189984080334505
0.16503968187689091
0.23956071653945823
0.22935674688672647
0.20254067059208195
0.19094115075021778
0.2245304850249193
0.21735390724189715
0.25593215903678124
0.26694927257352075
0.20221981852370274
0.1959223803324738
0.1908029653211259
0.21214238627046217
0.22147472110179683
0.2541304297512875
0.25291459487961027
0.20685814046545287
0.2623212050965941
0.2527280764819434
0.27560030706958805
0.20585540346005568
0.2409814759797172
0.2176094999123171
0.2346427912147802
0.25271945989215316
0.23563419800787128
0.24934622133554762
0.21824300981455944
0.2463931973774671
0.21446047163144322
0.34017884513559693
0.2582964192049816
0.1931638973276204
0.20454625716177477
0.23445573128917388
0.2156006109383203
0.2783769341112456
0.24694717482651835
0.2931936370061946
0.22456564226918763
0.24064248108872888
0.3771387764049108
0.22536714449382306
0.24376439234868608
0.21214172492258113
0.2017289037040821
0.20848809662265738
0.2333387544010579
0.2636552899315596
0.20380562973872712
0.3103761728282722
0.21607629744945225
0.20938233770481451
0.21981886403501635
0.2950665507103656
0.26839646193234734
0.25054705910528047
0.22589111212189744
0.23578353756455486
0.2379256362743181
0.28902891760005656
0.2541626526002549
0.2278026173385895
0.2150173294792216
0.24862175685994767
0.22030582977737567
0.2965390180782806
0.24219547260212543
0.2656669544694934
0.2373994597814726
0.21608654603634034
0.24451782589661666
0.21069392633859682
0.2419952784917788
0.25456644808618356
0.2844532843197927
0.22173228665853612
0.28598008464008234
0.1995196119472126
0.271020280007841
0.19295230997766377
0.2492830054433622
0.3102215029917549
0.24138403989913082
0.1999651153169111
0.2197684706742477
0.23656594350935856
0.27021935369022365
0.22895527626317502
0.2180120993284998
0.22828842897564364
0.22687987846155117
0.18184453195377054
0.19302732473561063
0.21570041155169994
0.1930575702863413
0.20142669772001442
0.23335849829284472
0.2785657763212185
0.1946211208007733
0.26025164146332735
0.27305129591745314
0.2567582039696394
0.22237425880503947
0.22998855484820543
0.21519568521640026
0.24809011768250738
0.21360619748344856
0.20388864197612136
0.21523264122110863
0.22962069016999825
0.29542006096049245
0.20129884187817976
0.18972673899579148
0.2641634960997765
0.21796664372625657
0.26189877836283176
0.1763678244942252
0.22045658071266444
0.254397256707092
0.281439039601889
0.22947895157660575
0.26363087603672547
0.2977323725371962
0.1729238009808998
0.2106407925371602
0.18173417202998154
0.24019577993118113
0.23525329077299528
0.2478981405891743
0.21653647996249406
0.2057438908696123
0.17062295321664925
0.2797424261809399
0.23345250302005402
0.24012100746303497
0.25318704393605196
0.22645582558245958
0.19018996746165864
0.22264562721855047
0.208668378171872
0.2486394644205978
0.22020528096794656
0.2280667142022315
0.25325165904176816
0.2491303202006686
0.2332914382882
0.2944046886238052
0.18807700583026155
0.18236495512542472
0.3007392822047583
0.2273630948827953
0.18809251768537497
0.2659664505518596
0.24963351909519954
0.24983137998742455
0.21521379139048324
0.24084353142400994
0.23421288927675923
0.2703577881362876
0.23645805044801213
0.3160125768308555
0.20417903167417256
0.25943353888259885
0.24417537994327515
0.24660290121012746
0.23467142741745475
0.24016707405640436
0.26712951600033363
0.21095306009626197
0.2239131164305007
0.19437829191061293
0.21912627124925552
0.23507791875295206
0.26596155190184856
0.24826044280962006
0.23259713554500766
0.1982177282467837
0.19613832708312062
0.22643465112753333
0.19494498623947004
0.18384576066949135
0.21836790635353337
0.18799214020270563
0.20918925776214534
0.18472525063737047
0.25191374580711134
0.22512276462722997
0.2199603770219661
0.20595761874740645
0.20683512329876286
0.19364830346684042
0.20000001104690263
0.30157092176379846
0.2280726725380522
0.256560512014316
0.17624130558333168
0.20414995167755018
0.2476159701808878
0.32883361878673245
0.22778619326920424
0.24746432633556067
0.2824323682790611
0.17768087551581474
0.2488212465029125
0.227124367617891
0.34018281732078437
0.3120011840073058
0.25733573445958324
0.21482855069271956
0.16528249063646072
0.2041808056422713
0.21904141655040693
0.1943464548585183
0.18941170789651682
0.20375252013022743
0.24842237006482526
0.2814396525185762
0.240042411578069
0.24560367889796214
0.21794001387423007
0.24433209343729734
0.27927761291197317
0.24380556112229287
0.20342701547614034
0.2714286353549436
0.226071212656364
0.209667525046635
0.2154637279068048
0.2039231373766895
0.25562896439856636
0.2223638729038121
0.20216843178370694
0.28025821405411955
0.20908003434184796
0.24393751972680533
0.20488806283119884
0.27614302088729287
0.20249812481004972
0.24600448276723652
0.2503603087682421
0.2619433579854963
0.22495835905182082
0.24195256560893047
0.2825275830226699
0.24349497473383824
0.2192105793498998
0.3460621342848819
0.1755103756861035
0.2472670316496689
0.2344072425167523
0.2473571465070428
0.2521300228629042
0.2621028866517715
0.18984691321731506
0.24086789800922123
0.23752448519036296
0.2663425541186012
0.18164758429867994
0.22202189613088488
0.25177009551170926
0.23693730502950694
0.180938599908338
0.25775658395715684
0.20795539545993225
0.22010057723277876
0.24398341973231974
