0.3454545454545454
0.3008849557522124
0.24193548387096778
0.21848739495798317
0.26666666666666666
0.26229508196721313
0.3076923076923077
0.265625
0.2706766917293233
0.21874999999999997
0.3025210084033613
0.3008849557522124
0.32142857142857145
0.3063063063063063
0.36065573770491804
0.2807017543859649
0.2905982905982906
0.291970802919708
0.2631578947368421
0.3157894736842105
0.26415094339622636
0.29032258064516125
0.29565217391304355
0.2706766917293233
0.22222222222222224
0.25757575757575757
0.23140495867768598
0.21848739495798317
0.25806451612903225
0.26229508196721313
0.3404255319148936
0.24390243902439024
0.3
0.27586206896551724
0.24193548387096778
0.3269230769230769
0.29824561403508776
0.265625
0.2857142857142857
0.3015873015873016
0.2764227642276423
0.272
0.2698412698412698
0.2644628099173554
0.3114754098360656
0.272
0.2644628099173554
0.2807017543859649
0.2601626016260163
0.2962962962962963
0.3076923076923077
0.3300970873786407
0.3007518796992481
0.3
0.25641025641025644
0.34615384615384615
0.2905982905982906
0.2741935483870968
0.2975206611570248
0.26771653543307083
0.2975206611570248
0.26865671641791045
0.2635658914728682
0.2905982905982906
0.29565217391304355
0.29824561403508776
0.27586206896551724
0.26229508196721313
0.22033898305084748
0.256
0.28571428571428575
0.23076923076923075
0.25396825396825395
0.3137254901960784
0.288135593220339
0.25862068965517243
0.256
0.2990654205607477
0.26771653543307083
0.3157894736842105
0.26153846153846155
0.26168224299065423
0.29310344827586204
0.25210084033613445
0.25757575757575757
0.2537313432835821
0.24060150375939846
0.29824561403508776
0.29565217391304355
0.23529411764705882
0.24793388429752067
0.26666666666666666
0.2809917355371901
0.2809917355371901
0.2727272727272727
0.24806201550387597
0.2764227642276423
0.30400000000000005
0.3103448275862069
0.2706766917293233
0.2589928057553957
0.23437499999999997
0.2601626016260163
0.326530612244898
0.2857142857142857
0.2990654205607477
0.30508474576271183
0.22950819672131148
0.29310344827586204
0.2702702702702703
0.27586206896551724
0.26760563380281693
0.25396825396825395
0.24390243902439024
0.2857142857142857
0.22608695652173916
0.23728813559322037
0.2975206611570248
0.24637681159420288
0.26771653543307083
0.319327731092437
0.25210084033613445
0.3035714285714286
0.2363636363636364
0.3025210084033613
0.2857142857142857
0.2698412698412698
0.2459016393442623
0.3541666666666667
0.2807017543859649
0.24615384615384614
0.2975206611570248
0.23076923076923075
0.26785714285714285
0.3304347826086957
0.25
0.2631578947368421
0.30508474576271183
0.24285714285714285
0.24137931034482765
0.3106796116504854
0.3076923076923077
0.3008849557522124
0.22399999999999998
0.22399999999999998
0.2905982905982906
0.31304347826086953
0.3025210084033613
0.23529411764705882
0.26153846153846155
0.2608695652173913
0.2601626016260163
0.23333333333333334
0.2909090909090909
0.28125
0.25
0.2905982905982906
0.26771653543307083
0.2831858407079646
0.2900763358778626
0.256
0.25641025641025644
0.29310344827586204
0.2456140350877193
0.26785714285714285
0.2945736434108527
0.25641025641025644
0.3008849557522124
0.2537313432835821
0.23999999999999996
0.29824561403508776
0.24793388429752067
0.23255813953488375
0.3025210084033613
0.2926829268292683
0.25396825396825395
0.2786885245901639
0.2456140350877193
0.23437499999999997
0.2608695652173913
0.29565217391304355
0.32075471698113206
0.27586206896551724
0.2702702702702703
0.29565217391304355
0.29032258064516125
0.31007751937984496
0.29508196721311475
0.2764227642276423
0.3008849557522124
0.28125
0.3025210084033613
0.26666666666666666
0.24637681159420288
0.25225225225225223
0.265625
0.3269230769230769
0.27586206896551724
0.2689075630252101
0.23529411764705882
0.2644628099173554
0.2909090909090909
0.2459016393442623
0.27586206896551724
0.288135593220339
0.2595419847328244
0.3015873015873016
0.2689075630252101
0.24427480916030533
0.2809917355371901
0.2608695652173913
0.2342342342342342
0.25
0.2905982905982906
0.24806201550387597
0.2424242424242424
0.24427480916030533
0.27586206896551724
0.33057851239669417
0.2608695652173913
0.26153846153846155
0.2833333333333333
0.26771653543307083
0.26666666666666666
0.25757575757575757
0.2926829268292683
0.26666666666666666
0.24806201550387597
0.2835820895522388
0.27480916030534347
0.3252032520325203
0.2727272727272727
0.29310344827586204
0.2857142857142857
0.24390243902439024
0.2631578947368421
0.24427480916030533
0.272
0.26229508196721313
0.2782608695652174
0.3225806451612903
0.2990654205607477
0.2857142857142857
0.25531914893617025
0.25396825396825395
0.2833333333333333
0.2644628099173554
0.2782608695652174
0.25641025641025644
0.2782608695652174
0.25
0.25
0.29824561403508776
0.2137404580152672
0.2975206611570248
0.2833333333333333
0.2782608695652174
0.27350427350427353
0.27586206896551724
0.22764227642276424
0.2542372881355932
0.3063063063063063
0.2601626016260163
0.35714285714285715
0.25196850393700787
0.25396825396825395
0.26229508196721313
0.265625
0.24615384615384614
0.339622641509434
0.2807017543859649
0.2741935483870968
0.2857142857142857
0.25225225225225223
0.34285714285714286
0.3333333333333333
0.28037383177570097
0.272
0.26666666666666666
0.27906976744186046
0.2692307692307693
0.272
0.2727272727272727
0.2782608695652174
0.205607476635514
0.3063063063063063
0.2153846153846154
0.27522935779816515
0.3008849557522124
0.2608695652173913
0.26785714285714285
0.2926829268292683
0.3008849557522124
0.2857142857142857
0.28037383177570097
0.3238095238095238
0.272
0.26229508196721313
0.2833333333333333
0.3368421052631579
0.25641025641025644
0.3142857142857143
0.29310344827586204
0.24427480916030533
0.3008849557522124
0.25396825396825395
0.29508196721311475
0.2689075630252101
0.2545454545454546
0.2608695652173913
0.3103448275862069
0.2835820895522388
0.25688073394495414
0.28346456692913385
0.2727272727272727
0.26666666666666666
0.2727272727272727
0.25
0.2777777777777778
0.22413793103448273
0.2300884955752213
0.3063063063063063
0.26666666666666666
0.26666666666666666
0.2807017543859649
0.24390243902439024
0.256
0.26666666666666666
0.26229508196721313
0.3119266055045872
0.27941176470588236
0.28571428571428575
0.28148148148148144
0.2711864406779661
0.3103448275862069
0.3140495867768595
0.2456140350877193
0.25806451612903225
0.2601626016260163
0.2601626016260163
0.2635658914728682
0.2831858407079646
0.2518518518518518
0.2542372881355932
0.2222222222222222
0.2905982905982906
0.3
0.28037383177570097
0.28346456692913385
0.2857142857142857
0.2900763358778626
0.26771653543307083
0.34285714285714286
0.2857142857142857
0.24793388429752067
0.34615384615384615
0.29126213592233013
0.31205673758865243
0.2909090909090909
0.24637681159420288
0.2741935483870968
0.2631578947368421
0.2635658914728682
0.272
0.2689075630252101
0.25196850393700787
0.34615384615384615
0.2689075630252101
0.2635658914728682
0.23437499999999997
0.27906976744186046
0.25196850393700787
0.3064516129032258
0.27906976744186046
0.2882882882882883
0.3275862068965517
0.2689075630252101
0.2727272727272727
0.27350427350427353
0.26785714285714285
0.24778761061946902
0.22727272727272727
0.21705426356589147
0.2456140350877193
0.2926829268292683
0.23703703703703705
0.2631578947368421
0.3025210084033613
0.2830188679245283
0.2689075630252101
0.22399999999999998
0.2807017543859649
0.26229508196721313
0.2857142857142857
0.3103448275862069
0.2905982905982906
0.29824561403508776
0.30508474576271183
0.26229508196721313
0.2857142857142857
0.27586206896551724
0.19642857142857145
0.272
0.27522935779816515
0.25862068965517243
0.3148148148148148
0.25396825396825395
0.2689075630252101
0.2644628099173554
0.30508474576271183
0.26666666666666666
0.25757575757575757
0.3103448275862069
0.2706766917293233
0.27480916030534347
0.25757575757575757
0.24637681159420288
0.2689075630252101
0.25196850393700787
0.29565217391304355
0.27350427350427353
0.25806451612903225
0.2831858407079646
0.30769230769230765
0.29824561403508776
0.2631578947368421
0.3148148148148148
0.2857142857142857
0.2786885245901639
0.30400000000000005
0.24793388429752067
0.34615384615384615
0.3035714285714286
0.27350427350427353
0.2807017543859649
0.3275862068965517
0.2459016393442623
0.2363636363636364
0.27586206896551724
0.30303030303030304
0.31775700934579443
0.31304347826086953
0.288135593220339
0.2589928057553957
0.28148148148148144
0.25
0.25
0.2741935483870968
0.2537313432835821
0.2608695652173913
0.26785714285714285
0.2654867256637168
0.26785714285714285
0.2255639097744361
0.2335766423357664
0.3137254901960784
0.26229508196721313
0.2833333333333333
0.3185840707964602
0.288
0.27586206896551724
0.26771653543307083
0.23076923076923075
0.2926829268292683
0.256
0.25
0.29565217391304355
0.2601626016260163
0.2833333333333333
0.30534351145038163
0.2689075630252101
0.22950819672131148
0.2777777777777778
0.2992125984251969
0.34285714285714286
0.2857142857142857
0.27586206896551724
0.3015873015873016
0.2727272727272727
0.2644628099173554
0.29824561403508776
0.2542372881355932
0.2777777777777778
0.22033898305084748
0.26229508196721313
0.2807017543859649
0.3149606299212598
0.26865671641791045
0.23333333333333334
0.25196850393700787
0.25641025641025644
0.24806201550387597
0.288135593220339
0.3090909090909091
0.2782608695652174
0.24637681159420288
0.296875
0.30534351145038163
0.2698412698412698
0.27522935779816515
