0.7722222222222223
0.8081944444444444
0.7130555555555556
0.72125
0.7416666666666667
0.7759722222222222
0.7704166666666667
0.7670833333333335
0.7820833333333334
0.7777777777777778
0.7751388888888888
0.7341666666666666
0.7265277777777778
0.7331944444444445
0.8640277777777778
0.7729166666666666
0.7831944444444444
0.7847222222222223
0.7898611111111111
0.8201388888888888
0.7191666666666666
0.6656944444444445
0.8044444444444444
0.7518055555555556
0.8131944444444444
0.8165277777777777
0.757638888888889
0.7855555555555556
0.7244444444444444
0.8323611111111111
0.7379166666666668
0.8540277777777777
0.7841666666666668
0.7700000000000001
0.7773611111111112
0.7925
0.7791666666666667
0.7079166666666666
0.7173611111111111
0.7547222222222223
0.8081944444444445
0.8345833333333333
0.8168055555555556
0.7695833333333333
0.7237499999999999
0.7441666666666666
0.8408333333333334
0.8472222222222223
0.7072222222222222
0.7490277777777777
0.7825
0.7856944444444444
0.7691666666666667
0.7704166666666667
0.6791666666666667
0.7330555555555556
0.7334722222222222
0.7609722222222223
0.7031944444444445
0.7786111111111111
0.7952777777777778
0.8234722222222222
0.7130555555555556
0.7969444444444445
0.7463888888888889
0.7816666666666667
0.7405555555555556
0.7825
0.8236111111111112
0.7725000000000001
0.7395833333333333
0.76
0.8154166666666667
0.8315277777777778
0.8268055555555556
0.8754166666666667
0.7768055555555556
0.8054166666666668
0.8005555555555557
0.798611111111111
0.7602777777777777
0.7833333333333332
0.8270833333333334
0.7743055555555556
0.7390277777777778
0.8091666666666666
0.6677777777777778
0.7756944444444445
0.7723611111111112
0.72125
0.7884722222222222
0.8188888888888889
0.7406944444444444
0.7463888888888889
0.8808333333333334
0.8430555555555556
0.7943055555555556
0.7954166666666667
0.721111111111111
0.8566666666666667
0.80375
0.80125
0.7155555555555555
0.7808333333333334
0.77125
0.7430555555555556
0.7888888888888889
0.65375
0.7398611111111111
0.8709722222222224
0.7476388888888889
0.7054166666666666
0.78875
0.7852777777777777
0.7880555555555556
0.7290277777777777
0.7030555555555555
0.6009722222222221
0.803888888888889
0.7645833333333333
0.7780555555555556
0.8005555555555556
0.7858333333333334
0.7930555555555555
0.8294444444444444
0.7406944444444444
0.7330555555555556
0.7666666666666667
0.7954166666666667
0.8720833333333334
0.7483333333333334
0.7233333333333334
0.6984722222222222
0.7459722222222221
0.7181944444444446
0.8379166666666666
0.5879166666666668
0.8400000000000001
0.7256944444444444
0.7906944444444446
0.7831944444444445
0.7815277777777778
0.8172222222222223
0.7937500000000001
0.7870833333333334
0.7511111111111111
0.6752777777777778
0.77625
0.81375
0.772361111111111
0.7469444444444444
0.737361111111111
0.7563888888888889
0.8043055555555556
0.7791666666666667
0.6684722222222222
0.7780555555555556
0.8077777777777778
0.8423611111111111
0.8084722222222223
0.8230555555555557
0.7809722222222223
0.7686111111111111
0.7506944444444446
0.7265277777777777
0.6755555555555556
0.7544444444444444
0.7801388888888889
0.6679166666666667
0.6633333333333333
0.7893055555555557
0.7083333333333333
0.7943055555555556
0.7555555555555555
0.7883333333333333
0.7470833333333334
0.8109722222222223
0.8233333333333333
0.778888888888889
0.78125
0.7718055555555555
0.744861111111111
0.7448611111111112
0.7418055555555556
0.7273611111111111
0.7383333333333333
0.7827777777777778
0.7283333333333334
0.7884722222222224
0.6995833333333333
0.6816666666666668
0.7399999999999999
0.6965277777777777
0.6802777777777778
0.8109722222222222
0.795138888888889
0.7652777777777778
0.7401388888888888
0.8379166666666666
0.6688888888888889
0.7351388888888888
0.7390277777777778
0.6813888888888888
0.8706944444444444
0.7638888888888888
0.8243055555555556
0.7922222222222222
0.8308333333333333
0.7386111111111111
0.8143055555555555
0.8334722222222223
0.7065277777777778
0.7415277777777778
0.7479166666666668
0.7780555555555555
0.8023611111111112
0.8031944444444444
0.7890277777777778
0.7397222222222222
0.7465277777777778
0.7715277777777779
0.7413888888888889
0.7515277777777778
0.7679166666666666
0.7906944444444444
0.8508333333333334
0.8136111111111111
0.81
0.7880555555555555
0.7094444444444444
0.7759722222222223
0.7952777777777778
0.81625
0.7575
0.7829166666666667
0.8
0.8379166666666666
0.7534722222222223
0.7823611111111113
0.8426388888888889
0.8080555555555555
0.7056944444444444
0.7833333333333333
0.7893055555555555
0.7952777777777778
0.7505555555555556
0.7459722222222223
0.7777777777777778
0.7456944444444443
0.8013888888888888
0.8190277777777778
0.7927777777777778
0.7691666666666667
0.7045833333333333
0.8083333333333333
0.82625
0.8225
0.765
0.7505555555555554
0.7630555555555556
0.8455555555555556
0.7220833333333333
0.7933333333333334
0.8583333333333333
0.8005555555555556
0.8381944444444445
0.8840277777777779
0.7979166666666667
0.7738888888888888
0.7690277777777778
0.8475
0.7511111111111111
0.7406944444444444
0.7975000000000001
0.8483333333333332
0.7031944444444446
0.7076388888888888
0.7622222222222222
0.706111111111111
0.7990277777777777
0.7344444444444445
0.7952777777777778
0.7579166666666667
0.778888888888889
0.8279166666666666
0.8243055555555555
0.809861111111111
0.7548611111111111
0.752638888888889
0.7877777777777777
0.79875
0.7731944444444444
0.7718055555555555
0.7877777777777778
0.7719444444444444
0.7384722222222221
0.7779166666666666
0.65125
0.8636111111111111
0.7148611111111111
0.762638888888889
0.7413888888888889
0.7916666666666666
0.7445833333333333
0.7493055555555556
0.7683333333333333
0.7730555555555556
0.6830555555555555
0.8144444444444445
0.8463888888888889
0.8105555555555557
0.8758333333333334
0.8220833333333334
0.7930555555555555
0.7477777777777779
0.7380555555555556
0.7752777777777777
0.8150000000000001
0.8902777777777777
0.7874999999999999
0.7227777777777777
0.7433333333333333
0.7430555555555556
0.8354166666666667
0.6855555555555556
0.8226388888888888
0.8504166666666667
0.7768055555555556
0.8473611111111111
0.7695833333333334
0.6504166666666668
0.7597222222222222
0.8347222222222223
0.77125
0.7770833333333333
0.6963888888888888
0.6295833333333334
0.7247222222222223
0.8
0.7627777777777778
0.8095833333333333
0.7502777777777778
0.7936111111111112
0.7076388888888889
0.8112499999999999
0.7941666666666667
0.8626388888888888
0.8052777777777778
0.8681944444444445
0.7995833333333333
0.7776388888888888
0.7331944444444445
0.7755555555555556
0.7693055555555556
0.7720833333333333
0.7909722222222222
0.7848611111111111
0.7479166666666667
0.837361111111111
0.8383333333333334
0.81375
0.7572222222222224
0.8106944444444445
0.81875
0.7922222222222223
0.8161111111111111
0.7762500000000001
0.7272222222222223
0.7400000000000001
0.7644444444444444
0.7091666666666667
0.7202777777777778
0.7669444444444444
0.6958333333333333
0.8744444444444446
0.7770833333333332
0.7766666666666667
0.8494444444444444
0.77
0.78125
0.7154166666666667
0.7945833333333333
0.7573611111111112
0.8070833333333334
0.856388888888889
0.7994444444444443
0.83875
0.8070833333333333
0.7795833333333334
0.6573611111111112
0.7673611111111112
0.7602777777777777
0.6955555555555555
0.6877777777777777
0.7847222222222222
0.7181944444444446
0.8320833333333333
0.7622222222222222
0.7934722222222224
0.8359722222222223
0.7354166666666667
0.7322222222222222
0.8365277777777778
0.8372222222222222
0.752361111111111
0.8297222222222222
0.8444444444444444
0.7522222222222222
0.6469444444444444
0.7208333333333334
0.7830555555555556
0.8569444444444445
0.7656944444444446
0.8065277777777778
0.8040277777777778
0.7343055555555555
0.6888888888888889
0.7908333333333333
0.7875
0.7488888888888889
0.7698611111111111
0.8426388888888889
0.7323611111111111
0.7908333333333333
0.7873611111111111
0.795138888888889
0.7522222222222222
0.7955555555555556
0.8790277777777779
0.8026388888888889
0.7679166666666666
0.8068055555555556
0.7756944444444445
0.7944444444444445
0.7130555555555557
0.8534722222222222
0.7815277777777778
0.7425
0.6983333333333335
0.7508333333333334
0.7573611111111112
0.7629166666666666
0.7393055555555557
0.7675
0.8004166666666667
0.778611111111111
0.8020833333333334
0.7733333333333332
0.7352777777777778
0.7870833333333334
0.6570833333333332
0.8027777777777777
0.7391666666666667
0.7391666666666666
0.7547222222222223
0.7977777777777777
0.6820833333333334
0.7915277777777778
0.7356944444444444
0.7463888888888889
0.7715277777777778
0.8286111111111112
0.6952777777777779
0.7095833333333333
0.7968055555555555
0.8204166666666667
0.8240277777777778
0.72875
0.6809722222222222
0.768888888888889
0.6602777777777779
0.70125
0.8513888888888889
0.79375
0.7655555555555555
0.7790277777777778
0.79
0.8119444444444444
0.6683333333333333
0.8041666666666666
0.7552777777777778
0.7709722222222224
0.77625
0.7884722222222222
0.8191666666666666
0.7647222222222222
0.7934722222222222
0.6815277777777777
0.6599999999999999
0.791111111111111
0.8911111111111112
0.7220833333333334
0.6263888888888889
0.8420833333333334
0.7697222222222222
0.7155555555555556
0.8294444444444444
0.7318055555555556
0.8068055555555557
0.7281944444444445
