0.41379310344827586
0.48148148148148145
0.38095238095238093
0.4444444444444444
0.5263157894736842
0.55
0.5
0.6666666666666666
0.41379310344827586
0.5416666666666666
0.5294117647058824
0.5882352941176471
0.625
0.4583333333333333
0.3333333333333333
0.47368421052631576
0.39285714285714285
0.4666666666666667
0.3548387096774194
0.48
0.45
0.5789473684210527
0.45454545454545453
0.4074074074074074
0.2692307692307692
0.47619047619047616
0.4230769230769231
0.4666666666666667
0.45
0.4642857142857143
0.48
0.4
0.391304347826087
0.5625
0.5882352941176471
0.5882352941176471
0.35714285714285715
0.4782608695652174
0.4074074074074074
0.36363636363636365
0.6111111111111112
0.5217391304347826
0.5714285714285714
0.37037037037037035
0.44
0.391304347826087
0.8125
0.4444444444444444
0.39285714285714285
0.55
0.4166666666666667
0.5
0.5263157894736842
0.4090909090909091
0.55
0.5238095238095238
0.3548387096774194
0.36363636363636365
0.56
0.5625
0.5217391304347826
0.5625
0.5217391304347826
0.5
0.48
0.3333333333333333
0.6
0.4166666666666667
0.3793103448275862
0.48484848484848486
0.52
0.4074074074074074
0.48148148148148145
0.43478260869565216
0.43478260869565216
0.5625
0.43333333333333335
0.5789473684210527
0.3076923076923077
0.45454545454545453
0.4482758620689655
0.3333333333333333
0.5
0.5
0.5238095238095238
0.4230769230769231
0.391304347826087
0.45
0.5
0.44
0.34782608695652173
0.44
0.4074074074074074
0.42857142857142855
0.4444444444444444
0.5
0.5882352941176471
0.5909090909090909
0.6470588235294118
0.34782608695652173
0.3076923076923077
0.4166666666666667
0.44
0.47058823529411764
0.375
0.6923076923076923
0.4782608695652174
0.4230769230769231
0.6666666666666666
0.45
0.4782608695652174
0.5357142857142857
0.40625
0.5833333333333334
0.6111111111111112
0.6190476190476191
0.6
0.40625
0.3333333333333333
0.4230769230769231
0.45
0.5625
0.6111111111111112
0.4444444444444444
0.5
0.625
0.5238095238095238
0.3333333333333333
0.3793103448275862
0.625
0.5
0.7857142857142857
0.38461538461538464
0.38235294117647056
0.5625
0.55
0.24242424242424243
0.36363636363636365
0.41379310344827586
0.3793103448275862
0.65
0.47368421052631576
0.35714285714285715
0.5789473684210527
0.5789473684210527
0.5
0.4782608695652174
0.40625
0.3157894736842105
0.5217391304347826
0.3225806451612903
0.6923076923076923
0.5
0.32
0.47619047619047616
0.47619047619047616
0.4375
0.46153846153846156
0.4482758620689655
0.3181818181818182
0.5263157894736842
0.4090909090909091
0.41379310344827586
0.5238095238095238
0.46153846153846156
0.34375
0.6666666666666666
0.4583333333333333
0.5769230769230769
0.4827586206896552
0.5263157894736842
0.5555555555555556
0.45
0.5
0.3333333333333333
0.4230769230769231
0.3793103448275862
0.45454545454545453
0.56
0.41379310344827586
0.44
0.6470588235294118
0.5
0.4
0.45
0.48
0.55
0.48148148148148145
0.5
0.7058823529411765
0.5
0.5
0.5357142857142857
0.55
0.5263157894736842
0.40625
0.5416666666666666
0.4074074074074074
0.5384615384615384
0.42857142857142855
0.44
0.47619047619047616
0.6190476190476191
0.55
0.36
0.5
0.5151515151515151
0.43478260869565216
0.5625
0.5294117647058824
0.3888888888888889
0.38235294117647056
0.5909090909090909
0.45
0.6111111111111112
0.5263157894736842
0.4782608695652174
0.46153846153846156
0.5416666666666666
0.3448275862068966
0.3333333333333333
0.5384615384615384
0.6842105263157895
0.5294117647058824
0.52
0.35
0.36
0.55
0.4166666666666667
0.5185185185185185
0.46153846153846156
0.5416666666666666
0.4827586206896552
0.56
0.4583333333333333
0.4666666666666667
0.42105263157894735
0.4074074074074074
0.46153846153846156
0.5
0.3
0.56
0.45454545454545453
0.375
0.3125
0.43478260869565216
0.42424242424242425
0.5
0.5
0.2857142857142857
0.3939393939393939
0.47368421052631576
0.5416666666666666
0.5238095238095238
0.5263157894736842
0.5454545454545454
0.36666666666666664
0.45
0.6
0.42424242424242425
0.3793103448275862
0.35
0.5882352941176471
0.35714285714285715
0.4827586206896552
0.5909090909090909
0.4090909090909091
0.41379310344827586
0.5357142857142857
0.4782608695652174
0.4
0.45454545454545453
0.35714285714285715
0.6
0.5555555555555556
0.47058823529411764
0.38095238095238093
0.37142857142857144
0.5217391304347826
0.4166666666666667
0.4230769230769231
0.5217391304347826
0.35294117647058826
0.5454545454545454
0.25
0.5
0.3333333333333333
0.4074074074074074
0.5
0.6
0.7333333333333333
0.35714285714285715
0.29411764705882354
0.3
0.5
0.3333333333333333
0.5789473684210527
0.4444444444444444
0.5172413793103449
0.4782608695652174
0.4583333333333333
0.34615384615384615
0.42105263157894735
0.52
0.45
0.52
0.5294117647058824
0.4090909090909091
0.48148148148148145
0.6
0.5333333333333333
0.42857142857142855
0.5
0.3333333333333333
0.3125
0.6
0.3333333333333333
0.4074074074074074
0.5909090909090909
0.625
0.4444444444444444
0.5909090909090909
0.3076923076923077
0.43478260869565216
0.4
0.7647058823529411
0.45
0.625
0.391304347826087
0.5
0.44
0.4
0.46153846153846156
0.5714285714285714
0.625
0.5
0.44
0.39285714285714285
0.5
0.4782608695652174
0.38461538461538464
0.6428571428571429
0.46875
0.4827586206896552
0.4166666666666667
0.375
0.5909090909090909
0.4090909090909091
0.6190476190476191
0.43478260869565216
0.3448275862068966
0.5555555555555556
0.5555555555555556
0.36
0.48
0.47058823529411764
0.4666666666666667
0.45
0.4444444444444444
0.42857142857142855
0.52
0.44
0.4
0.36363636363636365
0.4090909090909091
0.4
0.42857142857142855
0.4642857142857143
0.5
0.42424242424242425
0.37142857142857144
0.5882352941176471
0.4444444444444444
0.4230769230769231
0.43478260869565216
0.3548387096774194
0.375
0.42857142857142855
0.4
0.5
0.391304347826087
0.6521739130434783
0.5
0.4230769230769231
0.4074074074074074
0.5294117647058824
0.5
0.38095238095238093
0.5
0.4782608695652174
0.35714285714285715
0.5454545454545454
0.6086956521739131
0.52
0.36
0.48148148148148145
0.3684210526315789
0.3684210526315789
0.5882352941176471
0.36
0.44
0.5
0.3888888888888889
0.4166666666666667
0.47619047619047616
0.44
0.5555555555555556
0.5357142857142857
0.4
0.5714285714285714
0.38095238095238093
0.45
0.4
0.5555555555555556
0.5384615384615384
0.4230769230769231
0.41935483870967744
0.5
0.325
0.36363636363636365
0.5238095238095238
0.3793103448275862
0.42857142857142855
0.6111111111111112
0.4444444444444444
0.3870967741935484
0.3793103448275862
0.4
0.4074074074074074
0.6
0.3548387096774194
0.3448275862068966
0.4642857142857143
0.47619047619047616
0.4230769230769231
0.43333333333333335
0.45454545454545453
0.3793103448275862
0.5
0.5
0.55
0.6470588235294118
0.4782608695652174
0.55
0.4230769230769231
0.5882352941176471
0.48
0.3333333333333333
0.6
0.6428571428571429
0.4583333333333333
0.391304347826087
0.5185185185185185
0.5238095238095238
0.3888888888888889
0.35294117647058826
0.42424242424242425
0.4230769230769231
0.375
0.5238095238095238
0.5714285714285714
0.47368421052631576
0.42857142857142855
0.5
0.6470588235294118
0.5789473684210527
0.38461538461538464
0.47058823529411764
0.5238095238095238
0.44
0.3793103448275862
0.5238095238095238
0.391304347826087
0.42857142857142855
0.43333333333333335
0.36363636363636365
0.375
0.4
0.41935483870967744
0.38095238095238093
0.44
0.4583333333333333
0.46153846153846156
0.5294117647058824
0.36666666666666664
0.45161290322580644
0.4642857142857143
0.43478260869565216
0.5
0.4
0.45
0.44
0.5833333333333334
0.5
0.34782608695652173
0.38461538461538464
0.6666666666666666
0.4583333333333333
0.3225806451612903
0.36666666666666664
