0.6021686429512516
0.38653565791496597
0.43915081545545653
0.5306692568717652
0.4826470509693475
0.6054627859247552
0.4450086687773255
0.3279264069264069
0.4617173926100654
0.4938685755635266
0.3515543942210609
0.4754363790609214
0.5135662077594716
0.48710777107267056
0.4664472555905378
0.38862176447052166
0.5925078115235596
0.45509225278200605
0.5428849530915825
0.34140098463627877
0.49326719136242947
0.39625530418772437
0.424294273767958
0.35616774646833405
0.35921015347669744
0.43596732045182957
0.6316870384517443
0.3214271276310274
0.5298910233539269
0.5119364413080029
0.49736315354689076
0.35349847797216216
0.5336129117115489
0.40845018256246857
0.3635268646422257
0.4944366419962407
0.44755541346973576
0.41914742664742666
0.33171707759427055
0.4443513044853406
0.5231665555110933
0.47044068972426534
0.44079150564133873
0.4061325341325341
0.42310611533236503
0.4997358332788624
0.46393962614015816
0.3447620188031147
0.35546724402761554
0.5161760949590564
0.5090431273803805
0.504061357019461
0.44605732609910553
0.5041391310096642
0.4829774713061271
0.3763106406354467
0.5697112901112422
0.45697068726480494
0.2984508547008547
0.45576344214444486
0.4394158055318937
0.37392531452633754
0.4450670504735216
0.42968036363810436
0.3795917194457804
0.49015215916159316
0.4029283973083342
0.4369474716947511
0.4265419117163508
0.401452617760899
0.48698186686138495
0.5282394718298333
0.5644225925184931
0.4711588139273205
0.6405912494409948
0.5507440472553676
0.33898362354330996
0.49993630608892714
0.45954557519774913
0.45847611229867585
0.5163020699423087
0.40607649809846846
0.5644925291071335
0.321311056922601
0.5153686761213764
0.4913987470467427
0.421414205998605
0.5410288112529112
0.4221844290379799
0.3868176389102401
0.4764398540920254
0.437497042937951
0.46004390890542757
0.48501807228915667
0.457783167467529
0.44265849946270747
0.31148696848211066
0.5109897598973889
0.5001814715060127
0.48652862111227974
0.3941684790488618
0.40664228748528397
0.3454692783228453
0.4714668664668665
0.4739385615783781
0.42067634900155815
0.4222285108243362
0.42290825101970614
0.5074799746441537
0.4457535687180306
0.3182465857395143
0.5442784203136527
0.5921332981514253
0.5453635855140406
0.5080158383197766
0.515857685179335
0.3532298917911046
0.46895488307301975
0.312686362097503
0.5024954201377677
0.4447874347874348
0.5489912883898008
0.4801231328878976
0.31337625189267
0.5826741369142131
0.4039202904098341
0.6937931549020135
0.43822890825367605
0.44341774800418277
0.49829001155247493
0.4835176789347805
0.363171585294228
0.39077497301969
0.3444694039501479
0.481284475328593
0.4756296726237002
0.5260087295702638
0.48077574131485856
0.5269399962105837
0.3165907936719899
0.4877152009265761
0.6241557134556877
0.47877532935849365
0.45396829131570915
0.376240219295041
0.4515455911738322
0.44321854004905625
0.599240098125547
0.3015681017854931
0.4259754804290002
0.5325436488387678
0.5723842997280497
0.6017153344289127
0.5658780207228515
0.4185140581987078
0.42260995705137805
0.2967430845329806
0.3337977083234121
0.6225792947166993
0.3639222844743527
0.314113278462254
0.40492140172856245
0.5625809587776839
0.41029784497282085
0.3269124542510995
0.5450201814674202
0.466063347451235
0.5514870738000057
0.4400263816179316
0.3695324025173137
0.374088713219148
0.633985660215984
0.41388931330107803
0.42854072314070385
0.588443113986826
0.5241353014140195
0.38655432417991337
0.5970666815410457
0.5107692761315052
0.6586334422351472
0.4798043593833068
0.3661665484979382
0.597975941630833
0.37535846544618473
0.4655352816877974
0.4350573557722273
0.3978901965057572
0.4990321583178726
0.5072622437559324
0.35124717009020623
0.518424800424144
0.4811764960153356
0.5064402155832057
0.4714775282712316
0.36834818096158795
0.48668871816759146
0.4658084400189663
0.41192112473030457
0.35457104296177844
0.4171028671303635
0.3269767007541235
0.6628712802655252
0.34083114929599867
0.5718478938942412
0.6132490118577074
0.5649522612242316
0.3416820658012618
0.48499683434958524
0.5801424961739923
0.37652243594288054
0.3993621831555963
0.3185603130578066
0.3459506958412131
0.47945273725022336
0.347454786262331
0.5023811047704512
0.37619746110967056
0.5216964836270159
0.5264379881426619
0.337273982286831
0.3948593473569715
0.2879057136124297
0.32545363666555244
0.3811011370666716
0.34362927996659265
0.43225230923910063
0.4922475779766583
0.4571522444103089
0.40390867302632005
0.5772478472495963
0.4011095921622237
0.4859232896009561
0.5256545893719806
0.4978471728936125
0.49909016272034934
0.4604634854116258
0.5154580049845473
0.6139637519985232
0.4694760083314694
0.4338931037568884
0.5177618347408722
0.39143826219775585
0.4494802798602405
0.5528151260504202
0.3680152305875897
0.4090241946097316
0.4218924632802941
0.3816185991193336
0.4258969467942662
0.4192906534594514
0.5005266646294413
0.583222173397987
0.4521445918148046
0.3781275797017383
0.4681963697530364
0.43725206344428647
0.49493427376406096
0.45251361705448667
0.4006611618723004
0.6158289090872858
0.5556452368934408
0.4773420245483841
0.39181111929110596
0.4131327646316727
0.4606730504813941
0.34322749063420455
0.4141484828984829
0.436000133558367
0.6940131366514345
0.39084625989021704
0.42659475417293213
0.43031204666424006
0.5242710609659916
0.5043064170971148
0.5304099801077263
0.43024147627011144
0.5828599832948032
0.5440725266517799
0.46075589819391016
0.4870799972973886
0.49130197486301014
0.3401644589881622
0.4561912026442919
0.5644202409096026
0.42707331940090554
0.45613531111079236
0.45790347966092504
0.3014966704306032
0.526499834333809
0.5913103591492338
0.5823915531064755
0.49061758788022247
0.4175158035633581
0.4696966332407347
0.35959499402218587
0.5596995099028037
0.497923023437875
0.5175279482107685
0.3640331163544256
0.5033974358974359
0.4655641905885161
0.5835964206235311
0.536688565616903
0.3824231216987703
0.5515472377748593
0.5449397724383422
0.5558161297943196
0.4421053625041941
0.4543116636341587
0.4907300840166009
0.44762258483785
0.5566363328665487
0.5259173132655229
0.2848561941895275
0.5898312941354179
0.372664514850013
0.41957504126234774
0.4327169811320754
0.5446674521131043
0.2673707856600949
0.47073314356876
0.39834292408521194
0.4071838718732797
0.3630813023291314
0.5331029768322784
0.49284893267651886
0.5227925903213433
0.44402286458684276
0.3164507004841762
0.4365066935416674
0.45640869795884376
0.4098301667093543
0.3542870045607272
0.5510184030703733
0.4257866845797881
0.39157990349853133
0.3492947225356271
0.4436850088677338
0.4666569708183421
0.4968547373024985
0.44678433466465917
0.5770483117631324
0.5432576341786868
0.4048806230899312
0.3803331446209803
0.47708451198285573
0.42806565330166785
0.44063702476295685
0.45022372752236384
0.3972783187914876
0.41440530359324296
0.496432436366927
0.5705166412994651
0.5566582445762013
0.4915949164457377
0.453334725378521
0.42844287787564583
0.3775818957162241
0.36599923159561376
0.5122479383591645
0.4692324769153021
0.4971270434284133
0.46699082574817463
0.2956855720906724
0.5719535482669812
0.4006743146655427
0.5677932477932479
0.5394172878283048
0.36069674635500415
0.4341607894264251
0.5735565167337481
0.3501693490611142
0.47281678285199413
0.3818957497608231
0.47759495811467206
0.523220340046427
0.4750481134080078
0.41373710378038575
0.4305193911410802
0.39893887540573997
0.449284835426399
0.47954356704513856
0.6052724355408536
0.36645273920756266
0.2691714300775013
0.5190581277928852
0.3920091909417604
0.32238079115989005
0.33195585421557966
0.4210774756117507
0.4356772901980598
0.48084216092107057
0.4552418115877261
0.3416312960525817
0.4716237393668111
0.42449193569326127
0.5513352007469654
0.3204152802034501
0.4675135502872729
0.5041272251708784
0.4621866987531949
0.43074208654300183
0.4289798670311781
0.42432661359221946
0.6212975409821335
0.40334955573709336
0.6445924560387332
0.6102076370202225
0.3997832179743268
0.2902324968490133
0.39906317337930397
0.4026557303635241
0.49028798095889464
0.42087012499381643
0.5225335248023261
0.3827393536828815
0.48198853313653556
0.3812184795880448
0.301582839841845
0.343858996203629
0.53717672461613
0.4612374541790488
0.611546524576017
0.531899833205143
0.5610052619627794
0.5167307513810321
0.4857520377457154
0.5415458278592608
0.43774333156686096
0.5469357920908893
0.4433507808200765
0.5286877141082218
0.49246304340545377
0.42357592356279106
0.519219834958569
0.33130021880459876
0.5402222313656853
0.33608400089754054
0.3725238750034243
0.5719348412807055
0.42804565260447613
0.41502525711745575
0.3634954741552202
0.5273970379172194
0.3537152816977378
0.4686291982944048
0.37816422593674576
0.4917703210822476
0.48880814949034546
0.513894123207413
0.5304672984020811
0.46980444316772946
0.46931854852853483
0.46674164815612945
0.5542548519019108
0.5750701991802561
0.5495006408360446
0.5451736694677872
0.4409399360713195
0.4814355877260595
0.4523059706031842
0.47129104208395256
0.43472199675324674
0.545300730673758
0.5587037037037037
0.30929915309460526
0.41850587669354755
0.32673804809615425
0.47492443189644207
0.4338227478286717
0.32277441077441077
0.5916532974064035
0.5204036085601611
0.32552777675157585
0.4657334591815945
0.5672376505659259
0.5028122183392754
0.5651535450634123
0.36509104645454193
0.3438716539747233
0.6122736073518072
0.6378162578162578
0.5079111532982159
0.5012136305265089
0.34574070333261514
0.5551831084677104
0.5294052706552708
0.521007723127344
0.3977443798032033
0.6081488570114619
0.5023986191736572
0.4218361760925256
0.5277999568009526
0.4603089361157775
0.45868831151563605
0.41602619993304574
0.5409619701286368
0.45468812474822706
0.4336704536504711
0.5439950392233734
