0.18750000000000003
0.03636363636363636
0.24615384615384614
0.17857142857142855
0.12903225806451615
0.1851851851851852
0.2711864406779661
0.17241379310344826
0.16393442622950818
0.26666666666666666
0.16949152542372883
0.22641509433962265
0.3225806451612903
0.2545454545454545
0.23333333333333334
0.14035087719298248
0.17543859649122806
0.14035087719298248
0.22580645161290322
0.2580645161290323
0.2456140350877193
0.2909090909090909
0.17241379310344826
0.23728813559322037
0.2545454545454545
0.1791044776119403
0.20689655172413796
0.21428571428571427
0.14285714285714288
0.18461538461538463
0.30769230769230765
0.17857142857142855
0.14814814814814814
0.2153846153846154
0.22950819672131148
0.20338983050847456
0.20289855072463772
0.06779661016949153
0.2424242424242424
0.23728813559322037
0.07272727272727272
0.2413793103448276
0.15384615384615383
0.125
0.11320754716981132
0.13114754098360656
0.03846153846153846
0.19672131147540983
0.1818181818181818
0.2191780821917808
0.3125
0.3103448275862069
0.28125
0.17241379310344826
0.16949152542372883
0.253968253968254
0.16666666666666666
0.19672131147540983
0.21428571428571427
0.19672131147540983
0.25
0.20689655172413796
0.1379310344827586
0.23728813559322037
0.21428571428571427
0.20289855072463772
0.3157894736842105
0.10714285714285714
0.30188679245283023
0.061538461538461535
0.26229508196721313
0.1818181818181818
0.20689655172413796
0.1515151515151515
0.16666666666666666
0.14545454545454545
0.1851851851851852
0.2413793103448276
0.32786885245901637
0.10526315789473685
0.19672131147540983
0.2105263157894737
0.21874999999999997
0.21428571428571427
0.2
0.04
0.35294117647058826
0.25
0.32142857142857145
0.18461538461538463
0.28571428571428564
0.2
0.07017543859649124
0.23880597014925373
0.15873015873015872
0.13333333333333333
0.21874999999999997
0.14035087719298248
0.19672131147540983
0.17142857142857143
0.06451612903225808
0.11111111111111112
0.18750000000000003
0.03773584905660378
0.16129032258064516
0.20338983050847456
0.22950819672131148
0.26666666666666666
0.19607843137254902
0.24489795918367346
0.2769230769230769
0.30769230769230765
0.16949152542372883
0.16949152542372883
0.1568627450980392
0.1851851851851852
0.18461538461538463
0.07692307692307691
0.1904761904761905
0.23333333333333334
0.10169491525423728
0.15873015873015872
0.3103448275862069
0.2545454545454545
0.1851851851851852
0.21212121212121213
0.1971830985915493
0.23529411764705882
0.2105263157894737
0.07692307692307691
0.303030303030303
0.20338983050847456
0.10714285714285714
0.0816326530612245
0.32786885245901637
0.2181818181818182
0.2456140350877193
0.12307692307692307
0.21874999999999997
0.31746031746031744
0.18867924528301885
0.21212121212121213
0.1904761904761905
0.17241379310344826
0.1923076923076923
0.3548387096774193
0.23529411764705882
0.2580645161290323
0.28
0.19354838709677422
0.1791044776119403
0.06779661016949153
0.08955223880597014
0.2181818181818182
0.11538461538461538
0.10714285714285714
0.13333333333333333
0.22950819672131148
0.22222222222222224
0.1212121212121212
0.21428571428571427
0.1818181818181818
0.26229508196721313
0.126984126984127
0.2318840579710145
0.16666666666666666
0.2608695652173913
0.16666666666666666
0.13333333333333333
0.1851851851851852
0.08450704225352113
0.2
0.2647058823529412
0.25
0.30769230769230765
0.16949152542372883
0.19672131147540983
0.13333333333333333
0.3508771929824561
0.22580645161290322
0.11940298507462686
0.208955223880597
0.2105263157894737
0.253968253968254
0.11111111111111112
0.19672131147540983
0.253968253968254
0.10169491525423728
0.03389830508474576
0.14545454545454545
0.23880597014925373
0.16129032258064516
0.15384615384615383
0.23076923076923075
0.14035087719298248
0.17543859649122806
0.03846153846153846
0.17857142857142855
0.0
0.17142857142857143
0.16129032258064516
0.1568627450980392
0.13114754098360656
0.253968253968254
0.21428571428571427
0.1923076923076923
0.20689655172413796
0.1379310344827586
0.0689655172413793
0.20689655172413796
0.15873015873015872
0.06779661016949153
0.21874999999999997
0.23728813559322037
0.28571428571428564
0.16949152542372883
0.11538461538461538
0.1851851851851852
0.10169491525423728
0.24615384615384614
0.22222222222222224
0.3103448275862069
0.303030303030303
0.29032258064516125
0.1904761904761905
0.20689655172413796
0.163265306122449
0.21874999999999997
0.09836065573770492
0.20338983050847456
0.28125
0.3103448275862069
0.3333333333333333
0.14545454545454545
0.1904761904761905
0.20689655172413796
0.22580645161290322
0.25
0.29411764705882354
0.18461538461538463
0.13333333333333333
0.12765957446808512
0.23728813559322037
0.24615384615384614
0.30188679245283023
0.35294117647058826
0.17241379310344826
0.19354838709677422
0.1923076923076923
0.16949152542372883
0.3225806451612903
0.2285714285714286
0.126984126984127
0.22950819672131148
0.14084507042253522
0.2962962962962963
0.16666666666666666
0.21428571428571427
0.22222222222222224
0.1212121212121212
0.1818181818181818
0.18750000000000003
0.17857142857142855
0.07272727272727272
0.20588235294117646
0.26865671641791045
0.2424242424242424
0.15094339622641512
0.19672131147540983
0.23333333333333334
0.06779661016949153
0.20338983050847456
0.15094339622641512
0.18461538461538463
0.20338983050847456
0.23529411764705882
0.3636363636363636
0.16666666666666666
0.24324324324324326
0.2413793103448276
0.15625
0.16393442622950818
0.26229508196721313
0.05970149253731343
0.1379310344827586
0.23076923076923075
0.07547169811320756
0.22222222222222224
0.1818181818181818
0.19672131147540983
0.14545454545454545
0.09230769230769231
0.22950819672131148
0.22580645161290322
0.19354838709677422
0.29508196721311475
0.14035087719298248
0.22950819672131148
0.12
0.1818181818181818
0.2727272727272727
0.19672131147540983
0.2647058823529412
0.29032258064516125
0.208955223880597
0.34375
0.16393442622950818
0.253968253968254
0.13559322033898305
0.1904761904761905
0.18750000000000003
0.2758620689655172
0.26666666666666666
0.16
0.20689655172413796
0.19672131147540983
0.19672131147540983
0.2222222222222222
0.16393442622950818
0.15094339622641512
0.1923076923076923
0.1904761904761905
0.16666666666666666
0.3846153846153846
0.20000000000000004
0.1791044776119403
0.21428571428571427
0.17241379310344826
0.22641509433962265
0.3333333333333333
0.26229508196721313
0.19354838709677422
0.14814814814814814
0.18750000000000003
0.126984126984127
0.0689655172413793
0.23529411764705882
0.13333333333333333
0.09677419354838711
0.14035087719298248
0.13333333333333333
0.10169491525423728
0.2456140350877193
0.303030303030303
0.13333333333333333
0.25
0.22222222222222224
0.22641509433962265
0.2222222222222222
0.17543859649122806
0.33898305084745767
0.19354838709677422
0.22222222222222224
0.16129032258064516
0.18461538461538463
0.18750000000000003
0.20689655172413796
0.13559322033898305
0.26415094339622636
0.16393442622950818
0.3103448275862069
0.2580645161290323
0.15384615384615383
0.2580645161290323
0.17241379310344826
0.10000000000000002
0.14925373134328357
0.15873015873015872
0.13333333333333333
0.20689655172413796
0.19672131147540983
0.2153846153846154
0.19672131147540983
0.17391304347826086
0.17241379310344826
0.303030303030303
0.16393442622950818
0.26229508196721313
0.0909090909090909
0.13333333333333333
0.20289855072463772
0.2909090909090909
0.14925373134328357
0.3
0.1891891891891892
0.19672131147540983
0.2769230769230769
0.21874999999999997
0.10000000000000002
0.11320754716981132
0.2105263157894737
0.20000000000000004
0.17857142857142855
0.28125
0.2711864406779661
0.28070175438596495
0.19354838709677422
0.2424242424242424
0.2153846153846154
0.33962264150943394
0.09523809523809525
0.16
0.2727272727272727
0.2
0.32786885245901637
0.17241379310344826
0.2456140350877193
0.21874999999999997
0.16393442622950818
0.17142857142857143
0.07017543859649124
0.1818181818181818
0.2456140350877193
0.28571428571428575
0.13559322033898305
0.23728813559322037
0.1379310344827586
0.23529411764705882
0.09677419354838711
0.2909090909090909
0.15384615384615383
0.15384615384615383
0.28571428571428564
0.1090909090909091
0.13333333333333333
0.28125
0.1851851851851852
0.2105263157894737
0.22222222222222224
0.17543859649122806
0.22580645161290322
0.2692307692307693
0.14285714285714288
0.23728813559322037
0.18750000000000003
0.3636363636363636
0.2647058823529412
0.2181818181818182
0.17647058823529413
0.13559322033898305
0.22950819672131148
0.21874999999999997
0.208955223880597
0.10169491525423728
0.17241379310344826
0.20689655172413796
0.20338983050847456
0.16129032258064516
0.20000000000000004
0.14492753623188406
0.18867924528301885
0.2711864406779661
0.19354838709677422
0.15625
0.16949152542372883
0.3
0.16666666666666666
0.303030303030303
0.06779661016949153
0.2580645161290323
0.10169491525423728
0.17241379310344826
0.19607843137254902
0.20338983050847456
0.29411764705882354
0.2
0.14545454545454545
0.22580645161290322
0.2413793103448276
0.10000000000000002
0.2424242424242424
0.3103448275862069
0.13114754098360656
0.17543859649122806
0.2153846153846154
0.1791044776119403
0.07017543859649124
0.23333333333333334
0.253968253968254
0.17241379310344826
0.1851851851851852
0.22222222222222224
0.2545454545454545
0.2769230769230769
0.29411764705882354
0.1090909090909091
0.1818181818181818
0.12244897959183673
0.22580645161290322
0.15094339622641512
0.15625
0.30985915492957744
0.15384615384615383
0.3225806451612903
0.2424242424242424
0.19672131147540983
0.19354838709677422
0.12903225806451615
0.18867924528301885
0.28571428571428564
