0.6786111111111112
0.7111111111111111
0.6713888888888888
0.7008333333333333
0.755
0.6758333333333333
0.6577777777777777
0.6647222222222222
0.7279166666666667
0.7405555555555556
0.7422222222222222
0.7086111111111111
0.727638888888889
0.7508333333333332
0.6001388888888889
0.7441666666666666
0.6616666666666666
0.6997222222222222
0.7688888888888888
0.7286111111111111
0.6916666666666668
0.7180555555555556
0.6473611111111112
0.6505555555555556
0.6516666666666666
0.7180555555555556
0.7345833333333335
0.6884722222222222
0.6306944444444444
0.7122222222222223
0.7086111111111111
0.7101388888888889
0.6906944444444445
0.6359722222222223
0.675
0.6615277777777778
0.7597222222222222
0.735
0.7022222222222222
0.675138888888889
0.6597222222222222
0.6361111111111112
0.7004166666666667
0.6779166666666667
0.7097222222222221
0.6816666666666666
0.7380555555555556
0.6140277777777777
0.7537500000000001
0.7181944444444444
0.7466666666666666
0.6684722222222222
0.6541666666666667
0.7556944444444444
0.720138888888889
0.7061111111111111
0.6702777777777778
0.6969444444444444
0.6930555555555555
0.7183333333333333
0.7322222222222223
0.7020833333333333
0.7743055555555555
0.7025000000000001
0.6723611111111111
0.7338888888888888
0.7552777777777778
0.6894444444444444
0.7844444444444445
0.7405555555555556
0.6563888888888889
0.6830555555555556
0.6863888888888889
0.6883333333333332
0.6486111111111111
0.6270833333333333
0.7322222222222222
0.7281944444444445
0.6591666666666667
0.7172222222222222
0.7055555555555556
0.7294444444444445
0.7486111111111111
0.7965277777777778
0.7651388888888889
0.6761111111111111
0.7306944444444445
0.7608333333333334
0.7102777777777778
0.6911111111111111
0.7016666666666667
0.6866666666666668
0.6694444444444445
0.7340277777777778
0.7261111111111112
0.7561111111111112
0.7681944444444445
0.6761111111111111
0.7258333333333333
0.6956944444444445
0.7477777777777778
0.6959722222222223
0.6790277777777778
0.6666666666666667
0.6691666666666666
0.7147222222222223
0.7622222222222222
0.6480555555555556
0.6952777777777778
0.6602777777777777
0.6969444444444445
0.7055555555555556
0.7323611111111111
0.7247222222222222
0.7019444444444444
0.66625
0.7272222222222222
0.7556944444444443
0.7266666666666666
0.7277777777777777
0.7056944444444445
0.67625
0.7262500000000001
0.7273611111111111
0.7690277777777779
0.7158333333333333
0.7311111111111112
0.6708333333333333
0.7495833333333333
0.7127777777777777
0.7329166666666667
0.7061111111111111
0.6979166666666669
0.6420833333333333
0.7030555555555555
0.7802777777777777
0.6688888888888889
0.7370833333333334
0.6758333333333334
0.7063888888888888
0.64
0.6975
0.7356944444444444
0.7170833333333333
0.7058333333333333
0.7294444444444445
0.7755555555555556
0.7240277777777778
0.7075
0.6918055555555556
0.7191666666666667
0.7005555555555556
0.6652777777777779
0.6873611111111111
0.7472222222222222
0.7227777777777779
0.7106944444444444
0.7272222222222222
0.6811111111111111
0.7102777777777778
0.6748611111111111
0.6827777777777778
0.6884722222222223
0.7141666666666667
0.7491666666666665
0.6537499999999999
0.6847222222222222
0.7097222222222223
0.6916666666666667
0.6591666666666667
0.6958333333333333
0.6911111111111111
0.6747222222222222
0.7247222222222222
0.6475
0.6894444444444444
0.7147222222222223
0.689861111111111
0.7608333333333334
0.6823611111111111
0.6925
0.7490277777777777
0.7315277777777778
0.7222222222222222
0.6983333333333334
0.7102777777777778
0.7297222222222223
0.7155555555555555
0.6777777777777778
0.7677777777777778
0.7163888888888889
0.7391666666666666
0.7598611111111111
0.6744444444444444
0.6816666666666666
0.7047222222222222
0.6380555555555556
0.7061111111111111
0.7129166666666666
0.7416666666666667
0.7794444444444445
0.6730555555555555
0.8005555555555556
0.7319444444444445
0.7083333333333334
0.6775
0.7058333333333333
0.7016666666666667
0.700138888888889
0.7055555555555555
0.7419444444444444
0.6619444444444444
0.663611111111111
0.6752777777777778
0.675
0.7194444444444446
0.7036111111111111
0.6772222222222222
0.6913888888888888
0.716111111111111
0.6544444444444444
0.7340277777777777
0.7002777777777779
0.767638888888889
0.7023611111111111
0.6952777777777779
0.7477777777777779
0.7608333333333334
0.7518055555555555
0.7497222222222223
0.6972222222222222
0.7301388888888889
0.7345833333333334
0.7066666666666668
0.7411111111111112
0.7344444444444445
0.7115277777777778
0.6923611111111111
0.6456944444444445
0.6705555555555556
0.6977777777777778
0.6941666666666667
0.6819444444444445
0.7591666666666667
0.6455555555555555
0.66
0.7675
0.7295833333333334
0.6594444444444445
0.648611111111111
0.70125
0.7536111111111112
0.7548611111111111
0.6627777777777777
0.7266666666666667
0.7608333333333334
0.6448611111111111
0.7418055555555556
0.7333333333333334
0.6788888888888888
0.7244444444444444
0.7268055555555556
0.7627777777777779
0.7049999999999998
0.7402777777777778
0.7288888888888889
0.7141666666666666
0.77875
0.77
0.7161111111111111
0.7513888888888889
0.6898611111111111
0.6483333333333333
0.7038888888888889
0.6627777777777777
0.6438888888888888
0.643888888888889
0.7031944444444445
0.6641666666666667
0.7172222222222222
0.6616666666666666
0.7195833333333334
0.7297222222222223
0.7401388888888889
0.6663888888888889
0.7211111111111111
0.7086111111111112
0.7347222222222223
0.7195833333333332
0.6683333333333333
0.6230555555555556
0.7344444444444445
0.6312500000000001
0.7022222222222223
0.6727777777777778
0.6859722222222223
0.6766666666666667
0.6443055555555556
0.7090277777777778
0.7166666666666668
0.6824999999999999
0.6140277777777778
0.6759722222222222
0.6961111111111111
0.7243055555555555
0.7205555555555555
0.66625
0.6622222222222223
0.7413888888888889
0.7491666666666668
0.7166666666666668
0.6602777777777777
0.6898611111111111
0.7316666666666668
0.7283333333333334
0.7122222222222222
0.6697222222222222
0.7186111111111111
0.7219444444444444
0.6545833333333334
0.7169444444444445
0.7288888888888889
0.6866666666666666
0.7020833333333334
0.7080555555555555
0.7386111111111111
0.7094444444444445
0.6722222222222222
0.7252777777777777
0.6386111111111111
0.7029166666666666
0.7155555555555556
0.6950000000000001
0.7369444444444444
0.7531944444444444
0.6765277777777777
0.7022222222222222
0.731388888888889
0.6745833333333332
0.7001388888888889
0.7127777777777778
0.7250000000000001
0.7163888888888889
0.6919444444444445
0.6588888888888889
0.6797222222222222
0.6711111111111112
0.6411111111111111
0.7119444444444444
0.6480555555555555
0.7240277777777778
0.7238888888888889
0.7019444444444444
0.6584722222222222
0.7204166666666666
0.6575000000000001
0.6601388888888889
0.6963888888888888
0.7444444444444445
0.7126388888888889
0.7226388888888888
0.7455555555555555
0.6981944444444446
0.6984722222222222
0.6683333333333332
0.7070833333333334
0.7675000000000001
0.6398611111111112
0.6761111111111112
0.6806944444444445
0.6783333333333333
0.6600000000000001
0.696388888888889
0.65
0.6808333333333333
0.6480555555555556
0.7222222222222222
0.605
0.7055555555555555
0.6872222222222223
0.65875
0.7388888888888889
0.7790277777777778
0.7380555555555557
0.7005555555555556
0.6980555555555555
0.7630555555555555
0.6627777777777778
0.6105555555555556
0.7066666666666667
0.6355555555555557
0.72375
0.7116666666666668
0.726388888888889
0.7702777777777778
0.7672222222222224
0.695
0.7452777777777777
0.7444444444444445
0.6833333333333333
0.7108333333333333
0.7555555555555556
0.6980555555555555
0.6943055555555555
0.7220833333333334
0.7786111111111113
0.7281944444444446
0.7130555555555556
0.6822222222222223
0.7518055555555556
0.67375
0.7152777777777778
0.7275
0.731388888888889
0.7208333333333332
0.6773611111111111
0.6809722222222223
0.7313888888888889
0.6975
0.6280555555555555
0.6615277777777778
0.6633333333333333
0.6749999999999999
0.7069444444444445
0.7033333333333334
0.6559722222222222
0.7355555555555555
0.6745833333333333
0.7150000000000001
0.7155555555555555
0.6888888888888889
0.7266666666666667
0.6733333333333335
0.7630555555555556
0.8116666666666668
0.7119444444444445
0.7216666666666666
0.70125
0.6813888888888889
0.6547222222222222
0.6906944444444444
0.7577777777777778
0.6790277777777778
0.7522222222222221
0.6983333333333333
0.7111111111111111
0.7288888888888889
0.7455555555555555
0.7197222222222222
0.7341666666666666
0.6938888888888889
0.6729166666666667
0.7309722222222221
0.7440277777777778
0.7047222222222222
0.7041666666666667
0.6819444444444445
0.65
0.6505555555555556
0.6847222222222222
0.7209722222222222
0.6995833333333333
0.6993055555555556
0.7448611111111112
0.7344444444444445
0.6983333333333333
0.7129166666666666
0.6838888888888889
0.6818055555555556
0.6354166666666666
0.6705555555555555
0.7430555555555556
0.6977777777777778
0.6619444444444443
0.6790277777777778
0.7304166666666667
0.6869444444444445
0.8002777777777778
0.7080555555555555
0.70625
0.7245833333333332
0.6819444444444445
0.6852777777777779
0.6866666666666666
0.7291666666666666
0.7313888888888889
0.6970833333333333
0.6688888888888889
0.7025
0.6956944444444444
0.6747222222222222
0.7036111111111112
0.6997222222222222
0.7129166666666666
0.70125
0.7354166666666667
0.7019444444444445
0.6208333333333333
0.6916666666666667
0.6677777777777777
