0.47058823529411764
0.4383561643835616
0.44067796610169496
0.3835616438356165
0.4533333333333333
0.4358974358974359
0.47619047619047616
0.4444444444444444
0.40540540540540543
0.41558441558441556
0.37499999999999994
0.4477611940298507
0.36585365853658536
0.4571428571428572
0.4571428571428572
0.4117647058823529
0.4117647058823529
0.4383561643835616
0.4235294117647059
0.4411764705882353
0.40540540540540543
0.35714285714285715
0.43037974683544306
0.40404040404040403
0.3943661971830986
0.3888888888888889
0.41463414634146345
0.4383561643835616
0.4533333333333333
0.4923076923076923
0.5
0.35443037974683544
0.40540540540540543
0.4347826086956522
0.4197530864197531
0.47368421052631576
0.40540540540540543
0.3783783783783784
0.45161290322580644
0.42424242424242425
0.4444444444444445
0.3529411764705882
0.37209302325581395
0.37037037037037035
0.4383561643835616
0.41379310344827586
0.4571428571428572
0.463768115942029
0.4347826086956522
0.3529411764705882
0.40816326530612246
0.43243243243243246
0.4615384615384615
0.46575342465753417
0.4827586206896552
0.40540540540540543
0.4383561643835616
0.4383561643835616
0.3880597014925374
0.37333333333333335
0.38461538461538464
0.4533333333333333
0.4109589041095891
0.4197530864197531
0.4473684210526315
0.43037974683544306
0.3908045977011494
0.4819277108433735
0.42666666666666675
0.38554216867469876
0.379746835443038
0.4415584415584416
0.3541666666666667
0.4
0.3448275862068966
0.4411764705882353
0.3684210526315789
0.3908045977011494
0.379746835443038
0.4210526315789474
0.42857142857142855
0.40540540540540543
0.4047619047619047
0.46575342465753417
0.41935483870967744
0.4307692307692308
0.45
0.4102564102564102
0.4235294117647059
0.4383561643835616
0.4827586206896552
0.4383561643835616
0.4
0.43037974683544306
0.41666666666666663
0.4444444444444444
0.3614457831325301
0.367816091954023
0.47058823529411764
0.4347826086956522
0.3614457831325301
0.42857142857142855
0.3902439024390244
0.4444444444444444
0.35897435897435903
0.5070422535211268
0.45901639344262296
0.37333333333333335
0.4927536231884058
0.5294117647058824
0.4102564102564102
0.40506329113924044
0.4
0.4102564102564102
0.4533333333333333
0.4848484848484848
0.39473684210526316
0.41379310344827586
0.3888888888888889
0.4225352112676056
0.4197530864197531
0.39473684210526316
0.3950617283950617
0.4722222222222222
0.5217391304347826
0.35000000000000003
0.39999999999999997
0.38095238095238093
0.43902439024390244
0.5
0.45
0.4383561643835616
0.4197530864197531
0.43243243243243246
0.41463414634146345
0.3655913978494623
0.39393939393939387
0.4477611940298507
0.41558441558441556
0.4358974358974359
0.41463414634146345
0.3513513513513514
0.5151515151515152
0.35714285714285715
0.4838709677419355
0.38961038961038963
0.3777777777777777
0.3529411764705882
0.33333333333333337
0.49315068493150693
0.4383561643835616
0.4347826086956522
0.3488372093023256
0.41666666666666663
0.4477611940298507
0.4109589041095891
0.41379310344827586
0.4222222222222222
0.38461538461538464
0.39999999999999997
0.3513513513513514
0.37037037037037035
0.4
0.379746835443038
0.4117647058823529
0.39534883720930225
0.47058823529411764
0.4347826086956522
0.3902439024390244
0.4358974358974359
0.48571428571428565
0.4722222222222222
0.425
0.46341463414634143
0.3777777777777777
0.4533333333333333
0.4722222222222222
0.4225352112676056
0.3888888888888889
0.4444444444444445
0.37037037037037035
0.4571428571428572
0.4533333333333333
0.4197530864197531
0.42424242424242425
0.49315068493150693
0.42666666666666675
0.41666666666666663
0.37333333333333335
0.47619047619047616
0.35714285714285715
0.43749999999999994
0.37209302325581395
0.41558441558441556
0.37142857142857144
0.42666666666666675
0.40579710144927544
0.4210526315789474
0.4615384615384615
0.4444444444444444
0.37209302325581395
0.4415584415584416
0.4415584415584416
0.3902439024390244
0.4864864864864865
0.42666666666666675
0.32941176470588235
0.40506329113924044
0.43243243243243246
0.4722222222222222
0.40579710144927544
0.3736263736263736
0.4347826086956522
0.39473684210526316
0.4235294117647059
0.3870967741935483
0.40506329113924044
0.47058823529411764
0.39534883720930225
0.4411764705882353
0.4225352112676056
0.4383561643835616
0.4210526315789474
0.4411764705882353
0.43037974683544306
0.46875
0.4347826086956522
0.4594594594594595
0.32558139534883723
0.3913043478260869
0.3225806451612903
0.4
0.4117647058823529
0.379746835443038
0.3888888888888889
0.4383561643835616
0.4666666666666667
0.36363636363636365
0.49315068493150693
0.43037974683544306
0.4477611940298507
0.45161290322580644
0.47058823529411764
0.3614457831325301
0.40506329113924044
0.34210526315789475
0.4210526315789474
0.40963855421686746
0.3950617283950617
0.4225352112676056
0.4444444444444444
0.5507246376811593
0.4383561643835616
0.34090909090909094
0.4722222222222222
0.4722222222222222
0.4864864864864865
0.4594594594594595
0.4444444444444444
0.3902439024390244
0.3
0.379746835443038
0.40963855421686746
0.43749999999999994
0.4415584415584416
0.38961038961038963
0.5151515151515152
0.42857142857142855
0.48
0.4675324675324675
0.38461538461538464
0.41558441558441556
0.42424242424242425
0.4347826086956522
0.48571428571428565
0.4473684210526315
0.32558139534883723
0.35443037974683544
0.40404040404040403
0.3902439024390244
0.4
0.38961038961038963
0.45783132530120485
0.507936507936508
0.40963855421686746
0.3529411764705882
0.4864864864864865
0.4571428571428572
0.4090909090909091
0.3943661971830986
0.41666666666666663
0.37681159420289856
0.43243243243243246
0.4722222222222222
0.4210526315789474
0.3902439024390244
0.4444444444444445
0.37037037037037035
0.4047619047619047
0.4810126582278481
0.4594594594594595
0.4225352112676056
0.5
0.3835616438356165
0.42666666666666675
0.47887323943661975
0.3076923076923077
0.3711340206185567
0.3783783783783784
0.3950617283950617
0.5084745762711865
0.36363636363636365
0.3414634146341463
0.38961038961038963
0.3902439024390244
0.5070422535211268
0.3777777777777777
0.35000000000000003
0.4130434782608696
0.4918032786885246
0.3950617283950617
0.4358974358974359
0.367816091954023
0.38095238095238093
0.3950617283950617
0.4722222222222222
0.3950617283950617
0.3950617283950617
0.37681159420289856
0.38961038961038963
0.4383561643835616
0.36619718309859156
0.35443037974683544
0.3943661971830986
0.3448275862068966
0.4197530864197531
0.41558441558441556
0.42857142857142855
0.39999999999999997
0.39473684210526316
0.47761194029850745
0.4210526315789474
0.379746835443038
0.43902439024390244
0.5084745762711865
0.41666666666666663
0.3595505617977528
0.4848484848484848
0.38961038961038963
0.5
0.4109589041095891
0.48571428571428565
0.3488372093023256
0.4197530864197531
0.4
0.4507042253521127
0.4864864864864865
0.3414634146341463
0.4347826086956522
0.4750000000000001
0.3488372093023256
0.3835616438356165
0.3902439024390244
0.42666666666666675
0.43181818181818177
0.4477611940298507
0.47761194029850745
0.48571428571428565
0.40449438202247195
0.4444444444444445
0.39473684210526316
0.3902439024390244
0.38709677419354843
0.33766233766233766
0.3516483516483517
0.42857142857142855
0.4197530864197531
0.3956043956043956
0.42666666666666675
0.4117647058823529
0.42857142857142855
0.4
0.4444444444444445
0.3880597014925374
0.5352112676056339
0.4571428571428572
0.4615384615384615
0.42696629213483145
0.4210526315789474
0.38554216867469876
0.41463414634146345
0.41463414634146345
0.5277777777777778
0.379746835443038
0.5454545454545454
0.37142857142857144
0.3902439024390244
0.42666666666666675
0.42666666666666675
0.4
0.37142857142857144
0.45454545454545453
0.42857142857142855
0.4383561643835616
0.4691358024691358
0.4444444444444445
0.4
0.42857142857142855
0.3291139240506329
0.4533333333333333
0.4347826086956522
0.3414634146341463
0.3950617283950617
0.37209302325581395
0.4
0.4225352112676056
0.48571428571428565
0.3863636363636363
0.4473684210526315
0.4109589041095891
0.379746835443038
0.4358974358974359
0.36585365853658536
0.36170212765957444
0.4418604651162791
0.38461538461538464
0.3950617283950617
0.41558441558441556
0.4444444444444444
0.37333333333333335
0.325
0.4923076923076923
0.4594594594594595
0.41666666666666663
0.4444444444444444
0.5070422535211268
0.4507042253521127
0.34567901234567905
0.3888888888888889
0.40540540540540543
0.4383561643835616
0.4594594594594595
0.4102564102564102
0.47619047619047616
0.41666666666666663
0.4411764705882353
0.43902439024390244
0.37037037037037035
0.5245901639344263
0.4927536231884058
0.34210526315789475
0.4383561643835616
0.4473684210526315
0.4383561643835616
0.41558441558441556
0.4102564102564102
0.4117647058823529
0.39999999999999997
0.36585365853658536
0.4210526315789474
0.4722222222222222
0.39473684210526316
0.43243243243243246
0.4415584415584416
0.42666666666666675
0.47368421052631576
0.4571428571428572
0.3950617283950617
0.5
0.41463414634146345
0.4
0.4444444444444444
0.46875
0.425
0.38554216867469876
0.35714285714285715
0.43037974683544306
0.4175824175824176
0.4444444444444444
0.3695652173913043
0.4871794871794872
0.43037974683544306
0.4533333333333333
0.5074626865671642
0.417910447761194
0.43181818181818177
0.3902439024390244
0.46575342465753417
0.45454545454545453
0.4571428571428572
0.3863636363636363
0.507936507936508
0.4
0.5128205128205129
0.41666666666666663
0.4090909090909091
0.4594594594594595
0.42857142857142855
0.41558441558441556
0.4
