0.3728813559322034
0.42857142857142855
0.2909090909090909
0.326530612244898
0.5
0.42857142857142855
0.44067796610169496
0.4090909090909091
0.43333333333333335
0.41509433962264153
0.41509433962264153
0.5283018867924527
0.4444444444444444
0.3928571428571428
0.2962962962962963
0.47058823529411764
0.39344262295081966
0.4262295081967213
0.38596491228070173
0.4307692307692308
0.33333333333333326
0.3181818181818182
0.4363636363636364
0.29850746268656714
0.3333333333333333
0.3703703703703704
0.3636363636363636
0.4482758620689655
0.3272727272727273
0.4444444444444445
0.42857142857142855
0.46808510638297873
0.2592592592592593
0.4444444444444445
0.3673469387755102
0.4642857142857143
0.30188679245283023
0.49056603773584906
0.41509433962264153
0.40579710144927544
0.36000000000000004
0.4
0.4
0.3448275862068965
0.4067796610169491
0.3272727272727273
0.42553191489361697
0.36363636363636365
0.4262295081967213
0.4363636363636364
0.4074074074074074
0.4074074074074074
0.38596491228070173
0.4363636363636364
0.3404255319148936
0.34615384615384615
0.4117647058823529
0.3928571428571428
0.5283018867924527
0.33962264150943394
0.4444444444444445
0.37499999999999994
0.3703703703703704
0.3846153846153846
0.4210526315789474
0.36065573770491804
0.4313725490196078
0.3448275862068965
0.3928571428571428
0.4477611940298507
0.42553191489361697
0.3384615384615384
0.4081632653061224
0.38596491228070173
0.3773584905660377
0.3928571428571428
0.32142857142857145
0.3902439024390244
0.3157894736842105
0.423076923076923
0.42857142857142855
0.4074074074074074
0.5
0.4166666666666667
0.4528301886792453
0.3773584905660377
0.33962264150943394
0.36666666666666664
0.4827586206896552
0.4
0.3793103448275862
0.3636363636363636
0.38709677419354843
0.4137931034482759
0.4
0.37500000000000006
0.3773584905660377
0.41509433962264153
0.4
0.3703703703703704
0.28070175438596495
0.3773584905660377
0.3272727272727273
0.3043478260869565
0.3793103448275862
0.33333333333333337
0.3703703703703704
0.4912280701754386
0.37209302325581395
0.3404255319148936
0.3773584905660377
0.42857142857142855
0.3333333333333333
0.4444444444444445
0.4897959183673469
0.4
0.3673469387755102
0.4923076923076923
0.36065573770491804
0.4528301886792453
0.32142857142857145
0.4166666666666667
0.4363636363636364
0.5
0.423076923076923
0.39215686274509803
0.5573770491803278
0.3157894736842105
0.33962264150943394
0.4642857142857143
0.456140350877193
0.43478260869565216
0.38596491228070173
0.33898305084745767
0.4081632653061224
0.4166666666666667
0.4444444444444445
0.32142857142857145
0.3793103448275862
0.3928571428571428
0.30188679245283023
0.4074074074074074
0.3529411764705882
0.3636363636363636
0.4814814814814815
0.3404255319148936
0.4210526315789474
0.4000000000000001
0.3333333333333333
0.4528301886792453
0.4210526315789474
0.3809523809523809
0.3571428571428571
0.3103448275862069
0.4363636363636364
0.3773584905660377
0.37499999999999994
0.32786885245901637
0.39344262295081966
0.38596491228070173
0.3478260869565218
0.4
0.456140350877193
0.4528301886792453
0.4363636363636364
0.36065573770491804
0.3846153846153846
0.33962264150943394
0.4363636363636364
0.4000000000000001
0.39215686274509803
0.4074074074074074
0.3703703703703704
0.30769230769230765
0.29850746268656714
0.3703703703703704
0.4067796610169491
0.43749999999999994
0.4210526315789474
0.36666666666666664
0.3272727272727273
0.4081632653061224
0.3773584905660377
0.4313725490196078
0.32
0.4210526315789474
0.3773584905660377
0.4262295081967213
0.5098039215686274
0.4897959183673469
0.3571428571428571
0.4313725490196078
0.44067796610169496
0.423076923076923
0.3478260869565218
0.4
0.45901639344262296
0.36065573770491804
0.4814814814814815
0.4210526315789474
0.4126984126984127
0.3773584905660377
0.47058823529411764
0.4528301886792453
0.30769230769230765
0.32
0.39344262295081966
0.42857142857142855
0.4313725490196078
0.4166666666666667
0.3793103448275862
0.47457627118644075
0.4444444444444445
0.33333333333333337
0.4166666666666667
0.326530612244898
0.3773584905660377
0.4528301886792453
0.4081632653061224
0.36666666666666664
0.4444444444444445
0.4363636363636364
0.47826086956521735
0.3157894736842105
0.5357142857142857
0.2857142857142857
0.38596491228070173
0.44067796610169496
0.456140350877193
0.39344262295081966
0.32142857142857145
0.4727272727272728
0.42857142857142855
0.3793103448275862
0.39215686274509803
0.3478260869565218
0.4074074074074074
0.33962264150943394
0.3728813559322034
0.4727272727272728
0.29032258064516125
0.4
0.28125
0.4000000000000001
0.3448275862068965
0.4615384615384615
0.39344262295081966
0.423076923076923
0.39215686274509803
0.3225806451612903
0.3636363636363636
0.3928571428571428
0.423076923076923
0.4074074074074074
0.3846153846153846
0.5
0.38596491228070173
0.30769230769230765
0.44897959183673464
0.41935483870967744
0.38709677419354843
0.3137254901960784
0.4363636363636364
0.33333333333333326
0.4210526315789474
0.4210526315789474
0.42857142857142855
0.3571428571428571
0.3529411764705882
0.2857142857142857
0.4482758620689655
0.30769230769230765
0.3157894736842105
0.41509433962264153
0.36000000000000004
0.3793103448275862
0.3728813559322034
0.5
0.4528301886792453
0.3703703703703704
0.49056603773584906
0.38596491228070173
0.4210526315789474
0.3673469387755102
0.37142857142857144
0.2711864406779661
0.3272727272727273
0.3492063492063492
0.423076923076923
0.39344262295081966
0.3846153846153846
0.23076923076923075
0.26666666666666666
0.3571428571428571
0.4000000000000001
0.4117647058823529
0.3508771929824561
0.36000000000000004
0.4137931034482759
0.4074074074074074
0.41509433962264153
0.3333333333333333
0.4615384615384615
0.41935483870967744
0.3529411764705882
0.4067796610169491
0.423076923076923
0.4166666666666667
0.4827586206896552
0.5185185185185186
0.45833333333333326
0.3137254901960784
0.3703703703703704
0.32786885245901637
0.42857142857142855
0.4
0.3728813559322034
0.4000000000000001
0.30769230769230765
0.37209302325581395
0.3703703703703704
0.4067796610169491
0.3050847457627119
0.32
0.33333333333333326
0.48
0.41509433962264153
0.4
0.4838709677419355
0.5098039215686274
0.3846153846153846
0.4666666666666667
0.4827586206896552
0.43999999999999995
0.4444444444444444
0.326530612244898
0.4000000000000001
0.4727272727272728
0.4262295081967213
0.2916666666666667
0.38596491228070173
0.4897959183673469
0.3492063492063492
0.3571428571428571
0.3703703703703704
0.3571428571428571
0.3529411764705882
0.32142857142857145
0.3928571428571428
0.3448275862068965
0.46875
0.4
0.44897959183673464
0.3508771929824561
0.3492063492063492
0.3673469387755102
0.38709677419354843
0.4081632653061224
0.3703703703703704
0.36923076923076925
0.5084745762711865
0.4363636363636364
0.36666666666666664
0.4210526315789474
0.3529411764705882
0.33962264150943394
0.45161290322580644
0.3636363636363636
0.4074074074074074
0.33898305084745767
0.34782608695652173
0.37499999999999994
0.3636363636363636
0.3773584905660377
0.36666666666666664
0.37681159420289856
0.43333333333333335
0.3793103448275862
0.3508771929824561
0.4727272727272728
0.32786885245901637
0.4912280701754386
0.3773584905660377
0.3728813559322034
0.4
0.3673469387755102
0.47058823529411764
0.3636363636363636
0.3928571428571428
0.4
0.33333333333333326
0.39215686274509803
0.44897959183673464
0.5161290322580646
0.43333333333333335
0.4000000000000001
0.3773584905660377
0.3529411764705882
0.3478260869565218
0.2692307692307693
0.423076923076923
0.4126984126984127
0.3846153846153846
0.4067796610169491
0.4727272727272728
0.3448275862068965
0.42857142857142855
0.38709677419354843
0.3272727272727273
0.5185185185185186
0.3571428571428571
0.41509433962264153
0.33962264150943394
0.3673469387755102
0.4528301886792453
0.36666666666666664
0.4117647058823529
0.423076923076923
0.29508196721311475
0.3103448275862069
0.4074074074074074
0.3448275862068965
0.4666666666666667
0.4444444444444444
0.4074074074074074
0.29508196721311475
0.4307692307692308
0.326530612244898
0.4307692307692308
0.5416666666666666
0.33962264150943394
0.41935483870967744
0.46875
0.41509433962264153
0.32142857142857145
0.4363636363636364
0.4482758620689655
0.29508196721311475
0.3673469387755102
0.4363636363636364
0.47058823529411764
0.3773584905660377
0.3636363636363636
0.46808510638297873
0.4137931034482759
0.3673469387755102
0.4918032786885246
0.3703703703703704
0.43333333333333335
0.576923076923077
0.3773584905660377
0.3846153846153846
0.5
0.41509433962264153
0.2692307692307693
0.4477611940298507
0.36065573770491804
0.3846153846153846
0.2413793103448276
0.4210526315789474
0.39215686274509803
0.39215686274509803
0.326530612244898
0.3555555555555555
0.4313725490196078
0.39344262295081966
0.3508771929824561
0.2962962962962963
0.4897959183673469
0.45161290322580644
0.3333333333333333
0.4482758620689655
0.2909090909090909
0.3773584905660377
0.36065573770491804
0.380952380952381
0.39344262295081966
0.3529411764705882
0.4
0.3571428571428571
0.2909090909090909
0.38709677419354843
0.33898305084745767
0.4166666666666667
0.44067796610169496
0.3225806451612903
0.33333333333333326
0.5098039215686274
0.3846153846153846
0.4444444444444445
0.37499999999999994
0.32
0.4313725490196078
0.5306122448979592
0.3571428571428571
0.3928571428571428
0.4166666666666667
0.3548387096774193
0.33898305084745767
0.3137254901960784
