0.6203303896253666
0.6074818073498683
0.6064912393957105
0.5274712495938352
0.6372627953782807
0.6184202977278701
0.6059955062550286
0.6616510368245087
0.5694624215421418
0.5897727781864469
0.6051216812744807
0.63644484261053
0.5721581495305522
0.6660788618944954
0.6498796214866093
0.5745886404962668
0.6298643436268175
0.5986510877649807
0.6354526613082281
0.5998169388221586
0.6380255338843535
0.6461689659122716
0.6902699421897583
0.7049367808002831
0.6352236263990074
0.5686895629770435
0.669688975334712
0.5650004324843386
0.5792848979137365
0.628542003124503
0.6128402344287619
0.6122310385067045
0.642336732229966
0.6030234634016136
0.6832747170487661
0.6142415790534499
0.5541545050762267
0.6062920458391576
0.592128635560925
0.6415551033080792
0.6053556881779006
0.588996258608907
0.6108066866243441
0.5970896695481888
0.5991065371253471
0.5958368253119307
0.6501080316396681
0.6458468581281671
0.59631051409223
0.5779012944755504
0.6554684294247185
0.6332063074993237
0.5836562706196791
0.641233703997881
0.5972809915283255
0.4754949383077304
0.6184884863563012
0.6181937614107218
0.5165326649809288
0.5958086902228068
0.5954515260791688
0.6621856259063127
0.5981885182176838
0.5882356586879636
0.6569583564296987
0.6018399345550225
0.5585179571332175
0.6455668616379502
0.6518911470603918
0.6135804034685585
0.5533215883831859
0.5528360081892816
0.6106218020721517
0.5701687802983564
0.6883807402412736
0.5603291868125877
0.6234350654116816
0.7163303818018747
0.6454945275120741
0.5789973081283579
0.5689073351285555
0.6908696948949614
0.6273412172071519
0.5918033033869338
0.6345347409654626
0.5184679783622361
0.6523507789421441
0.6187246862989741
0.6792051008938744
0.5279062659238604
0.5531943379538541
0.528941901705232
0.6492718957114733
0.6681041060565135
0.6023916406898291
0.6558977285017292
0.6576529160169196
0.6259791153731722
0.5784120408214206
0.630099050534205
0.6449099139768522
0.6687320584953089
0.590653174500913
0.6307347050200461
0.6011901090548969
0.6052237585166217
0.6013844836967522
0.5736730170705869
0.6009323481335607
0.6356773234093396
0.6519928608002443
0.6098375400402253
0.574592679021689
0.6591970494395936
0.6669151229528737
0.5262744098291976
0.5304911307179722
0.7082066366557274
0.506569232475566
0.6397520208187645
0.6864651820684619
0.6354124894917809
0.6254688867428866
0.6159595013290113
0.6733578891513713
0.5399412721924355
0.6717077989040933
0.5321761455847259
0.5995215049415952
0.5266944732176507
0.643938418653818
0.6612614333580267
0.6033803139553167
0.5599042068344648
0.665504473251977
0.6928190257991924
0.5430420138060479
0.6084329923170044
0.629593136123244
0.6457145871056659
0.5038248179365654
0.5733716123436176
0.6002297365012759
0.5775293010025775
0.5523435985883294
0.6647627988295409
0.6298160561992878
0.5882174466437621
0.47278845290716254
0.6662093519171912
0.605100341457543
0.6594682687975806
0.5182679071998836
0.5798557226035461
0.5616062959021779
0.5935188119885065
0.639600805624868
0.6302072844650409
0.6260182190236697
0.6165044963445471
0.5471073666412196
0.5967470784081436
0.6301504939567396
0.6036028650098098
0.621214209941833
0.6548645811901349
0.5406270323967409
0.6259338112145343
0.6162509348223172
0.6680566086502295
0.644494703418856
0.6029922112798689
0.6100336216730757
0.6109984516663768
0.5657056376441684
0.6808867168597248
0.6129049367357757
0.6305482309504781
0.6072802667890245
0.676208614136961
0.6136808762147121
0.646702786868482
0.6215708784481204
0.7084438674183032
0.5484314909525088
0.6323761701007317
0.6278865391616746
0.5259616693420244
0.5311948588287142
0.6492910164496095
0.557281626514252
0.6064832430600067
0.6005076479231828
0.6288887676621387
0.6249041647776725
0.42887927375657386
0.606087191344044
0.5848380501781072
0.6167220423168974
0.6246463339830104
0.678640821858228
0.6467615989607777
0.6387198320327847
0.5617713815795351
0.6271758240321099
0.5904346297009475
0.5692524778095622
0.583477423531586
0.6042834032167943
0.5541842317031134
0.6190459268094475
0.5709786562393468
0.5222537035531012
0.625947579446873
0.6183842323707114
0.6661754604146483
0.5501199309515452
0.6145951868063224
0.679146138791019
0.619829528947222
0.6136323763290255
0.552588128646531
0.6510578525080926
0.5786510827293816
0.6155525394894735
0.5545201725922477
0.6115903205618423
0.6237545965864048
0.5973462069483931
0.6674552189279488
0.6133477729490974
0.5352344569040118
0.6002444870547561
0.6089286097319336
0.5293024230728884
0.6051875731875157
0.6206390969161534
0.6091879936113823
0.5743279721885487
0.595449689427288
0.5610895940120156
0.5207717015525096
0.5441739383417146
0.5073957035637344
0.5409873568915796
0.5687033441509041
0.5539118461708691
0.614400397753254
0.6465648503349346
0.5688539135564583
0.6371265433669054
0.7105047121893043
0.48451643626401614
0.6099287677241205
0.5856370330134586
0.6066982620623336
0.6635168299370591
0.6215438083923415
0.6221730965310114
0.5461867859836627
0.5519373189664487
0.5488092828230573
0.5731983298146575
0.6213942880261792
0.646383909905362
0.6600666428425194
0.6384145490967869
0.5881432007837255
0.6975300292190725
0.549441466154139
0.5268200595872868
0.5798445925706518
0.5379586456558848
0.6424771051917394
0.6404631008042677
0.6581259117423941
0.6544882606997523
0.5747658177063205
0.6059313693212258
0.6689711354734139
0.5568928740831968
0.5289799124020695
0.5256919045379477
0.5988299107707773
0.5467455217417894
0.583022764475345
0.6074073809111575
0.6556122049983293
0.5568847057801196
0.6088293748190992
0.5645664990890172
0.592928780540926
0.5498861943319917
0.634480354237074
0.5678615930577069
0.6612054378231956
0.7122183548613562
0.6051557833212368
0.6344732928292696
0.6839270830320827
0.6826152888395041
0.6271780244182239
0.659002938478368
0.5384360774373191
0.5779357559732351
0.6508884648360949
0.5042886295350653
0.6235310532670463
0.6192394452037476
0.6258157112058079
0.5937474428841135
0.5671242913511014
0.6022779913587925
0.6437136577283312
0.5981224595501667
0.570674844841698
0.5943451746916837
0.5693353567598047
0.709952806114256
0.6793131896923765
0.5834543188159166
0.6196364865391698
0.5733182601484164
0.6312130777939434
0.647811402625646
0.5870780039269873
0.7214644919176432
0.5818795315231982
0.5576087547001132
0.6363190758047236
0.5779216002699145
0.5414522121097042
0.42698850348368234
0.6563374704835178
0.6430836327923797
0.6399843953108978
0.6294145753234596
0.6451271178255247
0.6188550184619567
0.6011489587638306
0.6303739388934074
0.6322476147362398
0.6364807043314177
0.7070920051139502
0.7024325805185565
0.5945899095322268
0.6702890829208783
0.6226137891636829
0.5969012338601775
0.6233698981639867
0.6356926865313439
0.5876494803962606
0.5920622453674935
0.7272888010903856
0.5787208795324394
0.6335690771503178
0.6241540884541856
0.579637113492279
0.5566570480354502
0.6175634492755977
0.6585801356345115
0.5756983550063088
0.6108661520294127
0.6162911380292336
0.6336290376016467
0.5922226963565781
0.5842655057796255
0.6349790679090841
0.5306672396154363
0.637454259859337
0.5589825828205781
0.6345707408872789
0.5313160684120617
0.5066001219962689
0.5811370233803124
0.5775700232203479
0.585633477065243
0.6614331302357108
0.6040695176910043
0.5664928434261639
0.6070537427053571
0.6201457700929662
0.6330165492703447
0.5923011705753857
0.5505825143697289
0.5672709945931776
0.5976248263684844
0.6927941732687654
0.6380721136627379
0.6125344236320432
0.5469279915310715
0.6579198038665037
0.6304734037848037
0.6370537881672947
0.5979922950979982
0.5697436902989657
0.6039342240281824
0.6220213560755596
0.6504115646657664
0.6030527529486087
0.5472145769980653
0.6774207780365769
0.647233804199182
0.5920600000969177
0.6359638458868461
0.6299703264072813
0.6345092490259833
0.6081984293048549
0.5574952107439854
0.5019158080574878
0.5783297437711226
0.6215421999861823
0.6328499086722422
0.6793575428987928
0.5340187652234007
0.5966510484898226
0.6867478170734957
0.6066214466797779
0.6763177370317502
0.5808758813003729
0.5868947397955584
0.6346124709908472
0.6197629170084484
0.6830079126122479
0.6445656802094709
0.5608666621487013
0.5739049358099624
0.6546845921100399
0.6155433165782789
0.590753243259666
0.5377688391875076
0.5563082160303696
0.6510593002509785
0.500464637934217
0.6556410186869317
0.6478811918597496
0.6516634407010187
0.5071597758647706
0.6010155331406918
0.6515440002546246
0.5763645806329603
0.6214177972571732
0.6011285458063448
0.6162829653591352
0.5755407081037727
0.5687855384238028
0.6481023996662608
0.6158979205169913
0.5590649361830798
0.6445102973901292
0.6241203198680457
0.6040100145505384
0.5490229814093198
0.6476943646170601
0.6111749310153791
0.665218198160334
0.5659387093661612
0.6298592250724167
0.6626810750910664
0.6351649422619239
0.6683746857926794
0.6207835936935949
0.6395951476814139
0.621621606663154
0.6011501924712053
0.6084224900569781
0.6160431336530148
0.5685353760067703
0.5862561196124141
0.5461940671311531
0.47062353268310875
0.667795476962284
0.6122223460477356
0.6243940442310629
0.6485466830753404
0.5980577968506855
0.6146607698578639
0.6631571929616613
0.6442616778258609
0.6093356066237396
0.7215934604307389
0.5903479507040719
0.6665552047358205
0.5157592518754414
0.6039127726053707
0.5889128648402975
0.5661236869804274
0.6209674301871113
0.5757190038942126
0.5823339301428624
0.6713339829782752
0.6101458882011088
0.5106219830860766
0.5608044956351064
0.5979907555752992
0.5486721788272949
0.6465605573384428
0.6406173272950559
0.6809054583723227
0.63849137025519
