0.5423728813559322
0.5245901639344263
0.5306122448979592
0.5490196078431373
0.5964912280701755
0.5862068965517241
0.576923076923077
0.6153846153846153
0.4918032786885246
0.6153846153846153
0.4918032786885246
0.5454545454545454
0.5084745762711865
0.5818181818181818
0.5714285714285715
0.5185185185185186
0.5283018867924527
0.5614035087719299
0.5806451612903225
0.5
0.5555555555555556
0.5454545454545454
0.6296296296296297
0.6349206349206349
0.5185185185185186
0.5
0.68
0.4848484848484848
0.4473684210526315
0.5423728813559322
0.576271186440678
0.47457627118644075
0.6
0.576923076923077
0.6071428571428571
0.5538461538461538
0.46875
0.56
0.4912280701754386
0.5490196078431373
0.5283018867924527
0.5172413793103449
0.5245901639344263
0.4918032786885246
0.6037735849056605
0.4
0.64
0.5517241379310344
0.4838709677419355
0.4838709677419355
0.5633802816901409
0.5614035087719299
0.5806451612903225
0.5666666666666667
0.5714285714285714
0.45454545454545453
0.5818181818181818
0.5161290322580646
0.40625
0.5384615384615385
0.5172413793103449
0.5573770491803278
0.5
0.5
0.5862068965517241
0.6181818181818183
0.523076923076923
0.5405405405405405
0.5714285714285715
0.5925925925925926
0.42857142857142855
0.47887323943661975
0.4927536231884058
0.509090909090909
0.5555555555555556
0.4838709677419355
0.5384615384615385
0.6071428571428571
0.625
0.47058823529411764
0.5070422535211268
0.6122448979591837
0.5151515151515152
0.5483870967741935
0.5416666666666666
0.417910447761194
0.6545454545454547
0.5925925925925926
0.6666666666666665
0.42666666666666675
0.5185185185185186
0.5333333333333333
0.5357142857142857
0.5862068965517241
0.4838709677419355
0.507936507936508
0.6122448979591837
0.5818181818181818
0.5517241379310344
0.588235294117647
0.5660377358490566
0.625
0.5
0.5818181818181818
0.5490196078431373
0.5714285714285713
0.5490196078431373
0.5
0.5483870967741935
0.5901639344262295
0.5714285714285715
0.5818181818181818
0.507936507936508
0.64
0.5862068965517241
0.5245901639344263
0.5357142857142857
0.6923076923076923
0.47457627118644075
0.576923076923077
0.6538461538461539
0.5555555555555556
0.5161290322580646
0.576271186440678
0.5806451612903225
0.4912280701754386
0.5964912280701755
0.4923076923076923
0.5373134328358209
0.5263157894736842
0.6206896551724138
0.6666666666666667
0.5573770491803278
0.4444444444444444
0.6296296296296297
0.5862068965517241
0.4727272727272728
0.5454545454545454
0.5714285714285715
0.6181818181818183
0.4533333333333333
0.5
0.576271186440678
0.5172413793103449
0.5454545454545454
0.6
0.6181818181818183
0.5660377358490566
0.35000000000000003
0.631578947368421
0.5245901639344263
0.5555555555555556
0.41666666666666663
0.4477611940298507
0.5084745762711865
0.4918032786885246
0.6
0.6229508196721313
0.4838709677419355
0.59375
0.4727272727272728
0.5660377358490566
0.509090909090909
0.5555555555555556
0.4912280701754386
0.6071428571428571
0.5614035087719299
0.5660377358490566
0.6274509803921569
0.6071428571428571
0.6296296296296297
0.6181818181818183
0.523076923076923
0.6031746031746033
0.47887323943661975
0.6666666666666666
0.576271186440678
0.6
0.5185185185185186
0.5538461538461538
0.5263157894736842
0.6037735849056605
0.6071428571428571
0.6296296296296297
0.5
0.5714285714285713
0.5818181818181818
0.5454545454545454
0.4912280701754386
0.6
0.5357142857142857
0.5185185185185186
0.5161290322580646
0.5517241379310344
0.5777777777777778
0.5161290322580646
0.5185185185185186
0.5
0.5454545454545454
0.5714285714285715
0.64
0.5573770491803278
0.576271186440678
0.4923076923076923
0.5625
0.5333333333333333
0.47457627118644075
0.5517241379310344
0.5714285714285715
0.5074626865671642
0.5833333333333334
0.53125
0.5263157894736842
0.5357142857142857
0.6428571428571429
0.5373134328358209
0.5245901639344263
0.5614035087719299
0.6415094339622641
0.5660377358490566
0.5454545454545454
0.507936507936508
0.6274509803921569
0.5454545454545454
0.5666666666666667
0.588235294117647
0.576923076923077
0.6181818181818183
0.5490196078431373
0.6101694915254238
0.5454545454545454
0.45901639344262296
0.5185185185185186
0.5454545454545454
0.45901639344262296
0.47761194029850745
0.5490196078431373
0.5517241379310344
0.5538461538461538
0.5
0.5084745762711865
0.47457627118644075
0.5
0.40540540540540543
0.4571428571428572
0.456140350877193
0.507936507936508
0.4927536231884058
0.6153846153846153
0.5454545454545454
0.5818181818181818
0.7037037037037038
0.47058823529411764
0.6
0.53125
0.576271186440678
0.631578947368421
0.53125
0.5614035087719299
0.507936507936508
0.4210526315789474
0.4615384615384615
0.47887323943661975
0.5185185185185186
0.5573770491803278
0.6122448979591837
0.6181818181818183
0.5660377358490566
0.6545454545454547
0.5
0.4109589041095891
0.5333333333333333
0.5384615384615385
0.576923076923077
0.5862068965517241
0.5396825396825397
0.5283018867924527
0.4117647058823529
0.47619047619047616
0.653061224489796
0.45161290322580644
0.5263157894736842
0.46341463414634143
0.5925925925925926
0.48571428571428565
0.4615384615384615
0.6545454545454547
0.5245901639344263
0.43902439024390244
0.5384615384615385
0.4918032786885246
0.49056603773584906
0.5
0.5964912280701755
0.5161290322580646
0.5714285714285715
0.6428571428571429
0.5660377358490566
0.5573770491803278
0.6785714285714285
0.5862068965517241
0.5357142857142857
0.64
0.4827586206896552
0.5161290322580646
0.5666666666666667
0.4137931034482759
0.5454545454545454
0.4827586206896552
0.5245901639344263
0.5454545454545454
0.5614035087719299
0.4912280701754386
0.5454545454545454
0.4923076923076923
0.5217391304347826
0.5151515151515152
0.4827586206896552
0.6129032258064516
0.625
0.5614035087719299
0.5151515151515152
0.5161290322580646
0.5423728813559322
0.6037735849056605
0.5573770491803278
0.653061224489796
0.5161290322580646
0.41935483870967744
0.5084745762711865
0.5333333333333333
0.41935483870967744
0.3835616438356165
0.56
0.6122448979591837
0.48571428571428565
0.5714285714285715
0.5660377358490566
0.5666666666666667
0.5357142857142857
0.6274509803921569
0.5818181818181818
0.5172413793103449
0.6545454545454547
0.6122448979591837
0.5
0.6037735849056605
0.6037735849056605
0.5263157894736842
0.5714285714285715
0.5660377358490566
0.4473684210526315
0.5263157894736842
0.6666666666666666
0.4918032786885246
0.5818181818181818
0.6428571428571429
0.5384615384615385
0.5172413793103449
0.49350649350649345
0.5660377358490566
0.43749999999999994
0.6274509803921569
0.5161290322580646
0.6229508196721313
0.5660377358490566
0.5614035087719299
0.5862068965517241
0.5806451612903225
0.6101694915254238
0.4838709677419355
0.5333333333333333
0.4897959183673469
0.456140350877193
0.4923076923076923
0.5454545454545454
0.5396825396825397
0.5901639344262295
0.5818181818181818
0.4827586206896552
0.5084745762711865
0.5454545454545454
0.5901639344262295
0.4814814814814815
0.4750000000000001
0.5714285714285715
0.5
0.7307692307692307
0.5925925925925926
0.5925925925925926
0.4533333333333333
0.6296296296296297
0.6129032258064516
0.5172413793103449
0.6101694915254238
0.456140350877193
0.4507042253521127
0.5818181818181818
0.6274509803921569
0.5199999999999999
0.4814814814814815
0.588235294117647
0.625
0.5714285714285715
0.5846153846153846
0.5294117647058824
0.5172413793103449
0.5357142857142857
0.4727272727272728
0.46575342465753417
0.5172413793103449
0.5490196078431373
0.5925925925925926
0.5714285714285715
0.4912280701754386
0.5172413793103449
0.68
0.5483870967741935
0.6538461538461539
0.45454545454545453
0.4918032786885246
0.523076923076923
0.5555555555555556
0.5666666666666667
0.6031746031746033
0.4918032786885246
0.5423728813559322
0.6037735849056605
0.5
0.5384615384615385
0.456140350877193
0.5517241379310344
0.5483870967741935
0.5172413793103449
0.5925925925925926
0.6545454545454547
0.5714285714285715
0.36363636363636365
0.5185185185185186
0.576923076923077
0.5714285714285715
0.48571428571428565
0.5161290322580646
0.5555555555555556
0.4918032786885246
0.46875
0.5294117647058824
0.6122448979591837
0.5517241379310344
0.6181818181818183
0.5777777777777778
0.5517241379310344
0.46575342465753417
0.5517241379310344
0.5517241379310344
0.6274509803921569
0.47457627118644075
0.5074626865671642
0.576923076923077
0.6274509803921569
0.6181818181818183
0.5
0.6274509803921569
0.5964912280701755
0.5423728813559322
0.6
0.5423728813559322
0.5517241379310344
0.5373134328358209
0.5
0.41666666666666663
0.6153846153846153
0.5172413793103449
0.576271186440678
0.6037735849056605
0.5263157894736842
0.576271186440678
0.6229508196721313
0.6274509803921569
0.523076923076923
0.7037037037037038
0.53125
0.6415094339622641
0.4927536231884058
0.4912280701754386
0.5066666666666666
0.4507042253521127
0.523076923076923
0.5660377358490566
0.5517241379310344
0.5862068965517241
0.5517241379310344
0.47619047619047616
0.606060606060606
0.4918032786885246
0.5142857142857143
0.53125
0.6
0.653061224489796
0.5306122448979592
