0.1851851851851852
0.14545454545454545
0.17857142857142855
0.13559322033898305
0.20000000000000004
0.2711864406779661
0.17241379310344826
0.2580645161290323
0.3333333333333333
0.23333333333333334
0.28070175438596495
0.1851851851851852
0.1791044776119403
0.1818181818181818
0.15873015873015872
0.11111111111111112
0.26865671641791045
0.22580645161290322
0.2181818181818182
0.3611111111111111
0.1090909090909091
0.21212121212121213
0.24489795918367346
0.12903225806451615
0.25
0.24615384615384614
0.22580645161290322
0.37500000000000006
0.22222222222222224
0.11764705882352941
0.20000000000000004
0.23728813559322037
0.19354838709677422
0.15384615384615383
0.16129032258064516
0.09677419354838711
0.2424242424242424
0.13114754098360656
0.14545454545454545
0.15873015873015872
0.14545454545454545
0.18750000000000003
0.22222222222222224
0.14814814814814814
0.25
0.23880597014925373
0.28125
0.21874999999999997
0.12
0.10714285714285714
0.2413793103448276
0.17543859649122806
0.06779661016949153
0.22950819672131148
0.3142857142857143
0.16666666666666666
0.10526315789473685
0.18750000000000003
0.29850746268656714
0.17857142857142855
0.22950819672131148
0.19672131147540983
0.23728813559322037
0.20338983050847456
0.16
0.20000000000000004
0.26666666666666666
0.10714285714285714
0.0851063829787234
0.2758620689655172
0.27450980392156865
0.2424242424242424
0.125
0.1818181818181818
0.2040816326530612
0.14035087719298248
0.2545454545454545
0.11320754716981132
0.2456140350877193
0.29508196721311475
0.126984126984127
0.06666666666666667
0.17857142857142855
0.1851851851851852
0.25
0.2758620689655172
0.2181818181818182
0.14035087719298248
0.22222222222222224
0.21428571428571427
0.163265306122449
0.17647058823529413
0.2545454545454545
0.19354838709677422
0.2413793103448276
0.3103448275862069
0.10000000000000002
0.32142857142857145
0.1818181818181818
0.126984126984127
0.29850746268656714
0.2727272727272727
0.1851851851851852
0.03389830508474576
0.20000000000000004
0.10344827586206898
0.253968253968254
0.21212121212121213
0.1818181818181818
0.16129032258064516
0.20000000000000004
0.28571428571428564
0.1791044776119403
0.20689655172413796
0.10526315789473685
0.22950819672131148
0.30769230769230765
0.13559322033898305
0.2105263157894737
0.125
0.1515151515151515
0.15873015873015872
0.23529411764705882
0.20000000000000004
0.22222222222222224
0.06779661016949153
0.10526315789473685
0.0909090909090909
0.23529411764705882
0.19607843137254902
0.29850746268656714
0.21212121212121213
0.26865671641791045
0.17647058823529413
0.20338983050847456
0.28571428571428564
0.11764705882352941
0.3492063492063492
0.3508771929824561
0.12903225806451615
0.23333333333333334
0.21874999999999997
0.2424242424242424
0.2105263157894737
0.15094339622641512
0.2711864406779661
0.28070175438596495
0.23333333333333334
0.19354838709677422
0.20289855072463772
0.16129032258064516
0.2608695652173913
0.22535211267605634
0.10714285714285714
0.19354838709677422
0.13559322033898305
0.07547169811320756
0.16216216216216214
0.28125
0.13559322033898305
0.22222222222222224
0.2580645161290323
0.20689655172413796
0.1818181818181818
0.22950819672131148
0.2105263157894737
0.23333333333333334
0.30769230769230765
0.06666666666666667
0.1379310344827586
0.1851851851851852
0.2153846153846154
0.10000000000000002
0.22580645161290322
0.16129032258064516
0.125
0.23076923076923075
0.17857142857142855
0.03636363636363636
0.09677419354838711
0.17241379310344826
0.28169014084507044
0.17241379310344826
0.26666666666666666
0.22222222222222224
0.10169491525423728
0.1379310344827586
0.08
0.17857142857142855
0.15384615384615383
0.15625
0.2181818181818182
0.14084507042253522
0.14705882352941177
0.2105263157894737
0.19354838709677422
0.17647058823529413
0.15873015873015872
0.11764705882352941
0.28571428571428564
0.2
0.1904761904761905
0.09677419354838711
0.09677419354838711
0.19354838709677422
0.10000000000000002
0.19672131147540983
0.23728813559322037
0.1515151515151515
0.126984126984127
0.2711864406779661
0.28571428571428564
0.14545454545454545
0.14925373134328357
0.16949152542372883
0.26415094339622636
0.20000000000000004
0.16666666666666666
0.0
0.126984126984127
0.126984126984127
0.28070175438596495
0.23728813559322037
0.07547169811320756
0.4067796610169491
0.125
0.19354838709677422
0.208955223880597
0.16666666666666666
0.07272727272727272
0.2191780821917808
0.33898305084745767
0.03389830508474576
0.23728813559322037
0.14814814814814814
0.20689655172413796
0.19354838709677422
0.10526315789473685
0.10344827586206898
0.2608695652173913
0.09836065573770492
0.26229508196721313
0.13559322033898305
0.2413793103448276
0.15873015873015872
0.29411764705882354
0.12244897959183673
0.1851851851851852
0.23728813559322037
0.17857142857142855
0.16129032258064516
0.20689655172413796
0.1818181818181818
0.2758620689655172
0.11111111111111112
0.273972602739726
0.18867924528301885
0.19354838709677422
0.16666666666666666
0.22950819672131148
0.2769230769230769
0.208955223880597
0.1568627450980392
0.14285714285714288
0.1791044776119403
0.17391304347826086
0.20689655172413796
0.06666666666666667
0.2456140350877193
0.16393442622950818
0.2456140350877193
0.16393442622950818
0.3103448275862069
0.10000000000000002
0.3448275862068965
0.11267605633802817
0.0784313725490196
0.10344827586206898
0.3157894736842105
0.18867924528301885
0.11538461538461538
0.25
0.2191780821917808
0.10169491525423728
0.2592592592592593
0.2580645161290323
0.17857142857142855
0.12903225806451615
0.12307692307692307
0.21428571428571427
0.28571428571428564
0.25
0.14035087719298248
0.36065573770491804
0.2153846153846154
0.14814814814814814
0.23333333333333334
0.10169491525423728
0.14705882352941177
0.20338983050847456
0.25
0.14035087719298248
0.17241379310344826
0.2580645161290323
0.20000000000000004
0.3
0.16666666666666666
0.21212121212121213
0.23880597014925373
0.24615384615384614
0.2181818181818182
0.29411764705882354
0.25
0.10714285714285714
0.1818181818181818
0.15625
0.20689655172413796
0.16666666666666666
0.11320754716981132
0.1515151515151515
0.1818181818181818
0.16393442622950818
0.17543859649122806
0.2962962962962963
0.12903225806451615
0.1379310344827586
0.16393442622950818
0.28571428571428575
0.23728813559322037
0.2758620689655172
0.3
0.29032258064516125
0.10000000000000002
0.3548387096774193
0.23333333333333334
0.26229508196721313
0.3157894736842105
0.28571428571428564
0.24615384615384614
0.1791044776119403
0.17543859649122806
0.14285714285714288
0.28571428571428575
0.2181818181818182
0.16129032258064516
0.13114754098360656
0.253968253968254
0.20000000000000004
0.30769230769230765
0.208955223880597
0.26666666666666666
0.3
0.28571428571428575
0.22580645161290322
0.28169014084507044
0.21874999999999997
0.2545454545454545
0.10526315789473685
0.14545454545454545
0.28070175438596495
0.29508196721311475
0.29508196721311475
0.2592592592592593
0.20000000000000004
0.16129032258064516
0.14545454545454545
0.1923076923076923
0.17241379310344826
0.23728813559322037
0.23333333333333334
0.19354838709677422
0.20338983050847456
0.23529411764705882
0.2
0.10169491525423728
0.20338983050847456
0.14545454545454545
0.31746031746031744
0.06666666666666667
0.09677419354838711
0.21212121212121213
0.25
0.3283582089552239
0.31746031746031744
0.14285714285714288
0.2105263157894737
0.14545454545454545
0.15873015873015872
0.14705882352941177
0.3283582089552239
0.16949152542372883
0.14035087719298248
0.1923076923076923
0.23333333333333334
0.2456140350877193
0.18461538461538463
0.10169491525423728
0.1851851851851852
0.20689655172413796
0.208955223880597
0.2545454545454545
0.2580645161290323
0.20338983050847456
0.21874999999999997
0.20338983050847456
0.16949152542372883
0.13114754098360656
0.23333333333333334
0.15873015873015872
0.1090909090909091
0.09836065573770492
0.16129032258064516
0.26229508196721313
0.21874999999999997
0.20338983050847456
0.23728813559322037
0.16393442622950818
0.2647058823529412
0.19178082191780824
0.13333333333333333
0.16393442622950818
0.26229508196721313
0.1379310344827586
0.20689655172413796
0.20289855072463772
0.2592592592592593
0.2456140350877193
0.15384615384615383
0.15873015873015872
0.28070175438596495
0.23728813559322037
0.10526315789473685
0.2456140350877193
0.1818181818181818
0.11320754716981132
0.3448275862068965
0.3333333333333333
0.1818181818181818
0.2592592592592593
0.1379310344827586
0.21874999999999997
0.03636363636363636
0.21874999999999997
0.1818181818181818
0.3225806451612903
0.3492063492063492
0.12903225806451615
0.2962962962962963
0.21212121212121213
0.14035087719298248
0.14545454545454545
0.16949152542372883
0.3103448275862069
0.29032258064516125
0.17241379310344826
0.17543859649122806
0.34615384615384615
0.2962962962962963
0.17543859649122806
0.30379746835443044
0.2580645161290323
0.22580645161290322
0.10714285714285714
0.2545454545454545
0.13114754098360656
0.09230769230769231
0.3492063492063492
0.20689655172413796
0.10526315789473685
0.1212121212121212
0.2711864406779661
0.2424242424242424
0.16129032258064516
0.1379310344827586
0.18461538461538463
0.14545454545454545
0.2758620689655172
0.126984126984127
0.22580645161290322
0.21874999999999997
0.2413793103448276
0.14035087719298248
0.20689655172413796
0.22222222222222224
0.08955223880597014
0.18461538461538463
0.16393442622950818
0.26229508196721313
0.08
0.21212121212121213
0.1818181818181818
0.20689655172413796
0.17543859649122806
0.1818181818181818
0.3055555555555555
0.2105263157894737
0.14492753623188406
0.20000000000000004
0.2909090909090909
0.21428571428571427
