0.5384749080820449
0.5846400204875453
0.47410752195594213
0.49767054142011313
0.5995492813334609
0.5323752936602941
0.4984981784062593
0.5614168714413275
0.5190208765920661
0.5482968086835603
0.5421202438373464
0.5163268717393268
0.5033939890829878
0.5338154984656057
0.4453427116916489
0.48147232205982654
0.44897331277247987
0.5166778910302491
0.5758083994352243
0.5638320876752959
0.5047388974150487
0.500986938774407
0.4138349946722917
0.31368974251538057
0.4654943791588489
0.5139353766266377
0.48799293552069134
0.4462451585229779
0.4082394791957938
0.4832200558952399
0.5330221916792538
0.5011046325004498
0.41453220235751453
0.3629045373231498
0.5212596199642788
0.45323934796920967
0.4992164323375854
0.5627044870802757
0.5742950231001201
0.40189353461123273
0.4300380168304133
0.44885235464214696
0.5070441211719807
0.44522349606176465
0.4864621636892476
0.44589059850418505
0.5472417489909661
0.4047823717575675
0.4727235007298729
0.514715910865142
0.506016943035379
0.5249752890187175
0.5009697460157971
0.5488999655606225
0.49549105369209506
0.41052097591257647
0.49370121651851506
0.49709795776148036
0.47592972751246754
0.48267568359526225
0.516752274142673
0.46633460949566513
0.5897152859878978
0.4657508256341658
0.5144995799672762
0.5273152531838825
0.633397060714965
0.5153091979388913
0.5681958978231214
0.5803100086330508
0.4490076244350433
0.4861394067054854
0.4450354152302786
0.5296844875744826
0.49168608194411956
0.4484496460487826
0.5198650516385028
0.5533653131976196
0.3955966158599785
0.44664601063170156
0.4782606228201806
0.5640136832393919
0.5548176069072339
0.6387103817465479
0.6120209879856454
0.48375217861104025
0.5178084392476077
0.5135736238838493
0.5488019465305103
0.46865862320738827
0.4967580893254752
0.487979638394252
0.4889292135211408
0.5278929497612357
0.5485789112540223
0.5702472549016562
0.52396151673159
0.5090431329823858
0.5203669269694591
0.511807094715702
0.5362112307476709
0.4533116610664747
0.510903481202635
0.4590657923962398
0.4092533313695609
0.42646957991333645
0.5497107404289983
0.4945808976256491
0.5198761475469439
0.42610747464006626
0.48071607450607196
0.5484559700937788
0.53187442617953
0.5413458885156883
0.5461892214894662
0.4976368016558233
0.5462402919855456
0.6429682395062343
0.5539907099245869
0.5679602002359775
0.5203712336419771
0.42721034448536344
0.4662766012716463
0.4906185011485599
0.5950458975390298
0.4968316420834421
0.6051245256214248
0.44393271577679294
0.5536457495758421
0.5333567895643258
0.5573147287541093
0.48449199289994266
0.5051505436582551
0.4966919305418931
0.5312991027675422
0.578148543733135
0.5079096422169547
0.5005347466492248
0.4980389201222135
0.49359218769276814
0.4448506426188158
0.5237236351518331
0.511157494103992
0.5640949742375809
0.5361213081109641
0.5494673200676025
0.6445052140165214
0.5462464280413245
0.49572630402133533
0.48990044666326743
0.5323551159263048
0.5299836111083129
0.47106935301732755
0.4781615174330179
0.5767221335283317
0.5343288312894446
0.4685953042323697
0.49455553030046256
0.5138287088920077
0.5097827358882767
0.48605758939831645
0.46653007047651424
0.5251919648399525
0.5541516235697986
0.5783310009011391
0.4412900907630805
0.5149884807061738
0.5454020689863418
0.5332292345017224
0.4612268827252784
0.5190534846940209
0.521122511629579
0.4463672412886347
0.5372083887636666
0.4176519970658982
0.555656914482199
0.4970057498593008
0.5217449802591361
0.5768090001898715
0.4816398123896998
0.4790503269915835
0.5204275557236406
0.5336448110206822
0.5293513839363568
0.4305162615256226
0.5356552632164598
0.5359576922582537
0.5301882137301189
0.5186173078354878
0.6375150662911088
0.5136014760982829
0.49852251513760715
0.565233243077262
0.5366274720530039
0.45240443612375114
0.5656690889957678
0.48882569990705993
0.5206515468601929
0.49348830202400534
0.5329447049563315
0.5361519085825416
0.521587963619012
0.6401574375769487
0.5878332976514323
0.47140521478151437
0.5072615853578355
0.46130396227810905
0.5537521724014753
0.5299622862753511
0.5122112325965105
0.558866920585724
0.49418809396052765
0.502767400499537
0.4832500869892773
0.4192160435863784
0.4226876254130676
0.46845406022576536
0.5154192481442665
0.497256168271091
0.5054877645204772
0.44837041161517793
0.4604225065881496
0.43660522232569243
0.5024100009774216
0.4770176160784022
0.4070013785733153
0.5640823469253411
0.5905876605407113
0.5443253120751582
0.561720060689439
0.5028806001646826
0.5207316785939686
0.4985115501139561
0.5069201538739916
0.5570632210550807
0.5174976394158558
0.5015831832150965
0.47573743757561293
0.4567198749311442
0.5237081078111252
0.5392422011819831
0.5137272010781777
0.4720017007930891
0.587672868411514
0.47270191910501147
0.46974200389403753
0.5634617237513904
0.5662711107519176
0.4903298715821789
0.4002549794098156
0.5148514696929936
0.5914413115837005
0.5578043123405264
0.466635378128286
0.4478263861874039
0.5591075378120665
0.40418118947386683
0.4953394273603292
0.49514476694960846
0.49563256560737035
0.5180721941853799
0.4442464490798075
0.5621489031275857
0.49964157226136213
0.5977002363602161
0.594898639858068
0.5373969057018458
0.5731061978078503
0.5981665969876564
0.5322253816470823
0.5875702157092213
0.4342892372194247
0.4571421037584965
0.45416641779980493
0.43340495564322706
0.4649906197003723
0.44423686894289105
0.5477291425642528
0.5051998510388849
0.5202813603341877
0.498434895603749
0.5046733496947006
0.5791266500528715
0.525492262163551
0.4724527502377171
0.4818827072491676
0.5319044302869635
0.48049892622947005
0.49858513881585553
0.49360072710636377
0.4678065281870044
0.4778031631750752
0.45152233014617327
0.5041340790021116
0.4810893491013859
0.4772488178273851
0.48931673520272634
0.4724459783405738
0.5382077693696656
0.48091547902980614
0.4994145056047734
0.45684525022267786
0.4435875404268612
0.5500757042591002
0.4788550641032919
0.5214963033456006
0.5135167875704363
0.5025646568197357
0.5791958228873549
0.5871317487483141
0.4681496318148517
0.4506057199301499
0.47751889075089515
0.5191239459248055
0.4891931456099173
0.496166234744568
0.48958050128670916
0.5106800108120214
0.48649844702386524
0.4537591265111347
0.530464376162574
0.5270443364348419
0.45621807335849435
0.47593298582687443
0.4759988011134666
0.5512894491656295
0.5500010682283402
0.3913087571797462
0.5206514232374615
0.47180326930283306
0.4354974358423565
0.5462257183513315
0.4177183500600408
0.5691471595713693
0.5829602779091144
0.4899164296771901
0.4108922116133556
0.5723454645419558
0.4680020820954893
0.47745565306348414
0.5264831857754877
0.5696152593752253
0.5411388580329367
0.49728986735512004
0.3987205583511284
0.4532501322152855
0.44339997333951087
0.47235735516534805
0.591613533883895
0.4147546890819634
0.5850820195803591
0.5584413030352863
0.49627404182682794
0.47401293622902363
0.5459826875158176
0.45852507914238894
0.46750367118763325
0.4244104632150103
0.5475274794769311
0.5445085777192137
0.4353510811758031
0.4913772412884839
0.44026912431412196
0.47045173959422504
0.4815364046785925
0.47963664948036994
0.5923256494600113
0.45017149555461033
0.4405942002235322
0.46962292108091874
0.5360817571232368
0.4644563671523099
0.48237158300722494
0.42319650662809505
0.4915017933339931
0.48301582724037956
0.46114593074548715
0.3527105388110962
0.4734721638246362
0.5253990025979194
0.479641416330279
0.5538542019823992
0.5900359310477519
0.5328928174569858
0.4908915592936337
0.4914224482249356
0.590897084744231
0.48581117736736845
0.48294846687352494
0.5319816931747577
0.43983785007139437
0.5438406303094702
0.5600898450172666
0.5788068017788215
0.5405806648294696
0.5822000824368442
0.5049501982189406
0.555851578621167
0.527708775678432
0.48952509245043124
0.5301670980046125
0.5528873635135066
0.47785098923190517
0.5210795352937583
0.5172567775955554
0.5614423802949626
0.5305579152565405
0.5021778254558645
0.4757030206607284
0.5047122150071127
0.4602416796634739
0.46335433833411477
0.4924999849935836
0.47907643244864384
0.511779501455276
0.45682959474935275
0.4759724007046727
0.5553429459687764
0.5025255253065432
0.41821761617113135
0.5004039967445517
0.46914650753929366
0.45635232273219334
0.5220145462724959
0.5407961842187405
0.3676417031420789
0.596122187852171
0.4501719207069181
0.5161604638684565
0.5730176590225788
0.43661137452670096
0.5246391632724221
0.4872172067204025
0.5478924196118928
0.6369396183723645
0.46767797583456433
0.4588692392551792
0.4530150623934445
0.4981809443189934
0.41466459762640384
0.4970699739728184
0.5887080372037051
0.5066771244504027
0.5746045494602168
0.5268533465904544
0.5353184641592689
0.5173645565627729
0.527489813385086
0.5278947016660531
0.5833629910565028
0.48197715996403356
0.5025920023570466
0.494657533316432
0.5402777766580003
0.4853679534701809
0.5333346385397748
0.5295790450644351
0.4850908682521902
0.44709697192805653
0.45564365743043633
0.5591808203233539
0.5670290390694317
0.4501613980324647
0.527553180633045
0.550149711753083
0.54427348985996
0.4717484195921773
0.44503795294486215
0.4785378180381542
0.4266749754764251
0.44964414553384147
0.5776742634203278
0.47457786059340457
0.5092368814394354
0.4690283426233841
0.5387850557835787
0.5096081112534053
0.5237246648695288
0.48820422501641214
0.5184726066085213
0.4786404809955554
0.5349877845282156
0.5381525684247132
0.42914648491739193
0.5141732893283425
0.5860798134184318
0.4598265618578145
0.5813371523534225
0.49402482470400155
0.4729799353490608
0.48747561877532597
0.49636850831464463
0.537348479883876
0.5546659674601926
0.4473516441148394
0.5425666161288011
0.532868811381392
0.4046337716166956
0.49940152831774015
0.5007818233550811
