0.24
0.23333333333333334
0.16666666666666666
0.17142857142857143
0.1724137931034483
0.18421052631578946
0.23529411764705882
0.2972972972972973
0.11764705882352941
0.14705882352941177
0.2647058823529412
0.24242424242424243
0.18181818181818182
0.2571428571428571
0.2962962962962963
0.32142857142857145
0.1282051282051282
0.27586206896551724
0.16
0.1724137931034483
0.13636363636363635
0.25
0.225
0.2619047619047619
0.24
0.15384615384615385
0.2647058823529412
0.08
0.2777777777777778
0.35294117647058826
0.2
0.03125
0.18181818181818182
0.2857142857142857
0.20689655172413793
0.2608695652173913
0.10256410256410256
0.17142857142857143
0.16
0.07692307692307693
0.1388888888888889
0.2777777777777778
0.19444444444444445
0.21875
0.24324324324324326
0.23684210526315788
0.08823529411764706
0.20833333333333334
0.16129032258064516
0.20833333333333334
0.3055555555555556
0.11538461538461539
0.25
0.07142857142857142
0.3235294117647059
0.2222222222222222
0.18421052631578946
0.15151515151515152
0.30303030303030304
0.15625
0.2857142857142857
0.16
0.2413793103448276
0.23529411764705882
0.18181818181818182
0.2
0.25806451612903225
0.19230769230769232
0.2692307692307692
0.2
0.27906976744186046
0.27586206896551724
0.08823529411764706
0.23076923076923078
0.13333333333333333
0.14285714285714285
0.18181818181818182
0.15
0.07407407407407407
0.25
0.2
0.18181818181818182
0.11764705882352941
0.32
0.10714285714285714
0.16
0.13636363636363635
0.325
0.1951219512195122
0.1951219512195122
0.05555555555555555
0.2727272727272727
0.2222222222222222
0.21951219512195122
0.23076923076923078
0.27586206896551724
0.1
0.125
0.2
0.25
0.16666666666666666
0.1111111111111111
0.14814814814814814
0.2571428571428571
0.2962962962962963
0.24324324324324326
0.18518518518518517
0.3448275862068966
0.1388888888888889
0.23076923076923078
0.26666666666666666
0.1935483870967742
0.20588235294117646
0.12
0.28205128205128205
0.3076923076923077
0.1
0.28
0.2903225806451613
0.15384615384615385
0.30434782608695654
0.24
0.2727272727272727
0.17857142857142858
0.2564102564102564
0.18181818181818182
0.2647058823529412
0.2857142857142857
0.3076923076923077
0.28
0.09090909090909091
0.3225806451612903
0.17647058823529413
0.26666666666666666
0.23333333333333334
0.21212121212121213
0.10526315789473684
0.15625
0.18421052631578946
0.2777777777777778
0.2222222222222222
0.1875
0.2857142857142857
0.2413793103448276
0.21875
0.24242424242424243
0.17142857142857143
0.14285714285714285
0.09090909090909091
0.20588235294117646
0.0625
0.15
0.38461538461538464
0.13793103448275862
0.05
0.18181818181818182
0.2631578947368421
0.27586206896551724
0.1
0.15625
0.2608695652173913
0.19230769230769232
0.2916666666666667
0.21875
0.24242424242424243
0.25925925925925924
0.12
0.3333333333333333
0.15625
0.25925925925925924
0.24242424242424243
0.3125
0.17857142857142858
0.14705882352941177
0.08695652173913043
0.15151515151515152
0.21621621621621623
0.28
0.14814814814814814
0.16129032258064516
0.24242424242424243
0.12903225806451613
0.23333333333333334
0.19047619047619047
0.19047619047619047
0.1111111111111111
0.19230769230769232
0.14814814814814814
0.20588235294117646
0.1794871794871795
0.2
0.23809523809523808
0.13333333333333333
0.15151515151515152
0.11538461538461539
0.12903225806451613
0.25
0.15384615384615385
0.11904761904761904
0.25
0.17391304347826086
0.1875
0.12903225806451613
0.08823529411764706
0.2222222222222222
0.18518518518518517
0.20588235294117646
0.20588235294117646
0.3225806451612903
0.14285714285714285
0.15384615384615385
0.2
0.21739130434782608
0.17391304347826086
0.3157894736842105
0.24
0.2
0.30434782608695654
0.17647058823529413
0.16
0.21875
0.21428571428571427
0.18181818181818182
0.16
0.20930232558139536
0.2222222222222222
0.15151515151515152
0.17647058823529413
0.23333333333333334
0.16666666666666666
0.2
0.2
0.21212121212121213
0.21875
0.030303030303030304
0.23333333333333334
0.16129032258064516
0.20833333333333334
0.19230769230769232
0.2727272727272727
0.23076923076923078
0.12121212121212122
0.28
0.21739130434782608
0.21875
0.21875
0.21428571428571427
0.045454545454545456
0.26666666666666666
0.3333333333333333
0.13793103448275862
0.12
0.2
0.2
0.23529411764705882
0.3333333333333333
0.04
0.20689655172413793
0.11428571428571428
0.14814814814814814
0.14285714285714285
0.125
0.1891891891891892
0.10526315789473684
0.17857142857142858
0.20588235294117646
0.21739130434782608
0.21428571428571427
0.16666666666666666
0.12121212121212122
0.16129032258064516
0.19047619047619047
0.2702702702702703
0.17857142857142858
0.20689655172413793
0.3333333333333333
0.14814814814814814
0.23529411764705882
0.16129032258064516
0.07142857142857142
0.13333333333333333
0.24
0.15384615384615385
0.18181818181818182
0.23529411764705882
0.25
0.2727272727272727
0.11764705882352941
0.22580645161290322
0.12
0.25806451612903225
0.18181818181818182
0.13157894736842105
0.13043478260869565
0.2571428571428571
0.26666666666666666
0.17647058823529413
0.29411764705882354
0.26666666666666666
0.22857142857142856
0.15789473684210525
0.27586206896551724
0.2222222222222222
0.08333333333333333
0.15151515151515152
0.19230769230769232
0.08333333333333333
0.2962962962962963
0.16216216216216217
0.22580645161290322
0.17142857142857143
0.2903225806451613
0.391304347826087
0.23684210526315788
0.11764705882352941
0.1891891891891892
0.10526315789473684
0.23529411764705882
0.16129032258064516
0.21875
0.2571428571428571
0.15151515151515152
0.25
0.125
0.2
0.15789473684210525
0.21428571428571427
0.1935483870967742
0.2
0.391304347826087
0.25806451612903225
0.14285714285714285
0.18181818181818182
0.1935483870967742
0.22580645161290322
0.18181818181818182
0.3333333333333333
0.10344827586206896
0.16666666666666666
0.3076923076923077
0.3157894736842105
0.25
0.2
0.18518518518518517
0.25925925925925924
0.25925925925925924
0.16129032258064516
0.1875
0.25806451612903225
0.21212121212121213
0.14285714285714285
0.2558139534883721
0.3548387096774194
0.2571428571428571
0.29411764705882354
0.32
0.18181818181818182
0.34782608695652173
0.25806451612903225
0.1875
0.20689655172413793
0.17647058823529413
0.25
0.14285714285714285
0.21212121212121213
0.18181818181818182
0.25
0.14705882352941177
0.21212121212121213
0.24242424242424243
0.12121212121212122
0.2619047619047619
0.10810810810810811
0.26666666666666666
0.1935483870967742
0.17647058823529413
0.2
0.25806451612903225
0.2413793103448276
0.23076923076923078
0.12
0.17857142857142858
0.21428571428571427
0.2727272727272727
0.125
0.07142857142857142
0.09090909090909091
0.09523809523809523
0.125
0.2
0.22580645161290322
0.21875
0.14285714285714285
0.16666666666666666
0.14285714285714285
0.22580645161290322
0.3333333333333333
0.23333333333333334
0.20689655172413793
0.16279069767441862
0.25
0.21875
0.1875
0.2571428571428571
0.2222222222222222
0.22580645161290322
0.30434782608695654
0.25806451612903225
0.22857142857142856
0.2972972972972973
0.17857142857142858
0.25
0.11363636363636363
0.3333333333333333
0.25925925925925924
0.3333333333333333
0.3548387096774194
0.12
0.14814814814814814
0.17647058823529413
0.14285714285714285
0.10714285714285714
0.23333333333333334
0.15789473684210525
0.1794871794871795
0.14705882352941177
0.21212121212121213
0.17857142857142858
0.2222222222222222
0.18518518518518517
0.19047619047619047
0.17647058823529413
0.24242424242424243
0.16216216216216217
0.2692307692307692
0.12903225806451613
0.22727272727272727
0.2692307692307692
0.2
0.21052631578947367
0.1
0.11764705882352941
0.12
0.28
0.16666666666666666
0.20689655172413793
0.29411764705882354
0.20833333333333334
0.20689655172413793
0.17857142857142858
0.1891891891891892
0.18518518518518517
0.10344827586206896
0.13793103448275862
0.16129032258064516
0.15384615384615385
0.21212121212121213
0.1724137931034483
0.1935483870967742
0.15384615384615385
0.16129032258064516
0.2903225806451613
0.125
0.23076923076923078
0.4
0.21212121212121213
0.17647058823529413
0.16
0.20930232558139536
0.23333333333333334
0.16
0.037037037037037035
0.19230769230769232
0.125
0.18518518518518517
0.08571428571428572
0.175
0.3235294117647059
0.24
0.25
0.17857142857142858
0.125
0.3548387096774194
0.07692307692307693
0.125
0.20833333333333334
0.14814814814814814
0.2608695652173913
0.18518518518518517
0.13043478260869565
0.18518518518518517
0.16129032258064516
0.14814814814814814
0.19230769230769232
0.21875
0.22727272727272727
0.17142857142857143
0.28125
0.2903225806451613
0.12903225806451613
