0.39285714285714285
0.5454545454545454
0.42105263157894735
0.6153846153846154
0.6190476190476191
0.5
0.4482758620689655
0.75
0.5416666666666666
0.55
0.6111111111111112
0.6086956521739131
0.5263157894736842
0.5789473684210527
0.4
0.5217391304347826
0.375
0.4482758620689655
0.55
0.6086956521739131
0.5
0.5
0.4
0.37037037037037035
0.47619047619047616
0.5
0.47619047619047616
0.3939393939393939
0.47368421052631576
0.48
0.5217391304347826
0.4782608695652174
0.3888888888888889
0.41379310344827586
0.6428571428571429
0.48148148148148145
0.6666666666666666
0.5652173913043478
0.6111111111111112
0.4666666666666667
0.42857142857142855
0.43478260869565216
0.625
0.5
0.4444444444444444
0.45
0.5
0.5333333333333333
0.48148148148148145
0.5714285714285714
0.55
0.5238095238095238
0.4782608695652174
0.5714285714285714
0.5333333333333333
0.5625
0.4117647058823529
0.4782608695652174
0.4375
0.391304347826087
0.5714285714285714
0.42857142857142855
0.7142857142857143
0.47619047619047616
0.5217391304347826
0.6111111111111112
0.7857142857142857
0.5882352941176471
0.5238095238095238
0.5357142857142857
0.45454545454545453
0.36666666666666664
0.4
0.55
0.4
0.4230769230769231
0.5
0.6153846153846154
0.36
0.4583333333333333
0.46153846153846156
0.6875
0.6086956521739131
0.625
0.6666666666666666
0.5263157894736842
0.47368421052631576
0.4583333333333333
0.5833333333333334
0.38461538461538464
0.4782608695652174
0.5882352941176471
0.4444444444444444
0.6
0.6111111111111112
0.5714285714285714
0.5882352941176471
0.5789473684210527
0.5555555555555556
0.5882352941176471
0.5
0.5
0.5
0.4666666666666667
0.3333333333333333
0.36363636363636365
0.5263157894736842
0.42424242424242425
0.6153846153846154
0.4
0.5
0.6
0.47619047619047616
0.5217391304347826
0.5454545454545454
0.5263157894736842
0.6
0.7272727272727273
0.5238095238095238
0.631578947368421
0.5625
0.38461538461538464
0.5
0.6
0.6470588235294118
0.5
0.5
0.5
0.5
0.48148148148148145
0.5909090909090909
0.47619047619047616
0.4230769230769231
0.43478260869565216
0.7692307692307693
0.6666666666666666
0.46153846153846156
0.4090909090909091
0.5238095238095238
0.6111111111111112
0.38095238095238093
0.44
0.47368421052631576
0.5882352941176471
0.65
0.8
0.6666666666666666
0.5
0.4166666666666667
0.48
0.5714285714285714
0.6153846153846154
0.5555555555555556
0.5
0.6666666666666666
0.6666666666666666
0.4090909090909091
0.43478260869565216
0.46153846153846156
0.4782608695652174
0.5
0.45454545454545453
0.4482758620689655
0.6666666666666666
0.6666666666666666
0.3333333333333333
0.43478260869565216
0.6
0.5714285714285714
0.5
0.5882352941176471
0.55
0.5
0.6153846153846154
0.3333333333333333
0.8333333333333334
0.48
0.5185185185185185
0.6666666666666666
0.44
0.5294117647058824
0.43478260869565216
0.5263157894736842
0.5238095238095238
0.4444444444444444
0.5217391304347826
0.5882352941176471
0.4482758620689655
0.5
0.8
0.5263157894736842
0.4074074074074074
0.6190476190476191
0.5789473684210527
0.42105263157894735
0.5652173913043478
0.3684210526315789
0.55
0.43333333333333335
0.5454545454545454
0.5416666666666666
0.5263157894736842
0.6666666666666666
0.631578947368421
0.42105263157894735
0.6666666666666666
0.42857142857142855
0.5714285714285714
0.44
0.5263157894736842
0.6111111111111112
0.42424242424242425
0.5714285714285714
0.5333333333333333
0.43478260869565216
0.4
0.4166666666666667
0.631578947368421
0.47619047619047616
0.4782608695652174
0.46153846153846156
0.5
0.5
0.5
0.5769230769230769
0.35
0.5238095238095238
0.6190476190476191
0.48148148148148145
0.5
0.5
0.4642857142857143
0.5714285714285714
0.5789473684210527
0.5882352941176471
0.5714285714285714
0.5789473684210527
0.34615384615384615
0.44
0.48148148148148145
0.75
0.4782608695652174
0.47368421052631576
0.6666666666666666
0.47619047619047616
0.4
0.5714285714285714
0.5789473684210527
0.625
0.3225806451612903
0.42857142857142855
0.6111111111111112
0.6111111111111112
0.4782608695652174
0.43478260869565216
0.6
0.4230769230769231
0.38095238095238093
0.5
0.3939393939393939
0.48
0.4444444444444444
0.5714285714285714
0.3333333333333333
0.5217391304347826
0.7058823529411765
0.5
0.625
0.6923076923076923
0.7
0.65
0.4444444444444444
0.3333333333333333
0.4583333333333333
0.36
0.55
0.44
0.5769230769230769
0.5714285714285714
0.5
0.5
0.44
0.6
0.5294117647058824
0.4642857142857143
0.38095238095238093
0.5
0.44
0.4782608695652174
0.41379310344827586
0.5882352941176471
0.3157894736842105
0.42105263157894735
0.4166666666666667
0.5217391304347826
0.4666666666666667
0.35714285714285715
0.5294117647058824
0.48
0.5238095238095238
0.4782608695652174
0.3055555555555556
0.4444444444444444
0.6190476190476191
0.5
0.46153846153846156
0.5789473684210527
0.5555555555555556
0.56
0.5833333333333334
0.5
0.36363636363636365
0.4166666666666667
0.5882352941176471
0.5
0.5263157894736842
0.5789473684210527
0.5454545454545454
0.6153846153846154
0.4444444444444444
0.45454545454545453
0.5714285714285714
0.45
0.4444444444444444
0.5294117647058824
0.6
0.6111111111111112
0.45454545454545453
0.45454545454545453
0.4642857142857143
0.37037037037037035
0.45161290322580644
0.42424242424242425
0.6875
0.6666666666666666
0.5714285714285714
0.46153846153846156
0.52
0.5
0.4117647058823529
0.5238095238095238
0.6
0.4230769230769231
0.43478260869565216
0.38461538461538464
0.43478260869565216
0.42857142857142855
0.4090909090909091
0.6470588235294118
0.30303030303030304
0.6818181818181818
0.6875
0.5238095238095238
0.38461538461538464
0.55
0.42857142857142855
0.5
0.45454545454545453
0.5882352941176471
0.5217391304347826
0.5172413793103449
0.46153846153846156
0.4782608695652174
0.48
0.47368421052631576
0.36
0.6363636363636364
0.5263157894736842
0.4074074074074074
0.38461538461538464
0.35294117647058826
0.4090909090909091
0.5
0.4166666666666667
0.5238095238095238
0.40625
0.43333333333333335
0.3548387096774194
0.5263157894736842
0.65
0.4166666666666667
0.5185185185185185
0.6666666666666666
0.6111111111111112
0.55
0.5
0.5217391304347826
0.3157894736842105
0.4583333333333333
0.5
0.375
0.5263157894736842
0.6470588235294118
0.5517241379310345
0.52
0.6
0.4166666666666667
0.5625
0.6153846153846154
0.4666666666666667
0.5238095238095238
0.48148148148148145
0.4166666666666667
0.6
0.48148148148148145
0.6666666666666666
0.5454545454545454
0.5714285714285714
0.42857142857142855
0.56
0.5
0.5
0.375
0.42857142857142855
0.5217391304347826
0.44
0.3783783783783784
0.5
0.42857142857142855
0.2903225806451613
0.55
0.47619047619047616
0.4375
0.5263157894736842
0.5789473684210527
0.2903225806451613
0.6363636363636364
0.4444444444444444
0.5833333333333334
0.5
0.42857142857142855
0.5
0.45454545454545453
0.55
0.6428571428571429
0.5714285714285714
0.52
0.2647058823529412
0.6
0.36363636363636365
0.48
0.625
0.625
0.5
0.5714285714285714
0.5294117647058824
0.4838709677419355
0.625
0.5416666666666666
0.5357142857142857
0.47619047619047616
0.45454545454545453
0.42424242424242425
0.6111111111111112
0.30434782608695654
0.6
0.5238095238095238
0.43478260869565216
0.3684210526315789
0.42857142857142855
0.47619047619047616
0.625
0.4444444444444444
0.6153846153846154
0.5238095238095238
0.4444444444444444
0.43478260869565216
0.42105263157894735
0.6666666666666666
0.3783783783783784
0.3548387096774194
0.5652173913043478
0.4
0.5555555555555556
0.36666666666666664
0.631578947368421
0.3870967741935484
0.5625
0.5185185185185185
0.47619047619047616
0.36363636363636365
0.5714285714285714
0.5
0.4
0.48148148148148145
0.5882352941176471
0.4090909090909091
0.8125
0.5
0.5454545454545454
0.5625
0.5333333333333333
0.7333333333333333
0.6190476190476191
0.3448275862068966
0.5789473684210527
0.5555555555555556
0.3333333333333333
0.47619047619047616
0.5
