0.20689655172413796
0.11111111111111112
0.2769230769230769
0.08333333333333334
0.22580645161290322
0.126984126984127
0.22222222222222224
0.07142857142857144
0.14545454545454545
0.20588235294117646
0.26229508196721313
0.18750000000000003
0.22641509433962265
0.28571428571428575
0.21212121212121213
0.21428571428571427
0.1090909090909091
0.06451612903225808
0.3
0.125
0.20689655172413796
0.22222222222222224
0.19672131147540983
0.20338983050847456
0.16129032258064516
0.11320754716981132
0.16393442622950818
0.22950819672131148
0.19354838709677422
0.1904761904761905
0.07017543859649124
0.22950819672131148
0.16949152542372883
0.2580645161290323
0.303030303030303
0.3333333333333333
0.16949152542372883
0.10526315789473685
0.12
0.2456140350877193
0.1851851851851852
0.28571428571428575
0.19672131147540983
0.18867924528301885
0.20000000000000004
0.11320754716981132
0.21874999999999997
0.13333333333333333
0.2105263157894737
0.26666666666666666
0.14035087719298248
0.20289855072463772
0.2413793103448276
0.26415094339622636
0.12
0.19444444444444445
0.1791044776119403
0.11111111111111112
0.23529411764705882
0.13114754098360656
0.22580645161290322
0.14285714285714288
0.14035087719298248
0.11320754716981132
0.1090909090909091
0.33333333333333326
0.29508196721311475
0.2181818181818182
0.18461538461538463
0.1851851851851852
0.06666666666666667
0.3142857142857143
0.06666666666666667
0.14285714285714288
0.25
0.22222222222222224
0.32142857142857145
0.17543859649122806
0.30769230769230765
0.22580645161290322
0.2758620689655172
0.125
0.2545454545454545
0.23728813559322037
0.26865671641791045
0.2909090909090909
0.28125
0.19672131147540983
0.2413793103448276
0.0392156862745098
0.22950819672131148
0.17857142857142855
0.16666666666666666
0.19672131147540983
0.11111111111111112
0.28571428571428575
0.16129032258064516
0.2105263157894737
0.19354838709677422
0.16949152542372883
0.16393442622950818
0.3333333333333333
0.1791044776119403
0.17857142857142855
0.2105263157894737
0.20689655172413796
0.0634920634920635
0.20689655172413796
0.16393442622950818
0.11940298507462686
0.1818181818181818
0.14814814814814814
0.3225806451612903
0.28169014084507044
0.09375000000000001
0.20000000000000004
0.14285714285714288
0.2535211267605634
0.2413793103448276
0.20588235294117646
0.11764705882352941
0.16949152542372883
0.1818181818181818
0.25
0.13114754098360656
0.2727272727272727
0.17857142857142855
0.18867924528301885
0.10344827586206898
0.1904761904761905
0.13114754098360656
0.25
0.10344827586206898
0.14285714285714288
0.21212121212121213
0.2456140350877193
0.14285714285714288
0.23333333333333334
0.2424242424242424
0.2105263157894737
0.33962264150943394
0.16129032258064516
0.26865671641791045
0.2909090909090909
0.10526315789473685
0.126984126984127
0.10714285714285714
0.1090909090909091
0.3448275862068965
0.23333333333333334
0.21428571428571427
0.2909090909090909
0.16129032258064516
0.10714285714285714
0.11320754716981132
0.0689655172413793
0.14035087719298248
0.22222222222222224
0.21874999999999997
0.25
0.15873015873015872
0.2
0.21428571428571427
0.30769230769230765
0.16129032258064516
0.17857142857142855
0.2413793103448276
0.23333333333333334
0.13043478260869568
0.07547169811320756
0.32786885245901637
0.3333333333333333
0.07017543859649124
0.3548387096774193
0.18750000000000003
0.0689655172413793
0.17241379310344826
0.3125
0.23333333333333334
0.16393442622950818
0.21212121212121213
0.4067796610169491
0.21428571428571427
0.20338983050847456
0.17543859649122806
0.1851851851851852
0.26229508196721313
0.13333333333333333
0.22222222222222224
0.18750000000000003
0.25
0.0625
0.2758620689655172
0.12903225806451615
0.22222222222222224
0.21874999999999997
0.14285714285714288
0.14545454545454545
0.10344827586206898
0.273972602739726
0.2153846153846154
0.23728813559322037
0.13114754098360656
0.17543859649122806
0.3050847457627119
0.23880597014925373
0.12
0.32142857142857145
0.2727272727272727
0.2153846153846154
0.2413793103448276
0.13333333333333333
0.2592592592592593
0.2580645161290323
0.2153846153846154
0.1818181818181818
0.31746031746031744
0.17241379310344826
0.19354838709677422
0.22641509433962265
0.3548387096774193
0.26229508196721313
0.19354838709677422
0.21874999999999997
0.2711864406779661
0.09523809523809525
0.15625
0.20000000000000004
0.21428571428571427
0.2222222222222222
0.14285714285714288
0.24615384615384614
0.26865671641791045
0.1904761904761905
0.22222222222222224
0.15873015873015872
0.19672131147540983
0.14285714285714288
0.16666666666666666
0.07142857142857144
0.10169491525423728
0.3
0.09375000000000001
0.16129032258064516
0.17391304347826086
0.23333333333333334
0.3125
0.28571428571428564
0.19672131147540983
0.20689655172413796
0.14545454545454545
0.28070175438596495
0.09523809523809525
0.21874999999999997
0.16393442622950818
0.13114754098360656
0.2580645161290323
0.28070175438596495
0.14035087719298248
0.15625
0.16949152542372883
0.10169491525423728
0.1851851851851852
0.14035087719298248
0.2769230769230769
0.1891891891891892
0.19354838709677422
0.21874999999999997
0.037037037037037035
0.20000000000000004
0.17241379310344826
0.36619718309859156
0.15873015873015872
0.28
0.26229508196721313
0.21874999999999997
0.17857142857142855
0.2413793103448276
0.25
0.29508196721311475
0.17241379310344826
0.32786885245901637
0.16949152542372883
0.253968253968254
0.19672131147540983
0.14925373134328357
0.28070175438596495
0.1090909090909091
0.1568627450980392
0.23333333333333334
0.13333333333333333
0.16129032258064516
0.2153846153846154
0.26229508196721313
0.15384615384615383
0.18750000000000003
0.14545454545454545
0.2711864406779661
0.28125
0.09836065573770492
0.28070175438596495
0.20000000000000004
0.12307692307692307
0.2105263157894737
0.13114754098360656
0.23880597014925373
0.2413793103448276
0.16949152542372883
0.14925373134328357
0.14035087719298248
0.18750000000000003
0.20289855072463772
0.10714285714285714
0.14285714285714288
0.12
0.29411764705882354
0.14285714285714288
0.2592592592592593
0.31884057971014496
0.3103448275862069
0.24
0.3225806451612903
0.17241379310344826
0.1818181818181818
0.16393442622950818
0.20588235294117646
0.12903225806451615
0.21212121212121213
0.2711864406779661
0.13559322033898305
0.18867924528301885
0.14035087719298248
0.2
0.3333333333333333
0.19607843137254902
0.14285714285714288
0.17241379310344826
0.03448275862068965
0.16949152542372883
0.22580645161290322
0.23529411764705882
0.18750000000000003
0.18867924528301885
0.20000000000000004
0.21428571428571427
0.2181818181818182
0.20338983050847456
0.17241379310344826
0.18750000000000003
0.28571428571428575
0.09836065573770492
0.26666666666666666
0.20000000000000004
0.1818181818181818
0.10344827586206898
0.14035087719298248
0.2580645161290323
0.16
0.13559322033898305
0.20289855072463772
0.23728813559322037
0.20338983050847456
0.0784313725490196
0.22580645161290322
0.17543859649122806
0.17857142857142855
0.2711864406779661
0.1851851851851852
0.17543859649122806
0.22222222222222224
0.14285714285714288
0.1379310344827586
0.14035087719298248
0.15384615384615383
0.1818181818181818
0.1791044776119403
0.06557377049180328
0.0392156862745098
0.20338983050847456
0.21874999999999997
0.2727272727272727
0.16393442622950818
0.18750000000000003
0.10344827586206898
0.20000000000000004
0.27450980392156865
0.21874999999999997
0.24615384615384614
0.2592592592592593
0.126984126984127
0.1515151515151515
0.17241379310344826
0.07692307692307691
0.2318840579710145
0.26666666666666666
0.2711864406779661
0.3157894736842105
0.15094339622641512
0.07407407407407407
0.2040816326530612
0.23333333333333334
0.14814814814814814
0.19354838709677422
0.11111111111111112
0.23880597014925373
0.2711864406779661
0.2181818181818182
0.29032258064516125
0.14545454545454545
0.23333333333333334
0.17543859649122806
0.1851851851851852
0.21874999999999997
0.20689655172413796
0.2456140350877193
0.20289855072463772
0.20588235294117646
0.10714285714285714
0.2153846153846154
0.15625
0.26415094339622636
0.15094339622641512
0.23076923076923075
0.20000000000000004
0.3492063492063492
0.20588235294117646
0.1818181818181818
0.3384615384615384
0.09230769230769231
0.2413793103448276
0.20000000000000004
0.1818181818181818
0.18461538461538463
0.14545454545454545
0.22950819672131148
0.0909090909090909
0.20000000000000004
0.208955223880597
0.26865671641791045
0.07692307692307691
0.16949152542372883
0.13114754098360656
0.24615384615384614
0.25
0.2777777777777778
0.3050847457627119
0.22222222222222224
0.1851851851851852
0.13114754098360656
0.4137931034482759
0.17543859649122806
0.14545454545454545
0.14545454545454545
0.18461538461538463
0.208955223880597
0.2857142857142857
0.21874999999999997
0.14285714285714288
0.09677419354838711
0.22950819672131148
0.19672131147540983
0.303030303030303
0.19354838709677422
0.12903225806451615
0.26865671641791045
0.23880597014925373
0.19354838709677422
0.16666666666666666
0.17857142857142855
0.2711864406779661
0.2456140350877193
0.22222222222222224
0.17241379310344826
0.2181818181818182
0.2727272727272727
0.23728813559322037
0.26229508196721313
0.16949152542372883
0.14814814814814814
0.3050847457627119
0.15384615384615383
0.4126984126984127
0.125
0.29032258064516125
0.126984126984127
0.07142857142857144
0.19607843137254902
0.2711864406779661
0.14035087719298248
0.13333333333333333
0.2181818181818182
0.14492753623188406
0.09523809523809525
0.19672131147540983
0.22222222222222224
0.16
0.253968253968254
0.20338983050847456
0.2592592592592593
0.15873015873015872
