0.7577777777777778
0.7101388888888889
0.6791666666666667
0.7056944444444445
0.7733333333333332
0.7147222222222223
0.7005555555555556
0.7073611111111111
0.7179166666666666
0.7883333333333333
0.747361111111111
0.7197222222222223
0.7447222222222223
0.7380555555555555
0.6709722222222222
0.7697222222222222
0.71
0.7186111111111111
0.7820833333333335
0.73375
0.7038888888888889
0.7418055555555555
0.6904166666666667
0.6988888888888889
0.6888888888888888
0.7598611111111111
0.7730555555555556
0.7486111111111112
0.6655555555555556
0.7813888888888889
0.7218055555555556
0.7205555555555555
0.73125
0.6445833333333333
0.7290277777777779
0.7047222222222222
0.7769444444444444
0.7419444444444445
0.7336111111111111
0.7230555555555556
0.7280555555555556
0.7072222222222223
0.7397222222222223
0.7156944444444444
0.7851388888888888
0.7393055555555555
0.75875
0.6451388888888889
0.7669444444444444
0.7279166666666667
0.7216666666666667
0.6691666666666667
0.7058333333333333
0.7008333333333334
0.7422222222222222
0.7243055555555555
0.6897222222222222
0.6925
0.7363888888888889
0.7763888888888889
0.7427777777777778
0.7655555555555555
0.7395833333333334
0.7327777777777779
0.7324999999999999
0.7347222222222224
0.765
0.6823611111111111
0.7658333333333334
0.7566666666666667
0.6988888888888888
0.7598611111111111
0.7405555555555555
0.72
0.6913888888888888
0.6856944444444445
0.738611111111111
0.7009722222222223
0.6911111111111111
0.7808333333333334
0.7423611111111111
0.7315277777777779
0.7343055555555557
0.7755555555555556
0.7993055555555556
0.7333333333333334
0.7097222222222224
0.7454166666666666
0.7227777777777777
0.70375
0.7179166666666666
0.7293055555555555
0.6991666666666666
0.7244444444444446
0.7309722222222221
0.7937500000000001
0.7727777777777778
0.6825000000000001
0.7472222222222222
0.7127777777777777
0.7391666666666667
0.7318055555555556
0.7162499999999999
0.7044444444444444
0.7791666666666667
0.7590277777777777
0.7283333333333334
0.7279166666666665
0.7422222222222222
0.7338888888888889
0.7630555555555556
0.7133333333333334
0.7688888888888888
0.7411111111111113
0.7619444444444445
0.689861111111111
0.7209722222222221
0.7209722222222223
0.7249999999999999
0.7065277777777779
0.7419444444444445
0.7616666666666667
0.7526388888888889
0.7315277777777779
0.7961111111111112
0.7205555555555556
0.72875
0.7106944444444444
0.7455555555555555
0.7286111111111111
0.7633333333333333
0.758888888888889
0.701388888888889
0.6856944444444444
0.7316666666666667
0.7841666666666667
0.7294444444444445
0.7655555555555557
0.7162499999999999
0.7459722222222221
0.6727777777777777
0.7134722222222223
0.7280555555555556
0.6883333333333334
0.7244444444444444
0.7202777777777778
0.7725000000000001
0.7013888888888888
0.716388888888889
0.7288888888888889
0.7322222222222222
0.6802777777777779
0.7072222222222222
0.6991666666666667
0.7527777777777778
0.7283333333333335
0.7647222222222222
0.7363888888888889
0.6952777777777778
0.7011111111111111
0.7140277777777777
0.7427777777777778
0.7294444444444445
0.6643055555555555
0.721111111111111
0.7280555555555556
0.7231944444444445
0.6416666666666667
0.7069444444444444
0.6920833333333333
0.7425
0.7119444444444445
0.7427777777777779
0.7445833333333333
0.6623611111111112
0.68875
0.7184722222222222
0.701388888888889
0.7566666666666666
0.6587500000000001
0.7027777777777778
0.7504166666666666
0.7423611111111111
0.7558333333333332
0.7563888888888889
0.72125
0.7440277777777777
0.77
0.7090277777777778
0.7294444444444445
0.72625
0.7594444444444444
0.7416666666666666
0.7233333333333333
0.7429166666666668
0.72875
0.7269444444444444
0.7297222222222223
0.7669444444444445
0.7033333333333333
0.7655555555555555
0.6925
0.8283333333333334
0.7602777777777778
0.7434722222222222
0.7030555555555557
0.7609722222222223
0.6830555555555555
0.7647222222222222
0.6997222222222222
0.7811111111111112
0.7494444444444444
0.7243055555555555
0.6955555555555556
0.7336111111111112
0.7566666666666665
0.7579166666666667
0.6941666666666666
0.7379166666666666
0.7448611111111111
0.725
0.7606944444444446
0.7302777777777778
0.7602777777777778
0.7719444444444444
0.7397222222222223
0.7227777777777779
0.7280555555555556
0.7709722222222222
0.7486111111111111
0.7608333333333334
0.7615277777777778
0.7283333333333334
0.7605555555555555
0.7526388888888889
0.775
0.7131944444444444
0.7377777777777778
0.6855555555555556
0.6925000000000001
0.7494444444444445
0.7127777777777777
0.7280555555555556
0.7601388888888888
0.6811111111111111
0.7194444444444444
0.7723611111111112
0.7448611111111111
0.6765277777777777
0.69875
0.7404166666666666
0.7472222222222222
0.7284722222222223
0.6901388888888889
0.741388888888889
0.7783333333333333
0.6690277777777778
0.7705555555555555
0.745
0.7451388888888889
0.763888888888889
0.7343055555555555
0.7822222222222223
0.7641666666666665
0.7497222222222223
0.7327777777777778
0.7061111111111112
0.7677777777777778
0.7629166666666667
0.7447222222222223
0.8009722222222222
0.7184722222222222
0.7004166666666666
0.7630555555555556
0.6993055555555555
0.6301388888888888
0.6727777777777777
0.7159722222222222
0.7226388888888888
0.6951388888888889
0.6811111111111111
0.7211111111111111
0.7711111111111112
0.7777777777777779
0.6952777777777778
0.7127777777777777
0.7079166666666666
0.7577777777777778
0.7156944444444444
0.7194444444444444
0.6411111111111112
0.7508333333333332
0.6887500000000001
0.715
0.7305555555555555
0.7458333333333335
0.6852777777777779
0.6225
0.7470833333333333
0.7433333333333333
0.7100000000000001
0.6783333333333332
0.7269444444444445
0.7279166666666668
0.75875
0.7563888888888888
0.6675
0.6654166666666668
0.7433333333333334
0.7272222222222222
0.7680555555555555
0.6688888888888889
0.7290277777777778
0.7841666666666667
0.7580555555555555
0.7048611111111112
0.6911111111111111
0.7323611111111112
0.7397222222222222
0.6927777777777777
0.7052777777777778
0.7363888888888889
0.7274999999999999
0.73125
0.7077777777777777
0.7516666666666667
0.7327777777777778
0.6945833333333333
0.73375
0.7280555555555557
0.7238888888888889
0.7608333333333334
0.7129166666666666
0.7320833333333334
0.7369444444444444
0.6938888888888889
0.75875
0.7372222222222222
0.7015277777777778
0.7347222222222223
0.7601388888888889
0.7075
0.7237500000000001
0.716388888888889
0.6950000000000001
0.6983333333333333
0.73375
0.6800000000000002
0.7045833333333332
0.7256944444444444
0.75125
0.7705555555555557
0.7084722222222222
0.6884722222222223
0.7622222222222224
0.6858333333333334
0.7076388888888889
0.749861111111111
0.7368055555555557
0.731111111111111
0.7415277777777778
0.8033333333333333
0.7105555555555556
0.7381944444444445
0.7333333333333335
0.7183333333333333
0.7494444444444445
0.672638888888889
0.7188888888888889
0.71375
0.7126388888888889
0.7394444444444446
0.6952777777777778
0.6802777777777778
0.7026388888888889
0.6940277777777778
0.7375
0.7133333333333334
0.7251388888888889
0.762638888888889
0.7005555555555556
0.7570833333333334
0.7416666666666667
0.7169444444444445
0.6863888888888889
0.7174999999999999
0.7791666666666666
0.7356944444444444
0.6586111111111111
0.7261111111111112
0.6875
0.7451388888888889
0.7263888888888889
0.7711111111111112
0.78875
0.7913888888888888
0.7186111111111112
0.7433333333333333
0.7902777777777777
0.6591666666666668
0.8018055555555557
0.7183333333333333
0.7416666666666667
0.6848611111111113
0.7094444444444444
0.7325000000000002
0.7523611111111111
0.6890277777777778
0.7206944444444445
0.7486111111111111
0.7016666666666667
0.7241666666666667
0.7558333333333334
0.7844444444444445
0.7141666666666667
0.7194444444444443
0.7613888888888889
0.7472222222222223
0.7488888888888889
0.6863888888888889
0.7438888888888888
0.7154166666666666
0.7244444444444444
0.7456944444444444
0.6922222222222222
0.6834722222222223
0.6836111111111112
0.7286111111111111
0.7506944444444446
0.7808333333333334
0.6936111111111112
0.7319444444444445
0.7666666666666667
0.795
0.7744444444444445
0.7181944444444445
0.745
0.8245833333333333
0.7141666666666667
0.6780555555555555
0.6979166666666667
0.76625
0.7144444444444444
0.7791666666666667
0.7366666666666667
0.7718055555555556
0.7622222222222222
0.7401388888888889
0.7397222222222222
0.7538888888888889
0.7725
0.6927777777777777
0.7818055555555555
0.7454166666666667
0.7434722222222223
0.7452777777777777
0.7062499999999999
0.7245833333333332
0.7429166666666668
0.7298611111111112
0.7704166666666667
0.6863888888888888
0.742638888888889
0.7466666666666666
0.8123611111111111
0.7118055555555556
0.7280555555555556
0.7238888888888889
0.6908333333333333
0.7252777777777779
0.7340277777777778
0.736388888888889
0.6936111111111112
0.6849999999999999
0.7430555555555556
0.7452777777777778
0.7109722222222222
0.7405555555555556
0.7336111111111111
0.7286111111111112
0.7602777777777778
0.7025
0.7118055555555555
0.7236111111111111
0.7375
0.6743055555555556
0.7030555555555555
0.6711111111111111
0.6955555555555556
0.7420833333333333
0.6918055555555556
0.7394444444444443
0.7236111111111111
0.757638888888889
0.7443055555555556
0.7027777777777778
0.6894444444444444
0.6693055555555556
0.7120833333333334
0.701111111111111
