0.7531944444444445
0.7251388888888889
0.7627777777777778
0.7097222222222221
0.753611111111111
0.7329166666666667
0.7504166666666667
0.7286111111111111
0.7606944444444446
0.7193055555555556
0.7598611111111111
0.7501388888888889
0.73375
0.7298611111111111
0.6886111111111111
0.7052777777777777
0.6943055555555555
0.7234722222222223
0.7202777777777778
0.7244444444444444
0.7161111111111111
0.7334722222222223
0.6725
0.7141666666666666
0.7705555555555555
0.7769444444444444
0.7441666666666666
0.7670833333333333
0.6854166666666667
0.8041666666666667
0.6361111111111112
0.6818055555555556
0.7377777777777779
0.6605555555555556
0.7550000000000001
0.7758333333333334
0.6943055555555555
0.7061111111111111
0.6816666666666666
0.6831944444444444
0.6631944444444444
0.7077777777777778
0.7412500000000001
0.7147222222222223
0.7959722222222223
0.7490277777777777
0.7474999999999999
0.6318055555555555
0.7461111111111112
0.6912499999999999
0.7006944444444444
0.6875
0.7190277777777778
0.7097222222222221
0.6977777777777778
0.7286111111111111
0.7001388888888889
0.7226388888888889
0.7799999999999999
0.7491666666666666
0.7702777777777778
0.7080555555555557
0.709861111111111
0.737638888888889
0.7304166666666667
0.742361111111111
0.736388888888889
0.7020833333333334
0.7534722222222221
0.7511111111111112
0.7531944444444444
0.7675
0.7863888888888889
0.727638888888889
0.7561111111111111
0.6994444444444445
0.7294444444444445
0.7383333333333333
0.7222222222222222
0.7511111111111111
0.7488888888888889
0.7597222222222222
0.7294444444444445
0.6658333333333333
0.7941666666666667
0.7144444444444444
0.6875
0.6666666666666667
0.7151388888888889
0.7672222222222222
0.73875
0.6731944444444444
0.7220833333333333
0.7025
0.7431944444444445
0.7454166666666666
0.7527777777777778
0.665138888888889
0.6841666666666667
0.7231944444444445
0.7213888888888889
0.7522222222222221
0.6801388888888888
0.6431944444444444
0.7525
0.7461111111111112
0.7209722222222223
0.6936111111111112
0.7179166666666668
0.7191666666666666
0.7823611111111111
0.7525000000000001
0.7377777777777776
0.7247222222222223
0.7715277777777778
0.7419444444444445
0.73125
0.7225
0.7319444444444445
0.7170833333333333
0.7208333333333333
0.7270833333333333
0.7575000000000001
0.7341666666666666
0.7716666666666666
0.7275
0.7381944444444444
0.7480555555555556
0.7502777777777778
0.6947222222222222
0.7597222222222222
0.7266666666666667
0.7125
0.71625
0.7486111111111111
0.7327777777777778
0.7745833333333333
0.7072222222222222
0.7356944444444444
0.7015277777777778
0.6906944444444444
0.7150000000000001
0.6872222222222222
0.7104166666666667
0.6555555555555556
0.7072222222222222
0.7379166666666667
0.7266666666666667
0.7362500000000001
0.6880555555555555
0.7345833333333334
0.7180555555555557
0.7658333333333334
0.6938888888888889
0.7262500000000001
0.7161111111111111
0.7241666666666666
0.7216666666666667
0.7090277777777778
0.6741666666666667
0.7054166666666666
0.709861111111111
0.7215277777777778
0.6906944444444445
0.7281944444444444
0.7402777777777778
0.7266666666666667
0.6908333333333333
0.7048611111111112
0.7463888888888889
0.6920833333333334
0.74875
0.7327777777777778
0.7176388888888889
0.6980555555555555
0.6891666666666667
0.7262500000000001
0.7106944444444445
0.7012499999999999
0.6798611111111111
0.7105555555555556
0.6858333333333333
0.7483333333333333
0.7068055555555555
0.6919444444444445
0.7427777777777778
0.6737500000000001
0.758888888888889
0.7672222222222222
0.7451388888888889
0.6993055555555556
0.71875
0.7322222222222223
0.7176388888888889
0.7505555555555555
0.7319444444444445
0.7790277777777779
0.7262500000000001
0.7601388888888889
0.6520833333333333
0.7181944444444445
0.7034722222222222
0.741111111111111
0.7595833333333333
0.725
0.7398611111111111
0.7401388888888889
0.7045833333333333
0.7220833333333332
0.6713888888888888
0.7505555555555555
0.7019444444444445
0.7234722222222223
0.7413888888888889
0.742638888888889
0.7523611111111111
0.7411111111111112
0.7031944444444445
0.6876388888888889
0.7322222222222222
0.7198611111111111
0.731111111111111
0.768611111111111
0.7302777777777778
0.7802777777777778
0.7298611111111111
0.7527777777777778
0.7324999999999999
0.75
0.731111111111111
0.7390277777777778
0.7270833333333334
0.7134722222222222
0.7323611111111111
0.7719444444444445
0.6997222222222222
0.7152777777777778
0.6727777777777777
0.6844444444444444
0.7134722222222223
0.7744444444444444
0.7563888888888889
0.7484722222222222
0.7601388888888889
0.7284722222222222
0.6818055555555556
0.7350000000000001
0.6904166666666667
0.7380555555555555
0.6983333333333334
0.6845833333333333
0.7158333333333333
0.7298611111111111
0.6770833333333333
0.6944444444444444
0.7329166666666667
0.7066666666666666
0.7380555555555556
0.72
0.6976388888888889
0.7770833333333333
0.7348611111111112
0.7286111111111111
0.7741666666666667
0.7381944444444444
0.7613888888888889
0.7459722222222223
0.7345833333333334
0.7566666666666667
0.7398611111111111
0.7031944444444445
0.7833333333333334
0.7094444444444444
0.7080555555555555
0.6880555555555555
0.668611111111111
0.6941666666666666
0.7208333333333334
0.7511111111111111
0.6968055555555557
0.6719444444444445
0.7109722222222223
0.8069444444444445
0.7219444444444445
0.6463888888888889
0.7216666666666667
0.7230555555555556
0.6763888888888889
0.74125
0.7204166666666667
0.7236111111111111
0.7448611111111112
0.7186111111111111
0.6802777777777778
0.7691666666666667
0.693888888888889
0.7454166666666666
0.6884722222222222
0.7923611111111111
0.7188888888888889
0.6986111111111111
0.6955555555555555
0.74125
0.7666666666666666
0.7045833333333333
0.7323611111111111
0.7238888888888888
0.7273611111111111
0.7773611111111112
0.7419444444444445
0.7345833333333334
0.7075
0.788888888888889
0.7622222222222222
0.7204166666666667
0.7252777777777777
0.6541666666666667
0.7280555555555557
0.7505555555555555
0.6909722222222223
0.6984722222222222
0.7545833333333334
0.7279166666666665
0.7286111111111111
0.6988888888888889
0.7366666666666667
0.6968055555555556
0.6427777777777778
0.7169444444444445
0.7359722222222222
0.7005555555555556
0.7229166666666667
0.7372222222222222
0.7352777777777778
0.7679166666666666
0.6979166666666666
0.7463888888888889
0.7152777777777779
0.7209722222222221
0.7375
0.7844444444444445
0.7222222222222223
0.7322222222222222
0.7037500000000001
0.6697222222222222
0.675
0.7256944444444444
0.6894444444444445
0.7043055555555557
0.7544444444444445
0.6965277777777777
0.7418055555555556
0.7223611111111111
0.678611111111111
0.7270833333333334
0.6901388888888889
0.7324999999999999
0.6844444444444444
0.6945833333333333
0.7359722222222222
0.7252777777777777
0.7698611111111111
0.7347222222222223
0.71875
0.7251388888888889
0.6740277777777778
0.7402777777777778
0.6829166666666666
0.7195833333333335
0.6995833333333333
0.7237500000000001
0.7034722222222223
0.6504166666666666
0.7056944444444444
0.7458333333333333
0.6870833333333335
0.6681944444444444
0.7019444444444445
0.7513888888888889
0.7190277777777777
0.7201388888888889
0.7341666666666666
0.7661111111111112
0.7416666666666667
0.6843055555555555
0.6720833333333334
0.6966666666666668
0.7522222222222223
0.7018055555555556
0.7559722222222223
0.7034722222222222
0.7216666666666667
0.7437499999999999
0.7738888888888888
0.7544444444444445
0.7565277777777777
0.7388888888888889
0.7111111111111112
0.7604166666666666
0.6959722222222222
0.7698611111111111
0.70625
0.7141666666666666
0.73875
0.7118055555555556
0.7459722222222223
0.7327777777777778
0.7030555555555555
0.7226388888888888
0.7183333333333333
0.7636111111111111
0.7204166666666667
0.7326388888888888
0.7145833333333333
0.7231944444444445
0.7705555555555557
0.7526388888888889
0.6909722222222222
0.7808333333333333
0.7006944444444445
0.7440277777777778
0.6776388888888889
0.7277777777777777
0.7527777777777778
0.7766666666666666
0.6369444444444444
0.7108333333333333
0.7525
0.7194444444444444
0.7558333333333334
0.7104166666666667
0.7036111111111112
0.7890277777777778
0.7580555555555555
0.7697222222222222
0.7655555555555555
0.7134722222222223
0.7944444444444444
0.6865277777777778
0.7251388888888889
0.7115277777777778
0.7205555555555556
0.7694444444444446
0.7733333333333332
0.7366666666666667
0.7873611111111112
0.7490277777777777
0.7219444444444445
0.7116666666666667
0.6966666666666667
0.7483333333333333
0.6716666666666666
0.7447222222222222
0.7869444444444444
0.7055555555555555
0.7019444444444445
0.7155555555555555
0.7165277777777778
0.7198611111111111
0.7056944444444444
0.7598611111111111
0.6937500000000001
0.6712499999999999
0.703888888888889
0.7877777777777778
0.7008333333333334
0.7598611111111111
0.7477777777777778
0.6608333333333334
0.7336111111111112
0.6759722222222222
0.6673611111111111
0.6423611111111112
0.7141666666666666
0.7083333333333333
0.7659722222222223
0.7405555555555555
0.7170833333333333
0.7140277777777778
0.7204166666666667
0.7431944444444445
0.6801388888888888
0.7247222222222223
0.6693055555555556
0.7626388888888889
0.6874999999999999
0.6715277777777777
0.7086111111111111
0.6704166666666667
0.71625
0.7147222222222223
0.7345833333333334
0.7166666666666668
0.7326388888888888
0.7154166666666667
0.7108333333333333
0.6968055555555555
0.6983333333333334
0.6784722222222221
0.6722222222222223
