0.6122448979591837
0.41860465116279066
0.3809523809523809
0.37209302325581395
0.2978723404255319
0.4545454545454545
0.41860465116279066
0.41860465116279066
0.47619047619047616
0.3809523809523809
0.35
0.4
0.456140350877193
0.3809523809523809
0.5777777777777778
0.5581395348837209
0.4285714285714285
0.56
0.4285714285714285
0.5238095238095238
0.5416666666666666
0.23809523809523808
0.4888888888888889
0.3829787234042553
0.5199999999999999
0.4
0.4545454545454545
0.30769230769230765
0.31111111111111117
0.5106382978723405
0.21621621621621623
0.5238095238095238
0.43902439024390244
0.2222222222222222
0.41025641025641024
0.5454545454545455
0.2631578947368421
0.32558139534883723
0.28571428571428575
0.37209302325581395
0.35897435897435903
0.45000000000000007
0.5833333333333334
0.45000000000000007
0.47619047619047616
0.37209302325581395
0.4878048780487804
0.43999999999999995
0.32558139534883723
0.32432432432432434
0.5531914893617021
0.4444444444444444
0.41025641025641024
0.4615384615384615
0.36000000000000004
0.45833333333333326
0.37499999999999994
0.4285714285714285
0.41025641025641024
0.31578947368421056
0.41025641025641024
0.5238095238095238
0.42553191489361697
0.3809523809523809
0.27272727272727276
0.4285714285714285
0.43999999999999995
0.41860465116279066
0.4
0.4545454545454545
0.3902439024390244
0.32432432432432434
0.4285714285714285
0.2777777777777778
0.5
0.5
0.4285714285714285
0.5454545454545455
0.42553191489361697
0.4081632653061224
0.5
0.4888888888888889
0.4888888888888889
0.4444444444444444
0.36363636363636365
0.48
0.28070175438596495
0.5
0.34146341463414637
0.1951219512195122
0.5531914893617021
0.3829787234042553
0.5
0.5116279069767441
0.5
0.41860465116279066
0.45000000000000007
0.3809523809523809
0.4090909090909091
0.43902439024390244
0.5957446808510638
0.3902439024390244
0.3684210526315789
0.32558139534883723
0.4444444444444444
0.5
0.5
0.3043478260869565
0.5
0.37837837837837834
0.3902439024390244
0.32558139534883723
0.45833333333333326
0.5
0.4285714285714285
0.37209302325581395
0.35
0.32
0.5
0.41860465116279066
0.4285714285714285
0.2857142857142857
0.3555555555555555
0.45833333333333326
0.4878048780487804
0.5
0.4878048780487804
0.47826086956521735
0.4
0.5
0.35
0.3404255319148936
0.4
0.31111111111111117
0.2916666666666667
0.5833333333333334
0.2413793103448276
0.47619047619047616
0.4918032786885246
0.4
0.5
0.4285714285714285
0.3555555555555555
0.4090909090909091
0.5116279069767441
0.35897435897435903
0.3555555555555555
0.2777777777777778
0.5365853658536585
0.4651162790697674
0.47826086956521735
0.41025641025641024
0.28571428571428575
0.4878048780487804
0.47826086956521735
0.34146341463414637
0.4878048780487804
0.4545454545454545
0.4615384615384615
0.5454545454545455
0.47619047619047616
0.41860465116279066
0.43902439024390244
0.43478260869565216
0.4
0.4090909090909091
0.43478260869565216
0.5238095238095238
0.31111111111111117
0.14285714285714288
0.3684210526315789
0.41025641025641024
0.5283018867924527
0.3181818181818182
0.5238095238095238
0.30769230769230765
0.45833333333333326
0.47826086956521735
0.45000000000000007
0.25
0.47619047619047616
0.45833333333333326
0.43902439024390244
0.37499999999999994
0.29268292682926833
0.37209302325581395
0.30769230769230765
0.3809523809523809
0.4090909090909091
0.3809523809523809
0.3137254901960784
0.46808510638297873
0.5490196078431373
0.2
0.5416666666666666
0.41025641025641024
0.44897959183673464
0.34146341463414637
0.5909090909090909
0.2222222222222222
0.4
0.5106382978723405
0.3555555555555555
0.35897435897435903
0.5365853658536585
0.4444444444444444
0.46808510638297873
0.30769230769230765
0.31111111111111117
0.5909090909090909
0.4615384615384615
0.35897435897435903
0.45000000000000007
0.34146341463414637
0.4651162790697674
0.4897959183673469
0.6382978723404256
0.4651162790697674
0.35897435897435903
0.35897435897435903
0.2631578947368421
0.5
0.5333333333333333
0.4651162790697674
0.576923076923077
0.47826086956521735
0.5833333333333334
0.4285714285714285
0.5199999999999999
0.3928571428571428
0.4878048780487804
0.41025641025641024
0.5199999999999999
0.32558139534883723
0.41860465116279066
0.4545454545454545
0.3902439024390244
0.37209302325581395
0.35897435897435903
0.4651162790697674
0.4
0.0625
0.36363636363636365
0.4285714285714285
0.5199999999999999
0.2564102564102564
0.4
0.5365853658536585
0.4090909090909091
0.47619047619047616
0.4285714285714285
0.5238095238095238
0.06451612903225806
0.3913043478260869
0.37209302325581395
0.6046511627906976
0.5
0.43478260869565216
0.2222222222222222
0.4090909090909091
0.5
0.4
0.34146341463414637
0.32432432432432434
0.33333333333333337
0.4615384615384615
0.5909090909090909
0.43902439024390244
0.4545454545454545
0.37209302325581395
0.5957446808510638
0.45833333333333326
0.4444444444444445
0.3181818181818182
0.32432432432432434
0.3829787234042553
0.31578947368421056
0.4090909090909091
0.35
0.3684210526315789
0.3
0.4651162790697674
0.42553191489361697
0.5909090909090909
0.5454545454545455
0.5
0.5217391304347827
0.47826086956521735
0.45833333333333326
0.29268292682926833
0.30769230769230765
0.35897435897435903
0.37209302325581395
0.2631578947368421
0.41025641025641024
0.45833333333333326
0.5490196078431373
0.33333333333333326
0.5581395348837209
0.4285714285714285
0.30769230769230765
0.43478260869565216
0.3902439024390244
0.4897959183673469
0.2285714285714286
0.47826086956521735
0.41860465116279066
0.25
0.5106382978723405
0.4615384615384615
0.6222222222222223
0.5238095238095238
0.5652173913043479
0.2564102564102564
0.3913043478260869
0.31578947368421056
0.5
0.5714285714285714
0.4
0.4615384615384615
0.35
0.34146341463414637
0.34146341463414637
0.43902439024390244
0.3902439024390244
0.31578947368421056
0.47619047619047616
0.4285714285714285
0.4
0.5581395348837209
0.21621621621621623
0.3478260869565218
0.3902439024390244
0.33333333333333337
0.5777777777777778
0.4074074074074074
0.2439024390243902
0.2439024390243902
0.47619047619047616
0.27906976744186046
0.3809523809523809
0.41860465116279066
0.5
0.30769230769230765
0.2702702702702703
0.35
0.4878048780487804
0.4210526315789474
0.35897435897435903
0.4888888888888889
0.4
0.3913043478260869
0.4444444444444444
0.27906976744186046
0.3181818181818182
0.4545454545454545
0.47619047619047616
0.4444444444444444
0.5217391304347827
0.32432432432432434
0.32558139534883723
0.4878048780487804
0.5652173913043479
0.32558139534883723
0.45000000000000007
0.5777777777777778
0.4285714285714285
0.34146341463414637
0.32558139534883723
0.5
0.35
0.3555555555555555
0.23529411764705882
0.4
0.4651162790697674
0.4888888888888889
0.47619047619047616
0.5
0.3913043478260869
0.43902439024390244
0.32558139534883723
0.5306122448979592
0.3181818181818182
0.5
0.5581395348837209
0.2777777777777778
0.2222222222222222
0.5238095238095238
0.42553191489361697
0.4313725490196078
0.4651162790697674
0.3181818181818182
0.4545454545454545
0.5306122448979592
0.5
0.5199999999999999
0.4444444444444444
0.4615384615384615
0.41025641025641024
0.41025641025641024
0.4545454545454545
0.2777777777777778
0.6808510638297872
0.30769230769230765
0.42553191489361697
0.5238095238095238
0.35897435897435903
0.3902439024390244
0.3684210526315789
0.2631578947368421
0.41860465116279066
0.5238095238095238
0.35897435897435903
0.4285714285714285
0.4651162790697674
0.4651162790697674
0.4651162790697674
0.5106382978723405
0.2631578947368421
0.33333333333333337
0.3902439024390244
0.56
0.27906976744186046
0.43902439024390244
0.4651162790697674
0.4897959183673469
0.33333333333333337
0.4878048780487804
0.5957446808510638
0.4615384615384615
0.4
0.4651162790697674
0.32432432432432434
0.37209302325581395
0.44897959183673464
0.5454545454545455
0.608695652173913
0.5
0.2916666666666667
0.43478260869565216
0.3673469387755102
0.3181818181818182
0.4545454545454545
0.34146341463414637
0.4285714285714285
0.41860465116279066
0.2777777777777778
0.43478260869565216
0.34146341463414637
0.4545454545454545
0.2631578947368421
0.4
0.32432432432432434
0.33333333333333326
0.33333333333333337
0.45000000000000007
0.15789473684210528
0.4888888888888889
0.2702702702702703
0.5
0.4081632653061224
0.4
0.2777777777777778
0.41025641025641024
0.4
0.6
0.45000000000000007
0.3809523809523809
0.26666666666666666
0.4651162790697674
0.2222222222222222
0.2978723404255319
0.35897435897435903
0.33333333333333337
0.4651162790697674
0.4651162790697674
0.3902439024390244
0.45000000000000007
0.5106382978723405
0.5
0.4888888888888889
0.6666666666666666
0.4313725490196078
0.4090909090909091
0.4166666666666667
0.2222222222222222
0.6122448979591837
0.45000000000000007
0.15789473684210528
0.32432432432432434
0.5531914893617021
0.3404255319148936
0.3636363636363636
0.2777777777777778
0.4285714285714285
0.2285714285714286
0.47826086956521735
0.3181818181818182
0.43902439024390244
0.3555555555555555
