0.18333333333333332
0.225
0.13333333333333333
0.24166666666666667
0.23333333333333334
0.25833333333333336
0.15
0.21666666666666667
0.24166666666666667
0.25833333333333336
0.2916666666666667
0.18333333333333332
0.30833333333333335
0.2
0.2
0.2
0.2
0.225
0.30833333333333335
0.19166666666666668
0.24166666666666667
0.325
0.26666666666666666
0.4083333333333333
0.225
0.23333333333333334
0.2916666666666667
0.225
0.23333333333333334
0.15833333333333333
0.175
0.2916666666666667
0.24166666666666667
0.2
0.2833333333333333
0.23333333333333334
0.24166666666666667
0.25
0.15
0.18333333333333332
0.15833333333333333
0.3333333333333333
0.3333333333333333
0.3
0.225
0.325
0.2
0.19166666666666668
0.2
0.3333333333333333
0.4
0.23333333333333334
0.25
0.21666666666666667
0.11666666666666667
0.24166666666666667
0.225
0.225
0.2
0.25833333333333336
0.275
0.23333333333333334
0.23333333333333334
0.2833333333333333
0.24166666666666667
0.26666666666666666
0.3333333333333333
0.275
0.24166666666666667
0.30833333333333335
0.2833333333333333
0.25
0.4083333333333333
0.21666666666666667
0.35
0.19166666666666668
0.26666666666666666
0.3333333333333333
0.2833333333333333
0.25
0.3
0.24166666666666667
0.30833333333333335
0.21666666666666667
0.15833333333333333
0.175
0.26666666666666666
0.26666666666666666
0.30833333333333335
0.225
0.11666666666666667
0.225
0.25
0.26666666666666666
0.225
0.21666666666666667
0.31666666666666665
0.3416666666666667
0.18333333333333332
0.2
0.31666666666666665
0.20833333333333334
0.3
0.21666666666666667
0.2833333333333333
0.19166666666666668
0.14166666666666666
0.25833333333333336
0.18333333333333332
0.16666666666666666
0.26666666666666666
0.275
0.2833333333333333
0.26666666666666666
0.23333333333333334
0.16666666666666666
0.25833333333333336
0.325
0.23333333333333334
0.21666666666666667
0.2833333333333333
0.25833333333333336
0.2916666666666667
0.20833333333333334
0.175
0.3
0.31666666666666665
0.31666666666666665
0.2833333333333333
0.125
0.26666666666666666
0.225
0.2833333333333333
0.23333333333333334
0.2916666666666667
0.38333333333333336
0.19166666666666668
0.18333333333333332
0.25833333333333336
0.25833333333333336
0.2916666666666667
0.25833333333333336
0.15833333333333333
0.325
0.14166666666666666
0.26666666666666666
0.35833333333333334
0.3333333333333333
0.3333333333333333
0.20833333333333334
0.225
0.2
0.3416666666666667
0.225
0.18333333333333332
0.23333333333333334
0.325
0.3416666666666667
0.275
0.38333333333333336
0.25833333333333336
0.3
0.21666666666666667
0.2833333333333333
0.2
0.325
0.18333333333333332
0.2
0.3
0.25833333333333336
0.19166666666666668
0.20833333333333334
0.275
0.275
0.35833333333333334
0.23333333333333334
0.20833333333333334
0.21666666666666667
0.23333333333333334
0.275
0.3
0.2
0.23333333333333334
0.2833333333333333
0.18333333333333332
0.20833333333333334
0.24166666666666667
0.225
0.25833333333333336
0.15
0.325
0.16666666666666666
0.3333333333333333
0.25833333333333336
0.225
0.24166666666666667
0.20833333333333334
0.25
0.25
0.21666666666666667
0.3333333333333333
0.25
0.25
0.3
0.21666666666666667
0.24166666666666667
0.3416666666666667
0.275
0.23333333333333334
0.20833333333333334
0.20833333333333334
0.36666666666666664
0.2
0.25833333333333336
0.30833333333333335
0.375
0.275
0.18333333333333332
0.325
0.19166666666666668
0.21666666666666667
0.225
0.25
0.19166666666666668
0.26666666666666666
0.15833333333333333
0.2
0.225
0.35
0.36666666666666664
0.4
0.21666666666666667
0.2
0.2833333333333333
0.23333333333333334
0.225
0.13333333333333333
0.35
0.20833333333333334
0.26666666666666666
0.18333333333333332
0.15
0.18333333333333332
0.31666666666666665
0.275
0.275
0.25
0.3
0.2916666666666667
0.21666666666666667
0.21666666666666667
0.16666666666666666
0.225
0.35833333333333334
0.20833333333333334
0.20833333333333334
0.21666666666666667
0.225
0.21666666666666667
0.3
0.31666666666666665
0.2833333333333333
0.3
0.16666666666666666
0.25
0.26666666666666666
0.15833333333333333
0.20833333333333334
0.225
0.24166666666666667
0.275
0.25833333333333336
0.18333333333333332
0.2
0.19166666666666668
0.24166666666666667
0.35
0.2916666666666667
0.4083333333333333
0.3
0.21666666666666667
0.26666666666666666
0.2833333333333333
0.14166666666666666
0.3
0.3333333333333333
0.21666666666666667
0.2
0.3333333333333333
0.225
0.225
0.21666666666666667
0.23333333333333334
0.20833333333333334
0.25
0.3
0.275
0.3
0.30833333333333335
0.25
0.225
0.21666666666666667
0.15
0.24166666666666667
0.24166666666666667
0.2
0.3
0.4083333333333333
0.25
0.2916666666666667
0.11666666666666667
0.35
0.31666666666666665
0.26666666666666666
0.3
0.19166666666666668
0.35833333333333334
0.3
0.35833333333333334
0.13333333333333333
0.2916666666666667
0.25833333333333336
0.3416666666666667
0.31666666666666665
0.2916666666666667
0.20833333333333334
0.2916666666666667
0.2916666666666667
0.21666666666666667
0.26666666666666666
0.225
0.23333333333333334
0.2916666666666667
0.225
0.35
0.2833333333333333
0.25833333333333336
0.20833333333333334
0.31666666666666665
0.25833333333333336
0.175
0.25
0.2833333333333333
0.2833333333333333
0.11666666666666667
0.225
0.35833333333333334
0.16666666666666666
0.26666666666666666
0.15
0.23333333333333334
0.19166666666666668
0.3416666666666667
0.2833333333333333
0.25
0.20833333333333334
0.21666666666666667
0.31666666666666665
0.2
0.25833333333333336
0.3416666666666667
0.24166666666666667
0.3
0.24166666666666667
0.325
0.18333333333333332
0.175
0.19166666666666668
0.3416666666666667
0.275
0.25833333333333336
0.3
0.16666666666666666
0.2833333333333333
0.375
0.20833333333333334
0.2833333333333333
0.35833333333333334
0.24166666666666667
0.2
0.20833333333333334
0.25
0.275
0.2
0.18333333333333332
0.2
0.16666666666666666
0.3333333333333333
0.25
0.30833333333333335
0.2916666666666667
0.2916666666666667
0.19166666666666668
0.2833333333333333
0.15
0.225
0.3
0.24166666666666667
0.24166666666666667
0.18333333333333332
0.225
0.175
0.20833333333333334
0.225
0.26666666666666666
0.275
0.25
0.20833333333333334
0.3
0.23333333333333334
0.2
0.31666666666666665
0.2916666666666667
0.3333333333333333
0.21666666666666667
0.21666666666666667
0.19166666666666668
0.3416666666666667
0.24166666666666667
0.23333333333333334
0.2833333333333333
0.25833333333333336
0.30833333333333335
0.39166666666666666
0.30833333333333335
0.275
0.2916666666666667
0.25833333333333336
0.21666666666666667
0.25833333333333336
0.30833333333333335
0.15833333333333333
0.225
0.225
0.21666666666666667
0.19166666666666668
0.20833333333333334
0.30833333333333335
0.23333333333333334
0.24166666666666667
0.225
0.225
0.26666666666666666
0.15
0.225
0.19166666666666668
0.2833333333333333
0.3
0.125
0.18333333333333332
0.275
0.225
0.24166666666666667
0.225
0.25833333333333336
0.26666666666666666
0.2
0.31666666666666665
0.30833333333333335
0.25
0.20833333333333334
0.25833333333333336
0.23333333333333334
0.25
0.24166666666666667
0.23333333333333334
0.2
0.2916666666666667
0.2
0.2916666666666667
0.25
0.21666666666666667
0.15833333333333333
0.275
0.30833333333333335
0.325
0.26666666666666666
0.35
0.21666666666666667
0.375
0.24166666666666667
0.26666666666666666
0.23333333333333334
0.16666666666666666
0.19166666666666668
0.325
0.3
0.21666666666666667
0.175
0.2
0.3416666666666667
0.14166666666666666
0.25
0.23333333333333334
0.225
0.3333333333333333
0.225
0.3
0.25833333333333336
0.18333333333333332
