0.7943055555555555
0.6868055555555557
0.7772222222222223
0.8323611111111111
0.7618055555555556
0.8111111111111112
0.7355555555555556
0.6445833333333333
0.7798611111111111
0.8009722222222222
0.7076388888888889
0.7283333333333334
0.7691666666666668
0.7329166666666667
0.7784722222222222
0.6427777777777778
0.7977777777777777
0.7412500000000001
0.7979166666666666
0.7284722222222223
0.805138888888889
0.7348611111111112
0.7688888888888888
0.6681944444444444
0.6647222222222222
0.7145833333333333
0.8488888888888889
0.657638888888889
0.7275
0.7593055555555557
0.76625
0.7418055555555556
0.7572222222222224
0.7381944444444444
0.6941666666666666
0.7280555555555556
0.7640277777777778
0.7398611111111112
0.6145833333333334
0.7694444444444445
0.7588888888888888
0.7186111111111111
0.7404166666666667
0.7663888888888888
0.6940277777777777
0.7304166666666667
0.7261111111111112
0.6469444444444444
0.6444444444444444
0.7729166666666667
0.7702777777777778
0.7216666666666667
0.7473611111111111
0.7601388888888889
0.7408333333333333
0.6098611111111112
0.8276388888888889
0.7718055555555555
0.6118055555555556
0.74
0.7061111111111111
0.7434722222222221
0.7452777777777778
0.7947222222222222
0.6825
0.7505555555555554
0.7045833333333335
0.7276388888888888
0.7369444444444444
0.7491666666666666
0.7186111111111111
0.7620833333333332
0.7670833333333333
0.7933333333333333
0.8069444444444446
0.7587499999999999
0.6844444444444444
0.7356944444444444
0.7873611111111112
0.7616666666666667
0.7873611111111112
0.7405555555555555
0.7013888888888887
0.6748611111111111
0.7716666666666667
0.7037500000000001
0.7019444444444445
0.762638888888889
0.7540277777777777
0.6797222222222221
0.7523611111111111
0.7441666666666668
0.7416666666666667
0.7326388888888888
0.7273611111111111
0.7347222222222222
0.68125
0.7319444444444444
0.7598611111111111
0.7684722222222221
0.7236111111111111
0.6763888888888888
0.6715277777777778
0.7779166666666666
0.7447222222222222
0.7515277777777778
0.755
0.7777777777777778
0.76125
0.7404166666666666
0.6822222222222222
0.8088888888888888
0.7761111111111111
0.7986111111111112
0.7419444444444444
0.7834722222222222
0.6859722222222222
0.7723611111111112
0.6498611111111111
0.7522222222222222
0.7170833333333333
0.7718055555555555
0.736111111111111
0.6416666666666666
0.8476388888888889
0.7045833333333333
0.8556944444444444
0.7738888888888888
0.70875
0.7701388888888888
0.7381944444444444
0.6624999999999999
0.7376388888888888
0.6216666666666666
0.765138888888889
0.7576388888888889
0.8044444444444445
0.7420833333333333
0.7702777777777778
0.6241666666666666
0.7294444444444445
0.8319444444444445
0.7704166666666667
0.7497222222222223
0.7365277777777777
0.7444444444444444
0.6995833333333333
0.8440277777777777
0.6006944444444445
0.7402777777777778
0.7726388888888889
0.8030555555555557
0.8045833333333334
0.7787499999999999
0.7315277777777778
0.7533333333333334
0.6291666666666667
0.6922222222222222
0.8
0.6918055555555556
0.7008333333333333
0.7229166666666665
0.8258333333333334
0.7452777777777777
0.6901388888888891
0.7808333333333334
0.7588888888888888
0.7538888888888889
0.7580555555555556
0.6665277777777777
0.7545833333333334
0.7968055555555557
0.7795833333333333
0.6866666666666668
0.7873611111111112
0.7286111111111111
0.7248611111111112
0.8129166666666666
0.7638888888888888
0.8524999999999999
0.7690277777777779
0.6305555555555556
0.7583333333333333
0.7165277777777779
0.7781944444444445
0.7534722222222222
0.7076388888888889
0.7763888888888889
0.7433333333333334
0.733611111111111
0.8165277777777777
0.7341666666666666
0.7641666666666667
0.7438888888888889
0.6691666666666666
0.8136111111111112
0.7666666666666666
0.7270833333333334
0.7406944444444443
0.6893055555555555
0.6951388888888889
0.8402777777777778
0.6954166666666667
0.8025
0.8379166666666666
0.7544444444444444
0.6598611111111112
0.7738888888888888
0.7904166666666668
0.7211111111111111
0.7130555555555556
0.6497222222222223
0.6261111111111111
0.7429166666666668
0.7030555555555555
0.7738888888888888
0.7205555555555556
0.7812500000000001
0.8069444444444445
0.7154166666666667
0.7100000000000001
0.6019444444444444
0.6855555555555555
0.7302777777777777
0.6372222222222222
0.7454166666666666
0.7527777777777779
0.7569444444444444
0.7315277777777779
0.8198611111111112
0.7545833333333334
0.711388888888889
0.7680555555555556
0.7394444444444445
0.7479166666666666
0.7369444444444444
0.7383333333333333
0.8408333333333333
0.7331944444444445
0.7634722222222221
0.8090277777777778
0.7297222222222222
0.7147222222222223
0.7805555555555557
0.6951388888888888
0.7019444444444444
0.7343055555555554
0.7230555555555555
0.7281944444444445
0.7266666666666666
0.7940277777777778
0.7995833333333333
0.6993055555555555
0.7181944444444445
0.7058333333333333
0.7193055555555556
0.7790277777777778
0.8033333333333333
0.7072222222222222
0.83375
0.8105555555555557
0.7556944444444443
0.7220833333333333
0.6843055555555555
0.7568055555555555
0.6448611111111111
0.7336111111111112
0.6920833333333333
0.8722222222222222
0.7138888888888889
0.7065277777777778
0.6758333333333333
0.7470833333333334
0.7401388888888889
0.8091666666666667
0.7216666666666667
0.8649999999999999
0.8244444444444444
0.7036111111111111
0.8125000000000001
0.7715277777777778
0.6769444444444445
0.7056944444444445
0.8015277777777777
0.7626388888888889
0.7429166666666666
0.7316666666666667
0.6386111111111111
0.8105555555555556
0.7733333333333333
0.7681944444444444
0.7352777777777777
0.7326388888888888
0.7329166666666667
0.6358333333333334
0.795
0.7647222222222222
0.7516666666666666
0.6966666666666667
0.7669444444444444
0.762361111111111
0.7418055555555556
0.7590277777777777
0.6918055555555556
0.7809722222222223
0.7608333333333334
0.7937500000000001
0.7054166666666666
0.7637499999999999
0.7391666666666666
0.6938888888888889
0.7975
0.7491666666666668
0.6359722222222223
0.7720833333333333
0.6809722222222221
0.731388888888889
0.7541666666666667
0.7861111111111112
0.5793055555555556
0.7409722222222223
0.6886111111111111
0.7369444444444444
0.6770833333333334
0.7858333333333334
0.7816666666666667
0.7687499999999999
0.7061111111111111
0.6634722222222222
0.711388888888889
0.7173611111111111
0.6656944444444444
0.7393055555555555
0.7773611111111112
0.6990277777777779
0.6405555555555557
0.6386111111111111
0.7088888888888889
0.7230555555555556
0.73875
0.6995833333333333
0.78875
0.783611111111111
0.7002777777777778
0.7351388888888889
0.7609722222222222
0.6536111111111111
0.7244444444444444
0.7190277777777777
0.7118055555555556
0.7280555555555555
0.7915277777777777
0.81
0.7579166666666666
0.7806944444444444
0.7038888888888889
0.7261111111111112
0.738611111111111
0.6968055555555555
0.7733333333333333
0.7016666666666665
0.7798611111111111
0.7888888888888889
0.6883333333333334
0.803611111111111
0.6898611111111111
0.7733333333333333
0.773888888888889
0.6944444444444445
0.6977777777777778
0.7730555555555555
0.6755555555555556
0.7663888888888888
0.69625
0.7595833333333335
0.7486111111111111
0.7176388888888889
0.78125
0.7534722222222222
0.7269444444444445
0.7418055555555556
0.7449999999999999
0.8451388888888889
0.6556944444444445
0.6193055555555556
0.7516666666666667
0.6815277777777777
0.6876388888888889
0.6455555555555555
0.7451388888888889
0.6438888888888888
0.8034722222222223
0.7395833333333335
0.6388888888888888
0.7020833333333333
0.694861111111111
0.8404166666666667
0.635
0.7643055555555556
0.7466666666666667
0.7005555555555556
0.6790277777777778
0.6997222222222221
0.7569444444444444
0.8244444444444444
0.7009722222222222
0.8120833333333333
0.8577777777777779
0.6922222222222223
0.6173611111111111
0.7563888888888889
0.6995833333333333
0.757638888888889
0.7161111111111111
0.7881944444444444
0.7094444444444444
0.77
0.7263888888888889
0.6534722222222222
0.6365277777777779
0.7820833333333334
0.7831944444444445
0.7975
0.7966666666666667
0.8088888888888889
0.7640277777777778
0.77
0.7926388888888889
0.7793055555555556
0.7543055555555556
0.7345833333333333
0.7888888888888889
0.6952777777777778
0.7419444444444445
0.7623611111111112
0.6511111111111111
0.77875
0.6168055555555555
0.7133333333333334
0.7881944444444445
0.6655555555555556
0.6825000000000001
0.6952777777777778
0.7525
0.6897222222222222
0.7506944444444444
0.7116666666666667
0.7026388888888888
0.7108333333333333
0.7625000000000001
0.8133333333333334
0.7766666666666667
0.7131944444444445
0.6647222222222223
0.8269444444444445
0.788888888888889
0.8177777777777778
0.7906944444444445
0.7687499999999999
0.80625
0.7541666666666667
0.7341666666666666
0.7613888888888889
0.752361111111111
0.7647222222222223
0.60125
0.72625
0.7094444444444444
0.8066666666666666
0.6869444444444446
0.6231944444444445
0.820138888888889
0.7754166666666666
0.7131944444444445
0.7229166666666667
0.7675000000000001
0.747361111111111
0.8297222222222222
0.6990277777777778
0.6488888888888888
0.8477777777777779
0.8054166666666667
0.7745833333333333
0.7998611111111111
0.6477777777777778
0.8016666666666666
0.7491666666666668
0.7663888888888889
0.7122222222222223
0.8433333333333333
0.7899999999999999
0.7634722222222223
0.833888888888889
0.7338888888888889
0.7012499999999999
0.6984722222222223
0.7876388888888889
0.7983333333333333
0.7712500000000001
0.7836111111111113
