0.6825000000000001
0.7030555555555555
0.6151388888888889
0.7050000000000001
0.7445833333333333
0.6895833333333333
0.6894444444444444
0.6590277777777777
0.6881944444444444
0.7266666666666666
0.71375
0.7227777777777779
0.7602777777777778
0.7331944444444445
0.5826388888888889
0.7975000000000001
0.6954166666666667
0.6808333333333333
0.7083333333333334
0.6755555555555556
0.6747222222222222
0.7109722222222222
0.6747222222222222
0.6348611111111111
0.6602777777777777
0.6895833333333334
0.7058333333333333
0.7320833333333334
0.65125
0.7444444444444445
0.7175
0.7254166666666666
0.6481944444444445
0.6430555555555557
0.6751388888888888
0.6866666666666666
0.6966666666666667
0.7109722222222222
0.705
0.6619444444444444
0.7080555555555555
0.7062499999999999
0.7315277777777777
0.6723611111111112
0.721388888888889
0.6930555555555555
0.7016666666666667
0.6190277777777777
0.7458333333333333
0.6976388888888889
0.7059722222222222
0.6836111111111112
0.6702777777777778
0.7136111111111111
0.6827777777777778
0.7183333333333334
0.6708333333333333
0.6908333333333334
0.7477777777777779
0.73
0.7088888888888888
0.712361111111111
0.7233333333333333
0.7111111111111111
0.6861111111111111
0.6630555555555555
0.7309722222222222
0.6470833333333333
0.726388888888889
0.735
0.6894444444444443
0.668611111111111
0.7056944444444444
0.6784722222222221
0.6531944444444444
0.643888888888889
0.6877777777777778
0.7005555555555555
0.6661111111111111
0.7469444444444444
0.7055555555555556
0.715
0.7088888888888889
0.7899999999999999
0.7797222222222223
0.6700000000000002
0.7108333333333333
0.7293055555555555
0.7302777777777778
0.7106944444444444
0.6872222222222222
0.6683333333333333
0.6765277777777778
0.7231944444444444
0.6984722222222223
0.7100000000000001
0.7295833333333335
0.6847222222222221
0.7529166666666667
0.6684722222222221
0.6883333333333335
0.6919444444444445
0.6716666666666667
0.6997222222222222
0.7027777777777778
0.7566666666666666
0.7591666666666668
0.7011111111111111
0.7144444444444444
0.6930555555555555
0.6597222222222222
0.6640277777777777
0.73
0.7419444444444445
0.7513888888888889
0.6861111111111111
0.7115277777777778
0.7045833333333333
0.6888888888888889
0.7162499999999999
0.6820833333333334
0.7561111111111111
0.6972222222222222
0.70625
0.7541666666666667
0.7375
0.732638888888889
0.6543055555555556
0.7068055555555556
0.7195833333333334
0.7038888888888889
0.7222222222222222
0.6768055555555555
0.6466666666666667
0.6923611111111111
0.7788888888888889
0.6675
0.7208333333333333
0.6541666666666667
0.7154166666666667
0.6375
0.72125
0.7123611111111111
0.678611111111111
0.6923611111111112
0.7097222222222223
0.7086111111111111
0.7094444444444444
0.6783333333333333
0.7008333333333333
0.6818055555555556
0.6933333333333334
0.6680555555555556
0.6794444444444446
0.7547222222222223
0.7094444444444444
0.7323611111111112
0.6791666666666666
0.6823611111111111
0.7125
0.6833333333333333
0.7388888888888889
0.6984722222222222
0.6983333333333333
0.7227777777777777
0.6672222222222222
0.7190277777777777
0.68
0.6779166666666666
0.6772222222222221
0.6977777777777778
0.6775
0.6883333333333334
0.6644444444444445
0.6154166666666667
0.6377777777777778
0.6852777777777778
0.6866666666666666
0.7454166666666667
0.6694444444444444
0.665
0.7480555555555557
0.7336111111111111
0.7341666666666666
0.7202777777777778
0.7052777777777779
0.7331944444444445
0.7145833333333335
0.6691666666666667
0.7600000000000001
0.6783333333333333
0.7569444444444444
0.7634722222222222
0.6818055555555554
0.7138888888888889
0.6966666666666667
0.6926388888888888
0.6588888888888889
0.7356944444444445
0.7000000000000001
0.7636111111111112
0.668888888888889
0.7958333333333334
0.7077777777777778
0.7033333333333333
0.66875
0.7077777777777778
0.6791666666666668
0.7272222222222222
0.6845833333333333
0.720138888888889
0.7105555555555556
0.6911111111111111
0.6752777777777778
0.7124999999999999
0.7369444444444445
0.7211111111111111
0.7030555555555557
0.7408333333333332
0.6997222222222222
0.6825
0.7427777777777778
0.7061111111111111
0.6870833333333334
0.731111111111111
0.6922222222222223
0.6961111111111111
0.7179166666666666
0.75
0.7213888888888887
0.6481944444444444
0.7480555555555555
0.7461111111111112
0.7372222222222222
0.7274999999999999
0.7145833333333332
0.6775000000000001
0.7077777777777778
0.6879166666666667
0.6691666666666667
0.6613888888888889
0.6888888888888889
0.6469444444444444
0.7244444444444444
0.6327777777777777
0.7024999999999999
0.7511111111111112
0.7172222222222223
0.6293055555555556
0.6425000000000001
0.6752777777777778
0.7330555555555556
0.7258333333333334
0.6883333333333334
0.75
0.7580555555555555
0.6179166666666667
0.7659722222222223
0.7566666666666668
0.7008333333333334
0.7077777777777778
0.701388888888889
0.7777777777777778
0.6966666666666667
0.6890277777777778
0.7080555555555557
0.6936111111111111
0.7180555555555556
0.7327777777777778
0.706388888888889
0.7497222222222222
0.6948611111111112
0.6572222222222223
0.7255555555555555
0.6961111111111111
0.6298611111111111
0.6394444444444445
0.6804166666666667
0.7150000000000001
0.7094444444444444
0.7236111111111111
0.7202777777777778
0.6944444444444444
0.7669444444444444
0.6377777777777778
0.6802777777777778
0.6784722222222223
0.7079166666666666
0.7269444444444444
0.6747222222222222
0.6458333333333334
0.6861111111111111
0.6275000000000001
0.7024999999999999
0.6983333333333334
0.6623611111111111
0.6636111111111112
0.6166666666666667
0.7173611111111111
0.7072222222222223
0.6725
0.6277777777777777
0.7027777777777777
0.6841666666666666
0.7122222222222223
0.7036111111111111
0.6633333333333333
0.649861111111111
0.7226388888888889
0.7505555555555556
0.765
0.6983333333333333
0.6747222222222222
0.7115277777777778
0.7222222222222222
0.7152777777777777
0.6449999999999999
0.6880555555555556
0.7206944444444444
0.6933333333333334
0.7166666666666667
0.7301388888888889
0.6313888888888889
0.6912499999999999
0.6873611111111111
0.7458333333333333
0.6969444444444445
0.7086111111111112
0.7401388888888889
0.7043055555555555
0.7243055555555555
0.747361111111111
0.7188888888888889
0.7491666666666668
0.7297222222222222
0.6702777777777778
0.7211111111111111
0.7336111111111111
0.6569444444444444
0.7063888888888888
0.7104166666666666
0.7475
0.6900000000000001
0.6909722222222222
0.6444444444444444
0.6887500000000001
0.6908333333333333
0.6669444444444445
0.7027777777777777
0.6702777777777779
0.6870833333333335
0.7104166666666667
0.6961111111111112
0.6600000000000001
0.7118055555555555
0.7073611111111112
0.6547222222222221
0.7316666666666666
0.7380555555555556
0.6543055555555556
0.7275
0.7462500000000001
0.6848611111111113
0.6758333333333333
0.6658333333333333
0.7061111111111111
0.7369444444444445
0.6641666666666666
0.6886111111111111
0.7080555555555555
0.6511111111111112
0.715
0.6865277777777778
0.6751388888888891
0.653611111111111
0.6431944444444445
0.7206944444444444
0.6630555555555556
0.6861111111111112
0.6931944444444446
0.6586111111111111
0.7390277777777777
0.7540277777777777
0.68
0.6775
0.7147222222222223
0.7693055555555555
0.6958333333333333
0.635972222222222
0.7095833333333333
0.6638888888888888
0.7305555555555556
0.7161111111111111
0.7338888888888888
0.7627777777777778
0.7240277777777777
0.6826388888888888
0.7425
0.7445833333333335
0.6559722222222222
0.7252777777777778
0.7258333333333333
0.7144444444444444
0.6541666666666666
0.7136111111111111
0.71875
0.7155555555555554
0.6799999999999999
0.6783333333333333
0.7529166666666667
0.6677777777777778
0.6791666666666666
0.7233333333333334
0.7286111111111111
0.7058333333333334
0.6702777777777778
0.6663888888888889
0.7130555555555556
0.6554166666666666
0.6751388888888888
0.6969444444444445
0.6741666666666667
0.6883333333333334
0.7458333333333333
0.6959722222222223
0.6387500000000002
0.6902777777777778
0.6911111111111111
0.6854166666666667
0.7569444444444444
0.6483333333333333
0.6884722222222222
0.7111111111111111
0.7709722222222222
0.7383333333333334
0.7365277777777778
0.7286111111111111
0.6969444444444445
0.7133333333333334
0.6841666666666667
0.7013888888888888
0.7091666666666667
0.6420833333333333
0.7666666666666666
0.6608333333333334
0.6922222222222223
0.7538888888888889
0.7361111111111112
0.6761111111111111
0.76
0.6976388888888889
0.7136111111111111
0.7823611111111112
0.7125
0.7129166666666666
0.6669444444444445
0.6666666666666666
0.6820833333333334
0.6248611111111111
0.6880555555555556
0.7336111111111111
0.6641666666666666
0.7240277777777778
0.7505555555555556
0.7536111111111111
0.7005555555555555
0.6369444444444444
0.7316666666666666
0.6972222222222222
0.6947222222222222
0.6675
0.7573611111111112
0.6774999999999999
0.6470833333333333
0.6666666666666667
0.6730555555555556
0.6808333333333333
0.7811111111111112
0.6605555555555556
0.6501388888888888
0.7319444444444444
0.6647222222222223
0.6916666666666667
0.726111111111111
0.7108333333333332
0.6305555555555555
0.6825
0.675
0.7334722222222222
0.7033333333333334
0.6694444444444445
0.6833333333333333
0.7122222222222222
0.7088888888888889
0.7020833333333334
0.7027777777777777
0.7143055555555555
0.6266666666666667
0.67875
0.6345833333333333
