0.2181818181818182
0.23333333333333334
0.14814814814814814
0.18461538461538463
0.16949152542372883
0.20588235294117646
0.25
0.3283582089552239
0.125
0.15625
0.28125
0.253968253968254
0.1904761904761905
0.2769230769230769
0.28070175438596495
0.3103448275862069
0.14492753623188406
0.2711864406779661
0.14545454545454545
0.16949152542372883
0.11538461538461538
0.22222222222222224
0.2571428571428572
0.3055555555555555
0.2181818181818182
0.14285714285714288
0.28125
0.07272727272727272
0.303030303030303
0.37500000000000006
0.20000000000000004
0.03225806451612904
0.15384615384615383
0.2758620689655172
0.20338983050847456
0.22641509433962265
0.11594202898550725
0.18461538461538463
0.14545454545454545
0.07142857142857144
0.1515151515151515
0.303030303030303
0.21212121212121213
0.22580645161290322
0.26865671641791045
0.2647058823529412
0.09375000000000001
0.1851851851851852
0.16393442622950818
0.1851851851851852
0.3333333333333333
0.10714285714285714
0.2413793103448276
0.0689655172413793
0.34375
0.2105263157894737
0.20588235294117646
0.15873015873015872
0.31746031746031744
0.16129032258064516
0.23529411764705882
0.14545454545454545
0.23728813559322037
0.25
0.1904761904761905
0.1818181818181818
0.26229508196721313
0.17857142857142855
0.25
0.2153846153846154
0.32876712328767127
0.2711864406779661
0.09375000000000001
0.21428571428571427
0.13333333333333333
0.1379310344827586
0.15384615384615383
0.12
0.07017543859649124
0.2580645161290323
0.20000000000000004
0.1904761904761905
0.125
0.2909090909090909
0.10344827586206898
0.14545454545454545
0.11538461538461538
0.37142857142857144
0.22535211267605634
0.22535211267605634
0.0606060606060606
0.28571428571428564
0.2424242424242424
0.2535211267605634
0.21428571428571427
0.2711864406779661
0.10000000000000002
0.11111111111111112
0.20000000000000004
0.2413793103448276
0.16666666666666666
0.1212121212121212
0.14035087719298248
0.2769230769230769
0.28070175438596495
0.26865671641791045
0.17543859649122806
0.33898305084745767
0.1515151515151515
0.2608695652173913
0.26666666666666666
0.19672131147540983
0.21874999999999997
0.1090909090909091
0.31884057971014496
0.28571428571428575
0.10000000000000002
0.2545454545454545
0.29508196721311475
0.14285714285714288
0.26415094339622636
0.2181818181818182
0.28571428571428564
0.17241379310344826
0.2898550724637681
0.15384615384615383
0.28125
0.2758620689655172
0.34782608695652173
0.2545454545454545
0.07692307692307691
0.32786885245901637
0.18750000000000003
0.26666666666666666
0.23333333333333334
0.22222222222222224
0.11764705882352941
0.16129032258064516
0.20588235294117646
0.303030303030303
0.2105263157894737
0.19354838709677422
0.23529411764705882
0.23728813559322037
0.22580645161290322
0.253968253968254
0.18461538461538463
0.15384615384615383
0.07692307692307691
0.21874999999999997
0.06451612903225808
0.17142857142857143
0.3571428571428571
0.13559322033898305
0.04
0.1904761904761905
0.29411764705882354
0.2711864406779661
0.10000000000000002
0.16129032258064516
0.22641509433962265
0.17857142857142855
0.2592592592592593
0.22580645161290322
0.253968253968254
0.2456140350877193
0.1090909090909091
0.3333333333333333
0.16129032258064516
0.2456140350877193
0.253968253968254
0.3225806451612903
0.17241379310344826
0.15625
0.07547169811320756
0.15873015873015872
0.23880597014925373
0.2545454545454545
0.14035087719298248
0.16393442622950818
0.253968253968254
0.13114754098360656
0.23333333333333334
0.1568627450980392
0.2222222222222222
0.10526315789473685
0.17857142857142855
0.14035087719298248
0.21874999999999997
0.20289855072463772
0.2153846153846154
0.19607843137254902
0.13333333333333333
0.15873015873015872
0.10714285714285714
0.13114754098360656
0.2413793103448276
0.14285714285714288
0.1388888888888889
0.2413793103448276
0.15094339622641512
0.19354838709677422
0.13114754098360656
0.09375000000000001
0.2424242424242424
0.17543859649122806
0.21874999999999997
0.21874999999999997
0.32786885245901637
0.15384615384615383
0.14285714285714288
0.20000000000000004
0.18867924528301885
0.15094339622641512
0.35294117647058826
0.2181818181818182
0.20000000000000004
0.26415094339622636
0.12765957446808512
0.14545454545454545
0.22580645161290322
0.20689655172413796
0.1904761904761905
0.14545454545454545
0.24657534246575347
0.2424242424242424
0.15873015873015872
0.18750000000000003
0.23333333333333334
0.14814814814814814
0.2153846153846154
0.2153846153846154
0.22222222222222224
0.22580645161290322
0.03174603174603175
0.23333333333333334
0.16393442622950818
0.1851851851851852
0.17857142857142855
0.28571428571428564
0.21428571428571427
0.126984126984127
0.2545454545454545
0.18867924528301885
0.22580645161290322
0.22580645161290322
0.20689655172413796
0.03846153846153846
0.26666666666666666
0.3333333333333333
0.13559322033898305
0.1090909090909091
0.13333333333333333
0.2153846153846154
0.25
0.2962962962962963
0.03636363636363636
0.20338983050847456
0.12307692307692307
0.14035087719298248
0.1379310344827586
0.12903225806451615
0.208955223880597
0.11764705882352941
0.17241379310344826
0.21874999999999997
0.18867924528301885
0.25
0.14814814814814814
0.126984126984127
0.16393442622950818
0.1568627450980392
0.29850746268656714
0.17241379310344826
0.20338983050847456
0.3333333333333333
0.14035087719298248
0.25
0.16393442622950818
0.0689655172413793
0.13333333333333333
0.2181818181818182
0.14285714285714288
0.15384615384615383
0.25
0.2580645161290323
0.28571428571428564
0.125
0.22950819672131148
0.1090909090909091
0.26229508196721313
0.15384615384615383
0.14705882352941177
0.11320754716981132
0.2769230769230769
0.26666666666666666
0.18750000000000003
0.3125
0.26666666666666666
0.24615384615384614
0.12244897959183673
0.2711864406779661
0.2424242424242424
0.07407407407407407
0.15873015873015872
0.17857142857142855
0.07407407407407407
0.28070175438596495
0.1791044776119403
0.22950819672131148
0.18461538461538463
0.29508196721311475
0.33962264150943394
0.2647058823529412
0.125
0.208955223880597
0.11764705882352941
0.25
0.16393442622950818
0.22580645161290322
0.2769230769230769
0.15873015873015872
0.2
0.11111111111111112
0.20000000000000004
0.17647058823529413
0.20689655172413796
0.19672131147540983
0.20000000000000004
0.33962264150943394
0.26229508196721313
0.1379310344827586
0.1904761904761905
0.19672131147540983
0.22950819672131148
0.1904761904761905
0.3636363636363636
0.10169491525423728
0.16666666666666666
0.28571428571428575
0.24489795918367346
0.2
0.20000000000000004
0.17543859649122806
0.2456140350877193
0.2456140350877193
0.16393442622950818
0.19354838709677422
0.26229508196721313
0.22222222222222224
0.1379310344827586
0.30136986301369856
0.36065573770491804
0.2769230769230769
0.3125
0.2909090909090909
0.1904761904761905
0.30188679245283023
0.26229508196721313
0.19354838709677422
0.20338983050847456
0.18750000000000003
0.22222222222222224
0.1379310344827586
0.22222222222222224
0.15384615384615383
0.2580645161290323
0.15625
0.22222222222222224
0.253968253968254
0.126984126984127
0.3055555555555555
0.11940298507462686
0.26666666666666666
0.19672131147540983
0.18750000000000003
0.20000000000000004
0.26229508196721313
0.23728813559322037
0.21428571428571427
0.1090909090909091
0.17241379310344826
0.20689655172413796
0.23076923076923075
0.11111111111111112
0.0689655172413793
0.07692307692307691
0.0784313725490196
0.11111111111111112
0.2153846153846154
0.22950819672131148
0.22580645161290322
0.15384615384615383
0.1818181818181818
0.1379310344827586
0.22950819672131148
0.2962962962962963
0.23333333333333334
0.20338983050847456
0.19178082191780824
0.2580645161290323
0.22580645161290322
0.19354838709677422
0.2769230769230769
0.2424242424242424
0.22950819672131148
0.26415094339622636
0.26229508196721313
0.24615384615384614
0.3283582089552239
0.17241379310344826
0.2
0.13513513513513511
0.3636363636363636
0.2456140350877193
0.3157894736842105
0.36065573770491804
0.1090909090909091
0.14035087719298248
0.18750000000000003
0.1379310344827586
0.10344827586206898
0.23333333333333334
0.17647058823529413
0.20289855072463772
0.15625
0.22222222222222224
0.17241379310344826
0.2105263157894737
0.17543859649122806
0.2222222222222222
0.18750000000000003
0.253968253968254
0.1791044776119403
0.25
0.13114754098360656
0.1923076923076923
0.25
0.20000000000000004
0.163265306122449
0.10000000000000002
0.125
0.1090909090909091
0.2545454545454545
0.16666666666666666
0.20338983050847456
0.21276595744680848
0.1851851851851852
0.20338983050847456
0.17241379310344826
0.208955223880597
0.17543859649122806
0.10169491525423728
0.13559322033898305
0.16393442622950818
0.14285714285714288
0.22222222222222224
0.16949152542372883
0.19672131147540983
0.14285714285714288
0.16393442622950818
0.29508196721311475
0.11111111111111112
0.21428571428571427
0.3636363636363636
0.22222222222222224
0.12765957446808512
0.14545454545454545
0.24657534246575347
0.23333333333333334
0.14545454545454545
0.03508771929824562
0.17857142857142855
0.11111111111111112
0.17543859649122806
0.09230769230769231
0.2
0.34375
0.2181818181818182
0.22222222222222224
0.17241379310344826
0.11111111111111112
0.36065573770491804
0.07142857142857144
0.11111111111111112
0.1851851851851852
0.14035087719298248
0.22641509433962265
0.17543859649122806
0.11320754716981132
0.17543859649122806
0.16393442622950818
0.14035087719298248
0.17857142857142855
0.22580645161290322
0.1923076923076923
0.18461538461538463
0.29032258064516125
0.29508196721311475
0.13114754098360656
