0.6355555555555555
0.7045833333333333
0.6893055555555556
0.635
0.739861111111111
0.6575
0.6948611111111112
0.6702777777777778
0.7002777777777778
0.7373611111111111
0.74
0.7065277777777779
0.6972222222222222
0.7102777777777778
0.5938888888888889
0.7008333333333333
0.6516666666666666
0.6856944444444445
0.7322222222222221
0.7156944444444444
0.7116666666666667
0.6536111111111111
0.6431944444444444
0.6845833333333333
0.6840277777777778
0.6780555555555555
0.6922222222222222
0.6694444444444445
0.6972222222222222
0.7112499999999999
0.7176388888888889
0.6841666666666667
0.6054166666666667
0.6648611111111111
0.7026388888888889
0.7270833333333333
0.68875
0.711111111111111
0.7115277777777778
0.6565277777777778
0.7031944444444445
0.6287499999999999
0.6834722222222221
0.6206944444444444
0.7019444444444445
0.6540277777777779
0.7184722222222222
0.6405555555555557
0.7144444444444444
0.7112499999999999
0.7134722222222223
0.6627777777777777
0.6333333333333333
0.7427777777777778
0.7004166666666667
0.7166666666666667
0.6805555555555557
0.7113888888888888
0.6704166666666667
0.6270833333333332
0.8040277777777778
0.6641666666666667
0.7316666666666667
0.6905555555555556
0.7447222222222222
0.75
0.6723611111111112
0.6655555555555556
0.7795833333333334
0.7679166666666666
0.6530555555555555
0.7161111111111111
0.6823611111111112
0.6559722222222223
0.6533333333333333
0.6547222222222222
0.7215277777777778
0.7645833333333333
0.6019444444444444
0.6156944444444444
0.6859722222222222
0.7681944444444444
0.6908333333333332
0.6755555555555556
0.7080555555555554
0.6456944444444445
0.7756944444444445
0.7180555555555556
0.7076388888888889
0.6972222222222222
0.6815277777777777
0.6784722222222221
0.6097222222222223
0.71875
0.7194444444444444
0.6944444444444444
0.7515277777777778
0.6579166666666667
0.7481944444444445
0.6118055555555556
0.7236111111111112
0.6629166666666666
0.7265277777777778
0.6765277777777778
0.6476388888888889
0.65
0.6970833333333333
0.5966666666666667
0.6495833333333333
0.6209722222222221
0.7501388888888888
0.7036111111111112
0.6770833333333333
0.6806944444444444
0.7086111111111111
0.6469444444444444
0.6697222222222223
0.7329166666666667
0.7911111111111111
0.6697222222222222
0.6923611111111112
0.6822222222222223
0.7279166666666667
0.6915277777777777
0.7106944444444445
0.6412500000000001
0.7169444444444444
0.7711111111111111
0.7154166666666667
0.6425
0.7145833333333333
0.7084722222222223
0.6784722222222221
0.6869444444444445
0.7308333333333333
0.7308333333333333
0.6926388888888889
0.6906944444444445
0.6772222222222222
0.6909722222222222
0.6725
0.6719444444444445
0.7129166666666666
0.7070833333333333
0.7127777777777777
0.7044444444444444
0.7472222222222222
0.731111111111111
0.6755555555555557
0.6404166666666666
0.7440277777777777
0.7119444444444445
0.6434722222222222
0.66625
0.74625
0.6615277777777778
0.72
0.67875
0.7154166666666666
0.71875
0.7269444444444444
0.7115277777777778
0.7019444444444445
0.7245833333333334
0.6990277777777778
0.6388888888888888
0.6270833333333333
0.7126388888888888
0.68125
0.6998611111111112
0.7297222222222222
0.6468055555555555
0.6308333333333334
0.7113888888888888
0.6734722222222222
0.6918055555555556
0.7076388888888889
0.7130555555555556
0.6804166666666667
0.6663888888888889
0.6679166666666667
0.6798611111111111
0.6806944444444445
0.7447222222222222
0.6772222222222222
0.6690277777777778
0.6736111111111112
0.6611111111111111
0.6858333333333333
0.7531944444444445
0.6620833333333334
0.6444444444444445
0.75
0.6740277777777778
0.65125
0.6655555555555556
0.6340277777777779
0.699861111111111
0.6829166666666666
0.7397222222222222
0.7008333333333333
0.7248611111111111
0.755
0.7095833333333333
0.6125
0.7269444444444444
0.6737500000000001
0.683888888888889
0.6469444444444444
0.6909722222222222
0.6968055555555556
0.6101388888888888
0.6430555555555555
0.6804166666666667
0.6455555555555555
0.7069444444444444
0.685
0.6731944444444444
0.6734722222222222
0.6956944444444444
0.6568055555555555
0.7331944444444445
0.7137500000000001
0.735138888888889
0.7206944444444444
0.6370833333333333
0.7373611111111111
0.74
0.7219444444444445
0.725
0.6769444444444445
0.7136111111111111
0.6525
0.6841666666666666
0.7215277777777778
0.6675
0.7620833333333333
0.6623611111111112
0.6306944444444444
0.6783333333333333
0.6672222222222222
0.6180555555555556
0.6436111111111111
0.6697222222222222
0.6993055555555556
0.6744444444444444
0.66875
0.6579166666666667
0.69
0.6308333333333332
0.7080555555555555
0.7036111111111112
0.7209722222222221
0.5774999999999999
0.6709722222222223
0.6986111111111111
0.7020833333333334
0.64625
0.7402777777777778
0.6618055555555555
0.7073611111111111
0.6643055555555556
0.7530555555555556
0.6677777777777778
0.7338888888888888
0.7223611111111111
0.7415277777777778
0.7434722222222222
0.7148611111111111
0.6972222222222223
0.6677777777777778
0.6606944444444445
0.6519444444444444
0.6295833333333334
0.5995833333333334
0.6683333333333333
0.6495833333333334
0.7005555555555556
0.6708333333333334
0.69
0.66625
0.7183333333333334
0.7284722222222222
0.655
0.6022222222222222
0.6425
0.7174999999999999
0.7020833333333334
0.6801388888888888
0.6931944444444444
0.7033333333333334
0.6555555555555554
0.621388888888889
0.6565277777777778
0.7005555555555555
0.715138888888889
0.6943055555555555
0.6895833333333333
0.7065277777777778
0.6947222222222222
0.6623611111111112
0.6023611111111111
0.6740277777777779
0.7009722222222222
0.6915277777777777
0.7240277777777778
0.7097222222222221
0.716388888888889
0.6820833333333334
0.7377777777777778
0.6077777777777778
0.6683333333333332
0.7223611111111111
0.6666666666666666
0.7215277777777778
0.6729166666666666
0.6247222222222222
0.7325
0.7279166666666668
0.6709722222222222
0.7133333333333334
0.6563888888888889
0.7801388888888889
0.668611111111111
0.691111111111111
0.7224999999999999
0.6240277777777778
0.6541666666666667
0.6827777777777778
0.6583333333333334
0.6799999999999999
0.6988888888888889
0.7002777777777778
0.7330555555555556
0.7479166666666668
0.6977777777777777
0.6641666666666666
0.6772222222222222
0.6920833333333334
0.701388888888889
0.6854166666666667
0.7054166666666667
0.7331944444444443
0.6755555555555556
0.6308333333333334
0.65
0.7480555555555557
0.6240277777777776
0.7109722222222222
0.6797222222222222
0.6713888888888888
0.6905555555555556
0.6848611111111111
0.6645833333333333
0.6523611111111112
0.6588888888888889
0.6759722222222222
0.6825000000000001
0.7058333333333333
0.7113888888888888
0.6754166666666668
0.7377777777777779
0.7126388888888889
0.7072222222222222
0.6290277777777779
0.6347222222222222
0.6663888888888888
0.6258333333333334
0.7056944444444444
0.71875
0.6580555555555556
0.6233333333333333
0.6694444444444445
0.678611111111111
0.6781944444444443
0.7180555555555557
0.668611111111111
0.6741666666666667
0.7062499999999999
0.6920833333333334
0.6708333333333334
0.7058333333333333
0.6823611111111112
0.6797222222222222
0.7245833333333334
0.67125
0.7630555555555556
0.5668055555555556
0.6669444444444445
0.7093055555555555
0.6658333333333333
0.7143055555555555
0.6790277777777778
0.6688888888888889
0.7675000000000001
0.7043055555555555
0.7088888888888889
0.7177777777777777
0.7177777777777776
0.6665277777777778
0.6776388888888889
0.7584722222222222
0.6697222222222223
0.6670833333333335
0.7430555555555556
0.6563888888888889
0.73625
0.7609722222222222
0.6529166666666666
0.76875
0.6822222222222222
0.65875
0.6941666666666666
0.6843055555555555
0.7106944444444445
0.7166666666666667
0.6468055555555556
0.735
0.7073611111111111
0.6297222222222223
0.7495833333333334
0.6973611111111111
0.6877777777777777
0.6820833333333334
0.6893055555555556
0.6529166666666667
0.7336111111111112
0.7075
0.6765277777777778
0.712361111111111
0.6736111111111112
0.74125
0.6933333333333334
0.7725
0.7281944444444445
0.6886111111111111
0.6643055555555555
0.7086111111111111
0.6893055555555556
0.6956944444444445
0.7124999999999999
0.7169444444444445
0.7415277777777778
0.6866666666666668
0.7018055555555556
0.6834722222222223
0.6584722222222222
0.7056944444444445
0.7343055555555555
0.7397222222222223
0.6684722222222221
0.672638888888889
0.7430555555555556
0.7076388888888889
0.6676388888888889
0.6705555555555556
0.7554166666666667
0.6472222222222221
0.6452777777777778
0.6445833333333334
0.6811111111111111
0.7066666666666667
0.6722222222222222
0.70625
0.6790277777777778
0.6955555555555555
0.7091666666666667
0.6370833333333334
0.7179166666666668
0.7061111111111111
0.7033333333333334
0.6658333333333333
0.6654166666666668
0.7152777777777779
0.6886111111111111
0.6783333333333332
0.6863888888888888
0.6806944444444445
0.7168055555555555
0.7030555555555555
0.6697222222222222
0.6825
0.6827777777777778
0.6470833333333333
0.6869444444444445
0.7331944444444445
0.7261111111111112
0.702638888888889
0.7194444444444444
0.66625
0.6609722222222222
0.6845833333333333
0.675138888888889
0.6905555555555555
0.6122222222222222
0.7168055555555556
0.6847222222222222
0.6052777777777778
0.7009722222222223
0.6556944444444444
