0.6577777777777778
0.6761111111111111
0.6652777777777777
0.6161111111111112
0.6558333333333334
0.643888888888889
0.6736111111111112
0.6691666666666667
0.6822222222222222
0.6091666666666666
0.6380555555555555
0.6858333333333333
0.6580555555555556
0.7027777777777777
0.6930555555555555
0.6552777777777777
0.6802777777777778
0.645
0.6716666666666667
0.6819444444444445
0.7094444444444444
0.6127777777777778
0.6697222222222222
0.6486111111111111
0.6644444444444444
0.6399999999999999
0.6480555555555555
0.6638888888888889
0.7161111111111113
0.7277777777777777
0.6716666666666666
0.665
0.6511111111111111
0.6875000000000001
0.6811111111111112
0.6713888888888889
0.6627777777777778
0.6386111111111111
0.7302777777777778
0.6777777777777777
0.6616666666666667
0.611111111111111
0.6258333333333332
0.6744444444444445
0.6280555555555556
0.6569444444444444
0.6361111111111111
0.72
0.7036111111111112
0.6127777777777778
0.6483333333333334
0.6547222222222222
0.6538888888888889
0.6727777777777778
0.7119444444444445
0.6502777777777778
0.6541666666666667
0.6452777777777777
0.6808333333333334
0.6280555555555556
0.6244444444444445
0.6725000000000001
0.6897222222222222
0.662638888888889
0.6597222222222222
0.6355555555555555
0.6641666666666667
0.7055555555555554
0.6725
0.6533333333333332
0.6283333333333334
0.6991666666666667
0.5888888888888889
0.6808333333333333
0.6333333333333334
0.6572222222222222
0.6358333333333334
0.6741666666666667
0.6116666666666668
0.6830555555555555
0.6394444444444445
0.6677777777777778
0.6625000000000001
0.6794444444444444
0.6783333333333332
0.6990277777777777
0.6983333333333334
0.6797222222222223
0.63
0.6697222222222222
0.6855555555555556
0.635
0.6661111111111112
0.6730555555555555
0.6752777777777778
0.7030555555555555
0.6172222222222221
0.6113888888888889
0.7202777777777777
0.6611111111111111
0.6155555555555556
0.6933333333333335
0.615
0.6766666666666667
0.6294444444444445
0.7238888888888889
0.6527777777777779
0.6341666666666667
0.7247222222222223
0.7519444444444444
0.6594444444444445
0.6613888888888889
0.6472222222222223
0.65
0.6533333333333333
0.6691666666666667
0.6375
0.6325
0.6172222222222222
0.6302777777777778
0.6266666666666667
0.668611111111111
0.6908333333333334
0.7038888888888889
0.6836111111111111
0.6011111111111112
0.6636111111111112
0.6544444444444445
0.6791666666666667
0.6858333333333334
0.6658333333333334
0.6538888888888889
0.6658333333333334
0.6541666666666668
0.6730555555555555
0.6316666666666667
0.648611111111111
0.6813888888888888
0.645
0.6236111111111112
0.6258333333333332
0.6011111111111113
0.6802777777777779
0.5894444444444444
0.711388888888889
0.6525000000000001
0.6266666666666666
0.6
0.6227777777777778
0.7008333333333333
0.6702777777777779
0.665
0.6308333333333334
0.6586111111111111
0.6911111111111111
0.6555555555555554
0.6441666666666667
0.6586111111111113
0.6588888888888891
0.6147222222222222
0.5825
0.5963888888888889
0.6397222222222222
0.6386111111111111
0.6594444444444445
0.6272222222222223
0.6813888888888889
0.6527777777777778
0.6591666666666667
0.663888888888889
0.6613888888888888
0.6922222222222222
0.6719444444444445
0.6808333333333333
0.6502777777777777
0.6594444444444445
0.6744444444444444
0.6316666666666667
0.6499999999999999
0.688888888888889
0.6622222222222223
0.7077777777777778
0.6416666666666667
0.6475000000000001
0.6658333333333334
0.7224999999999999
0.6272222222222222
0.6422222222222222
0.618611111111111
0.6877777777777778
0.6000000000000001
0.6736111111111112
0.6177777777777778
0.6775000000000001
0.6419444444444444
0.6633333333333333
0.6330555555555555
0.643611111111111
0.68
0.6780555555555556
0.625
0.6613888888888889
0.6525000000000001
0.6477777777777778
0.6988888888888889
0.6522222222222223
0.6429166666666666
0.661111111111111
0.6494444444444444
0.6758333333333333
0.6833333333333333
0.6333333333333333
0.6563888888888888
0.6518055555555555
0.655
0.6397222222222222
0.6425
0.6805555555555556
0.6252777777777777
0.6713888888888889
0.6297222222222223
0.6825
0.6475
0.6633333333333333
0.6515277777777778
0.6591666666666667
0.6480555555555555
0.6813888888888889
0.5969444444444445
0.6475
0.6063888888888889
0.6388888888888888
0.6561111111111111
0.6475
0.6733333333333333
0.6991666666666667
0.6863888888888888
0.6119444444444445
0.7216666666666667
0.625
0.6841666666666667
0.7163888888888889
0.7063888888888888
0.6647222222222221
0.6511111111111112
0.673888888888889
0.6758333333333333
0.6858333333333333
0.6658333333333333
0.668611111111111
0.6588888888888889
0.7150000000000001
0.6513888888888889
0.5325000000000001
0.7097222222222221
0.6891666666666667
0.6788888888888889
0.6905555555555556
0.6930555555555555
0.6463888888888889
0.6108333333333333
0.6525000000000001
0.6752777777777778
0.6952777777777778
0.6972222222222223
0.6311111111111112
0.7280555555555556
0.6666666666666665
0.6950000000000001
0.678888888888889
0.6730555555555555
0.638888888888889
0.6327777777777778
0.6697222222222222
0.6799999999999999
0.6624999999999999
0.6044444444444446
0.6741666666666667
0.6569444444444446
0.6033333333333334
0.6777777777777777
0.6638888888888889
0.6763888888888889
0.7308333333333333
0.645
0.6486111111111111
0.673611111111111
0.7277777777777779
0.6605555555555556
0.6805555555555555
0.6511111111111111
0.6672222222222222
0.6683333333333334
0.7216666666666667
0.6561111111111111
0.6591666666666667
0.6672222222222222
0.606111111111111
0.6386111111111111
0.6925
0.7136111111111111
0.6644444444444445
0.6819444444444445
0.6344444444444446
0.6336111111111111
0.7044444444444445
0.6200000000000001
0.6133333333333333
0.6597222222222223
0.6433333333333333
0.6958333333333333
0.5722222222222223
0.6577777777777778
0.6394444444444445
0.6772222222222222
0.6980555555555555
0.6405555555555555
0.6061111111111112
0.6405555555555555
0.706388888888889
0.6094444444444445
0.6955555555555555
0.6172222222222222
0.6216666666666667
0.6168055555555556
0.6847222222222223
0.6719444444444445
0.6608333333333334
0.6641666666666668
0.6691666666666666
0.6680555555555555
0.6319444444444444
0.6227777777777779
0.6694444444444444
0.5905555555555555
0.6472222222222223
0.6691666666666667
0.7127777777777778
0.661388888888889
0.6808333333333334
0.6913888888888889
0.6769444444444445
0.6433333333333333
0.6494444444444444
0.74
0.6647222222222222
0.6558333333333334
0.6908333333333334
0.6366666666666666
0.7313888888888888
0.6894444444444445
0.7397222222222222
0.59
0.6936111111111112
0.6708333333333334
0.6616666666666666
0.7030555555555555
0.5822222222222222
0.6308333333333335
0.6733333333333333
0.5855555555555556
0.658611111111111
0.6213888888888889
0.665
0.6391666666666665
0.6497222222222222
0.6708333333333334
0.6586111111111111
0.6499999999999999
0.6841666666666667
0.6372222222222222
0.6602777777777779
0.6327777777777778
0.6
0.6177777777777776
0.6799999999999999
0.6461111111111112
0.6780555555555556
0.6691666666666667
0.6786111111111112
0.6930555555555554
0.6241666666666666
0.6711111111111112
0.6716666666666666
0.7124999999999999
0.6636111111111112
0.6875
0.6133333333333333
0.6391666666666667
0.6672222222222223
0.6761111111111111
0.6816666666666666
0.6941666666666667
0.675
0.7013888888888888
0.6038888888888888
0.6480555555555556
0.64
0.6486111111111111
0.6525
0.6488888888888891
0.7008333333333334
0.6180555555555556
0.6236111111111111
0.6977777777777778
0.6705555555555556
0.6536111111111111
0.6858333333333333
0.6266666666666668
0.6905555555555557
0.6577777777777778
0.6038888888888889
0.6272222222222221
0.6669444444444445
0.6147222222222223
0.6772222222222222
0.6747222222222222
0.6302777777777778
0.6558333333333333
0.6869444444444444
0.6477777777777779
0.68
0.5944444444444444
0.6105555555555555
0.6772222222222222
0.6138888888888888
0.6172222222222222
0.668611111111111
0.6680555555555556
0.606388888888889
0.62
0.7055555555555556
0.6947222222222221
0.6413888888888889
0.6563888888888889
0.6738888888888889
0.7083333333333334
0.681388888888889
0.6325
0.6741666666666667
0.6416666666666667
0.6936111111111112
0.6847222222222222
0.6988888888888889
0.6561111111111112
0.7097222222222223
0.7083333333333334
0.5905555555555556
0.6827777777777778
0.6819444444444445
0.6058333333333333
0.6877777777777777
0.6952777777777778
0.6961111111111111
0.6416666666666667
0.6341666666666667
0.6555555555555557
0.6272222222222222
0.6225
0.6555555555555556
0.6805555555555556
0.6744444444444444
0.6436111111111111
0.6925
0.6777777777777778
0.6875
0.6794444444444445
0.6322222222222222
0.7058333333333333
0.6694444444444444
0.6872222222222222
0.6794444444444445
0.7175
0.6286111111111111
0.6347222222222222
0.6127777777777779
0.6525
0.6527777777777779
0.6758333333333333
0.6480555555555555
0.6927777777777778
0.6563888888888889
0.6691666666666668
0.6791666666666667
0.635
0.6591666666666666
0.6319444444444444
0.6641666666666666
0.6552777777777778
0.6816666666666666
0.6188888888888889
0.7133333333333334
0.6855555555555556
0.6799999999999999
0.6875
0.6241666666666666
0.705
0.6711111111111111
0.6433333333333333
0.6608333333333334
