0.42105263157894735
0.37209302325581395
0.4482758620689655
0.32558139534883723
0.37777777777777777
0.3541666666666667
0.45454545454545453
0.38095238095238093
0.3409090909090909
0.3404255319148936
0.3
0.40540540540540543
0.28846153846153844
0.4
0.4
0.3684210526315789
0.3684210526315789
0.37209302325581395
0.32727272727272727
0.39473684210526316
0.3409090909090909
0.2777777777777778
0.3469387755102041
0.2898550724637681
0.34146341463414637
0.3333333333333333
0.3269230769230769
0.37209302325581395
0.37777777777777777
0.45714285714285713
0.4473684210526316
0.2857142857142857
0.3409090909090909
0.38461538461538464
0.3333333333333333
0.391304347826087
0.3409090909090909
0.3181818181818182
0.4375
0.3888888888888889
0.42424242424242425
0.2727272727272727
0.2857142857142857
0.29411764705882354
0.37209302325581395
0.3157894736842105
0.4
0.41025641025641024
0.38461538461538464
0.2727272727272727
0.29411764705882354
0.36363636363636365
0.375
0.3953488372093023
0.5
0.3409090909090909
0.37209302325581395
0.37209302325581395
0.35135135135135137
0.3111111111111111
0.3125
0.37777777777777777
0.3488372093023256
0.3333333333333333
0.3695652173913043
0.3469387755102041
0.2982456140350877
0.37735849056603776
0.35555555555555557
0.3018867924528302
0.30612244897959184
0.3617021276595745
0.25757575757575757
0.35
0.2631578947368421
0.39473684210526316
0.30434782608695654
0.2982456140350877
0.30612244897959184
0.34782608695652173
0.3333333333333333
0.3409090909090909
0.3148148148148148
0.3953488372093023
0.40625
0.4
0.36
0.3333333333333333
0.32727272727272727
0.37209302325581395
0.5
0.37209302325581395
0.3333333333333333
0.3469387755102041
0.35714285714285715
0.38095238095238093
0.2830188679245283
0.2807017543859649
0.42105263157894735
0.38461538461538464
0.2830188679245283
0.375
0.3076923076923077
0.38095238095238093
0.2916666666666667
0.43902439024390244
0.45161290322580644
0.3111111111111111
0.4358974358974359
0.47368421052631576
0.3333333333333333
0.32653061224489793
0.32
0.3333333333333333
0.37777777777777777
0.4444444444444444
0.32608695652173914
0.3157894736842105
0.3333333333333333
0.36585365853658536
0.3333333333333333
0.32608695652173914
0.3137254901960784
0.40476190476190477
0.46153846153846156
0.28
0.3090909090909091
0.2962962962962963
0.34615384615384615
0.5
0.36
0.37209302325581395
0.3333333333333333
0.36363636363636365
0.3269230769230769
0.2698412698412698
0.3611111111111111
0.40540540540540543
0.3404255319148936
0.3541666666666667
0.3269230769230769
0.29545454545454547
0.4722222222222222
0.2777777777777778
0.46875
0.3191489361702128
0.2833333333333333
0.2727272727272727
0.25925925925925924
0.4186046511627907
0.37209302325581395
0.38461538461538464
0.26785714285714285
0.35714285714285715
0.40540540540540543
0.3488372093023256
0.3157894736842105
0.31666666666666665
0.3125
0.2923076923076923
0.29545454545454547
0.29411764705882354
0.35
0.30612244897959184
0.3684210526315789
0.30357142857142855
0.42105263157894735
0.38461538461538464
0.3076923076923077
0.3541666666666667
0.425
0.40476190476190477
0.34
0.36538461538461536
0.2833333333333333
0.37777777777777777
0.40476190476190477
0.36585365853658536
0.3333333333333333
0.35294117647058826
0.29411764705882354
0.4
0.37777777777777777
0.3333333333333333
0.3888888888888889
0.4186046511627907
0.35555555555555557
0.35714285714285715
0.3111111111111111
0.45454545454545453
0.2777777777777778
0.4117647058823529
0.2857142857142857
0.3404255319148936
0.325
0.35555555555555557
0.358974358974359
0.34782608695652173
0.375
0.38095238095238093
0.2857142857142857
0.3617021276595745
0.3617021276595745
0.3076923076923077
0.4090909090909091
0.35555555555555557
0.2545454545454545
0.32653061224489793
0.36363636363636365
0.40476190476190477
0.358974358974359
0.2786885245901639
0.38461538461538464
0.32608695652173914
0.32727272727272727
0.2857142857142857
0.32653061224489793
0.42105263157894735
0.30357142857142855
0.39473684210526316
0.36585365853658536
0.37209302325581395
0.34782608695652173
0.39473684210526316
0.3469387755102041
0.4411764705882353
0.38461538461538464
0.38636363636363635
0.25
0.2903225806451613
0.23809523809523808
0.35
0.3684210526315789
0.30612244897959184
0.3333333333333333
0.37209302325581395
0.4666666666666667
0.27586206896551724
0.4186046511627907
0.3469387755102041
0.40540540540540543
0.4375
0.42105263157894735
0.2830188679245283
0.32653061224489793
0.2826086956521739
0.34782608695652173
0.32075471698113206
0.3137254901960784
0.36585365853658536
0.38095238095238093
0.48717948717948717
0.37209302325581395
0.25862068965517243
0.40476190476190477
0.40476190476190477
0.4090909090909091
0.38636363636363635
0.38095238095238093
0.3076923076923077
0.24
0.30612244897959184
0.32075471698113206
0.4117647058823529
0.3617021276595745
0.3191489361702128
0.4722222222222222
0.375
0.4
0.3829787234042553
0.3125
0.3404255319148936
0.3888888888888889
0.38461538461538464
0.425
0.3695652173913043
0.25
0.2857142857142857
0.2898550724637681
0.3076923076923077
0.35
0.3191489361702128
0.3584905660377358
0.48484848484848486
0.32075471698113206
0.2727272727272727
0.4090909090909091
0.4
0.3103448275862069
0.34146341463414637
0.35714285714285715
0.3333333333333333
0.36363636363636365
0.40476190476190477
0.34782608695652173
0.3076923076923077
0.35294117647058826
0.29411764705882354
0.3148148148148148
0.3877551020408163
0.38636363636363635
0.36585365853658536
0.47058823529411764
0.32558139534883723
0.35555555555555557
0.4146341463414634
0.25
0.26865671641791045
0.3181818181818182
0.3137254901960784
0.5172413793103449
0.27586206896551724
0.2692307692307692
0.3191489361702128
0.3076923076923077
0.43902439024390244
0.2833333333333333
0.28
0.3064516129032258
0.4838709677419355
0.3137254901960784
0.3541666666666667
0.2807017543859649
0.2962962962962963
0.3137254901960784
0.40476190476190477
0.3137254901960784
0.3137254901960784
0.3333333333333333
0.3191489361702128
0.37209302325581395
0.3170731707317073
0.2857142857142857
0.34146341463414637
0.2631578947368421
0.3333333333333333
0.3404255319148936
0.375
0.3090909090909091
0.32608695652173914
0.43243243243243246
0.34782608695652173
0.30612244897959184
0.34615384615384615
0.5172413793103449
0.35714285714285715
0.2711864406779661
0.4444444444444444
0.3191489361702128
0.47058823529411764
0.3488372093023256
0.425
0.26785714285714285
0.3333333333333333
0.3333333333333333
0.3902439024390244
0.4090909090909091
0.2692307692307692
0.38461538461538464
0.38
0.26785714285714285
0.32558139534883723
0.3076923076923077
0.35555555555555557
0.3275862068965517
0.40540540540540543
0.43243243243243246
0.425
0.3050847457627119
0.35294117647058826
0.32608695652173914
0.3076923076923077
0.375
0.2765957446808511
0.26229508196721313
0.375
0.3333333333333333
0.29508196721311475
0.35555555555555557
0.3684210526315789
0.375
0.3333333333333333
0.35294117647058826
0.35135135135135137
0.4634146341463415
0.4
0.42857142857142855
0.3220338983050847
0.34782608695652173
0.3018867924528302
0.3269230769230769
0.3269230769230769
0.4523809523809524
0.30612244897959184
0.5
0.325
0.3076923076923077
0.35555555555555557
0.35555555555555557
0.37142857142857144
0.325
0.4166666666666667
0.375
0.37209302325581395
0.37254901960784315
0.35294117647058826
0.3333333333333333
0.375
0.2653061224489796
0.37777777777777777
0.38461538461538464
0.2692307692307692
0.3137254901960784
0.2857142857142857
0.35
0.36585365853658536
0.425
0.29310344827586204
0.3695652173913043
0.3488372093023256
0.30612244897959184
0.3541666666666667
0.28846153846153844
0.265625
0.3392857142857143
0.3125
0.3137254901960784
0.3404255319148936
0.38095238095238093
0.3111111111111111
0.26
0.45714285714285713
0.38636363636363635
0.35714285714285715
0.38095238095238093
0.43902439024390244
0.3902439024390244
0.27450980392156865
0.3333333333333333
0.3409090909090909
0.37209302325581395
0.38636363636363635
0.3333333333333333
0.45454545454545453
0.35714285714285715
0.39473684210526316
0.34615384615384615
0.29411764705882354
0.5161290322580645
0.4358974358974359
0.2826086956521739
0.37209302325581395
0.3695652173913043
0.37209302325581395
0.3404255319148936
0.3333333333333333
0.3684210526315789
0.3090909090909091
0.28846153846153844
0.34782608695652173
0.40476190476190477
0.32608695652173914
0.36363636363636365
0.3617021276595745
0.35555555555555557
0.391304347826087
0.4
0.3137254901960784
0.42857142857142855
0.3269230769230769
0.3333333333333333
0.38095238095238093
0.4411764705882353
0.34
0.3018867924528302
0.2777777777777778
0.3469387755102041
0.3114754098360656
0.38095238095238093
0.27419354838709675
0.3958333333333333
0.3469387755102041
0.37777777777777777
0.4594594594594595
0.3783783783783784
0.3275862068965517
0.3076923076923077
0.3953488372093023
0.4166666666666667
0.4
0.29310344827586204
0.48484848484848486
0.3333333333333333
0.4166666666666667
0.35714285714285715
0.3103448275862069
0.38636363636363635
0.3333333333333333
0.3404255319148936
0.37142857142857144
