0.42530724361378847
0.516094488932372
0.4487078934137758
0.414212412531054
0.5496065006949595
0.4667853936801918
0.410469437969438
0.5028156774048943
0.4623979332136492
0.5259160566231981
0.4930758015514869
0.4730907206832882
0.47359153808656895
0.40132889153687135
0.41837630840157103
0.4150990511877608
0.3413762695869235
0.42798489302921244
0.44679696123971707
0.5315467719089302
0.49037607985883847
0.43646469479123085
0.3108796836383043
0.4012777577212857
0.3941211402264034
0.4032602809795792
0.45665125001915957
0.3787667789505408
0.4984705552870832
0.4205320120322431
0.5127056989746575
0.43240454271894435
0.3328635616982745
0.39453292651524696
0.4564886188021948
0.4393760740797702
0.45107907728338903
0.479423345984174
0.534070004070004
0.32714032813927824
0.48251166522867206
0.2921777776590611
0.46839336822885214
0.3880780111505802
0.4629529246920551
0.3955402073064874
0.5266857608862072
0.4260400612746654
0.5161704505907404
0.5101169590643275
0.46634269202547174
0.4628390872437084
0.44120756832975133
0.4934088211747115
0.46606601731601727
0.358199167352992
0.46947724370138166
0.49526089734139267
0.46700313866013854
0.43596964912090963
0.5438217077972429
0.4054562859768308
0.42391207441207435
0.4633046097848491
0.5188636794219723
0.4229224859959716
0.4710887579038245
0.5206404178917458
0.5679325563483643
0.553180673342671
0.4228305810627248
0.5142791348224817
0.42257155977550714
0.4902232344622056
0.4828178354775181
0.442549242757153
0.5057222483651459
0.5545963295963295
0.3776623778797692
0.3800895877521692
0.41023844481816907
0.5263694942255314
0.4448198912601087
0.44272355913865347
0.49646901603293664
0.4465620392743077
0.5155076241721557
0.5074905933442859
0.5060814477481144
0.43021773134032376
0.4514384026793141
0.485732129009796
0.3558262921840778
0.4594803789261993
0.46800690318822524
0.5299593569406544
0.5188473089718137
0.44027684281716545
0.4894035919104982
0.4109450414470744
0.5214805055384765
0.36495952909931995
0.45498039521772765
0.4663849658677245
0.42512121367899947
0.4207455440983238
0.5199381272922807
0.4001392750713937
0.44688432844748793
0.28482358800470253
0.5081628117902155
0.48214765438903373
0.5053906092208845
0.5008259447221667
0.45698882820408127
0.4619724605744071
0.44498334873390655
0.5781149740724209
0.5717429123350716
0.4512984428781577
0.48550276836816697
0.47850793650793644
0.48310104537297904
0.41188142865220306
0.5096154475433069
0.4405545564114365
0.5392832089712196
0.5052524550291696
0.42421782432779875
0.4370140761476895
0.5624024934296945
0.5211481183091027
0.46005107230671144
0.4329079622631796
0.5397956598863465
0.5045419265294872
0.4384184421003785
0.4602094615624028
0.4542567462583369
0.38398176398176403
0.4473381594159582
0.4343039956045953
0.4953168493817581
0.4998422691261566
0.5088978799094382
0.5355940523837195
0.5196285905974355
0.4805723495090584
0.45040834499605187
0.4898624331779893
0.49616907114582964
0.4880324371539998
0.40177923081454375
0.4055761527744286
0.6189356987862602
0.4652916192669513
0.46774543987871753
0.42879324783353695
0.5350422951231775
0.5027700246826149
0.4444010777494565
0.47995693208222534
0.48660980456046865
0.5186130209659622
0.45248043824789913
0.3692353681164423
0.434342699047366
0.5108341005399829
0.44489599071952013
0.456691111828339
0.505520748324686
0.36301212166817315
0.4265819598758601
0.45372607376283847
0.3993966375943936
0.5122738291806583
0.45911494213107107
0.39913949185581654
0.476522933588151
0.4608549665323157
0.46435205768539106
0.44322834253868737
0.44562925661324837
0.46409690226421746
0.38014497573734185
0.4460551282375696
0.44496521545302026
0.47475141984793634
0.4386317212220827
0.6285429693763026
0.4086129789205276
0.4193180779584288
0.4249092551161582
0.5127671971460968
0.4117487220877052
0.4734027571466297
0.34868886171181274
0.45012849610485006
0.4686620919860335
0.45961409175787593
0.4457478227215069
0.5442375135355694
0.5612300999256665
0.5392143282064162
0.37703606952229274
0.5199421682023563
0.397789028424109
0.5114234162428176
0.44415118817298305
0.3990993572582867
0.46322965067148214
0.41496260683760683
0.44340419531419706
0.39107681821617796
0.4300961263518867
0.4684286815204673
0.4213496904267695
0.4581569400838801
0.4593617332747767
0.48653798138306575
0.3930434422666901
0.516041566041566
0.41470742840619224
0.44366194996865993
0.4665568614561154
0.356500061928076
0.5673272369376601
0.4751810564465514
0.4913904340903008
0.4771521535473592
0.4902464281671622
0.4651458859059535
0.36019284900787285
0.4835431884659005
0.5277450984687826
0.42984755246932427
0.5415035787760837
0.4418793183526506
0.38625426069963886
0.46444113871920867
0.41644367900728496
0.4224533085402651
0.3715284360698709
0.4729135048586538
0.35902592415635887
0.3982239693880397
0.41697284204882773
0.45154075123142157
0.40206694770022805
0.34719785998690667
0.47479753907222877
0.5143513642775054
0.5165252935029812
0.3349093313827571
0.3520479403637298
0.35564975493854806
0.40229289984909855
0.39488571088152735
0.49669843660220914
0.41725335971058397
0.4793987493987494
0.3655498224913517
0.5226439745067196
0.38696358090548066
0.4654057041347565
0.5355913882612013
0.5298644501377044
0.5393771560733492
0.5025668547719834
0.5093188687041761
0.35719490640647594
0.37126895584952135
0.42585770652594557
0.43104484124708026
0.4205179569550481
0.42844978697902825
0.39007509157509157
0.47237659582966574
0.4293074073417563
0.46732875100692417
0.42006549588628933
0.4352649190081283
0.5932468529910985
0.4233039866414742
0.37250641746327684
0.45880596707719423
0.42308747402568914
0.4084327294757042
0.4753994595576762
0.4788489478503013
0.46443299173079444
0.41699845852142936
0.4291366215408777
0.4252568688458762
0.40973265112496615
0.4138845561873213
0.48440705894434377
0.4269100340078601
0.4858608392049306
0.4512261300099289
0.41474221972749903
0.39922422446785266
0.43309766675231887
0.46686962805176874
0.34941958581344773
0.5208756886008318
0.48799635185402207
0.505630437154305
0.5077326496416397
0.5727512556491631
0.3770420072130599
0.46901013904397204
0.43362952561465146
0.4637196538958853
0.40626418129380204
0.4565196428377475
0.3623261234218858
0.5311594094591331
0.42909394522436556
0.40826760743905655
0.4302022215843726
0.4180654953827009
0.5239822491364844
0.39678070850953007
0.4691432453186839
0.45696842842689256
0.41034014251695505
0.3363106510071705
0.47458750687073614
0.40482257525360976
0.3528614682421907
0.4770051118472171
0.4517731477628594
0.5179078454502184
0.5432242151740854
0.5031682532657173
0.3743704440607769
0.5339882174715496
0.49138969616704425
0.4387186368324425
0.45536922287110015
0.4745268635953763
0.5313234093335846
0.4457908367955358
0.3582699502379137
0.33294795678609784
0.48114520843400466
0.4172459662725123
0.5473726975321812
0.5212009099616858
0.40706300142093815
0.46842696438190445
0.49294458125200313
0.3914601718368842
0.4926542641850129
0.34745385755936214
0.3879309184502008
0.4246315677398101
0.47371550037313304
0.4918300354575267
0.4205738777255805
0.483976467976468
0.4801308303145658
0.47617548266966914
0.44098049996024813
0.4177533168842561
0.46328371615501085
0.4232806312763015
0.4396891059581287
0.5034787547287547
0.4772385201327853
0.42830795152465384
0.45607029018330003
0.40948872897233046
0.41600629671537
0.4688112292024741
0.3828960308097755
0.43542969043962715
0.4769907318900677
0.47993117895749476
0.4479880687767685
0.49188750862995184
0.49084426180144075
0.43187393221601467
0.45995667933718243
0.4332112749981255
0.580388914764788
0.3085545780718957
0.43244141858711826
0.5335674704664475
0.36036248182701275
0.5499683311210231
0.48491850943752046
0.5027645150151544
0.536453755160849
0.4470894239423717
0.432217225293958
0.5022792022792023
0.49058665205212515
0.41029250688919305
0.3926862330660887
0.45705768904416827
0.39702570838588597
0.4544364760168701
0.46502488198709135
0.4533736753091592
0.4738076020552656
0.5062226758713713
0.38920933898673626
0.5253955590333299
0.46547998322951634
0.43399794649794643
0.42788410054829246
0.45100822822776787
0.47312976589803246
0.47137199911334704
0.353452697259904
0.5478139389264709
0.4833582256896699
0.4339914855455559
0.5320779402543179
0.45361766910057844
0.3960856513025766
0.43825715537097654
0.36848602597292174
0.3522539254263829
0.5216730963596657
0.47173770673770676
0.4321023959775249
0.5916586015350564
0.3442161389159015
0.5396393149334326
0.41196236422969895
0.5106481143782651
0.5233793177817517
0.4357132392521387
0.4024910130532917
0.4874673338476224
0.5134607799795426
0.4441595270954588
0.4803325516253013
0.5267558248496592
0.5349190449639744
0.45830692221158753
0.4885521885521885
0.4264229007623157
0.46882565322793024
0.45318054122233686
0.5520213901792849
0.5103826352716961
0.4488546265964013
0.47694116056389035
0.4173078748583548
0.4406252362900671
0.3769753131638708
0.43870794302997695
0.5366113836358822
0.3747487167196595
0.33869725239351733
0.44716636169827706
0.467621394086705
0.48024175103580935
0.428159956196352
0.45200578243460987
0.50983637039045
0.5035894660894661
0.40115059517752294
0.3390730393636665
0.46280768857222776
0.42844711482642517
0.3400017380241879
0.49733257314378476
0.37251060566634336
0.47361473996960834
0.48688235618133896
0.4056241977936062
0.5520499300709901
0.42362773084640093
0.4642117945874339
0.4184766953746434
0.4015133603085105
0.4336729100720159
0.4795169030352826
0.4170471678080374
0.38629189268871383
0.5215644549467637
0.40992540519324006
0.5663753439030774
0.4768515820452004
0.40064969119892957
0.4247513115332264
0.4856076112683687
0.45144610163967164
0.41778701362119214
0.292392603928293
0.4050146410706239
0.4615341059504855
0.3627702104838804
0.4836001833752619
0.4621673428707278
