0.8
0.5294117647058824
0.5714285714285714
0.7333333333333333
0.7142857142857143
0.8181818181818182
0.75
0.4
0.5789473684210527
0.5555555555555556
0.45454545454545453
0.5882352941176471
0.7058823529411765
0.8
0.6
0.5
0.8461538461538461
0.5294117647058824
0.7333333333333333
0.4
0.6923076923076923
0.5294117647058824
0.42857142857142855
0.46153846153846156
0.55
0.5555555555555556
0.7647058823529411
0.375
1.0
0.7058823529411765
0.5789473684210527
0.45
0.75
0.5384615384615384
0.5
0.6
0.4583333333333333
0.5
0.2777777777777778
0.48
0.5882352941176471
0.6666666666666666
0.5714285714285714
0.5384615384615384
0.47619047619047616
0.5882352941176471
0.75
0.36363636363636365
0.4444444444444444
0.5882352941176471
0.6153846153846154
0.8888888888888888
0.5652173913043478
0.7777777777777778
0.7272727272727273
0.5
0.7647058823529411
0.6666666666666666
0.4444444444444444
0.631578947368421
0.5
0.5
0.5909090909090909
0.46153846153846156
0.5
0.7692307692307693
0.3684210526315789
0.4583333333333333
0.375
0.5333333333333333
0.8181818181818182
0.6
0.7647058823529411
0.5789473684210527
1.0
0.7647058823529411
0.42857142857142855
0.75
0.5833333333333334
0.5833333333333334
0.8333333333333334
0.5
0.9166666666666666
0.4166666666666667
0.875
0.75
0.7
0.6153846153846154
0.5714285714285714
0.7
0.625
0.6666666666666666
0.5454545454545454
0.7777777777777778
0.5714285714285714
0.6153846153846154
0.23076923076923078
0.8333333333333334
0.5263157894736842
0.6363636363636364
0.5
0.6153846153846154
0.46153846153846156
0.6923076923076923
0.5833333333333334
0.4666666666666667
0.6666666666666666
0.5294117647058824
0.6
0.5185185185185185
0.3333333333333333
0.7142857142857143
0.8571428571428571
0.75
0.75
0.7
0.4375
0.5882352941176471
0.3333333333333333
0.631578947368421
0.5833333333333334
0.7058823529411765
0.75
0.4
0.7142857142857143
0.5789473684210527
0.9285714285714286
0.5263157894736842
0.5294117647058824
0.6875
0.6923076923076923
0.46153846153846156
0.5454545454545454
0.3333333333333333
0.6923076923076923
0.6153846153846154
0.75
1.0
0.6666666666666666
0.47368421052631576
0.6923076923076923
0.6875
0.7333333333333333
0.6153846153846154
0.5
0.6666666666666666
0.6428571428571429
0.9
0.38461538461538464
0.7142857142857143
0.8
0.9
0.7692307692307693
0.6086956521739131
0.5
0.5294117647058824
0.32142857142857145
0.4375
0.9090909090909091
0.25
0.3888888888888889
0.6153846153846154
0.7222222222222222
0.38461538461538464
0.39285714285714285
0.7647058823529411
0.5
1.0
0.42105263157894735
0.6363636363636364
0.5714285714285714
0.9230769230769231
0.5
0.7
0.9230769230769231
0.5625
0.5625
0.7692307692307693
0.7857142857142857
1.0
0.7272727272727273
0.5625
1.0
0.5263157894736842
0.5238095238095238
0.5909090909090909
0.42857142857142855
0.6923076923076923
0.9
0.45454545454545453
0.6666666666666666
0.47368421052631576
1.0
0.6
0.5
0.5555555555555556
0.7
0.5
0.3888888888888889
0.8333333333333334
0.4444444444444444
0.9285714285714286
0.4444444444444444
0.8333333333333334
0.9090909090909091
0.7857142857142857
0.5
0.8
0.7692307692307693
0.5
0.46153846153846156
0.4375
0.3448275862068966
0.5833333333333334
0.47058823529411764
0.6666666666666666
0.43478260869565216
0.7142857142857143
0.8
0.3684210526315789
0.5555555555555556
0.4
0.35714285714285715
0.5263157894736842
0.4666666666666667
0.5714285714285714
0.6666666666666666
0.6190476190476191
0.6666666666666666
0.7692307692307693
0.5714285714285714
0.625
0.6875
0.8
0.7272727272727273
0.6666666666666666
0.7142857142857143
0.8181818181818182
0.6666666666666666
0.6363636363636364
0.6875
0.4166666666666667
0.5454545454545454
0.7857142857142857
0.5454545454545454
0.5833333333333334
0.6153846153846154
0.3888888888888889
0.625
0.5294117647058824
0.75
0.75
0.7142857142857143
0.375
0.7142857142857143
0.7777777777777778
0.5714285714285714
0.6
0.5454545454545454
0.64
0.8571428571428571
0.75
0.5333333333333333
0.8333333333333334
0.6666666666666666
0.4117647058823529
0.5714285714285714
0.6875
0.9333333333333333
0.4
0.5714285714285714
0.5625
0.75
0.875
0.7333333333333333
0.5833333333333334
0.8181818181818182
0.7692307692307693
0.5555555555555556
0.6363636363636364
0.7333333333333333
0.42105263157894735
0.6363636363636364
0.8333333333333334
0.5625
0.6153846153846154
0.6875
0.38461538461538464
0.75
0.9166666666666666
0.7647058823529411
0.7
0.6153846153846154
0.6923076923076923
0.35714285714285715
0.8461538461538461
0.6428571428571429
0.7142857142857143
0.5
0.875
0.6666666666666666
0.64
0.7777777777777778
0.42105263157894735
0.6470588235294118
0.75
0.8125
0.6363636363636364
0.5625
0.55
0.5714285714285714
0.7777777777777778
0.7333333333333333
0.3076923076923077
0.7222222222222222
0.625
0.5294117647058824
0.625
0.8461538461538461
0.3333333333333333
0.7333333333333333
0.625
0.5
0.47058823529411764
0.8
0.55
0.7
0.5833333333333334
0.4444444444444444
0.5714285714285714
0.6
0.5
0.45454545454545453
0.7692307692307693
0.6875
0.6153846153846154
0.4
0.6363636363636364
0.5789473684210527
0.6428571428571429
0.5454545454545454
0.8571428571428571
0.8333333333333334
0.8
0.5454545454545454
0.46153846153846156
0.6111111111111112
0.6666666666666666
0.625
0.46153846153846156
0.38095238095238093
0.6666666666666666
0.7058823529411765
0.6842105263157895
0.6875
0.6363636363636364
0.6
0.5
0.5
0.6153846153846154
0.7
0.6
0.4827586206896552
0.3125
0.75
0.6666666666666666
0.9
0.75
0.5
0.4444444444444444
0.9166666666666666
0.5
0.5555555555555556
0.4444444444444444
0.5625
0.75
0.8
0.5333333333333333
0.631578947368421
0.4444444444444444
0.6363636363636364
1.0
0.7857142857142857
0.4375
0.2727272727272727
0.6470588235294118
0.5217391304347826
0.29411764705882354
0.35
0.5
0.5333333333333333
0.5
0.625
0.4166666666666667
0.5555555555555556
0.4444444444444444
0.5882352941176471
0.45454545454545453
0.6153846153846154
0.7692307692307693
0.6923076923076923
0.6153846153846154
0.5555555555555556
0.7
0.8666666666666667
0.6923076923076923
0.875
0.8
0.6363636363636364
0.4444444444444444
0.5
0.6153846153846154
0.6
0.6
0.6
0.42105263157894735
0.6363636363636364
0.5384615384615384
0.38461538461538464
0.3888888888888889
0.6842105263157895
0.6111111111111112
0.9230769230769231
0.6363636363636364
0.8461538461538461
0.7857142857142857
0.6428571428571429
0.7857142857142857
0.6666666666666666
0.8461538461538461
0.5
0.5789473684210527
0.625
0.6111111111111112
0.7647058823529411
0.2857142857142857
0.7272727272727273
0.4375
0.47368421052631576
0.6842105263157895
0.75
0.5625
1.0
0.7333333333333333
0.4666666666666667
0.7142857142857143
0.3888888888888889
0.75
0.8
0.6875
0.6666666666666666
0.7272727272727273
0.5833333333333334
0.7272727272727273
0.75
0.7647058823529411
0.7
0.7058823529411765
0.5384615384615384
0.6923076923076923
0.6153846153846154
0.8333333333333334
0.5714285714285714
0.7058823529411765
0.6111111111111112
0.5
0.43478260869565216
0.3333333333333333
0.5909090909090909
0.6428571428571429
0.4
0.7857142857142857
0.8125
0.38095238095238093
0.5263157894736842
0.7777777777777778
0.6666666666666666
0.6666666666666666
0.5333333333333333
0.47058823529411764
0.7368421052631579
0.9285714285714286
0.6666666666666666
0.6666666666666666
0.4117647058823529
0.6666666666666666
0.75
0.6
0.6
0.8888888888888888
0.8333333333333334
0.6
0.6666666666666666
0.75
0.7777777777777778
0.5
0.8888888888888888
0.5384615384615384
0.5833333333333334
0.7333333333333333
