0.43679707781455024
0.503461528700154
0.3171331088339202
0.38126876168302093
0.5378848259020672
0.46367753733928313
0.3977028326235644
0.5270232117108877
0.36013117195706734
0.5157805860448137
0.4457953264330533
0.5205504500061506
0.5452904849480407
0.42854774910840404
0.38323719464426953
0.4003287510303431
0.32440654416422265
0.5059039943162751
0.3358026222394583
0.5001551365210282
0.41438181597856383
0.44606883711390666
0.32135213908511995
0.3623458966596221
0.3500047629401837
0.39877642421035475
0.4062606405463548
0.42052715429736265
0.4152021041089543
0.4228200587264007
0.4232444898806792
0.3961944920732463
0.300784908201788
0.32638951788951787
0.4975332167720107
0.4120887901182018
0.33193115792253725
0.49295524783195777
0.406472968846194
0.28480514407558133
0.5006693871533844
0.38209128970706263
0.48205240092684687
0.30161776172099136
0.45963674861876613
0.394906280472642
0.6110076035076035
0.4471939790560128
0.3816825255097915
0.5006207571277085
0.39505565283242233
0.38079410330812286
0.41807688939267884
0.4419659992590498
0.4698397297958701
0.4373519617637265
0.4327700113096834
0.32303780824946915
0.5043044174723473
0.44714841584942366
0.42675700077311773
0.38361825258011706
0.3980300388652791
0.501581415660363
0.4517712219122014
0.33845429148036793
0.4988223847730334
0.4408666785759396
0.3814926649848014
0.4568537395021248
0.3997419647169544
0.4259486106152441
0.49099547511312214
0.3873094696721874
0.40500554746550177
0.5008428330503484
0.4015885006683788
0.48576974577589427
0.28824715915433213
0.37706369809754264
0.4432068890235269
0.342121182067273
0.346386753904802
0.4430309966015574
0.5221894175530406
0.43080297245416127
0.4202687818793036
0.4265993559286242
0.4706416622121853
0.4170003871467286
0.3702009912504214
0.4001774458320533
0.4509835264380082
0.3587379639553553
0.4314978344623521
0.43311489751782467
0.4834747394124371
0.5148826893756759
0.5060562915857033
0.3682084968477374
0.33195541584125854
0.3047360917312743
0.3885641871467634
0.4284012607581751
0.4645357598978288
0.4865851416746557
0.4425129121241085
0.38427197822244263
0.4842770749097931
0.38908593174408934
0.4313334665165329
0.44306780208095997
0.30908488156004454
0.48782400726845165
0.42690789765789766
0.5402172615965719
0.4801187001464471
0.4182362005810282
0.3842509220220064
0.4775419064770583
0.4354967200555436
0.45338604506948166
0.47363428768611693
0.33406742176226634
0.516025641025641
0.5620974320084227
0.49796276694973685
0.43243478743478747
0.32777274409815027
0.5199826112854282
0.442610280546327
0.5684583785204903
0.40329193207903413
0.35038097345573294
0.4107812833690027
0.486763822094944
0.28806839034088777
0.48101363959260585
0.40289346026987166
0.3822778577324764
0.5232271801903047
0.5022702980597717
0.35378065169759876
0.4804477175986178
0.4266274961033676
0.5064895541549953
0.4075459932897004
0.38998371705302914
0.36733398522616917
0.40548149270312583
0.3709839353041872
0.5384727813752581
0.44637022559476214
0.34661390802567266
0.48781193815174395
0.4122177507219895
0.3250485195860308
0.41257823567307106
0.4295433055343148
0.4136661567922306
0.4380993590367678
0.45024971941638614
0.4952414879229761
0.48921332833155595
0.4689832615704709
0.2857419405678014
0.4320238095238095
0.4557485794944691
0.4545950625828873
0.44760740012485684
0.49418776774508566
0.4689697910618287
0.3545852888293548
0.4364661829932839
0.3997156687849963
0.4148301022694494
0.3456711010262836
0.41690454635648394
0.47849487956148895
0.39522651845976275
0.4802081694630713
0.5259186401833461
0.47136504728470124
0.33650529796407347
0.37864149377849343
0.4208328565521548
0.46313350900307426
0.406820558931247
0.47163900192760766
0.5296725114352028
0.4265165288423802
0.5143290043290043
0.4719101407053292
0.4704468076584155
0.4118116532930507
0.39966420920957046
0.40009006038606254
0.40017932503904563
0.507767953459415
0.32694105712793087
0.4081068874556817
0.3810002036967271
0.5852666767909487
0.4872329509095943
0.3921594526874298
0.40084385224394936
0.3995440971344586
0.35458073444057425
0.43550922282341364
0.4047823872632057
0.4055601996981308
0.32587338846743774
0.46427921385574256
0.42475515712357814
0.46894267221451685
0.4942477578646137
0.43779771834119663
0.4254532833151254
0.45729694237371055
0.4313125471036221
0.3582219241810846
0.4513723550397324
0.5486014250681004
0.42102629728222474
0.4947398946162907
0.333115628291362
0.38079201914583655
0.4455248165052086
0.36672482990230276
0.5380808913796535
0.3816480524784299
0.5132636328684248
0.32333834192097993
0.49361970417937906
0.45655982905982906
0.402514548145661
0.3483214981899192
0.40002574121295587
0.45952338676463766
0.4409433162574079
0.3277758431149813
0.5145037734894387
0.30908131886460066
0.40431115730225287
0.2892780875588292
0.3684494802661895
0.41190865034402724
0.3997342232478017
0.41660418853401304
0.2660443038931843
0.36055585618085617
0.4256159217459527
0.5273911536492182
0.45589814079344426
0.4160829054135793
0.46939640257625653
0.34738556674938575
0.44581338055817293
0.5201493035949557
0.35667289756959775
0.45912714368204843
0.3139405995785306
0.49499071248888016
0.3329348548885078
0.47424668662324365
0.49370323979019637
0.4484577998105395
0.4006909679201401
0.5210621043238213
0.37748233431494393
0.4199562790969138
0.36765272147625094
0.4475389044506692
0.5239872783490926
0.4642724522744306
0.3946923366737608
0.31379537425074244
0.36356571412684185
0.47539568112769015
0.3295909682868618
0.38124034912182436
0.5267137295398165
0.42410924898987146
0.4533635782861789
0.2755100263720953
0.4510522178239952
0.37943638011412945
0.36523868000879495
0.37985791985791983
0.5253742964810078
0.4943925106059734
0.3715532066717918
0.27010638733554565
0.3950415435762877
0.47248430773275496
0.3115009081802987
0.43678711823413163
0.36898083840334717
0.4592695349393793
0.455157868250127
0.38688251787939565
0.32304630634485965
0.36099339207010883
0.5167640500498297
0.36932304603284144
0.5179667237212033
0.4093662681076869
0.3778790501242063
0.43407172132754823
0.5167899275606043
0.4348735718194745
0.44756002026925235
0.4739780270345686
0.41165669859672305
0.4161218219216093
0.46846347035903235
0.3308780501905502
0.29604903944364164
0.4370416782377405
0.47382021839468647
0.3700578804165169
0.4014033759239239
0.3461790980358634
0.34233344196158844
0.35711322358922315
0.4816297273945701
0.3629533005223238
0.43308132803671584
0.4564736407001876
0.46854699502305464
0.35794425368158267
0.44529280854957637
0.35667801276291833
0.47382739882739877
0.5639423076923077
0.32013577501696533
0.44781101335940043
0.4171682727378767
0.37313906258350704
0.4167254300115818
0.39268083048665914
0.5419024254248352
0.48149702789896554
0.4225968661680212
0.315755524431995
0.3145307896040609
0.5047910028530184
0.4797905930775097
0.5042735283211474
0.47205342121511595
0.3140500057297029
0.3737247769204376
0.5396437646136205
0.34385016692420345
0.5616838199830216
0.3789596588819674
0.4223963118131537
0.43108678670399847
0.4134785636898314
0.3316952476018574
0.41573183780033657
0.41888893207537276
0.4454077467308174
0.3881214618714619
0.45029213394759615
0.4046073980220322
0.3289945944751769
0.35884419562102426
0.40070262037878435
0.36128430088510377
0.3608886323016758
0.4160703065602791
0.41761518655636304
0.31862385630242773
0.4248153600172234
0.3818575199733666
0.36439008846903587
0.41921642084630917
0.43733399810501866
0.5124920825591324
0.32127190261035105
0.5184842533067394
0.4209459089092956
0.325467998425385
0.4140486383854958
0.46602826315711465
0.4732430527550365
0.4138545987920206
0.46553939873311634
0.46963338551933925
0.3318172134795392
0.4896472442573928
0.4149658016362822
0.37896228363483536
0.42892963098846715
0.4065247560445155
0.36279337193504346
0.4638081919775283
0.4996578659778612
0.3759579273772822
0.4760404308061795
0.36600104247418225
0.3885202148401574
0.4109281273655821
0.42385480795369307
0.44270019957300666
0.4224857307210248
0.5162978826040745
0.3765935715365212
0.5046736629383688
0.4768056604668298
0.3955841248774813
0.3320589598874141
0.46702189908868474
0.45017450673188375
0.4622908910293454
0.3117928581534328
0.41646326620239665
0.33295940642986205
0.3429742831008654
0.5197979841509253
0.3469817963539353
0.3955084647446663
0.4702026388334741
0.45911293604841996
0.30791502004315346
0.40448398711201944
0.4598859649171402
0.33942246858689007
0.5659897835841232
0.28695045915004513
0.3374159079862675
0.42247593182503596
0.39895610243311386
0.3652275624014857
0.4333048731122211
0.3660462076745987
0.3576306901539755
0.4863639954744045
0.4319550592440618
0.46228770177752654
0.4379186055961373
0.3710150950309745
0.5033085601793262
0.4490132570361832
0.4045224885541835
0.4468817379093748
0.31821447558289667
0.45055270645673223
0.4742595244907919
0.3729093140350747
0.4743462495636408
0.4485646998968681
0.472932272636591
0.35466822218877014
0.3091949260592525
0.3986422495633022
0.3646380220377125
0.3021514637914313
0.5190411936912772
0.4893951907410018
0.44185648101110714
0.3574283151185523
0.4463466270020391
0.50011959092685
0.5039047782855832
0.2807854797796938
0.43905327454021026
0.4086727209028288
0.3616416823552784
0.3277245858461982
0.459652910452731
0.3541170509690233
0.3815898334598242
0.38364590522199216
0.3116836132422031
0.4469662659071119
0.349301644634462
0.3940291717686609
0.3688035503138724
0.43219020485687154
0.3165167051661893
0.44904982709266983
0.45541084911386837
0.294082638308531
0.4120507874038217
0.31665901311736416
0.4115878742134011
0.39884008591359493
0.41405667196827084
0.37907522302259145
0.40903239124644264
0.5093832110518165
0.46196201641067375
0.4175026607021868
0.4220977304930339
0.5153308110377782
0.34775554148362164
0.39329234915229805
0.36046103321965395
