0.3831295808220765
0.4411517213806621
0.49712149183432924
0.3519807128662329
0.3620850431819703
0.4366161870674924
0.43214164967867263
0.41983391637407286
0.4787268530438752
0.348754148330774
0.35291921428102746
0.4675140427542953
0.47040483905237934
0.44952353943970774
0.45493471498459404
0.38624133760617796
0.4896854710116997
0.45548688085152367
0.3934331367797551
0.48518980518745586
0.45659347728912203
0.3611355682211924
0.373976698345598
0.36039423877782467
0.5126034243451506
0.3757610622352067
0.4207390852647004
0.476761255764581
0.49253725504467916
0.45595198256161784
0.46527730263741507
0.4922617568348017
0.41775164323157765
0.451679393213491
0.49122429630421066
0.43372803546686767
0.453795672481145
0.4743724463992216
0.5531249915743006
0.5119474068636569
0.514117289291464
0.33029539104340117
0.36797624274190377
0.4268356654215265
0.36738744742824486
0.39922258756026924
0.3795310481380849
0.5426064370610261
0.4549009294279689
0.3651393028411011
0.43705780541364725
0.45522356588505886
0.3917160313682416
0.4590674590740301
0.5142762172089675
0.433740918520219
0.4825837542036045
0.3951839690888831
0.38975605373529176
0.4103498461933869
0.37930227240591563
0.508263208105579
0.4872953954009228
0.40106452162620204
0.43328138560559004
0.34439470807090033
0.42765736287358025
0.4389451775107036
0.5051575330183984
0.4439383923129772
0.3997382659747982
0.45927085144994495
0.32363774823152375
0.4489736270195091
0.36827339864239333
0.4438851873458728
0.3879321845550569
0.45564337586578696
0.3366237196762487
0.4286564949611846
0.37532866728724434
0.5080777388454821
0.4645460093850401
0.4040765092714071
0.4262407172402312
0.4521405510696516
0.46807173281120806
0.41465110598472354
0.39393168194748557
0.44150041848909016
0.5451224886831312
0.38219309038986826
0.46630460950817293
0.38329597010360833
0.40708063774339887
0.48781111409426503
0.4207574827549915
0.41601628905007526
0.5148218300584403
0.4051043026112394
0.36407132848244195
0.42666584217964876
0.39884763004822105
0.5058991226161738
0.3494438809986158
0.5140398465386941
0.4453871580179116
0.4828086136520139
0.5344045105057051
0.5390225077065353
0.5034468238362514
0.44307893497541534
0.46939913265616195
0.41085413321087616
0.39248396142072456
0.45796530090569193
0.4111238023436825
0.3851565877115063
0.36963231137337027
0.4059674050215106
0.3811705949394607
0.4103465619911606
0.47860206885879564
0.4348611633801549
0.47201902981002963
0.3486824493339854
0.46047287591858355
0.42813983633329145
0.4653202863736573
0.5142650221721233
0.4036225770011661
0.40405298331518075
0.402615213472034
0.47238702108648484
0.42348451897323225
0.3553766240461837
0.45628388525343966
0.4395760555478459
0.3744949522312343
0.3371469280818716
0.4589760923531584
0.34014392857674547
0.4334813381616691
0.348405176709486
0.44060851839988746
0.3895580327095768
0.3489290903900408
0.32128953169629737
0.3575479444859303
0.49565310104834215
0.3940957087830401
0.417403178364892
0.402225976426133
0.3687675972034219
0.562063938544423
0.41955928858500485
0.3225220106853923
0.3917422347477644
0.396422860307715
0.3241526903175381
0.3042178100936095
0.3668211288372062
0.3661097585424749
0.5088296919095001
0.4578046316354931
0.3504784127212467
0.46947626878392124
0.399343388057935
0.45499174258849173
0.4166014140312533
0.5111820193564314
0.5114664730992191
0.49734042167722164
0.45071839434421657
0.31357655197386136
0.5260310634581922
0.4771047004610972
0.3992529998324972
0.43644949709493297
0.40457093344437267
0.4249608629083853
0.5079520019103151
0.4151441826241613
0.32937345444141647
0.4344405629594784
0.5418119748287118
0.43263698204376755
0.4159294164102509
0.34402525758573554
0.45525088987945084
0.3394055840540194
0.4308390723424049
0.3734817086653062
0.4658112705648587
0.45274138338593
0.3705457969145295
0.4799197757379263
0.4150174821297675
0.508507390992684
0.4363387416615232
0.3278601693933546
0.5204731799926058
0.46386227482329595
0.41559452539156716
0.4692145387596654
0.4871121170287545
0.44026076531345787
0.49778709182319686
0.38878513000136705
0.4968283246427682
0.5168364694900859
0.3813913618228333
0.39945482327575704
0.37096140741134626
0.33000300782883496
0.3185637469809891
0.40105089248294673
0.5134784124640404
0.36893968813359646
0.4617196201970295
0.359512127984976
0.46237338308538284
0.42989212347717626
0.4289352707196478
0.3634014704972339
0.5352372356571313
0.492218108326831
0.48897010369206706
0.3865283919601652
0.32069978787402587
0.331590225439181
0.4040912081497625
0.48791860237827805
0.5226420478227075
0.4460037757609454
0.5144133116814757
0.5049554719620089
0.3942401805021644
0.5195093233066803
0.37692581605204234
0.4710553965942288
0.45040327519542217
0.5297296792028857
0.43294905771603065
0.4132401283656676
0.4282931305404223
0.46975048986718765
0.5157708726482739
0.44919215021706715
0.4514185185285294
0.5260850750999199
0.4552273664553979
0.3899022462208519
0.2458513130289738
0.48257979204292883
0.42824304391904633
0.4023264984499868
0.5478258956499704
0.42571684031161056
0.3654460912188491
0.40487672475894765
0.3651641897722527
0.4620676611160614
0.5268124678735845
0.5290835791783348
0.37985576687991013
0.5452734833757998
0.45840199585941904
0.5068810605950148
0.4375399334906911
0.4347171355009922
0.3959071972382649
0.4231441877755372
0.4513992480633875
0.5299560454018397
0.42480564803422427
0.32810057399904313
0.5035359266899151
0.3896936491293135
0.35665083332125813
0.41272798123009213
0.4109058358413942
0.4139132267217937
0.5925357284833449
0.3814164065945558
0.4075996727331298
0.5025611185182246
0.5606140130908077
0.4024930674734769
0.4300747479127171
0.48034474007499894
0.4621255276803078
0.49380691027760215
0.45627857522246135
0.4175697252500761
0.44566236929729985
0.4378535454141723
0.39834893063498866
0.3379684973294438
0.48314972351587626
0.4909645858428538
0.4590522367574268
0.47054846598817485
0.48570753344026485
0.35248736377904866
0.44831809491179064
0.3561376490408509
0.3634438806977955
0.4492804879277942
0.3597321581529743
0.5632514932243312
0.24354269552807395
0.38650464428125053
0.38317755168167245
0.441182820025253
0.4523443509375045
0.44592058583416694
0.32462334245661684
0.3690940854145116
0.47980386474517345
0.3462341864117133
0.5064332501587356
0.36379079641391476
0.37481050914671465
0.33474637711950167
0.43084171309817676
0.45262723262958376
0.46325529041130825
0.4090617671999928
0.4355370568335873
0.49612054991227816
0.44513626653793215
0.3625648469363874
0.37997099517055005
0.31941560657862933
0.42469132595367476
0.5017144244222914
0.4498891158634012
0.37425502464083127
0.48272360807593573
0.4873385181600377
0.5430544555805719
0.4298038897245532
0.40485398943780077
0.5954625630196001
0.4254002583342653
0.43300137360795327
0.4819606865800605
0.4429606175905411
0.5399738692607085
0.37457888233796266
0.5949020147388738
0.3381043652562991
0.5430947274929994
0.37972918532412403
0.4417946138980192
0.46656347720176833
0.341065425732459
0.4978926572283133
0.395970845352269
0.36081136611999187
0.40947379447372456
0.38937418922047157
0.40176063480051305
0.3354273144824294
0.3779652387216558
0.4643581398241687
0.44874188015366506
0.33581722819720755
0.4480814303084068
0.41033304140939936
0.4826672009791366
0.4388471621400156
0.3558386336480917
0.41412014471620073
0.47143811649852335
0.4020154944723898
0.5150317167930674
0.4319772616674571
0.4227576739374954
0.4535549097473014
0.3409847447495482
0.44626543557234155
0.422304527462202
0.5190588663943748
0.4341221499182836
0.4847418208025358
0.3693673691463604
0.40852281713103145
0.4421545858928576
0.41213314110644783
0.42033232782214686
0.46315853072584323
0.44734802804136675
0.5414412477058639
0.43481388433380325
0.4999646601340854
0.43478104891687874
0.48258245932613764
0.4295339193390366
0.4178907301185125
0.42571777565745716
0.3576159605772651
0.4358358713253462
0.4474226956816134
0.45837719716211456
0.3858251688332015
0.45536192557599164
0.41072092563543333
0.5193999268264038
0.36410635711714967
0.3544776275413488
0.38347827762574027
0.37471692945375
0.3767212458740605
0.4152295563459699
0.47160011549198644
0.35290954709283806
0.4283924608306214
0.4666665638989521
0.4496993957372858
0.4797820961160594
0.35557805311502294
0.34061968204975146
0.42468806805132525
0.37418220861773666
0.355574161665112
0.4446302001262603
0.4584569000291978
0.3539825165865841
0.4405760662994256
0.4586682276971855
0.5264998611933259
0.40758610508731374
0.45309920014594474
0.4408753751762872
0.5470243967536145
0.4737341778300672
0.45274523145500883
0.44089602115419707
0.43649299212747317
0.48363051478473673
0.42858832723704626
0.5812186441613365
0.4623887827320963
0.4650714540599411
0.46451197097316665
0.29217096656612174
0.5693479869926595
0.4435537372586609
0.32758610341483063
0.4543642686848315
0.4749254372054293
0.47324168610297546
0.36607772507659725
0.38031742231982146
0.38396782672662755
0.36033890081663755
0.41091269525583274
0.40128413884856007
0.39623007580636477
0.39655847919007475
0.4457129309850016
0.4645281284697257
0.4716511785828121
0.48323930352276956
0.4320144829390894
0.33630664207270705
0.42031834150909353
0.44408311493800756
0.475225362868553
0.4521186051364097
0.48457927945777035
0.38095007108798157
0.4318423333253905
0.3181604420649319
0.40380984167657896
0.40696587024917524
0.44850859135652266
0.38333100474473597
0.42786076262237205
0.32119495029198813
0.4248415177586893
0.5089393410534396
0.43027009338784256
0.45546526841934787
0.39011590459794326
0.3757842290268433
0.4289249744319048
0.49411226503133565
0.4462813045291724
0.4953983930329001
0.43967317917805976
0.42996147852860656
0.4481786456279811
0.3549314033143665
0.503481784883181
0.4666238114964488
0.3601985305637651
0.45364330259710073
