0.5804313552482887
0.4607396631185704
0.4630199618877686
0.4486380329826962
0.6446220991216468
0.5820753536634438
0.5281011107225743
0.5259212957749386
0.5577485019648729
0.5818629227838171
0.5272658686838954
0.5010334327150492
0.5687399768415822
0.49427054524029923
0.47431104873853447
0.5064859670034189
0.42349654394513714
0.5581870848381459
0.6049171103264356
0.5084251743303502
0.4937222884281927
0.48958507780858124
0.40577056333482
0.3584704005372748
0.5098310950076441
0.45386077012780085
0.5906337488732691
0.5974566033244126
0.503052206773256
0.653356105913598
0.5152573491941905
0.4544434090708969
0.4392551909380973
0.48135115928749184
0.6161129263214672
0.48864158843706684
0.5256493972047125
0.57314211875206
0.5681185018645509
0.45514197773572496
0.42564571533593226
0.4739600907579925
0.4721051622166712
0.45619422850445857
0.6132987827299922
0.4852423158715528
0.5441746969770975
0.4116111340124085
0.5421609708365787
0.5027723871461646
0.4418601976101005
0.4913829163007607
0.5411468090514193
0.5363740316425338
0.5218178487783336
0.4934021635145619
0.47671195692164015
0.42647678031879416
0.5026901672730604
0.557014911848222
0.5073212872063599
0.5152951165264699
0.4841587043588904
0.5397878948488857
0.5573701410123718
0.4745771560608195
0.5734457121936409
0.44360948905595105
0.5547988480617841
0.5353307300801755
0.5164272620394226
0.6107984969772846
0.575842257687063
0.5011613221146528
0.5380440009927703
0.44861104583281414
0.405822042618155
0.47352240373104365
0.47315808837717643
0.5410705562990562
0.5555610218007531
0.5273045863318152
0.5729872919346054
0.5780197750663361
0.6163983237472459
0.5106412975098765
0.4446904136645256
0.5077199771094842
0.5545899733796384
0.4225239051523674
0.5034560307932994
0.5124368118747764
0.4602397231357412
0.4537467727566786
0.49688306749310784
0.5941689862758734
0.5912986246599293
0.49554985407521884
0.5333529960879106
0.4880641746988459
0.5283803347279247
0.48138626685687336
0.5453945857806467
0.4243563077927928
0.568721338146744
0.5560587171525813
0.45455691456237857
0.5503061074632459
0.5228416300820552
0.4960446205013536
0.5816078674156056
0.5763317753929601
0.5629461608471227
0.5439075616111938
0.5931115880313063
0.5393939970433257
0.5124719874569735
0.4581018710215823
0.49356097083569006
0.4215320109322199
0.5495403442154281
0.5494393905122714
0.557846796908274
0.5813905158464601
0.5936877164779015
0.5484746602036956
0.48841450586936297
0.5077288650087066
0.4620256240349812
0.5682776749244524
0.6116464225699881
0.5492430761438251
0.4663867774770196
0.4565157744829473
0.479144313474985
0.6267509180529338
0.5302223921153428
0.5596763669003952
0.48833247529308255
0.5203962856679424
0.4795008392789769
0.4355369615341161
0.4949849380730923
0.4350779974791754
0.5220433580671817
0.5330968785613723
0.6319556475655257
0.40272264145293785
0.48806111778122185
0.5850427559909893
0.5311480432924359
0.5033051273346666
0.46367774599280004
0.47263369583999787
0.5206359813391113
0.5227088331062915
0.5842575206746837
0.46784541432660953
0.4410995952257283
0.40283486772747634
0.45868750470022535
0.49762239505249833
0.5640459072739064
0.45849548652699035
0.5136386971129508
0.5924553050467148
0.48618484926556865
0.4711430870991735
0.49269331586279314
0.494448279042216
0.5447299975507776
0.5967413796395264
0.5025866082222963
0.5430206786999336
0.41102661105066896
0.471231905396812
0.5415163394364221
0.5042249529630779
0.5058875867271022
0.42300712826325204
0.4292172946096157
0.5057989490157689
0.5535905572435057
0.5043166534961259
0.47161821128393083
0.5360393887201191
0.5338570144697415
0.614175294848402
0.4922590435007396
0.5619682763442896
0.5179394290900177
0.46193248719801083
0.4985442514841584
0.5273467159003438
0.4833793306567649
0.5912360625857155
0.5810805026716328
0.5013129847602158
0.512288761909377
0.5207396617213688
0.4953988524442071
0.5459939305338264
0.5848038898816312
0.6066409719345622
0.4609344890810758
0.4557060661978367
0.4742026399032361
0.5662293654119946
0.5799983633873851
0.4943023695834565
0.6041038912412182
0.5289818868355401
0.6084187726419208
0.41943243475548264
0.5235336937464468
0.5124421362455971
0.5155775205851572
0.45565206069976083
0.4431032818888523
0.5117249204343837
0.5076258717422568
0.518655582160319
0.550401472345985
0.4949366630721235
0.6278693220714775
0.46009341967129735
0.5231614946350318
0.555325449487624
0.523962891189899
0.5338739185480694
0.5695683437215909
0.6117429442426958
0.48138757886439987
0.5303243999854466
0.48821516311928576
0.5680738261880658
0.5058719643683586
0.5395809663325734
0.49911004032417644
0.4707455956663571
0.5282136407428278
0.48756847965887196
0.5286721880260229
0.5056544504701214
0.4731299453975267
0.549766691635357
0.5313929553257017
0.46735758025021273
0.4513650893855695
0.5099281022998287
0.5319901789852712
0.5736073914228806
0.505435787683004
0.43047519573027515
0.47028534647751363
0.568826516472614
0.446973016717036
0.460638606488566
0.44732673017013636
0.542671209419849
0.5797661820106168
0.4373236660404534
0.487885803502647
0.5888680999292706
0.60849051202842
0.532387995732692
0.4796032186786637
0.5451114491020749
0.557743757001444
0.47419014040849494
0.6265189466826563
0.5075165037598247
0.4818257448481626
0.5636023622837334
0.4585960357540295
0.4299396363807793
0.41933152690548814
0.523064330914228
0.5185534187209341
0.431473782390532
0.471950173104456
0.5424190188451737
0.5942588999530886
0.5307537611544563
0.4700624782175209
0.43663178306536554
0.5563127583315626
0.5696122772791031
0.42802254580707444
0.5656247320386968
0.413150261745633
0.4856611057272854
0.5000208406994344
0.48345538011204015
0.5214199151594472
0.5729393034287846
0.4951218131460088
0.3687002679492377
0.6025212343426738
0.5629029450189736
0.4652291517373775
0.5202965508676982
0.5257501962681892
0.5121180265790675
0.5559175015747221
0.5287760902550442
0.5055132541127919
0.5057488585467298
0.5984018700418214
0.47632672660782704
0.5752804655126714
0.4348202495370783
0.5376089382530324
0.5638137411942638
0.5005193208898985
0.44230332409477535
0.403668243704423
0.4909276504255539
0.5143623157825772
0.4340491743523447
0.45580912688327596
0.4974418318502767
0.5580833587077827
0.47358024977329427
0.48891841321042795
0.5098037153353994
0.5147592935368591
0.4657080104096677
0.5262047684956019
0.5771778445983762
0.4990771791459496
0.6045309568483958
0.46957892245670346
0.5655344498554691
0.5233427250507169
0.43268851135228176
0.5415140846767291
0.547968174298655
0.5065756127631917
0.5465242689992093
0.5517599685829161
0.47419960237878245
0.4991037812028304
0.4735416136403267
0.5134093225967149
0.42429291971735095
0.5217835826290866
0.4855107246362163
0.43249574950493974
0.49180163368873836
0.5666823047973956
0.611048272478572
0.5225705497361874
0.40638410913137024
0.5496928396467798
0.4091576296899341
0.5473689456878212
0.5223772996894945
0.4732405262729637
0.5790767647213195
0.5442972737736891
0.6169180629300065
0.5124440987187106
0.5666329014907806
0.5018953137422288
0.4679370272477187
0.5310212304355536
0.45463914900921887
0.458161525224416
0.468560882214085
0.5358016773119821
0.534843786365703
0.46754379434958343
0.49572193553306354
0.48618422452547466
0.48841190060085793
0.4453809773475212
0.5637794877284754
0.4970860715453517
0.5297969737163838
0.5185212100852319
0.5203200829916045
0.44664265184526825
0.4891017765708356
0.519471042266105
0.4699014304270555
0.6318362801068088
0.5212812855376248
0.45953260718458594
0.568329468577184
0.4830948632161243
0.5287552675569964
0.48179939649404313
0.5286756847106132
0.5677332509340127
0.5529327845911916
0.47716373385211663
0.5096048437681677
0.5667977276390064
0.4168737972209621
0.614186744017309
0.5318612147024163
0.493058114901361
0.46241521867441465
0.4832459601732994
0.5145567970605521
0.5462950222024621
0.4265599249527602
0.4785045433931545
0.5109285360351983
0.4326896564326927
0.4777048449428315
0.5082442729183224
0.5725691518356706
0.5470115210530281
0.5954608380566707
0.6069181908288095
0.49037355581012293
0.5318023876874524
0.4388847879234996
0.585077958675648
0.47161897041086287
0.5126788046993003
0.5629053858666279
0.4655030379630621
0.4103946233828951
0.4714025803661111
0.48112951559336387
0.5186134002568774
0.621524882691391
0.46775176579602323
0.5196292472262886
0.5773269786334588
0.6460793121719756
0.5192260018354217
0.5223389424718826
0.5879142981674291
0.6104850801137981
0.5059666418484035
0.3972103835220161
0.4729471820998977
0.5417676658418878
0.6061065852861145
0.528009594792315
0.5695446558400583
0.6016205210893946
0.5473585632534634
0.5456807883263121
0.5047666632554785
0.6038871154116929
0.6197513273960474
0.44535268982583115
0.5740570413864917
0.5043666104877648
0.5490094677375409
0.5634151194084409
0.504956698034701
0.4687423682254207
0.5051195225104534
0.5234462612265689
0.565847282389902
0.4258293376500083
0.4918120347563194
0.4768276355583931
0.6123536265827185
0.446370754799425
0.4745446372679601
0.4506971994083558
0.4534158571771488
0.5179346295135564
0.5335334948178774
0.5611347581696051
0.39326896346681806
0.5068387388029493
0.5581643761022369
0.5568807453342642
0.47866813029685507
0.4511925021935461
0.5090394087236205
0.5384946992659029
0.5621985948624295
0.5262184673125898
0.5030567502963619
0.4476588084992503
0.48891998755655947
0.35254834630307275
0.5190095876657536
0.5068808648356236
0.4248108530267773
0.5423299907150442
0.4892030124545297
0.5533469406748311
0.49927155698198844
0.6463688286124836
0.47764762806474526
0.47364168975807713
0.5301731488668805
0.46583664106599776
0.4958966137265011
0.47809803988345423
