0.24489795918367346
0.4
0.5
0.5
0.2972972972972973
0.30434782608695654
0.47368421052631576
0.42857142857142855
0.275
0.36363636363636365
0.375
0.4
0.391304347826087
0.3333333333333333
0.3684210526315789
0.3448275862068966
0.3793103448275862
0.2702702702702703
0.275
0.34285714285714286
0.3611111111111111
0.25806451612903225
0.48
0.2727272727272727
0.35
0.27586206896551724
0.39285714285714285
0.20689655172413793
0.3448275862068966
0.26666666666666666
0.44
0.5555555555555556
0.3333333333333333
0.28
0.4166666666666667
0.3939393939393939
0.3448275862068966
0.1935483870967742
0.40540540540540543
0.2962962962962963
0.375
0.3333333333333333
0.4
0.35
0.2558139534883721
0.34210526315789475
0.3076923076923077
0.2857142857142857
0.4117647058823529
0.35294117647058826
0.32142857142857145
0.1935483870967742
0.28
0.4090909090909091
0.375
0.4117647058823529
0.35714285714285715
0.5789473684210527
0.4090909090909091
0.4444444444444444
0.36666666666666664
0.29411764705882354
0.3055555555555556
0.43478260869565216
0.3055555555555556
0.3333333333333333
0.3333333333333333
0.4583333333333333
0.30303030303030304
0.45
0.4
0.375
0.4166666666666667
0.2857142857142857
0.42857142857142855
0.44
0.4117647058823529
0.36363636363636365
0.36
0.28
0.2857142857142857
0.43333333333333335
0.3333333333333333
0.34375
0.5
0.4117647058823529
0.24
0.3333333333333333
0.4782608695652174
0.4090909090909091
0.42105263157894735
0.29411764705882354
0.3333333333333333
0.36666666666666664
0.4
0.5555555555555556
0.23809523809523808
0.3103448275862069
0.38095238095238093
0.3448275862068966
0.39285714285714285
0.36
0.34615384615384615
0.43333333333333335
0.28
0.3125
0.30434782608695654
0.3333333333333333
0.4166666666666667
0.34615384615384615
0.375
0.28125
0.4444444444444444
0.3783783783783784
0.42857142857142855
0.5294117647058824
0.3
0.5
0.28
0.4583333333333333
0.34782608695652173
0.47058823529411764
0.21428571428571427
0.42857142857142855
0.23333333333333334
0.35294117647058826
0.3870967741935484
0.4
0.28888888888888886
0.47368421052631576
0.4444444444444444
0.2727272727272727
0.25925925925925924
0.25
0.34375
0.37142857142857144
0.4
0.34375
0.5
0.34615384615384615
0.4583333333333333
0.17142857142857143
0.3225806451612903
0.42857142857142855
0.4
0.34782608695652173
0.34210526315789475
0.13793103448275862
0.2727272727272727
0.3055555555555556
0.2916666666666667
0.3076923076923077
0.42857142857142855
0.23809523809523808
0.3684210526315789
0.3157894736842105
0.34782608695652173
0.36
0.3
0.3125
0.3125
0.275
0.43478260869565216
0.47058823529411764
0.4090909090909091
0.3333333333333333
0.2222222222222222
0.38235294117647056
0.36363636363636365
0.42857142857142855
0.3142857142857143
0.42105263157894735
0.3333333333333333
0.2619047619047619
0.29411764705882354
0.35294117647058826
0.27586206896551724
0.3448275862068966
0.2727272727272727
0.5263157894736842
0.20408163265306123
0.4117647058823529
0.3333333333333333
0.3333333333333333
0.5
0.15789473684210525
0.2857142857142857
0.4375
0.35714285714285715
0.5384615384615384
0.36666666666666664
0.5909090909090909
0.2727272727272727
0.3142857142857143
0.3333333333333333
0.3333333333333333
0.3333333333333333
0.5
0.35714285714285715
0.3548387096774194
0.3333333333333333
0.2857142857142857
0.3448275862068966
0.4444444444444444
0.375
0.391304347826087
0.25
0.5333333333333333
0.4090909090909091
0.29411764705882354
0.3125
0.16129032258064516
0.55
0.36666666666666664
0.358974358974359
0.3055555555555556
0.34615384615384615
0.2727272727272727
0.3783783783783784
0.45161290322580644
0.25
0.6428571428571429
0.25
0.3235294117647059
0.3333333333333333
0.45
0.30434782608695654
0.42857142857142855
0.3333333333333333
0.391304347826087
0.32
0.3076923076923077
0.5
0.28125
0.2692307692307692
0.41379310344827586
0.5
0.36666666666666664
0.34782608695652173
0.32432432432432434
0.3157894736842105
0.35294117647058826
0.2
0.32
0.2894736842105263
0.32432432432432434
0.325
0.5
0.38461538461538464
0.375
0.5
0.4782608695652174
0.42857142857142855
0.2857142857142857
0.375
0.3225806451612903
0.2916666666666667
0.4166666666666667
0.2558139534883721
0.3870967741935484
0.25925925925925924
0.3125
0.29411764705882354
0.5625
0.25806451612903225
0.1935483870967742
0.4166666666666667
0.34375
0.42105263157894735
0.6
0.5882352941176471
0.29411764705882354
0.375
0.37037037037037035
0.5
0.375
0.3333333333333333
0.23684210526315788
0.3333333333333333
0.35
0.3333333333333333
0.2631578947368421
0.45454545454545453
0.3684210526315789
0.35294117647058826
0.3548387096774194
0.45
0.36363636363636365
0.3870967741935484
0.34375
0.39285714285714285
0.30303030303030304
0.28
0.4642857142857143
0.18518518518518517
0.29411764705882354
0.4166666666666667
0.3225806451612903
0.2926829268292683
0.25
0.23333333333333334
0.42857142857142855
0.42105263157894735
0.36
0.36363636363636365
0.3235294117647059
0.3333333333333333
0.2692307692307692
0.22857142857142856
0.375
0.35714285714285715
0.41379310344827586
0.27586206896551724
0.2916666666666667
0.391304347826087
0.45454545454545453
0.2413793103448276
0.2777777777777778
0.2571428571428571
0.44
0.3157894736842105
0.45454545454545453
0.3939393939393939
0.21739130434782608
0.2682926829268293
0.5714285714285714
0.37142857142857144
0.4166666666666667
0.5238095238095238
0.25
0.39285714285714285
0.3333333333333333
0.5714285714285714
0.35
0.4583333333333333
0.28
0.19230769230769232
0.44
0.2972972972972973
0.21875
0.41935483870967744
0.5
0.3684210526315789
0.375
0.47619047619047616
0.5
0.2857142857142857
0.375
0.2727272727272727
0.5625
0.1875
0.41379310344827586
0.22916666666666666
0.3448275862068966
0.2222222222222222
0.5714285714285714
0.3157894736842105
0.34782608695652173
0.2962962962962963
0.2702702702702703
0.2727272727272727
0.4
0.3
0.36363636363636365
0.2702702702702703
0.3870967741935484
0.2894736842105263
0.2631578947368421
0.38095238095238093
0.34375
0.32432432432432434
0.3157894736842105
0.3333333333333333
0.2903225806451613
0.3684210526315789
0.3125
0.39285714285714285
0.5
0.4
0.4
0.34375
0.3333333333333333
0.21428571428571427
0.21739130434782608
0.4
0.46153846153846156
0.36363636363636365
0.27586206896551724
0.47368421052631576
0.5
0.34782608695652173
0.3
0.3684210526315789
0.5384615384615384
0.23076923076923078
0.32432432432432434
0.4583333333333333
0.3888888888888889
0.38095238095238093
0.39285714285714285
0.4
0.5454545454545454
0.44
0.3125
0.1875
0.3333333333333333
0.42105263157894735
0.43478260869565216
0.3333333333333333
0.42105263157894735
0.32
0.30434782608695654
0.3225806451612903
0.3333333333333333
0.3
0.3125
0.34615384615384615
0.4
0.24
0.35294117647058826
0.37037037037037035
0.3076923076923077
0.3333333333333333
0.3235294117647059
0.38461538461538464
0.3333333333333333
0.375
0.5833333333333334
0.30434782608695654
0.5555555555555556
0.2222222222222222
0.3548387096774194
0.2222222222222222
0.35714285714285715
0.4117647058823529
0.5238095238095238
0.44
0.32432432432432434
0.21951219512195122
0.28125
0.4642857142857143
0.38461538461538464
0.2682926829268293
0.2647058823529412
0.4090909090909091
0.36363636363636365
0.3157894736842105
0.25
0.5833333333333334
0.4375
0.4230769230769231
0.39285714285714285
0.32
0.45
0.19047619047619047
0.3181818181818182
0.4
0.35294117647058826
0.14893617021276595
0.3333333333333333
0.6923076923076923
0.3333333333333333
0.5294117647058824
0.5789473684210527
0.47058823529411764
0.35135135135135137
0.37037037037037035
0.35294117647058826
0.3333333333333333
0.3181818181818182
0.3055555555555556
0.391304347826087
0.4230769230769231
0.34782608695652173
0.3103448275862069
0.2727272727272727
0.3448275862068966
0.24324324324324326
0.3333333333333333
0.34782608695652173
0.4
0.35
0.4
0.28
0.5384615384615384
0.47619047619047616
0.6111111111111112
0.3611111111111111
0.35714285714285715
0.3333333333333333
0.19444444444444445
0.3225806451612903
0.5185185185185185
0.35714285714285715
0.4642857142857143
0.3
0.29411764705882354
0.55
0.4583333333333333
0.3333333333333333
