0.6902777777777778
0.7141666666666666
0.7072222222222223
0.7325
0.7319444444444444
0.7177777777777777
0.6613888888888888
0.7319444444444445
0.6941666666666666
0.7247222222222223
0.72
0.7344444444444445
0.725
0.7577777777777778
0.7444444444444445
0.6794444444444444
0.7472222222222222
0.7225
0.7333333333333335
0.71
0.7361111111111112
0.7397222222222222
0.7505555555555556
0.7641666666666667
0.7286111111111111
0.7277777777777777
0.7455555555555555
0.6613888888888888
0.7105555555555556
0.7291666666666667
0.7013888888888888
0.7244444444444444
0.7097222222222223
0.7008333333333334
0.74
0.7255555555555555
0.6680555555555555
0.7397222222222222
0.705
0.7191666666666666
0.7141666666666667
0.6866666666666666
0.7019444444444445
0.7247222222222222
0.673888888888889
0.6825
0.7075
0.7463888888888889
0.715
0.6916666666666667
0.7430555555555556
0.7202777777777779
0.7097222222222221
0.735
0.745
0.6394444444444444
0.716388888888889
0.7105555555555556
0.6713888888888888
0.712777777777778
0.7041666666666666
0.7233333333333334
0.7186111111111111
0.7124999999999999
0.7438888888888889
0.7438888888888889
0.7313888888888889
0.7297222222222223
0.7447222222222222
0.7294444444444445
0.6880555555555556
0.7263888888888889
0.7302777777777778
0.7208333333333333
0.7848611111111111
0.7027777777777778
0.7272222222222221
0.7894444444444445
0.7516666666666667
0.7194444444444444
0.6988888888888889
0.7899999999999999
0.7474999999999999
0.7069444444444444
0.7374999999999998
0.6769444444444445
0.7616666666666667
0.7355555555555555
0.7425
0.6661111111111111
0.6783333333333333
0.6788888888888889
0.7211111111111111
0.7594444444444444
0.7191666666666667
0.7258333333333333
0.7197222222222223
0.7255555555555555
0.7563888888888889
0.7205555555555556
0.7280555555555555
0.7255555555555555
0.6872222222222222
0.7302777777777777
0.726111111111111
0.7372222222222222
0.6911111111111111
0.7136111111111111
0.7408333333333333
0.7744444444444444
0.7174999999999999
0.7313888888888889
0.6891666666666667
0.7477777777777778
0.7527777777777777
0.6847222222222222
0.7102777777777778
0.7419444444444443
0.6583333333333333
0.7333333333333334
0.7344444444444445
0.7105555555555556
0.7541666666666667
0.7275
0.7386111111111111
0.6855555555555556
0.7530555555555556
0.6977777777777777
0.7141666666666666
0.65
0.7436111111111111
0.7330555555555556
0.7355555555555554
0.6525
0.7799999999999999
0.7683333333333333
0.653888888888889
0.7138888888888888
0.7230555555555556
0.7330555555555555
0.6488888888888888
0.6875000000000001
0.7124999999999999
0.6880555555555555
0.7458333333333333
0.7565277777777779
0.7286111111111111
0.736388888888889
0.6566666666666666
0.7533333333333334
0.7233333333333333
0.7369444444444444
0.6688888888888889
0.68625
0.691111111111111
0.7005555555555556
0.7380555555555555
0.7513888888888889
0.7063888888888888
0.7483333333333333
0.6638888888888889
0.7372222222222222
0.7358333333333333
0.7108333333333334
0.7169444444444445
0.7336111111111111
0.6866666666666666
0.7097222222222223
0.7319444444444443
0.7330555555555556
0.6927777777777779
0.736388888888889
0.735
0.7308333333333332
0.7102777777777778
0.7408333333333335
0.7019444444444445
0.7227777777777777
0.7091666666666666
0.7655555555555557
0.7180555555555556
0.6933333333333331
0.6883333333333334
0.7644444444444444
0.6947222222222222
0.7586111111111111
0.6997222222222221
0.7069444444444444
0.7086111111111111
0.7438888888888888
0.7047222222222222
0.7169444444444444
0.685
0.755
0.7072222222222222
0.6647222222222223
0.6872222222222223
0.6816666666666665
0.7545833333333332
0.7244444444444444
0.7591666666666668
0.7397222222222223
0.7552777777777777
0.7208333333333333
0.7475
0.7208333333333333
0.7316666666666666
0.7286111111111112
0.726111111111111
0.6833333333333335
0.706388888888889
0.7191666666666666
0.6788888888888889
0.7236111111111111
0.7352777777777778
0.7397222222222223
0.6844444444444444
0.7130555555555556
0.7380555555555556
0.7105555555555555
0.7172222222222222
0.7052777777777778
0.7386111111111112
0.6908333333333334
0.7255555555555557
0.7202777777777778
0.6944444444444444
0.7575000000000001
0.6938888888888889
0.7563888888888888
0.743611111111111
0.6458333333333333
0.7016666666666667
0.6900000000000002
0.7130555555555556
0.7113888888888888
0.7352777777777777
0.7402777777777778
0.7166666666666667
0.6894444444444444
0.6755555555555556
0.6836111111111111
0.7008333333333332
0.6941666666666667
0.6783333333333333
0.7263888888888889
0.7022222222222222
0.7305555555555555
0.7255555555555555
0.7136111111111111
0.6886111111111112
0.7708333333333333
0.6658333333333333
0.7122222222222223
0.7172222222222223
0.6905555555555556
0.7530555555555556
0.7013888888888888
0.7184722222222222
0.6972222222222222
0.7111111111111111
0.7311111111111112
0.7080555555555557
0.7113888888888888
0.7375
0.7511111111111111
0.7555555555555556
0.6897222222222222
0.7602777777777778
0.7083333333333334
0.6927777777777778
0.691111111111111
0.6894444444444444
0.7302777777777778
0.7275
0.7563888888888889
0.7591666666666667
0.7083333333333333
0.7127777777777778
0.7491666666666666
0.7291666666666667
0.7255555555555556
0.686111111111111
0.7333333333333334
0.7011111111111111
0.7338888888888889
0.7047222222222222
0.7655555555555555
0.6813888888888888
0.7316666666666666
0.6947222222222224
0.7108333333333333
0.6955555555555555
0.7447222222222222
0.6983333333333334
0.7272222222222222
0.7583333333333334
0.7422222222222223
0.7258333333333332
0.7486111111111111
0.7627777777777779
0.7394444444444445
0.7405555555555556
0.6377777777777778
0.6713888888888889
0.7587499999999999
0.6872222222222223
0.7277777777777777
0.7261111111111112
0.7108333333333332
0.681111111111111
0.7205555555555556
0.7466666666666666
0.7066666666666668
0.7230555555555556
0.7083333333333333
0.7019444444444445
0.6702777777777778
0.7586111111111111
0.7761111111111112
0.7172222222222222
0.7619444444444444
0.6918055555555556
0.7277777777777779
0.7488888888888889
0.7388888888888889
0.7830555555555557
0.7305555555555556
0.6597222222222223
0.7155555555555556
0.7136111111111112
0.6841666666666667
0.6663888888888889
0.7350000000000001
0.7211111111111111
0.6966666666666667
0.7127777777777778
0.7555555555555555
0.7563888888888888
0.7269444444444445
0.7319444444444445
0.7283333333333333
0.7350000000000001
0.7816666666666666
0.7805555555555556
0.7058333333333334
0.7580555555555556
0.7241666666666667
0.6955555555555556
0.7308333333333334
0.7736111111111111
0.6913888888888888
0.7033333333333334
0.7749999999999999
0.7230555555555556
0.7456944444444444
0.7091666666666667
0.6980555555555555
0.7075
0.7305555555555555
0.7363888888888889
0.7102777777777778
0.7116666666666667
0.7277777777777779
0.7522222222222223
0.7011111111111111
0.701111111111111
0.6897222222222221
0.7294444444444445
0.7636111111111112
0.6744444444444444
0.7419444444444444
0.6780555555555555
0.6547222222222221
0.726111111111111
0.7402777777777778
0.6888888888888889
0.7747222222222222
0.7213888888888889
0.6933333333333332
0.71
0.7266666666666666
0.7288888888888889
0.7091666666666666
0.6783333333333333
0.6816666666666666
0.7058333333333333
0.7283333333333334
0.7208333333333334
0.7547222222222223
0.6922222222222222
0.778611111111111
0.7377777777777778
0.7369444444444445
0.7141666666666666
0.6836111111111111
0.6944444444444444
0.69625
0.7216666666666667
0.7297222222222223
0.71
0.7483333333333333
0.7136111111111111
0.7080555555555555
0.7505555555555556
0.7425
0.7494444444444444
0.758888888888889
0.658611111111111
0.6797222222222223
0.7211111111111111
0.7291666666666667
0.7186111111111111
0.7669444444444445
0.6605555555555556
0.7183333333333334
0.7352777777777777
0.7216666666666667
0.7513888888888889
0.7044444444444444
0.6922222222222223
0.7224999999999999
0.6969444444444445
0.711111111111111
0.7411111111111112
0.6886111111111112
0.6875
0.7322222222222222
0.6833333333333333
0.6991666666666667
0.6716666666666667
0.7130555555555556
0.71
0.6741666666666667
0.7294444444444445
0.7300000000000001
0.7497222222222223
0.6655555555555556
0.7033333333333334
0.7636111111111111
0.6961111111111111
0.7036111111111112
0.6805555555555555
0.7127777777777777
0.7119444444444445
0.7186111111111111
0.7366666666666667
0.7008333333333334
0.7166666666666667
0.7605555555555555
0.7316666666666667
0.7397222222222223
0.6822222222222223
0.7605555555555554
0.7055555555555556
0.7508333333333332
0.6869444444444445
0.7213888888888889
0.7769444444444445
0.7222222222222222
0.7555555555555555
0.7186111111111112
0.7472222222222221
0.7338888888888889
0.7427777777777778
0.7341666666666666
0.7347222222222223
0.7077777777777778
0.7333333333333334
0.6988888888888888
0.6772222222222222
0.7502777777777778
0.7455555555555555
0.7344444444444445
0.7319444444444445
0.7330555555555556
0.728611111111111
0.7427777777777778
0.731388888888889
0.7166666666666667
0.778611111111111
0.7166666666666667
0.7747222222222222
0.6755555555555556
0.6988888888888889
0.7272222222222222
0.6691666666666667
0.7355555555555555
0.7058333333333333
0.691111111111111
0.7258333333333333
0.731111111111111
0.7347222222222223
0.7333333333333334
0.7141666666666666
0.6838888888888888
0.7555555555555555
0.7174999999999999
0.7780555555555556
0.7497222222222222
