0.46649459896133155
0.541299846345021
0.3667403849129919
0.4834667231150807
0.6156725501811451
0.48316910566194826
0.5354555950818054
0.5280607479668085
0.49994467742635074
0.5150453766768404
0.5136081749350426
0.531712975496707
0.5938036330026154
0.4961984670480134
0.413264939615792
0.5982944513797922
0.48352042618145885
0.5191396463089142
0.5180083851537802
0.46788430211310605
0.4587927378046883
0.48845532088968413
0.4628062510547315
0.2863295654168933
0.4544337495406985
0.4945524038950861
0.49193980860911435
0.48812802278260087
0.42731436482211776
0.5413229935676851
0.5157633918077527
0.5271888817392982
0.35875396339403476
0.4699527644716326
0.4887712274937831
0.511678064090674
0.4516848635865406
0.5285844401492422
0.5251717779598425
0.39688326742574254
0.4677120034399558
0.5057402352093023
0.5108150371244291
0.39202459993442773
0.4976691877053413
0.4796674350414532
0.5235922692217562
0.41340548385603193
0.5067021298908213
0.47636213519346865
0.4832067691035343
0.4758997342914996
0.46101032774830497
0.5357691519153407
0.4680668777449085
0.5123390294500764
0.46606477058415274
0.49280915269135117
0.5983943194768993
0.47318941671042014
0.47835208555127917
0.5248515000392202
0.45659642939083706
0.5293416181540983
0.5167859320248502
0.3991675704540894
0.5520013997765021
0.42280396249881547
0.5081799060639367
0.5537722932959772
0.4766827532660036
0.47585997805587416
0.5147234985977835
0.4498486404013844
0.46516142470008326
0.4789233419373877
0.4479585255625341
0.5058939860340804
0.39261203008289347
0.5262969626890631
0.48341997824449623
0.5140053932570269
0.5140688444486015
0.5879085839717408
0.6126540085506117
0.48445475024452267
0.47289163332355166
0.48662392516485253
0.5405358710564535
0.5003502914690201
0.4496026849037358
0.444044307603904
0.469674970838477
0.48784657277402926
0.47290539388472697
0.5027262229100501
0.5148271543239751
0.48779867114602365
0.5385184994764064
0.39720902902289434
0.4010228332166724
0.4388705806462604
0.4823194313226069
0.45242933563542964
0.5044575258991385
0.5508714846449659
0.5117000462399757
0.4981489503435564
0.5245415949500405
0.4592599662566897
0.4518527668841521
0.46860724317591723
0.47141002988492975
0.5383650547098342
0.5876084490157814
0.5073841394366528
0.4746588399350729
0.5458139131913871
0.4683138418773568
0.5253647831159003
0.4428535479947132
0.48554803402245794
0.5145185783959041
0.5377648198351255
0.5735053409364412
0.5464848315592233
0.5565591557430172
0.46935125818371126
0.40717913714645276
0.5246517827858309
0.4513110515670994
0.5108567759016874
0.46823705568345975
0.44697693526224613
0.42979443947393264
0.5501306214467312
0.42413414051599735
0.512488118474977
0.4451600264159321
0.4294441816277934
0.444857425192779
0.5290456626840382
0.4328839240517566
0.5222199148712472
0.5714487551992905
0.484917171466812
0.5333853339541637
0.47081176746451403
0.45962033782097844
0.5149995343376302
0.4938954159955733
0.5254124962747213
0.462300373034079
0.4349152569295566
0.576316351537072
0.46248744839880984
0.4661506860043856
0.4592483607563962
0.4483882568786804
0.48176808018466893
0.4930356105708911
0.5328232436521314
0.487736524694639
0.5150608202388696
0.5086028026078273
0.4025984686217228
0.47787441402698855
0.49487378201789534
0.4888366681273892
0.43175498213218816
0.4833855879527421
0.5314308880432629
0.4515101590754308
0.456966949383671
0.42548377345290234
0.4405111495950721
0.47639599234993363
0.5043225073810951
0.54427785998958
0.4569254215979722
0.4906605553352367
0.5431956225523554
0.5339540578891563
0.5283245705024942
0.5089977030535905
0.515937257501756
0.5186568197251189
0.4852544439289147
0.5546006974561548
0.6008630803717467
0.438764541111336
0.5355921896700128
0.5419285514198477
0.54565860272918
0.4794174253741129
0.5213186364316035
0.5211008238595698
0.4516659566626984
0.5837354140323749
0.45857134089181656
0.5073709831178871
0.47924734492421206
0.6238402068705147
0.5308373916475652
0.4167512948089572
0.48681382980813814
0.5160945136537587
0.5159322379918015
0.551499548461207
0.48998870252611854
0.4553838487850964
0.4921432439940772
0.5257235524453915
0.46479541160433285
0.46130485301162527
0.5153976142764479
0.47980445865525323
0.5407925040965859
0.4848952928415108
0.501306129615453
0.47573338134464455
0.46014732564890937
0.5442315798545071
0.4584613939120553
0.5382174347054418
0.45823908312326744
0.45829219095032775
0.49855928596379606
0.5414703996265704
0.5602180332177926
0.40379000616658967
0.5536611744871
0.4970263653804845
0.5035589317253316
0.4508912725887372
0.4669716070059557
0.49224749217489183
0.5142191541923219
0.494194379612095
0.46230701927897444
0.39412352049771526
0.5049976322724087
0.33676380250332594
0.46306860967014535
0.3929977468091098
0.5465491216838003
0.5245549498467093
0.5010741397652158
0.42932874416527345
0.40654160322881516
0.4294565981407961
0.5148983068957388
0.5314588398492033
0.4363649638857666
0.5443980840044691
0.573495523161572
0.4233878872160082
0.47813988264593943
0.530782052585142
0.5157439362493543
0.49681970396625474
0.42974389634960075
0.5587648873775943
0.4437025289824931
0.49389480937186353
0.5379296956948467
0.5212947632236267
0.47067501695201586
0.5307639893121443
0.47417660319456933
0.5267199295851914
0.43189394397853265
0.457099110089292
0.5314739917498019
0.4752304388697018
0.4172096029998811
0.4413008040741538
0.4922319461711018
0.5377292219048339
0.47647793425387575
0.5525789052690295
0.5169913214219086
0.494859885372984
0.5039798920091333
0.38016383155249406
0.43956019407766256
0.44222257907905155
0.4335758671015066
0.5113305870793348
0.4829004544372584
0.46141085047171715
0.4162922485200698
0.4185941999265459
0.4725694082436256
0.49997886766570576
0.44252430243018037
0.5030078854056524
0.42592234456785016
0.5072518416693107
0.4942049329446549
0.4850730096672855
0.4614078514015332
0.49461984009764015
0.5065281398113983
0.41844367464892296
0.5213179635344813
0.47271767132417497
0.44451547190734203
0.5478784726901794
0.5984370344459987
0.5331221609050751
0.4333157618119871
0.47526203068048184
0.43360136449799097
0.5022476756203287
0.4854394482662638
0.4182372924445221
0.45572473754109377
0.5040624985999382
0.4979783882510153
0.5073176989025832
0.4982642811189295
0.4298664157131434
0.46053895662025734
0.4361095772386675
0.5446517386112961
0.5108744374616402
0.453708677169142
0.5443914435207341
0.48860918886805416
0.5043836750593755
0.5685886755013551
0.5076669285752909
0.5835988521828922
0.5481849992622689
0.4613670263883072
0.5120889563088493
0.5376106568207961
0.46932519751965085
0.4850312910915041
0.5083902404747578
0.588637652687061
0.5024779630780734
0.4939792973838668
0.443997216297353
0.4604310892469705
0.4449799599840162
0.4863888378299066
0.5274159753036987
0.4741657930237885
0.5008826031736257
0.47961047359808884
0.5571443533345795
0.42494491152577624
0.5351479999808972
0.4904105615512716
0.45871908624504476
0.5106561108914591
0.4990739063673195
0.43810781613205685
0.5549731253373287
0.5339220271519776
0.47120694944137853
0.5032718721387768
0.47684179744739175
0.48293646389717604
0.5559540917029537
0.4599434898425011
0.4714277605655814
0.4482527871377679
0.516011680150868
0.49632921726592055
0.4704823609299441
0.4359555766149578
0.4451249802244589
0.43355430255217386
0.42621835124576163
0.422619049734382
0.46620915159487436
0.5482338827936983
0.42166405371981686
0.45842260923224454
0.45985500356240566
0.4545557040596093
0.43273913029274413
0.500791719563918
0.562207675956929
0.5196201771887091
0.4926852218762725
0.49297899524204936
0.44985454045728657
0.5315323202995599
0.5304028566325687
0.47215317474086205
0.5466017546368687
0.4559978634390424
0.48402719157045576
0.5313039283631382
0.5195655413395941
0.4019404955899377
0.5195445218406627
0.4689482892666628
0.4909113924820192
0.46478128739742086
0.4596288287968805
0.49269153850679565
0.5003679689381207
0.4765525476242606
0.4549589512093072
0.5319892655781628
0.4411356632623683
0.4509301442758137
0.4539284833022696
0.48123913325647827
0.4846151876586937
0.5031561647506112
0.4664123211595287
0.46580166477605145
0.4026958815957981
0.4015649157896331
0.5158209433341364
0.4529308167633395
0.5299309037688351
0.5635751906034489
0.5044983296473575
0.36791023601627226
0.5288880976416042
0.5096463312750178
0.4751918440897087
0.6052363465747155
0.3929315358040395
0.45452475395874303
0.5039903075273461
0.5545120942591145
0.5120203035367435
0.5021926055842476
0.536961661344654
0.42445923202306496
0.48771576746933654
0.47267303545137396
0.5474904124459581
0.47402400009355516
0.4563345850273799
0.6088401811602808
0.49805602254057296
0.48030559733749667
0.4530728035754608
0.4988267857051325
0.48225015039039854
0.6569310579404111
0.4441434009472481
0.49775062778629053
0.5290141021281166
0.4229565145159493
0.4940628631427573
0.4797981674842353
0.4024358509955788
0.49743002229986133
0.33569460607840296
0.46751739238195433
0.5672057954573355
0.48550904575974524
0.4926159500794812
0.5237316982824547
0.5116879491940777
0.5247323953653522
0.4214119485492619
0.4765044353963538
0.5466183965109017
0.5279213054043828
0.429689105316674
0.5559077372322752
0.4693361926948767
0.43713997088913026
0.4807736722199446
0.43066655886282557
0.4937076361784473
0.49597923052993986
0.4619703721065309
0.46943312717433616
0.5103827259590553
0.5068687911789886
0.48265588172325946
0.5200804629092102
0.49768748776334265
0.4204744842883359
0.4335594162384877
0.5386345405493025
0.4972480630151225
0.48192082300514216
0.42204800789184377
0.4531368852835695
0.5254005266849595
0.5951824545736779
0.44721420233143894
0.44202926610729676
0.5629602440599906
0.40139948242491363
0.4593168623313682
0.4265177647366747
