0.26438011528651806
0.3713192493004877
0.4144022404917186
0.40202651524185884
0.24437858078950359
0.23082255837519713
0.3441745759176938
0.32345072751322745
0.2445698467423537
0.2720315964502011
0.3282667715180558
0.32138486732130916
0.3099070406357608
0.36944793263036346
0.2758792655241609
0.363102674658758
0.2766956026893643
0.2845323304769799
0.3147287375589538
0.3412358754977485
0.30751140236104146
0.24016480650664834
0.3927298580018755
0.2443064609780137
0.3429793814432989
0.26796597245049486
0.31497425722989997
0.24947697798192536
0.3817451801520452
0.28766063237347944
0.3126138468177475
0.4001495922482004
0.2695545675519275
0.27324217986232985
0.29867864987399445
0.3643335334223411
0.2777299217945699
0.22638225823522146
0.33018802127303754
0.23920610404612755
0.352059273484847
0.28088539216405617
0.3506515126375754
0.25576430548610507
0.2972757920945818
0.310143921826068
0.2486632442576887
0.29524770072050405
0.36610622716782537
0.3032119728910873
0.25412623855422756
0.2872521448770896
0.2608685852488669
0.2943741252942746
0.2895330088073985
0.3404902719114032
0.2866506027313859
0.3832170834480645
0.33403053717896297
0.29059860668416254
0.35633450459729155
0.27137636267902693
0.28410585915154446
0.375844986690559
0.27666567646833745
0.3007765141017643
0.29825525408453596
0.3768605505701409
0.2682371137282619
0.34596027264206963
0.36381930024982206
0.3139176619810786
0.3540392384211828
0.2536235262513544
0.35606949407296284
0.3563738201689021
0.3227066978861999
0.301319750326947
0.3402651672208269
0.257244967034356
0.24958509420579347
0.35780851977543154
0.28838063935333147
0.302232939638323
0.3025851995748151
0.31652577632072
0.28228763936322077
0.30254978220386547
0.35569359714102244
0.2746707030537658
0.3149170408365286
0.24712735889443485
0.3888436910459879
0.2704236837163651
0.3699128943430735
0.4234495849076002
0.24503087555719139
0.2920940686556889
0.3181801829492986
0.324238812448787
0.3144898759282321
0.29322460274031065
0.3306575715950716
0.33493731778186997
0.32871553178176016
0.3054381733964701
0.2875923900190188
0.2912398287291904
0.3636598600792974
0.300483810419096
0.387539034621287
0.2884264713516279
0.34159511544386134
0.33168773178144606
0.2946152469488927
0.3850331024628547
0.2946011131725418
0.3528841206413079
0.2541873205785225
0.3364730444791131
0.2777721519895433
0.3608597709651096
0.2589390327719798
0.40141763809762443
0.27211774101205344
0.30657292350679044
0.2947929479997044
0.32030750111070616
0.28531907317985417
0.3737536072813849
0.3822134867011925
0.3015380443647831
0.23568345873580995
0.24994591955119436
0.28655708175520184
0.3892276261462308
0.3707902316336935
0.37678599275967695
0.3934370294324331
0.2846950232985468
0.3749313922736647
0.2092826762063691
0.3304946496285907
0.3901868902830746
0.322366545890067
0.29992404191962174
0.3590997720810699
0.22138688343946009
0.2353902646144809
0.31021675054937714
0.23388630582021303
0.2459332798889053
0.2794321375273756
0.2822646652871163
0.28353941845585695
0.25283430841794013
0.33332492141967923
0.2743524450301806
0.3373477555452669
0.2929904784455787
0.37421525499870556
0.2546983272155686
0.3276396791918141
0.3928459411167686
0.3667740484447847
0.3214464693635496
0.26495865194504925
0.35349557391126357
0.32707941373694793
0.37378524378236316
0.25199439017285336
0.32195697859349287
0.30291497146678936
0.25671725710538656
0.2443890952972043
0.2961405195735825
0.23889335967655062
0.28696446497656475
0.2702166733610033
0.3827103303578675
0.21876352271901608
0.32790647043373544
0.3466903823809702
0.3121290825984465
0.37844596958097054
0.2921291166114333
0.3247784052754223
0.25953892371995824
0.2953741461236315
0.40571864110884076
0.3104317180221516
0.4595159313171403
0.33881057476454873
0.3015111366175196
0.3210007446866949
0.3162456426220471
0.304345969734766
0.3549034950443401
0.3152148545898546
0.31930165424709217
0.2645122153566008
0.27753738780914683
0.27590842882371963
0.31921839530295415
0.34723935760967806
0.2786665151744685
0.30380579963535864
0.3684646333324456
0.3517850592264107
0.29890806777970014
0.34819179430881564
0.2585420584542397
0.4127568514835484
0.3486042352973173
0.36265818052874943
0.373190782643675
0.2633390874770185
0.2450843085677763
0.4003103189579301
0.33889882575329316
0.27962200681557264
0.4918809731645535
0.32895740359353326
0.3733452809733053
0.31702855314620015
0.3481999379175978
0.29223727139820577
0.3242278106037847
0.27366134008623133
0.2872355982898122
0.26931432942386285
0.28891646108923547
0.42339937410750494
0.3006329292987717
0.2660759164279496
0.33900852779035046
0.43965276668905073
0.33818187424536245
0.3309791585962575
0.286745525366215
0.2870183832083145
0.2783600641453618
0.24186305095247132
0.30583043218336897
0.2548313112833785
0.3128216253848469
0.29465461817600036
0.3594076218975234
0.26345692102398177
0.35489484678161615
0.35842120667784816
0.35787828943436906
0.3068897868747944
0.30448255269377444
0.26721848610886045
0.2804613353887255
0.3140332867401396
0.3499727806087786
0.2134909090876174
0.3612889315213535
0.30511640476734403
0.269332469042198
0.31821490815400566
0.4221686613628143
0.32178897539431695
0.19117526341473004
0.33210208838624317
0.3026300215289884
0.35433580097716305
0.46492732383518137
0.4653299255893393
0.27099958864664747
0.3224819006045653
0.2767190090098403
0.4039298069624768
0.2417430558036201
0.2960598787551331
0.25502813853974515
0.2832619416033873
0.31870921065401575
0.30701316280806573
0.251056590557092
0.3545543476294873
0.3325503911078601
0.2656487157197096
0.3148979297933826
0.38242485016057876
0.30711071272824586
0.3438240376640079
0.335769871478922
0.47617221214913563
0.3141253244824673
0.2828902277853891
0.3435849007181103
0.23150547016110312
0.256707783978116
0.2877108082145479
0.31350542826349276
0.3073382852447054
0.24272751919679558
0.21250755494505497
0.35159896541171554
0.2721394192660044
0.32080341859148137
0.2763762559956223
0.2993487242784601
0.3016873368403957
0.31626801793058557
0.24341067189076737
0.31201828147871313
0.2905370747777558
0.3524842452327661
0.3061058728253085
0.30334626820246285
0.3186125416193305
0.3206159385707201
0.21935793568114878
0.3101024794383771
0.24881957925436185
0.3717729731198572
0.26484261478850063
0.41296939674932165
0.33074203951773634
0.257747745810524
0.2587702229317639
0.41328182187012663
0.33714018773501186
0.3255624949497948
0.4322369187578438
0.23849515424325463
0.29775858528692095
0.3670253762007885
0.477011532596161
0.27831121476298887
0.36266657802820945
0.3103240309822559
0.19854155588330064
0.37997559729184394
0.27661601687374887
0.28845888564406225
0.38964552074767134
0.43737294823216655
0.32198330401538605
0.3448489007382363
0.41975425329335747
0.4545992100201166
0.30312512903047595
0.3468356643356644
0.2270938509687083
0.3998374652572061
0.23898907983127354
0.35416183624616254
0.23623704773459298
0.3133474316232937
0.2308848755826815
0.36651884827513115
0.3489666798438728
0.3155401028063327
0.26593528511352543
0.22152469246006334
0.23790821781258364
0.2983416712306787
0.3033118673078105
0.3423081281418475
0.2874504785299974
0.28505507358253845
0.29554907270878006
0.27719232514165326
0.35786195463053694
0.29906313625133885
0.2656621432546825
0.3197239940446244
0.3543359776200285
0.23260105518549906
0.26541711833313836
0.3148403400005254
0.2952132217980432
0.37882023428607275
0.30710300216370356
0.2697028890563784
0.3209518506812696
0.2728431679897601
0.26300108178390397
0.2901913448206008
0.36898493543758965
0.36578799213055857
0.27872447727710886
0.24935955259741135
0.3888496977738464
0.4130972335970827
0.29344299859787215
0.278223659884831
0.2796090700630574
0.37028773678805416
0.2619622528995024
0.30661036556075877
0.3753838524833296
0.3322096377338313
0.336110553576307
0.32861022176418947
0.3610722323491364
0.32329057174335385
0.31420500269335505
0.3097940701756222
0.21655090507704355
0.3046293121735678
0.37102443278517405
0.3551757735280293
0.31138553092041465
0.3444498960896757
0.3254097947424109
0.2757857071140799
0.30225348974181604
0.3534033546424863
0.28298635754368323
0.27201271523764425
0.3408109226500915
0.34405488199508133
0.2559304202486422
0.2680196078431373
0.30669831564915856
0.35582107555325726
0.2738519139677806
0.3735519720306738
0.3407928508888906
0.27205387205387205
0.33916777881894156
0.3715085307887626
0.30520640123091475
0.3606102930493174
0.22446768838045744
0.3576547341239601
0.22090864181543715
0.29127683705644725
0.295364708048438
0.4514301530654051
0.40920070926933233
0.28357619853658655
0.22395711021512113
0.3266301937064594
0.37985368896396465
0.33307207118100635
0.25370522158667363
0.22733253754677724
0.42126669354610535
0.33974044392185987
0.3370301022693065
0.2174341223414003
0.40529781600221415
0.2956450309808263
0.3629534748845284
0.3057400687707272
0.31736106941513026
0.314901437626024
0.30183677524463226
0.306302401673044
0.32803739382707986
0.31011798455058814
0.20609545224379383
0.2812204331101969
0.46031040798282175
0.381003818360986
0.38002777707444196
0.44801351444730264
0.30126962607596547
0.3392411891331517
0.30452493722439633
0.28053147038416343
0.3386443884046987
0.2889415209337004
0.27812966730010064
0.2911243341921917
0.38017622554906244
0.33805532088639023
0.3404612386025338
0.3648042621234715
0.2866940625055205
0.2513049340188149
0.39280102388104243
0.2942118229594821
0.33656418294218093
0.30798190257576646
0.3684967438849893
0.2981667664735358
0.3534934922418953
0.3659594276586229
0.35759844051368134
0.3428571772433178
0.2973003365569321
0.3225437305031089
0.21827443301323862
0.2587133733307843
0.4435233630561545
0.27389645877775926
0.422565843148439
0.25446910822981816
0.23555500760554612
0.45708313827879044
0.32443813492497864
0.29599482219785306
