0.47058823529411764
0.4772727272727273
0.5128205128205128
0.5
0.5208333333333334
0.42
0.34615384615384615
0.35135135135135137
0.5833333333333334
0.7241379310344828
0.5
0.46808510638297873
0.36764705882352944
0.4444444444444444
0.52
0.6363636363636364
0.44680851063829785
0.4230769230769231
0.3968253968253968
0.47619047619047616
0.2839506172839506
0.59375
0.5238095238095238
0.46808510638297873
0.34375
0.5833333333333334
0.5
0.38181818181818183
0.5
0.47368421052631576
0.33766233766233766
0.6571428571428571
0.4406779661016949
0.55
0.5945945945945946
0.4888888888888889
0.35384615384615387
0.47058823529411764
0.36065573770491804
0.3380281690140845
0.55
0.4772727272727273
0.45098039215686275
0.45454545454545453
0.6052631578947368
0.5106382978723404
0.375
0.3793103448275862
0.5106382978723404
0.41509433962264153
0.47058823529411764
0.46808510638297873
0.5609756097560976
0.4444444444444444
0.4318181818181818
0.5609756097560976
0.4067796610169492
0.525
0.45652173913043476
0.5833333333333334
0.5098039215686274
0.5227272727272727
0.34782608695652173
0.423728813559322
0.5641025641025641
0.3068181818181818
0.5897435897435898
0.6285714285714286
0.43636363636363634
0.36231884057971014
0.5
0.5
0.41935483870967744
0.55
0.4375
0.46808510638297873
0.38596491228070173
0.55
0.5609756097560976
0.5365853658536586
0.47058823529411764
0.3582089552238806
0.5238095238095238
0.3380281690140845
0.6
0.35714285714285715
0.4444444444444444
0.44
0.32432432432432434
0.5588235294117647
0.32857142857142857
0.4
0.32432432432432434
0.4098360655737705
0.4126984126984127
0.7692307692307693
0.625
0.34375
0.59375
0.40350877192982454
0.5897435897435898
0.575
0.4
0.4098360655737705
0.7407407407407407
0.5384615384615384
0.3246753246753247
0.5897435897435898
0.34375
0.3770491803278688
0.631578947368421
0.5454545454545454
0.6451612903225806
0.36923076923076925
0.6052631578947368
0.39344262295081966
0.525
0.4375
0.42592592592592593
0.3472222222222222
0.5833333333333334
0.6111111111111112
0.3108108108108108
0.4888888888888889
0.6153846153846154
0.5555555555555556
0.4262295081967213
0.5476190476190477
0.4888888888888889
0.45652173913043476
0.3770491803278688
0.4444444444444444
0.43636363636363634
0.6388888888888888
0.5454545454545454
0.4339622641509434
0.65625
0.48
0.3333333333333333
0.4716981132075472
0.36619718309859156
0.3770491803278688
0.6764705882352942
0.5365853658536586
0.5581395348837209
0.6470588235294118
0.575
0.45454545454545453
0.3466666666666667
0.5116279069767442
0.38596491228070173
0.5405405405405406
0.5609756097560976
0.35714285714285715
0.5348837209302325
0.40350877192982454
0.46296296296296297
0.46938775510204084
0.36065573770491804
0.5384615384615384
0.34782608695652173
0.39622641509433965
0.6097560975609756
0.3026315789473684
0.38333333333333336
0.5116279069767442
0.4262295081967213
0.4489795918367347
0.6285714285714286
0.5306122448979592
0.5238095238095238
0.6216216216216216
0.6153846153846154
0.38333333333333336
0.5
0.3728813559322034
0.6060606060606061
0.631578947368421
0.525
0.41818181818181815
0.5853658536585366
0.41509433962264153
0.41509433962264153
0.6111111111111112
0.3582089552238806
0.44
0.7666666666666667
0.43333333333333335
0.46938775510204084
0.5102040816326531
0.48936170212765956
0.48936170212765956
0.4107142857142857
0.41818181818181815
0.41379310344827586
0.48148148148148145
0.4067796610169492
0.5
0.42105263157894735
0.4032258064516129
0.5945945945945946
0.41818181818181815
0.5833333333333334
0.43103448275862066
0.36507936507936506
0.373134328358209
0.375
0.4782608695652174
0.40625
0.5833333333333334
0.46153846153846156
0.5121951219512195
0.6764705882352942
0.5416666666666666
0.6363636363636364
0.47368421052631576
0.35135135135135137
0.5227272727272727
0.525
0.5681818181818182
0.4878048780487805
0.6486486486486487
0.4166666666666667
0.575
0.4230769230769231
0.4
0.4423076923076923
0.4583333333333333
0.5434782608695652
0.5609756097560976
0.6896551724137931
0.375
0.5227272727272727
0.71875
0.32857142857142857
0.5588235294117647
0.5384615384615384
0.4423076923076923
0.6060606060606061
0.3898305084745763
0.3108108108108108
0.5526315789473685
0.4126984126984127
0.6052631578947368
0.48
0.5121951219512195
0.32857142857142857
0.4339622641509434
0.6046511627906976
0.46296296296296297
0.5111111111111111
0.4528301886792453
0.36923076923076925
0.41509433962264153
0.5111111111111111
0.5
0.4528301886792453
0.40384615384615385
0.6285714285714286
0.5853658536585366
0.5348837209302325
0.2804878048780488
0.6216216216216216
0.5789473684210527
0.5555555555555556
0.39705882352941174
0.7
0.4107142857142857
0.5833333333333334
0.423728813559322
0.4230769230769231
0.4230769230769231
0.44
0.5641025641025641
0.4727272727272727
0.5833333333333334
0.325
0.4166666666666667
0.5121951219512195
0.5111111111111111
0.46808510638297873
0.575
0.391304347826087
0.423728813559322
0.6388888888888888
0.3709677419354839
0.3939393939393939
0.5365853658536586
0.4642857142857143
0.5
0.4482758620689655
0.36538461538461536
0.5945945945945946
0.5609756097560976
0.31645569620253167
0.6216216216216216
0.6
0.423728813559322
0.43137254901960786
0.4032258064516129
0.5588235294117647
0.5333333333333333
0.3
0.4423076923076923
0.43859649122807015
0.7058823529411765
0.6666666666666666
0.39285714285714285
0.30985915492957744
0.4791666666666667
0.4032258064516129
0.525
0.5111111111111111
0.5227272727272727
0.325
0.48936170212765956
0.36923076923076925
0.5384615384615384
0.45098039215686275
0.5882352941176471
0.5319148936170213
0.4782608695652174
0.5111111111111111
0.4716981132075472
0.6285714285714286
0.45454545454545453
0.6666666666666666
0.33766233766233766
0.38461538461538464
0.48148148148148145
0.39344262295081966
0.5476190476190477
0.44642857142857145
0.3787878787878788
0.6111111111111112
0.5227272727272727
0.41379310344827586
0.42592592592592593
0.52
0.40350877192982454
0.44
0.5348837209302325
0.6176470588235294
0.5348837209302325
0.6944444444444444
0.5238095238095238
0.5581395348837209
0.6285714285714286
0.59375
0.4166666666666667
0.325
0.4888888888888889
0.42857142857142855
0.4583333333333333
0.55
0.46938775510204084
0.7
0.4262295081967213
0.5365853658536586
0.5121951219512195
0.43137254901960786
0.3787878787878788
0.46808510638297873
0.3333333333333333
0.36923076923076925
0.525
0.4782608695652174
0.36666666666666664
0.26666666666666666
0.5333333333333333
0.3194444444444444
0.6176470588235294
0.48936170212765956
0.6578947368421053
0.5135135135135135
0.4883720930232558
0.43333333333333335
0.3709677419354839
0.37735849056603776
0.5
0.5111111111111111
0.3770491803278688
0.5348837209302325
0.6571428571428571
0.38028169014084506
0.4489795918367347
0.5641025641025641
0.6666666666666666
0.6875
0.4032258064516129
0.5
0.5526315789473685
0.43333333333333335
0.3898305084745763
0.3194444444444444
0.48936170212765956
0.5833333333333334
0.5106382978723404
0.5111111111111111
0.4444444444444444
0.3620689655172414
0.4067796610169492
0.41818181818181815
0.4883720930232558
0.5454545454545454
0.4339622641509434
0.6
0.8
0.5581395348837209
0.41935483870967744
0.48936170212765956
0.32
0.4
0.328125
0.46938775510204084
0.6190476190476191
0.6153846153846154
0.46
0.5428571428571428
0.5813953488372093
0.4107142857142857
0.4067796610169492
0.4583333333333333
0.4576271186440678
0.5238095238095238
0.46938775510204084
0.5365853658536586
0.4444444444444444
0.525
0.36619718309859156
0.46808510638297873
0.36923076923076925
0.5
0.43103448275862066
0.46153846153846156
0.5111111111111111
0.4807692307692308
0.6
0.3375
0.4883720930232558
0.7
0.525
0.3333333333333333
0.6363636363636364
0.5217391304347826
0.4772727272727273
0.5217391304347826
0.4666666666666667
0.4098360655737705
0.6470588235294118
0.5238095238095238
0.6875
0.45614035087719296
0.5714285714285714
0.5641025641025641
0.5789473684210527
0.39344262295081966
0.4418604651162791
0.3880597014925373
0.48936170212765956
0.6111111111111112
0.5609756097560976
0.5384615384615384
0.5897435897435898
0.475
0.4807692307692308
0.5111111111111111
0.5476190476190477
0.41818181818181815
0.5581395348837209
0.3076923076923077
0.5555555555555556
0.5405405405405406
0.3611111111111111
0.37681159420289856
0.43636363636363634
0.65625
0.5675675675675675
0.5714285714285714
0.38461538461538464
0.5121951219512195
0.6363636363636364
0.7857142857142857
0.4528301886792453
0.4126984126984127
0.5238095238095238
0.71875
0.6111111111111112
0.4772727272727273
0.39285714285714285
0.32558139534883723
0.38095238095238093
0.5121951219512195
0.6
0.48
0.42105263157894735
0.4230769230769231
0.5227272727272727
0.6176470588235294
0.4230769230769231
