0.7906944444444444
0.7013888888888888
0.7395833333333333
0.8004166666666667
0.7625
0.8350000000000001
0.6534722222222222
0.8054166666666667
0.8079166666666667
0.8118055555555554
0.8036111111111112
0.8477777777777779
0.8184722222222222
0.7652777777777777
0.7147222222222221
0.7952777777777778
0.7912500000000001
0.775
0.8058333333333333
0.7472222222222221
0.725
0.7540277777777779
0.8511111111111112
0.7608333333333333
0.8047222222222222
0.7511111111111111
0.8379166666666668
0.8462500000000001
0.7484722222222222
0.6958333333333334
0.7912499999999999
0.7894444444444445
0.8177777777777778
0.7386111111111111
0.8120833333333333
0.7608333333333334
0.7893055555555556
0.8527777777777777
0.7145833333333333
0.7854166666666667
0.7668055555555554
0.7493055555555556
0.7990277777777777
0.8077777777777778
0.8108333333333334
0.6926388888888889
0.795
0.7893055555555556
0.7866666666666666
0.7484722222222222
0.805
0.7144444444444444
0.8505555555555555
0.6895833333333332
0.7408333333333332
0.6820833333333334
0.6616666666666667
0.8306944444444445
0.8030555555555555
0.7252777777777778
0.6958333333333334
0.7779166666666667
0.8062500000000001
0.7979166666666667
0.696388888888889
0.8105555555555556
0.7437499999999999
0.7236111111111112
0.7536111111111112
0.7101388888888889
0.7811111111111111
0.8086111111111111
0.7595833333333334
0.64875
0.8311111111111111
0.6775
0.73375
0.7726388888888889
0.7325
0.8018055555555557
0.7488888888888889
0.7809722222222222
0.7993055555555556
0.7990277777777779
0.885
0.7697222222222222
0.7879166666666667
0.6784722222222221
0.7062499999999999
0.65875
0.7820833333333334
0.7856944444444445
0.7577777777777778
0.74625
0.7254166666666666
0.7576388888888889
0.8384722222222222
0.7565277777777778
0.7316666666666667
0.7793055555555555
0.7597222222222223
0.7855555555555556
0.8084722222222223
0.7920833333333334
0.6977777777777778
0.6891666666666667
0.6944444444444444
0.8377777777777778
0.7952777777777778
0.7158333333333334
0.6543055555555556
0.8298611111111112
0.8519444444444444
0.7812500000000001
0.7497222222222222
0.6911111111111112
0.7290277777777777
0.8051388888888888
0.7633333333333334
0.6675
0.8097222222222222
0.7570833333333333
0.8161111111111111
0.7745833333333333
0.8440277777777778
0.8094444444444444
0.7718055555555555
0.7263888888888889
0.8286111111111111
0.7302777777777777
0.7755555555555556
0.7433333333333333
0.7880555555555555
0.7947222222222222
0.7877777777777778
0.8090277777777778
0.7165277777777778
0.7638888888888888
0.8143055555555556
0.7629166666666667
0.7351388888888888
0.7972222222222224
0.7720833333333333
0.76125
0.8154166666666667
0.7715277777777777
0.7518055555555556
0.6888888888888889
0.7302777777777777
0.845
0.6954166666666666
0.6947222222222221
0.6930555555555555
0.7731944444444445
0.6904166666666667
0.7768055555555555
0.8273611111111111
0.6143055555555555
0.7895833333333333
0.7501388888888889
0.6893055555555555
0.8275
0.7997222222222223
0.7501388888888889
0.7815277777777778
0.7419444444444445
0.7484722222222222
0.7408333333333333
0.7558333333333334
0.7833333333333333
0.8194444444444444
0.7855555555555556
0.8187500000000001
0.7824999999999999
0.6894444444444444
0.7711111111111112
0.7483333333333334
0.7134722222222222
0.7619444444444444
0.7118055555555556
0.7968055555555555
0.7443055555555556
0.8345833333333335
0.8215277777777777
0.7775
0.8313888888888888
0.8033333333333333
0.8370833333333334
0.7327777777777778
0.7755555555555556
0.7790277777777778
0.7627777777777778
0.7852777777777777
0.7569444444444445
0.7711111111111111
0.7818055555555555
0.705
0.7297222222222222
0.7493055555555556
0.7779166666666667
0.7133333333333333
0.7352777777777778
0.6290277777777777
0.8570833333333334
0.7845833333333333
0.6869444444444444
0.8508333333333333
0.7341666666666666
0.8043055555555555
0.7698611111111111
0.7250000000000001
0.7577777777777778
0.7668055555555556
0.8
0.7969444444444446
0.7465277777777778
0.7934722222222222
0.7611111111111112
0.6729166666666666
0.7570833333333332
0.8044444444444445
0.7059722222222222
0.7820833333333334
0.7031944444444445
0.7683333333333334
0.7437499999999999
0.7658333333333334
0.7725000000000001
0.7498611111111112
0.7822222222222222
0.7550000000000001
0.7780555555555556
0.7626388888888889
0.8244444444444443
0.7019444444444445
0.7086111111111111
0.7554166666666667
0.8216666666666665
0.7358333333333333
0.7815277777777778
0.8058333333333333
0.7354166666666666
0.7743055555555555
0.7991666666666666
0.7569444444444444
0.8069444444444445
0.8563888888888889
0.8094444444444445
0.8377777777777777
0.7429166666666667
0.6891666666666667
0.7902777777777777
0.7734722222222221
0.7252777777777778
0.7856944444444445
0.7036111111111111
0.7076388888888889
0.7601388888888888
0.7990277777777778
0.7579166666666667
0.7140277777777778
0.7663888888888889
0.7808333333333334
0.800138888888889
0.7505555555555556
0.8451388888888889
0.7319444444444445
0.7577777777777778
0.7786111111111111
0.7631944444444444
0.7902777777777777
0.745
0.6802777777777778
0.7191666666666667
0.7972222222222223
0.761388888888889
0.6972222222222223
0.80625
0.7473611111111111
0.742638888888889
0.7951388888888888
0.8076388888888889
0.8412499999999999
0.6452777777777777
0.8352777777777778
0.7204166666666667
0.7495833333333333
0.8293055555555556
0.7480555555555556
0.8009722222222222
0.7619444444444443
0.7394444444444445
0.8008333333333334
0.7752777777777778
0.7644444444444445
0.8430555555555556
0.7255555555555556
0.7286111111111111
0.7258333333333332
0.7375
0.7477777777777778
0.8461111111111111
0.7627777777777778
0.7155555555555555
0.7388888888888889
0.8450000000000001
0.8618055555555555
0.7074999999999999
0.7280555555555557
0.7772222222222223
0.8147222222222222
0.8501388888888889
0.7058333333333334
0.8108333333333334
0.7772222222222223
0.803888888888889
0.6904166666666667
0.7033333333333333
0.8004166666666668
0.8562500000000001
0.8229166666666669
0.7429166666666667
0.6497222222222223
0.7319444444444445
0.7484722222222222
0.7506944444444444
0.8519444444444445
0.7602777777777778
0.826388888888889
0.741111111111111
0.6333333333333333
0.8059722222222222
0.7577777777777778
0.7851388888888889
0.8452777777777777
0.7648611111111111
0.8102777777777778
0.810138888888889
0.7666666666666666
0.8605555555555556
0.7112499999999999
0.7338888888888889
0.7608333333333333
0.7631944444444444
0.7530555555555556
0.8340277777777778
0.8215277777777777
0.8211111111111112
0.7968055555555555
0.7661111111111111
0.6838888888888889
0.7877777777777778
0.70125
0.82
0.7727777777777778
0.7333333333333334
0.8186111111111111
0.7945833333333333
0.7970833333333334
0.7911111111111111
0.7048611111111112
0.7980555555555555
0.7947222222222222
0.7537499999999999
0.7527777777777778
0.8004166666666667
0.6865277777777776
0.7606944444444443
0.7493055555555556
0.7079166666666666
0.74375
0.8006944444444445
0.7306944444444444
0.84625
0.8130555555555555
0.8072222222222222
0.7613888888888889
0.8005555555555556
0.8477777777777777
0.7752777777777777
0.8120833333333334
0.8058333333333334
0.788888888888889
0.7186111111111111
0.795
0.6808333333333334
0.7497222222222223
0.8584722222222222
0.7458333333333333
0.7126388888888889
0.7223611111111111
0.7201388888888889
0.7009722222222223
0.8245833333333333
0.7513888888888889
0.8144444444444444
0.7748611111111111
0.8625
0.8401388888888889
0.8308333333333334
0.8002777777777778
0.6829166666666666
0.8158333333333333
0.7165277777777778
0.6898611111111111
0.7212500000000001
0.7726388888888889
0.6634722222222221
0.7488888888888889
0.8094444444444445
0.7497222222222223
0.7955555555555555
0.7255555555555556
0.7929166666666666
0.75
0.7783333333333333
0.7876388888888889
0.7684722222222222
0.8120833333333333
0.7697222222222222
0.7798611111111111
0.658611111111111
0.7372222222222222
0.8287500000000001
0.789861111111111
0.8036111111111112
0.7466666666666667
0.7706944444444445
0.7747222222222223
0.7105555555555556
0.8391666666666666
0.77375
0.7268055555555556
0.7333333333333333
0.8023611111111111
0.7080555555555555
0.7622222222222221
0.7052777777777777
0.721388888888889
0.8105555555555556
0.721111111111111
0.7854166666666667
0.8093055555555556
0.7887500000000001
0.8105555555555556
0.7725
0.6679166666666666
0.7606944444444445
0.7937500000000001
0.7784722222222222
0.7001388888888889
0.8297222222222222
0.7698611111111111
0.7980555555555556
0.7783333333333334
0.7966666666666666
0.8127777777777778
0.775
0.8130555555555555
0.7855555555555556
0.7459722222222223
0.7591666666666668
0.6720833333333333
0.8794444444444444
0.6661111111111111
0.7251388888888889
0.7190277777777778
0.6865277777777778
0.8372222222222223
0.7451388888888888
0.8220833333333333
0.7361111111111112
0.6368055555555556
0.7722222222222223
0.7895833333333333
0.7995833333333333
0.7051388888888889
0.8031944444444444
0.8047222222222222
0.7469444444444444
0.8329166666666666
0.7348611111111112
0.8190277777777778
0.7604166666666667
0.7931944444444445
0.8005555555555555
0.8404166666666667
0.7866666666666667
0.7670833333333333
0.8359722222222222
0.7211111111111111
0.7781944444444444
0.7666666666666666
0.8202777777777779
0.7781944444444444
0.7452777777777778
0.757638888888889
0.8123611111111111
0.7952777777777778
0.6877777777777778
