0.3235294117647059
0.38461538461538464
0.55
0.46153846153846156
0.5714285714285714
0.5384615384615384
0.2564102564102564
0.75
0.631578947368421
0.5833333333333334
0.5714285714285714
0.6956521739130435
0.4666666666666667
0.5454545454545454
0.29411764705882354
0.5384615384615384
0.5
0.3548387096774194
0.5517241379310345
0.48148148148148145
0.41379310344827586
0.4642857142857143
0.5714285714285714
0.6296296296296297
0.5
0.7
0.5454545454545454
0.48717948717948717
0.5
0.3333333333333333
0.45714285714285713
0.5862068965517241
0.5714285714285714
0.38461538461538464
0.5882352941176471
0.4666666666666667
0.5769230769230769
0.5555555555555556
0.47058823529411764
0.4722222222222222
0.5263157894736842
0.391304347826087
0.7058823529411765
0.6538461538461539
0.46875
0.5454545454545454
0.5789473684210527
0.48148148148148145
0.5172413793103449
0.41935483870967744
0.5185185185185185
0.42857142857142855
0.5862068965517241
0.38461538461538464
0.4666666666666667
0.3888888888888889
0.37037037037037035
0.5925925925925926
0.5416666666666666
0.35294117647058826
0.4117647058823529
0.4230769230769231
0.5
0.7692307692307693
0.3333333333333333
0.7222222222222222
0.37209302325581395
0.4
0.47058823529411764
0.4
0.4642857142857143
0.7058823529411765
0.6190476190476191
0.39285714285714285
0.7
0.275
0.4666666666666667
0.475
0.4857142857142857
0.45454545454545453
0.41025641025641024
0.6666666666666666
0.45
0.5161290322580645
0.9230769230769231
0.4482758620689655
0.48484848484848486
0.34375
0.43478260869565216
0.34782608695652173
0.42
0.5
0.375
0.5833333333333334
0.42857142857142855
0.4074074074074074
0.625
0.4666666666666667
0.6111111111111112
0.47368421052631576
0.5
0.46153846153846156
0.5294117647058824
0.5925925925925926
0.39473684210526316
0.275
0.4782608695652174
0.68
0.4838709677419355
0.5
0.275
0.5454545454545454
0.5161290322580645
0.5714285714285714
0.4358974358974359
0.375
0.40625
0.6470588235294118
0.4375
0.34782608695652173
0.46153846153846156
0.5384615384615384
0.48717948717948717
0.4411764705882353
0.5769230769230769
0.46153846153846156
0.45714285714285713
0.34375
0.52
0.4827586206896552
0.425531914893617
0.3548387096774194
0.45454545454545453
0.5588235294117647
0.4444444444444444
0.5
0.4166666666666667
0.44
0.6071428571428571
0.6875
0.45
0.5128205128205128
0.6111111111111112
0.5588235294117647
0.5909090909090909
0.4166666666666667
0.3793103448275862
0.4074074074074074
0.47058823529411764
0.6666666666666666
0.3548387096774194
0.2916666666666667
0.43333333333333335
0.5
0.28846153846153844
0.625
0.5757575757575758
0.34
0.5142857142857142
0.4166666666666667
0.2777777777777778
0.5
0.4418604651162791
0.40625
0.5757575757575758
0.34615384615384615
0.4230769230769231
0.5555555555555556
0.48148148148148145
0.6153846153846154
0.75
0.55
0.625
0.7083333333333334
0.3235294117647059
0.4827586206896552
0.4
0.42424242424242425
0.5714285714285714
0.3870967741935484
0.4
0.48484848484848486
0.5384615384615384
0.6521739130434783
0.5357142857142857
0.6153846153846154
0.5
0.7058823529411765
0.6
0.5714285714285714
0.6
0.5
0.3902439024390244
0.42857142857142855
0.5925925925925926
0.45161290322580644
0.41379310344827586
0.37777777777777777
0.4375
0.5925925925925926
0.5416666666666666
0.4642857142857143
0.2857142857142857
0.5555555555555556
0.7333333333333333
0.4
0.6521739130434783
0.32142857142857145
0.45161290322580644
0.41379310344827586
0.38461538461538464
0.41935483870967744
0.7222222222222222
0.4827586206896552
0.56
0.45454545454545453
0.46875
0.45161290322580644
0.40625
0.7647058823529411
0.5454545454545454
0.4411764705882353
0.5172413793103449
0.34210526315789475
0.65
0.43333333333333335
0.4117647058823529
0.46875
0.41379310344827586
0.46808510638297873
0.5
0.5454545454545454
0.4782608695652174
0.7368421052631579
0.4166666666666667
0.4583333333333333
0.4827586206896552
0.4838709677419355
0.3617021276595745
0.4166666666666667
0.5652173913043478
0.52
0.4117647058823529
0.6190476190476191
0.39473684210526316
0.5909090909090909
0.6666666666666666
0.7333333333333333
0.5416666666666666
0.45454545454545453
0.3684210526315789
0.43478260869565216
0.3902439024390244
0.43333333333333335
0.5185185185185185
0.375
0.4
0.45714285714285713
0.4666666666666667
0.4
0.34615384615384615
0.6153846153846154
0.4090909090909091
0.5714285714285714
0.52
0.52
0.38461538461538464
0.6363636363636364
0.5384615384615384
0.5161290322580645
0.5172413793103449
0.45161290322580644
0.3793103448275862
0.4782608695652174
0.47368421052631576
0.42424242424242425
0.4
0.5925925925925926
0.39473684210526316
0.5
0.5769230769230769
0.5714285714285714
0.7083333333333334
0.2682926829268293
0.5714285714285714
0.375
0.5833333333333334
0.72
0.3333333333333333
0.5769230769230769
0.3877551020408163
0.3783783783783784
0.5333333333333333
0.4117647058823529
0.45161290322580644
0.5483870967741935
0.52
0.3333333333333333
0.4473684210526316
0.5
0.3783783783783784
0.6551724137931034
0.43243243243243246
0.3888888888888889
0.48
0.6363636363636364
0.6956521739130435
0.4375
0.37777777777777777
0.5
0.55
0.45714285714285713
0.4642857142857143
0.5769230769230769
0.5416666666666666
0.5806451612903226
0.37209302325581395
0.4
0.4838709677419355
0.6538461538461539
0.5833333333333334
0.43333333333333335
0.391304347826087
0.35
0.5333333333333333
0.4375
0.7619047619047619
0.48
0.6666666666666666
0.40540540540540543
0.3157894736842105
0.5
0.56
0.5416666666666666
0.64
0.4358974358974359
0.5
0.6190476190476191
0.5238095238095238
0.75
0.3103448275862069
0.42857142857142855
0.48484848484848486
0.45454545454545453
0.5217391304347826
0.5151515151515151
0.5588235294117647
0.48484848484848486
0.5483870967741935
0.5588235294117647
0.35135135135135137
0.5555555555555556
0.3888888888888889
0.6818181818181818
0.35555555555555557
0.48
0.5625
0.5161290322580645
0.5294117647058824
0.6521739130434783
0.35
0.4666666666666667
0.43243243243243246
0.53125
0.5925925925925926
0.43478260869565216
0.37037037037037035
0.5
0.48
0.3902439024390244
0.48
0.5862068965517241
0.5217391304347826
0.5
0.5
0.45454545454545453
0.4642857142857143
0.6086956521739131
0.6538461538461539
0.42857142857142855
0.7058823529411765
0.4772727272727273
0.4375
0.3333333333333333
0.5714285714285714
0.41935483870967744
0.3409090909090909
0.47058823529411764
0.6086956521739131
0.358974358974359
0.41379310344827586
0.35
0.3333333333333333
0.5135135135135135
0.52
0.7272727272727273
0.4583333333333333
0.7692307692307693
0.5151515151515151
0.5172413793103449
0.4838709677419355
0.3448275862068966
0.56
0.35294117647058826
0.4
0.41379310344827586
0.6
0.38095238095238093
0.41025641025641024
0.5666666666666667
0.4186046511627907
0.6666666666666666
0.46153846153846156
0.4594594594594595
0.3783783783783784
0.41935483870967744
0.5517241379310345
0.40540540540540543
0.6521739130434783
0.5238095238095238
0.5238095238095238
0.2564102564102564
0.37777777777777777
0.6071428571428571
0.5909090909090909
0.625
0.45454545454545453
0.48
0.4482758620689655
0.3939393939393939
0.6666666666666666
0.625
0.42105263157894735
0.36
0.5185185185185185
0.3939393939393939
0.5555555555555556
0.375
0.45714285714285713
0.6
0.46153846153846156
0.48
0.4642857142857143
0.48484848484848486
0.47619047619047616
0.4642857142857143
0.3333333333333333
0.4
0.5454545454545454
0.44
0.4074074074074074
0.5555555555555556
0.3939393939393939
0.4827586206896552
0.4117647058823529
0.4523809523809524
0.6129032258064516
0.5
0.6071428571428571
0.4230769230769231
0.4358974358974359
0.5
0.34782608695652173
0.7916666666666666
0.32142857142857145
0.35714285714285715
0.4117647058823529
0.28888888888888886
0.6666666666666666
0.5454545454545454
0.5806451612903226
0.37037037037037035
0.2647058823529412
0.4117647058823529
0.43243243243243246
0.5161290322580645
0.3103448275862069
0.5142857142857142
0.6071428571428571
0.5185185185185185
0.5625
0.4482758620689655
0.64
0.4838709677419355
0.56
0.631578947368421
0.6956521739130435
0.5
0.5
0.6071428571428571
0.4583333333333333
0.38235294117647056
0.4827586206896552
0.52
0.47619047619047616
0.5
0.4375
0.625
0.47368421052631576
0.4230769230769231
