0.7338888888888889
0.7288888888888889
0.6766666666666667
0.7080555555555554
0.6611111111111111
0.7544444444444445
0.7890277777777778
0.7379166666666667
0.7130555555555556
0.7452777777777778
0.6991666666666667
0.7408333333333333
0.7302777777777778
0.6711111111111111
0.6754166666666668
0.7719444444444444
0.7330555555555555
0.7136111111111111
0.7902777777777777
0.7736111111111111
0.7327777777777778
0.7084722222222223
0.7411111111111112
0.7718055555555556
0.731111111111111
0.7536111111111111
0.7569444444444444
0.6722222222222222
0.7088888888888889
0.7051388888888889
0.7158333333333332
0.6901388888888889
0.7394444444444446
0.7500000000000001
0.7404166666666667
0.7500000000000001
0.6927777777777778
0.7302777777777778
0.7597222222222223
0.7652777777777777
0.6715277777777777
0.7008333333333332
0.7044444444444445
0.70625
0.7440277777777777
0.7062500000000002
0.7436111111111111
0.718888888888889
0.6754166666666667
0.74875
0.7019444444444445
0.6643055555555556
0.6452777777777778
0.752638888888889
0.7225
0.706388888888889
0.7288888888888888
0.6977777777777778
0.6875000000000001
0.7551388888888888
0.7172222222222222
0.6779166666666666
0.7577777777777778
0.6783333333333335
0.7005555555555556
0.7473611111111111
0.7566666666666666
0.6847222222222222
0.7606944444444446
0.7276388888888888
0.6815277777777777
0.7319444444444445
0.7102777777777778
0.7133333333333333
0.6869444444444445
0.7127777777777778
0.6763888888888888
0.7422222222222222
0.7305555555555556
0.6663888888888889
0.7629166666666667
0.7826388888888889
0.7452777777777777
0.7390277777777778
0.7138888888888888
0.6994444444444444
0.7243055555555556
0.7497222222222223
0.7694444444444445
0.7393055555555557
0.7633333333333334
0.7826388888888888
0.7165277777777778
0.7205555555555555
0.7265277777777778
0.7022222222222222
0.7150000000000001
0.7444444444444445
0.699861111111111
0.6895833333333333
0.7225
0.7276388888888888
0.7268055555555555
0.6863888888888889
0.7247222222222222
0.7880555555555555
0.7588888888888888
0.7118055555555555
0.7533333333333333
0.7744444444444445
0.6708333333333334
0.7461111111111111
0.7258333333333333
0.7401388888888889
0.6990277777777777
0.7684722222222222
0.7622222222222222
0.6931944444444444
0.7329166666666668
0.7041666666666666
0.6894444444444444
0.7018055555555556
0.7380555555555556
0.7259722222222224
0.7433333333333334
0.7661111111111111
0.7315277777777779
0.6598611111111111
0.7593055555555555
0.6908333333333333
0.7040277777777777
0.6749999999999999
0.7055555555555556
0.6672222222222223
0.7158333333333333
0.7838888888888889
0.7498611111111111
0.6583333333333333
0.7566666666666666
0.7326388888888891
0.7758333333333333
0.7763888888888889
0.6758333333333333
0.677638888888889
0.7252777777777778
0.6891666666666667
0.7354166666666668
0.6887500000000001
0.6847222222222222
0.7386111111111111
0.7040277777777778
0.7061111111111111
0.6508333333333335
0.7113888888888888
0.6841666666666667
0.7640277777777778
0.6955555555555556
0.7455555555555555
0.7047222222222222
0.7830555555555556
0.8175
0.6776388888888889
0.6872222222222222
0.7363888888888889
0.6847222222222222
0.7341666666666666
0.6965277777777777
0.6825000000000001
0.7570833333333333
0.6929166666666666
0.7154166666666667
0.7431944444444445
0.7273611111111111
0.7580555555555556
0.7170833333333333
0.7108333333333334
0.65625
0.772361111111111
0.7383333333333333
0.7744444444444444
0.7106944444444444
0.7202777777777777
0.76625
0.7538888888888888
0.6986111111111112
0.7630555555555556
0.74
0.7019444444444445
0.7094444444444445
0.6779166666666666
0.7283333333333333
0.6730555555555556
0.6802777777777778
0.6530555555555556
0.7247222222222222
0.6708333333333334
0.7438888888888892
0.752638888888889
0.6933333333333334
0.7052777777777777
0.7709722222222223
0.7827777777777778
0.6876388888888889
0.6872222222222224
0.7130555555555556
0.7613888888888889
0.6819444444444444
0.7252777777777778
0.7463888888888889
0.7322222222222222
0.73125
0.6926388888888889
0.7672222222222222
0.7022222222222221
0.6672222222222222
0.6611111111111111
0.7758333333333333
0.7452777777777778
0.72625
0.7547222222222222
0.74375
0.701111111111111
0.7483333333333334
0.7509722222222223
0.6858333333333334
0.6936111111111111
0.6741666666666666
0.7020833333333334
0.7252777777777778
0.6673611111111111
0.7176388888888888
0.6598611111111111
0.7825
0.7272222222222223
0.6820833333333334
0.7338888888888889
0.7231944444444445
0.6852777777777778
0.7525000000000001
0.6916666666666667
0.6738888888888889
0.7383333333333333
0.7337500000000001
0.716388888888889
0.72625
0.7305555555555556
0.721388888888889
0.7508333333333334
0.6833333333333333
0.6883333333333334
0.7002777777777778
0.6747222222222222
0.7350000000000001
0.6905555555555556
0.7233333333333334
0.7130555555555556
0.6958333333333334
0.7480555555555556
0.7104166666666667
0.7140277777777778
0.72
0.7329166666666667
0.73
0.7077777777777777
0.7081944444444446
0.7293055555555555
0.6900000000000001
0.715
0.7597222222222222
0.7748611111111112
0.8280555555555557
0.75375
0.7169444444444445
0.6844444444444444
0.6902777777777778
0.7130555555555556
0.7848611111111111
0.7569444444444444
0.72
0.7380555555555556
0.7026388888888889
0.7102777777777778
0.7475
0.7527777777777778
0.7311111111111112
0.7086111111111111
0.7355555555555556
0.7055555555555556
0.7144444444444444
0.7125
0.7347222222222223
0.7193055555555554
0.6831944444444444
0.7302777777777779
0.6309722222222223
0.7540277777777779
0.7525
0.7511111111111112
0.725
0.6838888888888889
0.79
0.6955555555555556
0.6977777777777778
0.6727777777777778
0.711111111111111
0.7334722222222223
0.7045833333333333
0.6911111111111111
0.7230555555555556
0.7372222222222222
0.7294444444444445
0.7211111111111111
0.74
0.6897222222222222
0.8034722222222221
0.6831944444444445
0.7922222222222223
0.7544444444444445
0.6813888888888888
0.72375
0.6994444444444444
0.7419444444444445
0.7408333333333333
0.7593055555555556
0.6813888888888889
0.7027777777777778
0.7898611111111111
0.7254166666666667
0.6715277777777777
0.6681944444444445
0.6075
0.7480555555555555
0.6770833333333331
0.7002777777777778
0.7109722222222222
0.7097222222222223
0.7041666666666666
0.7579166666666667
0.7793055555555556
0.7508333333333334
0.7615277777777778
0.685
0.7533333333333333
0.7462500000000001
0.7325
0.7329166666666667
0.7298611111111111
0.7044444444444444
0.7156944444444445
0.7005555555555555
0.7156944444444444
0.7177777777777778
0.7327777777777779
0.6966666666666667
0.7588888888888888
0.7426388888888888
0.6726388888888889
0.7366666666666667
0.7159722222222222
0.8002777777777778
0.7283333333333333
0.76
0.7187499999999999
0.7280555555555556
0.736388888888889
0.7548611111111112
0.71625
0.7259722222222224
0.7180555555555554
0.68375
0.6906944444444445
0.7077777777777778
0.6683333333333333
0.7116666666666667
0.6777777777777778
0.7669444444444444
0.6733333333333332
0.7813888888888889
0.7427777777777778
0.7319444444444444
0.7095833333333332
0.7511111111111112
0.7298611111111112
0.6983333333333333
0.7075
0.6870833333333334
0.7786111111111111
0.7920833333333335
0.7491666666666668
0.7375
0.716388888888889
0.7093055555555556
0.7130555555555556
0.7191666666666666
0.7284722222222223
0.7218055555555556
0.7127777777777778
0.7416666666666667
0.7027777777777777
0.7333333333333334
0.7469444444444444
0.7009722222222222
0.6906944444444445
0.710138888888889
0.7175
0.7413888888888889
0.7223611111111111
0.7156944444444444
0.7115277777777778
0.6897222222222223
0.7025
0.7202777777777778
0.7465277777777778
0.7054166666666667
0.6725000000000001
0.7475
0.6747222222222222
0.7343055555555558
0.7291666666666666
0.7522222222222221
0.7445833333333334
0.742361111111111
0.7302777777777777
0.7177777777777777
0.7438888888888889
0.7094444444444444
0.7405555555555556
0.7091666666666667
0.6943055555555555
0.7156944444444444
0.7388888888888888
0.6872222222222222
0.7761111111111112
0.7225000000000001
0.6641666666666667
0.745
0.7161111111111111
0.6963888888888888
0.7111111111111112
0.7027777777777778
0.7416666666666666
0.705
0.6483333333333334
0.674861111111111
0.66125
0.7152777777777779
0.7422222222222223
0.6891666666666667
0.7004166666666667
0.7177777777777778
0.7106944444444444
0.721388888888889
0.7355555555555555
0.6943055555555556
0.7061111111111111
0.7444444444444444
0.738888888888889
0.7266666666666666
0.7272222222222222
0.7008333333333334
0.7199999999999999
0.7691666666666668
0.7422222222222222
0.7213888888888889
0.7561111111111112
0.765277777777778
0.7527777777777778
0.7630555555555556
0.68125
0.7440277777777778
0.6448611111111111
0.6816666666666665
0.6597222222222222
0.7324999999999999
0.7126388888888889
0.7059722222222222
0.7291666666666667
0.7172222222222222
0.7363888888888889
0.6788888888888889
0.7497222222222222
0.7293055555555555
0.7136111111111112
0.7711111111111112
0.673611111111111
0.7226388888888888
0.6831944444444443
0.7166666666666667
0.7602777777777778
0.7340277777777777
0.7338888888888889
0.726111111111111
0.7336111111111111
0.7627777777777778
0.7209722222222222
0.6861111111111111
0.7480555555555556
0.7054166666666667
0.7444444444444445
0.6720833333333333
