0.7130555555555556
0.7055555555555556
0.6847222222222222
0.7301388888888889
0.6933333333333334
0.751388888888889
0.7337499999999999
0.7972222222222223
0.7047222222222222
0.7366666666666666
0.6959722222222222
0.7715277777777778
0.7206944444444444
0.6177777777777778
0.6823611111111112
0.7680555555555557
0.7026388888888888
0.7420833333333332
0.7136111111111112
0.7248611111111112
0.7416666666666667
0.7380555555555556
0.7959722222222223
0.7159722222222222
0.76125
0.7233333333333333
0.7356944444444444
0.7020833333333334
0.6995833333333333
0.6958333333333333
0.7756944444444445
0.6929166666666666
0.7658333333333334
0.7787499999999999
0.7270833333333334
0.7598611111111111
0.7086111111111111
0.7433333333333334
0.7694444444444444
0.7391666666666666
0.6780555555555556
0.6994444444444443
0.6951388888888889
0.6872222222222222
0.7554166666666666
0.6766666666666667
0.7809722222222222
0.7279166666666668
0.71875
0.7341666666666666
0.7147222222222221
0.7165277777777778
0.6812500000000001
0.7411111111111112
0.7029166666666666
0.66875
0.7468055555555555
0.7047222222222222
0.7156944444444444
0.7527777777777778
0.7118055555555556
0.6631944444444444
0.7137500000000001
0.7026388888888889
0.7373611111111111
0.7265277777777778
0.7009722222222222
0.6555555555555557
0.7806944444444445
0.6718055555555555
0.7136111111111111
0.7666666666666666
0.7186111111111111
0.7223611111111111
0.6843055555555555
0.7461111111111112
0.7313888888888889
0.70125
0.7618055555555556
0.6966666666666667
0.73875
0.7662500000000001
0.7590277777777779
0.7656944444444445
0.737638888888889
0.7490277777777777
0.7604166666666666
0.7381944444444445
0.6652777777777777
0.7541666666666667
0.7537499999999999
0.7847222222222222
0.7026388888888889
0.7054166666666666
0.6965277777777779
0.7588888888888888
0.7409722222222223
0.7204166666666667
0.7324999999999999
0.7343055555555555
0.7233333333333334
0.7125
0.7262500000000001
0.7613888888888889
0.7172222222222222
0.7529166666666667
0.7545833333333334
0.7047222222222222
0.6998611111111112
0.7633333333333334
0.7488888888888889
0.7261111111111112
0.7684722222222222
0.7797222222222222
0.69625
0.7847222222222222
0.6994444444444444
0.7216666666666668
0.7462500000000001
0.71125
0.7658333333333334
0.6601388888888888
0.7275
0.7113888888888888
0.7183333333333333
0.7898611111111111
0.7444444444444445
0.706388888888889
0.7511111111111111
0.6973611111111111
0.6976388888888889
0.6880555555555556
0.73125
0.7283333333333333
0.7116666666666667
0.7454166666666666
0.7340277777777777
0.66125
0.7340277777777778
0.6873611111111111
0.711111111111111
0.7213888888888889
0.6802777777777778
0.6551388888888889
0.6934722222222223
0.7291666666666667
0.7443055555555556
0.7290277777777778
0.6808333333333334
0.7355555555555555
0.7273611111111111
0.7009722222222222
0.6377777777777779
0.6777777777777778
0.6679166666666667
0.7238888888888889
0.7202777777777778
0.6977777777777777
0.7488888888888889
0.7320833333333334
0.7719444444444444
0.7284722222222222
0.6909722222222223
0.8106944444444444
0.6805555555555556
0.6916666666666667
0.6984722222222222
0.6791666666666667
0.7343055555555557
0.7077777777777778
0.6405555555555555
0.7219444444444445
0.7159722222222222
0.7180555555555556
0.6691666666666667
0.7318055555555556
0.7226388888888889
0.7252777777777778
0.71375
0.7570833333333333
0.6888888888888889
0.6916666666666667
0.7620833333333333
0.7443055555555556
0.7309722222222222
0.6929166666666666
0.7351388888888888
0.7408333333333333
0.7147222222222223
0.6840277777777777
0.6843055555555555
0.7505555555555556
0.6922222222222223
0.6222222222222222
0.7727777777777778
0.7451388888888889
0.6940277777777778
0.7183333333333333
0.6908333333333334
0.7011111111111111
0.793611111111111
0.7633333333333333
0.7147222222222223
0.7515277777777778
0.6652777777777779
0.7634722222222222
0.7175
0.7613888888888889
0.6873611111111111
0.6644444444444444
0.7793055555555556
0.7381944444444444
0.6716666666666666
0.7716666666666667
0.7066666666666668
0.6979166666666667
0.7334722222222223
0.7283333333333333
0.7033333333333334
0.7084722222222222
0.7320833333333333
0.7206944444444443
0.7269444444444444
0.7200000000000001
0.7052777777777777
0.6845833333333333
0.7230555555555556
0.6981944444444446
0.7230555555555556
0.6654166666666667
0.7356944444444444
0.6926388888888888
0.7418055555555556
0.74375
0.6715277777777777
0.7084722222222222
0.7562500000000001
0.7093055555555556
0.7247222222222223
0.7140277777777777
0.7155555555555555
0.7020833333333334
0.7656944444444445
0.7188888888888889
0.7141666666666666
0.6872222222222222
0.7483333333333333
0.6501388888888888
0.705138888888889
0.7068055555555555
0.7465277777777778
0.6943055555555555
0.6983333333333334
0.7431944444444444
0.7252777777777777
0.7265277777777778
0.7079166666666667
0.745
0.72625
0.6488888888888888
0.7105555555555556
0.7337499999999999
0.7026388888888888
0.7477777777777778
0.7409722222222221
0.7490277777777777
0.7054166666666667
0.7118055555555556
0.7436111111111111
0.7676388888888889
0.7570833333333333
0.7590277777777779
0.7018055555555556
0.6448611111111111
0.7656944444444445
0.7384722222222222
0.8011111111111111
0.716388888888889
0.7279166666666668
0.7170833333333333
0.7305555555555555
0.6865277777777778
0.7975000000000001
0.7516666666666667
0.7205555555555556
0.7302777777777778
0.7772222222222223
0.73375
0.6886111111111111
0.7068055555555556
0.669861111111111
0.7059722222222222
0.7141666666666667
0.7369444444444445
0.7186111111111111
0.6997222222222222
0.7136111111111112
0.7547222222222222
0.7011111111111111
0.6870833333333333
0.7666666666666666
0.6700000000000002
0.7236111111111111
0.6931944444444444
0.7359722222222222
0.6780555555555556
0.7050000000000001
0.6440277777777778
0.6799999999999999
0.7154166666666667
0.7481944444444444
0.7379166666666666
0.7241666666666666
0.6545833333333333
0.7711111111111111
0.7243055555555555
0.7725
0.711111111111111
0.7383333333333333
0.7126388888888888
0.7066666666666668
0.6880555555555556
0.6938888888888889
0.7080555555555555
0.7266666666666667
0.6588888888888889
0.7666666666666666
0.7349999999999999
0.6844444444444444
0.6454166666666666
0.6684722222222222
0.8004166666666667
0.73
0.75
0.7166666666666667
0.69375
0.6641666666666666
0.7136111111111111
0.70375
0.7120833333333334
0.7391666666666667
0.7027777777777778
0.6706944444444445
0.7541666666666667
0.7430555555555556
0.7170833333333333
0.6745833333333333
0.716111111111111
0.800138888888889
0.7101388888888889
0.6916666666666667
0.7241666666666666
0.6852777777777779
0.6998611111111112
0.7198611111111111
0.7179166666666668
0.6697222222222222
0.7449999999999999
0.7181944444444445
0.7541666666666668
0.7505555555555556
0.7108333333333333
0.6579166666666667
0.7463888888888889
0.6877777777777778
0.7055555555555555
0.7034722222222222
0.7786111111111111
0.7070833333333333
0.6227777777777778
0.6505555555555557
0.7265277777777779
0.6922222222222223
0.7093055555555555
0.7055555555555556
0.7744444444444445
0.6922222222222223
0.69
0.6958333333333333
0.7498611111111111
0.6990277777777778
0.7505555555555556
0.6583333333333333
0.7563888888888889
0.7233333333333334
0.7030555555555555
0.7177777777777777
0.7455555555555555
0.7126388888888889
0.71875
0.7259722222222222
0.7727777777777778
0.7423611111111111
0.6972222222222222
0.7398611111111112
0.6723611111111111
0.7872222222222223
0.6645833333333333
0.7395833333333333
0.7152777777777778
0.6872222222222222
0.6780555555555555
0.7222222222222221
0.7318055555555556
0.6766666666666666
0.7052777777777777
0.7250000000000001
0.7530555555555556
0.6937500000000001
0.68625
0.6595833333333332
0.7281944444444444
0.7544444444444445
0.7315277777777778
0.6895833333333333
0.767638888888889
0.7305555555555556
0.7218055555555556
0.6938888888888889
0.6884722222222223
0.7518055555555556
0.7754166666666666
0.7601388888888889
0.7556944444444444
0.7594444444444444
0.7325
0.7220833333333334
0.7201388888888889
0.71
0.7026388888888888
0.747638888888889
0.6744444444444444
0.81375
0.7177777777777778
0.6551388888888888
0.6888888888888889
0.6569444444444443
0.7152777777777777
0.7034722222222223
0.6831944444444444
0.7758333333333334
0.7258333333333333
0.6909722222222222
0.6927777777777778
0.7155555555555557
0.764861111111111
0.7372222222222222
0.6961111111111111
0.63125
0.68875
0.7393055555555555
0.6729166666666667
0.7034722222222223
0.63375
0.6468055555555556
0.7109722222222222
0.6744444444444444
0.7406944444444444
0.6865277777777778
0.7594444444444446
0.7179166666666666
0.7541666666666667
0.7283333333333333
0.7595833333333334
0.7411111111111112
0.7094444444444444
0.7326388888888888
0.6833333333333333
0.7425
0.7158333333333333
0.6930555555555555
0.6980555555555555
0.6391666666666667
0.7413888888888889
0.7427777777777779
0.71875
0.7781944444444445
0.6631944444444444
0.7036111111111112
0.6786111111111112
0.7079166666666666
0.7533333333333334
0.7495833333333333
0.7773611111111111
0.6958333333333333
0.7529166666666667
0.6701388888888888
0.6888888888888889
0.7440277777777777
0.7680555555555556
0.7309722222222221
0.7581944444444446
0.6983333333333333
0.7665277777777777
0.6670833333333334
0.64375
0.7348611111111112
0.6599999999999999
0.7595833333333334
0.7518055555555556
