0.5
0.4838709677419355
0.46808510638297873
0.4000000000000001
0.3773584905660377
0.4827586206896552
0.4363636363636364
0.47826086956521735
0.3846153846153846
0.48
0.42424242424242425
0.5555555555555556
0.5098039215686274
0.3829787234042553
0.3846153846153846
0.5
0.47619047619047616
0.456140350877193
0.5
0.44067796610169496
0.3928571428571428
0.5263157894736842
0.5263157894736842
0.4444444444444445
0.5660377358490566
0.4814814814814815
0.46808510638297873
0.3829787234042553
0.43749999999999994
0.39215686274509803
0.456140350877193
0.4313725490196078
0.5
0.4615384615384615
0.44897959183673464
0.3673469387755102
0.5172413793103449
0.45901639344262296
0.5333333333333333
0.4814814814814815
0.5
0.43333333333333335
0.4477611940298507
0.48
0.44067796610169496
0.4912280701754386
0.4444444444444445
0.3773584905660377
0.456140350877193
0.5
0.40625
0.4482758620689655
0.39215686274509803
0.423076923076923
0.47058823529411764
0.3773584905660377
0.5454545454545454
0.3793103448275862
0.4
0.41935483870967744
0.47457627118644075
0.4137931034482759
0.41509433962264153
0.4313725490196078
0.4
0.5098039215686274
0.5245901639344263
0.423076923076923
0.4666666666666667
0.4814814814814815
0.47457627118644075
0.47058823529411764
0.5185185185185186
0.37500000000000006
0.44067796610169496
0.423076923076923
0.43999999999999995
0.38596491228070173
0.43999999999999995
0.31111111111111117
0.49056603773584906
0.5
0.3793103448275862
0.456140350877193
0.43999999999999995
0.4727272727272728
0.5
0.4482758620689655
0.43333333333333335
0.4727272727272728
0.4912280701754386
0.5357142857142857
0.33962264150943394
0.4
0.4814814814814815
0.3829787234042553
0.4166666666666667
0.4615384615384615
0.4444444444444445
0.33333333333333326
0.3928571428571428
0.4615384615384615
0.4912280701754386
0.3703703703703704
0.5
0.5185185185185186
0.40625
0.4727272727272728
0.4615384615384615
0.4166666666666667
0.45833333333333326
0.44067796610169496
0.3673469387755102
0.4363636363636364
0.4727272727272728
0.5964912280701755
0.43333333333333335
0.326530612244898
0.4727272727272728
0.4912280701754386
0.509090909090909
0.37499999999999994
0.456140350877193
0.44067796610169496
0.4363636363636364
0.4642857142857143
0.4000000000000001
0.4313725490196078
0.4814814814814815
0.4912280701754386
0.4727272727272728
0.4528301886792453
0.45161290322580644
0.42857142857142855
0.5283018867924527
0.3913043478260869
0.39215686274509803
0.36065573770491804
0.5
0.5283018867924527
0.4615384615384615
0.42424242424242425
0.4074074074074074
0.42424242424242425
0.47457627118644075
0.42553191489361697
0.5098039215686274
0.42857142857142855
0.4363636363636364
0.5384615384615385
0.5
0.5
0.4
0.43749999999999994
0.5084745762711865
0.4615384615384615
0.4545454545454545
0.4067796610169491
0.423076923076923
0.41935483870967744
0.4918032786885246
0.5384615384615385
0.43333333333333335
0.4528301886792453
0.34615384615384615
0.4
0.4477611940298507
0.4126984126984127
0.4838709677419355
0.4444444444444445
0.5098039215686274
0.4528301886792453
0.3793103448275862
0.4210526315789474
0.4615384615384615
0.4827586206896552
0.4482758620689655
0.5
0.3928571428571428
0.4482758620689655
0.4067796610169491
0.5
0.5454545454545454
0.4210526315789474
0.44067796610169496
0.4
0.456140350877193
0.4827586206896552
0.4727272727272728
0.5357142857142857
0.4313725490196078
0.3846153846153846
0.33333333333333326
0.3829787234042553
0.4482758620689655
0.36000000000000004
0.4
0.5151515151515152
0.4210526315789474
0.41509433962264153
0.5245901639344263
0.5
0.47619047619047616
0.5283018867924527
0.49056603773584906
0.45454545454545453
0.4
0.4827586206896552
0.45833333333333326
0.4166666666666667
0.5283018867924527
0.3529411764705882
0.4615384615384615
0.33962264150943394
0.49056603773584906
0.39215686274509803
0.5384615384615385
0.4528301886792453
0.456140350877193
0.423076923076923
0.5818181818181818
0.4814814814814815
0.3829787234042553
0.43333333333333335
0.46808510638297873
0.4313725490196078
0.5185185185185186
0.41509433962264153
0.28070175438596495
0.5172413793103449
0.5199999999999999
0.4
0.5283018867924527
0.4074074074074074
0.4137931034482759
0.47058823529411764
0.5
0.43333333333333335
0.4067796610169491
0.42857142857142855
0.4166666666666667
0.5
0.48
0.4444444444444445
0.42857142857142855
0.42857142857142855
0.5263157894736842
0.46808510638297873
0.4210526315789474
0.39344262295081966
0.4090909090909091
0.38596491228070173
0.38709677419354843
0.3137254901960784
0.3846153846153846
0.4615384615384615
0.5
0.32786885245901637
0.4838709677419355
0.4666666666666667
0.5384615384615385
0.4727272727272728
0.4081632653061224
0.5490196078431373
0.4642857142857143
0.46808510638297873
0.44067796610169496
0.4615384615384615
0.5
0.38596491228070173
0.5084745762711865
0.5357142857142857
0.3793103448275862
0.4642857142857143
0.4727272727272728
0.33898305084745767
0.4912280701754386
0.5185185185185186
0.4827586206896552
0.4666666666666667
0.4
0.4897959183673469
0.4081632653061224
0.4
0.40579710144927544
0.42857142857142855
0.45833333333333326
0.3703703703703704
0.39344262295081966
0.3928571428571428
0.4727272727272728
0.46875
0.43749999999999994
0.4918032786885246
0.4814814814814815
0.4727272727272728
0.47826086956521735
0.4210526315789474
0.5531914893617021
0.4262295081967213
0.5306122448979592
0.4814814814814815
0.49056603773584906
0.5098039215686274
0.46808510638297873
0.4210526315789474
0.4482758620689655
0.4210526315789474
0.4482758620689655
0.4444444444444445
0.5283018867924527
0.45901639344262296
0.4912280701754386
0.49056603773584906
0.4727272727272728
0.423076923076923
0.32786885245901637
0.4814814814814815
0.47619047619047616
0.4912280701754386
0.4444444444444445
0.4912280701754386
0.3913043478260869
0.45833333333333326
0.4000000000000001
0.3043478260869565
0.49056603773584906
0.4528301886792453
0.4727272727272728
0.4727272727272728
0.3913043478260869
0.5
0.5
0.4642857142857143
0.4923076923076923
0.4081632653061224
0.43333333333333335
0.5
0.456140350877193
0.4262295081967213
0.4814814814814815
0.25531914893617025
0.4727272727272728
0.33333333333333337
0.4482758620689655
0.456140350877193
0.44067796610169496
0.3181818181818182
0.3673469387755102
0.4642857142857143
0.3673469387755102
0.4615384615384615
0.423076923076923
0.3846153846153846
0.42857142857142855
0.36000000000000004
0.43478260869565216
0.4918032786885246
0.4642857142857143
0.576923076923077
0.3333333333333333
0.5333333333333333
0.4210526315789474
0.4307692307692308
0.4727272727272728
0.4137931034482759
0.4444444444444445
0.3272727272727273
0.4313725490196078
0.3404255319148936
0.42857142857142855
0.5490196078431373
0.36923076923076925
0.4313725490196078
0.4137931034482759
0.5
0.4
0.5283018867924527
0.5306122448979592
0.4814814814814815
0.3636363636363636
0.5
0.44067796610169496
0.4814814814814815
0.4642857142857143
0.456140350877193
0.4210526315789474
0.5283018867924527
0.4074074074074074
0.4666666666666667
0.30769230769230765
0.4444444444444445
0.4313725490196078
0.4090909090909091
0.46808510638297873
0.5172413793103449
0.45833333333333326
0.48
0.4313725490196078
0.4
0.32558139534883723
0.3703703703703704
0.4918032786885246
0.5084745762711865
0.4117647058823529
0.3773584905660377
0.46875
0.4262295081967213
0.4081632653061224
0.44067796610169496
0.5199999999999999
0.4528301886792453
0.4363636363636364
0.47826086956521735
0.3823529411764707
0.5185185185185186
0.46808510638297873
0.4067796610169491
0.47058823529411764
0.4137931034482759
0.5714285714285714
0.5517241379310344
0.5283018867924527
0.45161290322580644
0.4642857142857143
0.43333333333333335
0.39215686274509803
0.4000000000000001
0.4262295081967213
0.4363636363636364
0.5245901639344263
0.4074074074074074
0.4126984126984127
0.44897959183673464
0.3928571428571428
0.49056603773584906
0.4912280701754386
0.5217391304347827
0.5172413793103449
0.4482758620689655
0.39344262295081966
0.5660377358490566
0.326530612244898
0.43999999999999995
0.3846153846153846
0.5106382978723405
0.4444444444444445
0.4363636363636364
0.4313725490196078
0.4166666666666667
0.5098039215686274
0.4642857142857143
0.44067796610169496
0.456140350877193
0.3773584905660377
0.4074074074074074
0.4444444444444445
0.43478260869565216
0.4642857142857143
0.4363636363636364
0.41860465116279066
0.4074074074074074
0.456140350877193
0.5
0.509090909090909
0.39215686274509803
0.5106382978723405
0.4067796610169491
0.44067796610169496
0.4838709677419355
0.3333333333333333
0.3846153846153846
0.4210526315789474
0.5172413793103449
0.4827586206896552
0.4166666666666667
0.4918032786885246
0.40625
0.47058823529411764
0.4918032786885246
0.4262295081967213
0.45161290322580644
0.5263157894736842
0.5
0.4482758620689655
0.45901639344262296
0.5306122448979592
0.4528301886792453
0.4814814814814815
0.5
0.5357142857142857
0.43478260869565216
0.4067796610169491
0.5
0.3773584905660377
0.4126984126984127
0.5555555555555556
0.39344262295081966
0.4000000000000001
0.3829787234042553
