0.7647058823529411
0.875
0.7058823529411765
0.8
0.6086956521739131
0.6538461538461539
0.6666666666666666
0.65
0.6
0.7777777777777778
0.8421052631578947
0.6818181818181818
0.75
0.45161290322580644
0.7391304347826086
0.7727272727272727
0.5757575757575758
0.6190476190476191
0.65
0.65
0.41379310344827586
0.875
0.7894736842105263
0.6666666666666666
0.5555555555555556
0.625
0.6666666666666666
0.7647058823529411
0.7272727272727273
0.7368421052631579
0.7368421052631579
0.8
0.65
0.6363636363636364
0.7857142857142857
0.7037037037037037
0.5652173913043478
0.6956521739130435
0.7222222222222222
0.56
0.631578947368421
0.6
0.8125
0.7368421052631579
0.6538461538461539
0.5714285714285714
0.8
0.8333333333333334
0.5294117647058824
0.6666666666666666
0.5
0.7777777777777778
0.9411764705882353
0.41935483870967744
0.6666666666666666
0.7391304347826086
0.8888888888888888
0.5806451612903226
0.7894736842105263
0.6666666666666666
0.7894736842105263
0.7142857142857143
0.6470588235294118
0.7272727272727273
0.8421052631578947
0.7692307692307693
0.7037037037037037
0.8333333333333334
0.5769230769230769
0.56
0.8125
0.7083333333333334
0.7142857142857143
0.5517241379310345
0.56
0.6842105263157895
0.6842105263157895
0.8333333333333334
0.6363636363636364
0.7083333333333334
0.6842105263157895
0.47058823529411764
0.5263157894736842
0.55
0.4583333333333333
0.6
0.875
0.7142857142857143
0.6538461538461539
0.7647058823529411
0.8181818181818182
0.782608695652174
0.72
0.8333333333333334
0.75
0.7894736842105263
1.0
0.88
0.5217391304347826
0.625
0.8333333333333334
0.7894736842105263
0.7142857142857143
0.875
0.7307692307692307
0.6842105263157895
0.6666666666666666
0.6818181818181818
0.7391304347826086
0.6875
0.5789473684210527
0.5483870967741935
0.6296296296296297
0.9285714285714286
1.0
0.6333333333333333
0.8
0.6363636363636364
0.5833333333333334
0.6666666666666666
0.5882352941176471
0.7857142857142857
0.8
0.625
0.8888888888888888
0.7142857142857143
0.5454545454545454
0.8181818181818182
0.8
0.6666666666666666
0.625
0.75
0.7894736842105263
0.7333333333333333
0.8666666666666667
0.7692307692307693
0.6071428571428571
0.5909090909090909
0.52
0.72
0.5
0.75
0.7142857142857143
0.6206896551724138
0.7777777777777778
0.8
0.4642857142857143
0.47368421052631576
0.5405405405405406
0.64
0.6666666666666666
0.6470588235294118
0.8666666666666667
0.8666666666666667
0.5925925925925926
0.6
0.8235294117647058
0.8076923076923077
0.7058823529411765
0.7894736842105263
0.8
0.8235294117647058
0.7894736842105263
0.8666666666666667
0.7272727272727273
0.8666666666666667
0.8666666666666667
0.9090909090909091
0.625
0.6060606060606061
0.75
0.5333333333333333
0.6923076923076923
0.7142857142857143
0.7
0.7
0.7142857142857143
0.7916666666666666
0.8947368421052632
0.8
0.8666666666666667
0.7083333333333334
0.4782608695652174
0.7333333333333333
0.8095238095238095
0.5833333333333334
0.9375
0.6875
0.8666666666666667
0.7727272727272727
0.625
0.6666666666666666
0.6818181818181818
0.5454545454545454
0.8666666666666667
0.375
0.6956521739130435
0.7058823529411765
0.5625
0.8235294117647058
0.6521739130434783
0.9411764705882353
0.6521739130434783
0.6190476190476191
0.5555555555555556
0.6842105263157895
0.8125
0.7857142857142857
0.6206896551724138
0.5517241379310345
0.6470588235294118
0.7083333333333334
0.6818181818181818
0.42857142857142855
0.7058823529411765
0.4782608695652174
0.6153846153846154
0.6363636363636364
0.8333333333333334
0.631578947368421
0.7368421052631579
0.65
0.7272727272727273
0.76
0.7777777777777778
0.875
0.5882352941176471
0.7333333333333333
0.8181818181818182
0.5714285714285714
0.7307692307692307
0.5263157894736842
0.8947368421052632
0.6666666666666666
0.475
0.7894736842105263
0.8
0.5
0.7142857142857143
0.65
0.7333333333333333
0.47368421052631576
0.8181818181818182
0.6
0.8571428571428571
0.9166666666666666
0.7272727272727273
0.5625
0.5454545454545454
0.6086956521739131
0.7142857142857143
0.7222222222222222
0.6875
0.8260869565217391
0.7
0.6363636363636364
0.44
0.6
0.7857142857142857
0.56
0.7037037037037037
1.0
0.7727272727272727
0.7
0.75
0.6818181818181818
0.75
0.75
0.6111111111111112
0.7333333333333333
0.7894736842105263
0.8666666666666667
0.6666666666666666
0.8095238095238095
0.6296296296296297
0.85
0.8666666666666667
0.7619047619047619
0.7058823529411765
0.631578947368421
0.7894736842105263
0.6923076923076923
0.46153846153846156
0.5882352941176471
0.7777777777777778
0.5454545454545454
0.9411764705882353
0.7272727272727273
0.8
0.8235294117647058
0.47368421052631576
0.7777777777777778
0.6296296296296297
0.8823529411764706
0.7272727272727273
0.7619047619047619
0.7647058823529411
0.6666666666666666
0.6666666666666666
0.5789473684210527
0.6666666666666666
0.5714285714285714
0.9375
0.782608695652174
0.7333333333333333
0.7333333333333333
0.9333333333333333
0.7
0.7058823529411765
0.8333333333333334
0.8421052631578947
0.6086956521739131
0.5
0.7777777777777778
0.5555555555555556
0.5789473684210527
0.6842105263157895
0.631578947368421
0.5
0.6470588235294118
0.59375
0.4666666666666667
0.7058823529411765
0.8181818181818182
0.75
0.55
0.8571428571428571
0.5789473684210527
0.875
0.6363636363636364
0.6111111111111112
0.7333333333333333
0.6666666666666666
0.6875
0.5294117647058824
0.7368421052631579
0.8
0.8666666666666667
0.7142857142857143
0.9
0.8235294117647058
0.5
0.625
0.5
0.6111111111111112
0.8888888888888888
0.6842105263157895
0.68
0.7058823529411765
0.625
0.7058823529411765
0.8823529411764706
0.7727272727272727
0.45454545454545453
0.5789473684210527
0.875
0.5714285714285714
0.625
0.5263157894736842
0.8
0.7
0.9285714285714286
0.6428571428571429
0.631578947368421
0.8125
0.75
0.75
0.42105263157894735
0.7241379310344828
0.6666666666666666
0.5714285714285714
0.8095238095238095
0.7777777777777778
0.7083333333333334
0.75
0.68
0.6363636363636364
0.6190476190476191
0.7058823529411765
0.8
0.76
0.75
0.6842105263157895
0.9166666666666666
0.5384615384615384
0.6086956521739131
0.6521739130434783
0.7
0.6428571428571429
0.7894736842105263
0.6363636363636364
0.75
0.68
0.9411764705882353
0.625
0.5185185185185185
0.7619047619047619
0.7647058823529411
0.7619047619047619
0.6551724137931034
0.56
0.6875
0.6666666666666666
0.7894736842105263
0.6
0.75
0.5517241379310345
0.6086956521739131
0.6666666666666666
0.5714285714285714
0.6956521739130435
0.6190476190476191
0.6666666666666666
0.7777777777777778
0.6428571428571429
0.75
0.56
0.7391304347826086
0.8095238095238095
0.7619047619047619
0.7222222222222222
0.6666666666666666
0.8421052631578947
0.7058823529411765
0.8823529411764706
0.7222222222222222
0.6666666666666666
0.7
0.8666666666666667
0.68
0.6923076923076923
0.6
0.6086956521739131
0.6842105263157895
0.7619047619047619
0.6153846153846154
0.6842105263157895
0.6842105263157895
0.5806451612903226
0.8571428571428571
0.8571428571428571
0.8095238095238095
0.5909090909090909
0.875
0.6
0.625
0.8125
0.5454545454545454
0.696969696969697
0.7272727272727273
0.5666666666666667
0.7333333333333333
0.5405405405405406
0.631578947368421
0.8095238095238095
0.9
0.7368421052631579
0.65
0.6111111111111112
0.6111111111111112
0.6666666666666666
0.7368421052631579
0.6666666666666666
0.5714285714285714
0.5555555555555556
0.7142857142857143
0.6363636363636364
0.7894736842105263
0.8333333333333334
0.7894736842105263
0.7692307692307693
0.8
0.6190476190476191
0.64
0.7083333333333334
0.631578947368421
0.7222222222222222
0.7894736842105263
0.7307692307692307
0.7058823529411765
0.75
0.65
0.7368421052631579
0.5909090909090909
0.7272727272727273
0.7083333333333334
0.7692307692307693
0.8666666666666667
0.7272727272727273
0.5
0.6818181818181818
0.8125
0.8333333333333334
0.5909090909090909
0.5714285714285714
0.75
0.8181818181818182
0.5
1.0
0.7222222222222222
