0.14285714285714285
0.23809523809523808
0.18181818181818182
0.18518518518518517
0.25806451612903225
0.2
0.22580645161290322
0.2413793103448276
0.2647058823529412
0.22580645161290322
0.13636363636363635
0.16666666666666666
0.23333333333333334
0.23529411764705882
0.2413793103448276
0.2222222222222222
0.19444444444444445
0.25806451612903225
0.2571428571428571
0.13793103448275862
0.25
0.13793103448275862
0.16666666666666666
0.14814814814814814
0.2
0.23076923076923078
0.2
0.2222222222222222
0.175
0.28125
0.25925925925925924
0.2647058823529412
0.35294117647058826
0.23529411764705882
0.21875
0.21428571428571427
0.25
0.08
0.08695652173913043
0.18421052631578946
0.12903225806451613
0.21621621621621623
0.16216216216216217
0.16129032258064516
0.23333333333333334
0.36363636363636365
0.14285714285714285
0.2903225806451613
0.07407407407407407
0.14285714285714285
0.21212121212121213
0.16129032258064516
0.18518518518518517
0.26666666666666666
0.047619047619047616
0.05
0.2
0.18518518518518517
0.18421052631578946
0.11764705882352941
0.20588235294117646
0.20689655172413793
0.23529411764705882
0.25925925925925924
0.1724137931034483
0.13333333333333333
0.23333333333333334
0.25
0.14705882352941177
0.14285714285714285
0.2777777777777778
0.22580645161290322
0.16666666666666666
0.18518518518518517
0.16216216216216217
0.20689655172413793
0.225
0.20689655172413793
0.16666666666666666
0.14814814814814814
0.23809523809523808
0.24390243902439024
0.16216216216216217
0.25
0.08333333333333333
0.2631578947368421
0.1724137931034483
0.23076923076923078
0.09090909090909091
0.3333333333333333
0.15
0.2727272727272727
0.2222222222222222
0.2
0.15151515151515152
0.2413793103448276
0.2608695652173913
0.25
0.17391304347826086
0.21875
0.2564102564102564
0.1724137931034483
0.19230769230769232
0.26666666666666666
0.3448275862068966
0.16279069767441862
0.24
0.18421052631578946
0.11764705882352941
0.3
0.21951219512195122
0.16129032258064516
0.21875
0.21428571428571427
0.08823529411764706
0.3157894736842105
0.2222222222222222
0.12903225806451613
0.2631578947368421
0.09090909090909091
0.15151515151515152
0.21212121212121213
0.18181818181818182
0.25
0.1891891891891892
0.1111111111111111
0.3902439024390244
0.18181818181818182
0.23076923076923078
0.1794871794871795
0.10714285714285714
0.34375
0.36
0.16129032258064516
0.25
0.17142857142857143
0.25
0.15625
0.2962962962962963
0.11538461538461539
0.17391304347826086
0.15625
0.23333333333333334
0.175
0.34615384615384615
0.23076923076923078
0.09090909090909091
0.3333333333333333
0.07407407407407407
0.30434782608695654
0.15625
0.1111111111111111
0.1
0.20689655172413793
0.125
0.17142857142857143
0.2857142857142857
0.18421052631578946
0.15151515151515152
0.2692307692307692
0.16
0.13333333333333333
0.25925925925925924
0.3103448275862069
0.17857142857142858
0.25
0.12121212121212122
0.3076923076923077
0.21212121212121213
0.07692307692307693
0.03333333333333333
0.2
0.2
0.20833333333333334
0.1111111111111111
0.3076923076923077
0.21875
0.24242424242424243
0.14285714285714285
0.11538461538461539
0.10344827586206896
0.2
0.15625
0.21212121212121213
0.16
0.07407407407407407
0.28
0.058823529411764705
0.1935483870967742
0.21875
0.2647058823529412
0.3055555555555556
0.21052631578947367
0.23529411764705882
0.24
0.36
0.19047619047619047
0.2413793103448276
0.11764705882352941
0.25
0.18181818181818182
0.2903225806451613
0.3333333333333333
0.18181818181818182
0.3125
0.03571428571428571
0.2903225806451613
0.14814814814814814
0.28
0.16
0.1724137931034483
0.1
0.26666666666666666
0.13333333333333333
0.10714285714285714
0.32142857142857145
0.17857142857142858
0.2857142857142857
0.10344827586206896
0.2962962962962963
0.16666666666666666
0.13513513513513514
0.2727272727272727
0.13793103448275862
0.15384615384615385
0.37037037037037035
0.10256410256410256
0.21621621621621623
0.27586206896551724
0.2222222222222222
0.17857142857142858
0.13333333333333333
0.34615384615384615
0.1724137931034483
0.2
0.1388888888888889
0.16
0.15384615384615385
0.2857142857142857
0.20588235294117646
0.2857142857142857
0.3142857142857143
0.22857142857142856
0.26666666666666666
0.21428571428571427
0.2
0.19047619047619047
0.23333333333333334
0.2857142857142857
0.25
0.23809523809523808
0.25925925925925924
0.25
0.14285714285714285
0.2916666666666667
0.23529411764705882
0.08695652173913043
0.08333333333333333
0.25
0.11538461538461539
0.1935483870967742
0.18518518518518517
0.21212121212121213
0.23529411764705882
0.047619047619047616
0.08823529411764706
0.18181818181818182
0.17647058823529413
0.32142857142857145
0.18518518518518517
0.2647058823529412
0.13513513513513514
0.2
0.15384615384615385
0.2
0.18604651162790697
0.2
0.2413793103448276
0.22727272727272727
0.2692307692307692
0.30434782608695654
0.2222222222222222
0.13333333333333333
0.16666666666666666
0.16666666666666666
0.16666666666666666
0.18518518518518517
0.16666666666666666
0.2702702702702703
0.13636363636363635
0.14705882352941177
0.3103448275862069
0.22857142857142856
0.22727272727272727
0.27586206896551724
0.2857142857142857
0.21739130434782608
0.13333333333333333
0.14705882352941177
0.23076923076923078
0.18181818181818182
0.16
0.15151515151515152
0.2608695652173913
0.2222222222222222
0.21428571428571427
0.15625
0.125
0.21212121212121213
0.27586206896551724
0.20512820512820512
0.1111111111111111
0.1875
0.13793103448275862
0.2413793103448276
0.2
0.07142857142857142
0.17391304347826086
0.23076923076923078
0.21875
0.18518518518518517
0.2222222222222222
0.12903225806451613
0.18181818181818182
0.21875
0.28
0.1875
0.08
0.2916666666666667
0.07692307692307693
0.21875
0.20588235294117646
0.2727272727272727
0.2222222222222222
0.23529411764705882
0.23076923076923078
0.14285714285714285
0.14285714285714285
0.2571428571428571
0.17647058823529413
0.25
0.3103448275862069
0.15384615384615385
0.25
0.18421052631578946
0.05714285714285714
0.21875
0.25925925925925924
0.1
0.16129032258064516
0.08333333333333333
0.2413793103448276
0.2727272727272727
0.15384615384615385
0.17391304347826086
0.12121212121212122
0.23333333333333334
0.25
0.14705882352941177
0.23076923076923078
0.2727272727272727
0.34782608695652173
0.34375
0.12
0.1724137931034483
0.2413793103448276
0.16
0.17391304347826086
0.21739130434782608
0.2
0.3181818181818182
0.0
0.14705882352941177
0.1935483870967742
0.15384615384615385
0.25
0.14285714285714285
0.2682926829268293
0.2857142857142857
0.0967741935483871
0.12
0.2222222222222222
0.1111111111111111
0.20833333333333334
0.17142857142857143
0.1875
0.32142857142857145
0.32
0.11428571428571428
0.3
0.35135135135135137
0.1724137931034483
0.22580645161290322
0.17142857142857143
0.17647058823529413
0.2
0.14285714285714285
0.3333333333333333
0.17647058823529413
0.21875
0.3
0.2
0.2692307692307692
0.21052631578947367
0.25
0.25806451612903225
0.25
0.2894736842105263
0.20588235294117646
0.20833333333333334
0.2222222222222222
0.21428571428571427
0.14285714285714285
0.1935483870967742
0.2571428571428571
0.17857142857142858
0.15151515151515152
0.24
0.041666666666666664
0.25
0.16
0.07692307692307693
0.28
0.1891891891891892
0.25
0.2777777777777778
0.15151515151515152
0.13793103448275862
0.16666666666666666
0.21212121212121213
0.19230769230769232
0.22857142857142856
0.12121212121212122
0.2857142857142857
0.20833333333333334
0.36363636363636365
0.22580645161290322
0.17857142857142858
0.1875
0.19047619047619047
0.25
0.07692307692307693
0.2972972972972973
0.3
0.20588235294117646
0.2222222222222222
0.18518518518518517
0.2222222222222222
0.21428571428571427
0.14285714285714285
0.23809523809523808
0.13043478260869565
0.29411764705882354
0.16
0.16666666666666666
0.2413793103448276
0.2413793103448276
0.0625
0.17647058823529413
0.13793103448275862
0.25
0.16129032258064516
0.19230769230769232
0.125
0.22580645161290322
0.22580645161290322
0.2857142857142857
0.14285714285714285
0.21875
0.2647058823529412
0.15625
0.11764705882352941
0.17142857142857143
0.17142857142857143
0.21739130434782608
0.2222222222222222
0.11764705882352941
0.2608695652173913
0.1724137931034483
0.2727272727272727
0.18181818181818182
0.1724137931034483
0.2
0.19444444444444445
0.14285714285714285
0.17391304347826086
0.2222222222222222
0.21212121212121213
0.17857142857142858
0.20689655172413793
0.21875
0.1794871794871795
0.25
0.21739130434782608
0.16216216216216217
0.2857142857142857
0.2413793103448276
0.18181818181818182
0.07692307692307693
0.05714285714285714
