0.08333333333333333
0.14166666666666666
0.075
0.11666666666666667
0.125
0.09166666666666666
0.075
0.11666666666666667
0.09166666666666666
0.06666666666666667
0.13333333333333333
0.06666666666666667
0.06666666666666667
0.041666666666666664
0.13333333333333333
0.03333333333333333
0.08333333333333333
0.13333333333333333
0.125
0.11666666666666667
0.08333333333333333
0.125
0.06666666666666667
0.041666666666666664
0.13333333333333333
0.03333333333333333
0.14166666666666666
0.14166666666666666
0.1
0.03333333333333333
0.10833333333333334
0.09166666666666666
0.1
0.058333333333333334
0.11666666666666667
0.09166666666666666
0.08333333333333333
0.08333333333333333
0.075
0.08333333333333333
0.058333333333333334
0.058333333333333334
0.1
0.075
0.14166666666666666
0.11666666666666667
0.06666666666666667
0.11666666666666667
0.125
0.13333333333333333
0.13333333333333333
0.09166666666666666
0.11666666666666667
0.11666666666666667
0.13333333333333333
0.075
0.16666666666666666
0.11666666666666667
0.10833333333333334
0.1
0.14166666666666666
0.06666666666666667
0.1
0.06666666666666667
0.13333333333333333
0.14166666666666666
0.09166666666666666
0.09166666666666666
0.10833333333333334
0.075
0.075
0.075
0.09166666666666666
0.19166666666666668
0.125
0.05
0.09166666666666666
0.03333333333333333
0.06666666666666667
0.075
0.13333333333333333
0.06666666666666667
0.13333333333333333
0.08333333333333333
0.08333333333333333
0.09166666666666666
0.10833333333333334
0.03333333333333333
0.058333333333333334
0.058333333333333334
0.075
0.11666666666666667
0.14166666666666666
0.10833333333333334
0.05
0.09166666666666666
0.075
0.15833333333333333
0.06666666666666667
0.13333333333333333
0.10833333333333334
0.10833333333333334
0.125
0.08333333333333333
0.05
0.06666666666666667
0.11666666666666667
0.06666666666666667
0.06666666666666667
0.06666666666666667
0.058333333333333334
0.13333333333333333
0.15833333333333333
0.11666666666666667
0.10833333333333334
0.14166666666666666
0.08333333333333333
0.05
0.125
0.09166666666666666
0.1
0.03333333333333333
0.13333333333333333
0.11666666666666667
0.025
0.06666666666666667
0.075
0.06666666666666667
0.10833333333333334
0.08333333333333333
0.11666666666666667
0.03333333333333333
0.175
0.10833333333333334
0.11666666666666667
0.05
0.08333333333333333
0.13333333333333333
0.125
0.09166666666666666
0.041666666666666664
0.05
0.08333333333333333
0.10833333333333334
0.10833333333333334
0.1
0.075
0.025
0.08333333333333333
0.041666666666666664
0.05
0.08333333333333333
0.1
0.1
0.1
0.14166666666666666
0.13333333333333333
0.11666666666666667
0.08333333333333333
0.08333333333333333
0.15833333333333333
0.05
0.14166666666666666
0.08333333333333333
0.041666666666666664
0.08333333333333333
0.06666666666666667
0.06666666666666667
0.14166666666666666
0.09166666666666666
0.06666666666666667
0.1
0.09166666666666666
0.10833333333333334
0.175
0.06666666666666667
0.15833333333333333
0.1
0.11666666666666667
0.06666666666666667
0.14166666666666666
0.08333333333333333
0.075
0.075
0.075
0.075
0.075
0.10833333333333334
0.09166666666666666
0.13333333333333333
0.1
0.08333333333333333
0.1
0.058333333333333334
0.1
0.15833333333333333
0.08333333333333333
0.08333333333333333
0.075
0.041666666666666664
0.11666666666666667
0.06666666666666667
0.058333333333333334
0.08333333333333333
0.10833333333333334
0.15
0.06666666666666667
0.13333333333333333
0.09166666666666666
0.08333333333333333
0.15
0.05
0.075
0.075
0.075
0.1
0.06666666666666667
0.09166666666666666
0.09166666666666666
0.05
0.075
0.075
0.1
0.15833333333333333
0.025
0.125
0.1
0.1
0.10833333333333334
0.09166666666666666
0.10833333333333334
0.075
0.06666666666666667
0.1
0.08333333333333333
0.075
0.09166666666666666
0.10833333333333334
0.058333333333333334
0.08333333333333333
0.05
0.1
0.1
0.08333333333333333
0.1
0.09166666666666666
0.075
0.058333333333333334
0.13333333333333333
0.06666666666666667
0.15
0.13333333333333333
0.10833333333333334
0.075
0.08333333333333333
0.09166666666666666
0.1
0.09166666666666666
0.075
0.18333333333333332
0.16666666666666666
0.08333333333333333
0.075
0.075
0.10833333333333334
0.11666666666666667
0.13333333333333333
0.041666666666666664
0.05
0.15
0.13333333333333333
0.06666666666666667
0.08333333333333333
0.09166666666666666
0.10833333333333334
0.15833333333333333
0.1
0.08333333333333333
0.15833333333333333
0.09166666666666666
0.03333333333333333
0.1
0.1
0.075
0.15
0.08333333333333333
0.05
0.11666666666666667
0.06666666666666667
0.16666666666666666
0.1
0.125
0.06666666666666667
0.10833333333333334
0.075
0.10833333333333334
0.05
0.058333333333333334
0.058333333333333334
0.09166666666666666
0.06666666666666667
0.15833333333333333
0.11666666666666667
0.13333333333333333
0.075
0.10833333333333334
0.075
0.075
0.1
0.058333333333333334
0.10833333333333334
0.10833333333333334
0.11666666666666667
0.15833333333333333
0.08333333333333333
0.075
0.14166666666666666
0.14166666666666666
0.1
0.058333333333333334
0.1
0.05
0.075
0.09166666666666666
0.1
0.041666666666666664
0.06666666666666667
0.05
0.075
0.1
0.05
0.041666666666666664
0.10833333333333334
0.03333333333333333
0.125
0.05
0.09166666666666666
0.06666666666666667
0.1
0.06666666666666667
0.06666666666666667
0.06666666666666667
0.11666666666666667
0.058333333333333334
0.08333333333333333
0.058333333333333334
0.08333333333333333
0.08333333333333333
0.058333333333333334
0.06666666666666667
0.08333333333333333
0.058333333333333334
0.09166666666666666
0.1
0.11666666666666667
0.058333333333333334
0.058333333333333334
0.09166666666666666
0.13333333333333333
0.14166666666666666
0.058333333333333334
0.09166666666666666
0.125
0.175
0.15833333333333333
0.15
0.09166666666666666
0.10833333333333334
0.075
0.06666666666666667
0.10833333333333334
0.06666666666666667
0.1
0.03333333333333333
0.14166666666666666
0.15
0.08333333333333333
0.03333333333333333
0.08333333333333333
0.125
0.10833333333333334
0.06666666666666667
0.14166666666666666
0.09166666666666666
0.10833333333333334
0.13333333333333333
0.11666666666666667
0.09166666666666666
0.09166666666666666
0.10833333333333334
0.05
0.1
0.09166666666666666
0.1
0.10833333333333334
0.08333333333333333
0.14166666666666666
0.05
0.10833333333333334
0.14166666666666666
0.1
0.1
0.125
0.10833333333333334
0.10833333333333334
0.058333333333333334
0.125
0.1
0.05
0.05
0.08333333333333333
0.06666666666666667
0.1
0.1
0.10833333333333334
0.06666666666666667
0.06666666666666667
0.14166666666666666
0.175
0.14166666666666666
0.1
0.05
0.1
0.05
0.14166666666666666
0.125
0.125
0.11666666666666667
0.19166666666666668
0.058333333333333334
0.15
0.15833333333333333
0.125
0.09166666666666666
0.10833333333333334
0.125
0.05
0.058333333333333334
0.10833333333333334
0.08333333333333333
0.075
0.09166666666666666
0.14166666666666666
0.08333333333333333
0.11666666666666667
0.05
0.15
0.08333333333333333
0.075
0.075
0.11666666666666667
0.08333333333333333
0.1
0.1
0.11666666666666667
0.09166666666666666
0.15
0.08333333333333333
0.11666666666666667
0.10833333333333334
0.041666666666666664
0.08333333333333333
0.125
0.06666666666666667
0.058333333333333334
0.075
0.041666666666666664
0.041666666666666664
0.03333333333333333
0.15
0.075
0.11666666666666667
0.09166666666666666
0.08333333333333333
0.13333333333333333
0.125
0.13333333333333333
0.075
0.13333333333333333
0.09166666666666666
0.10833333333333334
0.09166666666666666
0.09166666666666666
0.075
0.15
0.13333333333333333
0.10833333333333334
0.06666666666666667
0.08333333333333333
0.10833333333333334
0.09166666666666666
0.1
0.125
0.058333333333333334
0.125
0.1
0.08333333333333333
0.11666666666666667
0.15
0.10833333333333334
