0.21238938053097345
0.17647058823529413
0.22727272727272727
0.19672131147540983
0.21008403361344538
0.1794871794871795
0.21951219512195122
0.19402985074626866
0.1826086956521739
0.21212121212121213
0.21929824561403508
0.22448979591836735
0.20491803278688525
0.22429906542056074
0.24074074074074073
0.1875
0.21
0.2
0.2066115702479339
0.19607843137254902
0.20353982300884957
0.19
0.205607476635514
0.18803418803418803
0.1896551724137931
0.17647058823529413
0.20535714285714285
0.19626168224299065
0.1937984496124031
0.23275862068965517
0.2184873949579832
0.23958333333333334
0.203125
0.20952380952380953
0.19469026548672566
0.18487394957983194
0.19491525423728814
0.183206106870229
0.18181818181818182
0.1935483870967742
0.20952380952380953
0.1926605504587156
0.19827586206896552
0.20161290322580644
0.2072072072072072
0.21238938053097345
0.18421052631578946
0.2
0.21621621621621623
0.1896551724137931
0.20689655172413793
0.22
0.19658119658119658
0.21052631578947367
0.1919191919191919
0.2169811320754717
0.1935483870967742
0.22105263157894736
0.20588235294117646
0.17647058823529413
0.21666666666666667
0.2
0.23529411764705882
0.20161290322580644
0.18487394957983194
0.19852941176470587
0.19166666666666668
0.205607476635514
0.19834710743801653
0.19230769230769232
0.18699186991869918
0.19230769230769232
0.2
0.21153846153846154
0.1875
0.21568627450980393
0.19298245614035087
0.19298245614035087
0.20909090909090908
0.19298245614035087
0.21621621621621623
0.20869565217391303
0.2037037037037037
0.2222222222222222
0.18421052631578946
0.1953125
0.1875
0.2037037037037037
0.19047619047619047
0.17757009345794392
0.21100917431192662
0.20869565217391303
0.1875
0.22321428571428573
0.19402985074626866
0.1941747572815534
0.2032520325203252
0.2018348623853211
0.20430107526881722
0.19008264462809918
0.19166666666666668
0.19008264462809918
0.20634920634920634
0.2066115702479339
0.2222222222222222
0.19811320754716982
0.2
0.20353982300884957
0.19469026548672566
0.184
0.22429906542056074
0.18461538461538463
0.18867924528301888
0.18604651162790697
0.17829457364341086
0.183206106870229
0.18421052631578946
0.17796610169491525
0.18548387096774194
0.211864406779661
0.21
0.2222222222222222
0.2072072072072072
0.1896551724137931
0.20168067226890757
0.22321428571428573
0.21311475409836064
0.19491525423728814
0.2037037037037037
0.17073170731707318
0.184
0.1889763779527559
0.183206106870229
0.21495327102803738
0.21238938053097345
0.18253968253968253
0.20192307692307693
0.21052631578947367
0.19047619047619047
0.20833333333333334
0.21138211382113822
0.184
0.19491525423728814
0.19130434782608696
0.20168067226890757
0.19130434782608696
0.2072072072072072
0.18518518518518517
0.20967741935483872
0.20952380952380953
0.1981981981981982
0.18691588785046728
0.19827586206896552
0.21929824561403508
0.22115384615384615
0.2169811320754717
0.19230769230769232
0.20175438596491227
0.18181818181818182
0.20588235294117646
0.21238938053097345
0.18421052631578946
0.21739130434782608
0.19327731092436976
0.19166666666666668
0.2018348623853211
0.2222222222222222
0.19298245614035087
0.2
0.22033898305084745
0.1896551724137931
0.17557251908396945
0.1951219512195122
0.1885245901639344
0.2222222222222222
0.176
0.18691588785046728
0.192
0.21212121212121213
0.20175438596491227
0.20512820512820512
0.19469026548672566
0.1864406779661017
0.2
0.2
0.1864406779661017
0.19008264462809918
0.22033898305084745
0.19658119658119658
0.20491803278688525
0.19827586206896552
0.20535714285714285
0.18110236220472442
0.19658119658119658
0.1951219512195122
0.22033898305084745
0.1935483870967742
0.22018348623853212
0.20168067226890757
0.19230769230769232
0.19642857142857142
0.19491525423728814
0.20588235294117646
0.19230769230769232
0.20535714285714285
0.21008403361344538
0.20869565217391303
0.1896551724137931
0.203125
0.19626168224299065
0.19834710743801653
0.2
0.19327731092436976
0.23008849557522124
0.22340425531914893
0.21428571428571427
0.21138211382113822
0.21100917431192662
0.17647058823529413
0.21929824561403508
0.18181818181818182
0.21238938053097345
0.2066115702479339
0.21100917431192662
0.19130434782608696
0.1935483870967742
0.20535714285714285
0.1896551724137931
0.22727272727272727
0.19166666666666668
0.20618556701030927
0.17073170731707318
0.19491525423728814
0.2
0.18548387096774194
0.16964285714285715
0.20388349514563106
0.20909090909090908
0.21052631578947367
0.20535714285714285
0.2
0.21
0.21487603305785125
0.22115384615384615
0.19047619047619047
0.1926605504587156
0.20353982300884957
0.21296296296296297
0.23008849557522124
0.21551724137931033
0.18548387096774194
0.21052631578947367
0.19672131147540983
0.1774193548387097
0.20353982300884957
0.211864406779661
0.2033898305084746
0.1826086956521739
0.2018348623853211
0.1951219512195122
0.19327731092436976
0.20353982300884957
0.2169811320754717
0.2037037037037037
0.17857142857142858
0.2076923076923077
0.22105263157894736
0.19327731092436976
0.2
0.22935779816513763
0.18803418803418803
0.19642857142857142
0.17886178861788618
0.1981981981981982
0.22608695652173913
0.23076923076923078
0.21311475409836064
0.1984126984126984
0.1875
0.22772277227722773
0.18803418803418803
0.23958333333333334
0.216
0.21929824561403508
0.21100917431192662
0.19327731092436976
0.203125
0.205607476635514
0.19548872180451127
0.205607476635514
0.203125
0.20212765957446807
0.18803418803418803
0.22115384615384615
0.20491803278688525
0.19491525423728814
0.2
0.2
0.2
0.21929824561403508
0.17272727272727273
0.21428571428571427
0.17647058823529413
0.21296296296296297
0.21739130434782608
0.20869565217391303
0.2
0.18803418803418803
0.21568627450980393
0.1885245901639344
0.22123893805309736
0.19811320754716982
0.20535714285714285
0.25
0.2047244094488189
0.20909090909090908
0.2
0.2079207920792079
0.19827586206896552
0.19047619047619047
0.21551724137931033
0.21568627450980393
0.19827586206896552
0.2
0.21782178217821782
0.21367521367521367
0.2037037037037037
0.21666666666666667
0.2
0.21311475409836064
0.2033898305084746
0.20535714285714285
0.19230769230769232
0.2066115702479339
0.1896551724137931
0.23
0.20512820512820512
0.21296296296296297
0.23008849557522124
0.20535714285714285
0.18333333333333332
0.2072072072072072
0.18421052631578946
0.20353982300884957
0.2066115702479339
0.19298245614035087
0.19834710743801653
0.22
0.19
0.22321428571428573
0.2047244094488189
0.22
0.21428571428571427
0.2037037037037037
0.22
0.19658119658119658
0.21
0.20967741935483872
0.22448979591836735
0.1926605504587156
0.1896551724137931
0.21739130434782608
0.1896551724137931
0.1968503937007874
0.21818181818181817
0.19626168224299065
0.23157894736842105
0.19130434782608696
0.1791044776119403
0.21052631578947367
0.18253968253968253
0.19090909090909092
0.23232323232323232
0.21008403361344538
0.16101694915254236
0.175
0.21666666666666667
0.21904761904761905
0.17391304347826086
0.21621621621621623
0.21100917431192662
0.2072072072072072
0.2
0.20175438596491227
0.20610687022900764
0.19130434782608696
0.2037037037037037
0.23157894736842105
0.20754716981132076
0.1968503937007874
0.2032520325203252
0.1926605504587156
0.19696969696969696
0.2
0.20175438596491227
0.19327731092436976
0.25
0.21238938053097345
0.2
0.20512820512820512
0.17647058823529413
0.20168067226890757
0.2
0.1926605504587156
0.21238938053097345
0.18548387096774194
0.2
0.2127659574468085
0.20512820512820512
0.22413793103448276
0.19827586206896552
0.18181818181818182
0.19834710743801653
0.17073170731707318
0.2072072072072072
0.22033898305084745
0.19834710743801653
0.21495327102803738
0.18627450980392157
0.21367521367521367
0.22549019607843138
0.22018348623853212
0.18487394957983194
0.23076923076923078
0.19130434782608696
0.20353982300884957
0.2
0.20869565217391303
0.17796610169491525
0.23214285714285715
0.18803418803418803
0.24
0.1984126984126984
0.22522522522522523
0.20869565217391303
0.22330097087378642
0.21739130434782608
0.2079207920792079
0.20930232558139536
0.2413793103448276
0.1794871794871795
0.17355371900826447
0.19327731092436976
0.20192307692307693
0.21238938053097345
0.20192307692307693
0.21621621621621623
0.21212121212121213
0.1984126984126984
0.20754716981132076
0.1864406779661017
0.19130434782608696
0.20155038759689922
0.19607843137254902
0.18333333333333332
0.19298245614035087
0.19834710743801653
0.20430107526881722
0.24299065420560748
0.19327731092436976
0.205607476635514
0.21100917431192662
0.19444444444444445
0.19491525423728814
0.18269230769230768
0.22123893805309736
0.20353982300884957
0.20175438596491227
0.19327731092436976
0.20869565217391303
0.2
0.20202020202020202
0.19607843137254902
0.21311475409836064
0.21487603305785125
0.21428571428571427
0.19444444444444445
0.1891891891891892
0.22018348623853212
0.20833333333333334
0.22826086956521738
0.2
0.21782178217821782
0.20689655172413793
0.2047244094488189
0.20952380952380953
0.23711340206185566
0.1981981981981982
0.19444444444444445
0.2
0.208955223880597
0.18604651162790697
0.19626168224299065
0.20388349514563106
0.21052631578947367
0.1951219512195122
0.2037037037037037
0.20353982300884957
0.1794871794871795
0.2222222222222222
