0.1515151515151515
0.1515151515151515
0.3333333333333333
0.16129032258064516
0.2153846153846154
0.20588235294117646
0.2580645161290323
0.2181818181818182
0.13333333333333333
0.10526315789473685
0.16393442622950818
0.13333333333333333
0.2769230769230769
0.2222222222222222
0.28571428571428564
0.16666666666666666
0.37500000000000006
0.3
0.17857142857142855
0.23728813559322037
0.24
0.2608695652173913
0.19672131147540983
0.23333333333333334
0.27450980392156865
0.2898550724637681
0.303030303030303
0.2647058823529412
0.1379310344827586
0.11764705882352941
0.126984126984127
0.29032258064516125
0.16666666666666666
0.22580645161290322
0.12307692307692307
0.253968253968254
0.17543859649122806
0.17391304347826086
0.13333333333333333
0.22580645161290322
0.21428571428571427
0.2758620689655172
0.30188679245283023
0.3508771929824561
0.22580645161290322
0.18461538461538463
0.16393442622950818
0.208955223880597
0.13333333333333333
0.17241379310344826
0.22222222222222224
0.10714285714285714
0.2727272727272727
0.28125
0.25
0.10714285714285714
0.125
0.09836065573770492
0.29508196721311475
0.2413793103448276
0.163265306122449
0.23728813559322037
0.0816326530612245
0.19672131147540983
0.14035087719298248
0.17857142857142855
0.1379310344827586
0.2413793103448276
0.2318840579710145
0.2545454545454545
0.20338983050847456
0.16949152542372883
0.1379310344827586
0.22580645161290322
0.25
0.29850746268656714
0.0909090909090909
0.13114754098360656
0.15873015873015872
0.28070175438596495
0.22950819672131148
0.1568627450980392
0.1090909090909091
0.15873015873015872
0.23880597014925373
0.17241379310344826
0.13114754098360656
0.2105263157894737
0.14814814814814814
0.20338983050847456
0.22222222222222224
0.26229508196721313
0.23728813559322037
0.1818181818181818
0.16129032258064516
0.14035087719298248
0.2105263157894737
0.16666666666666666
0.19672131147540983
0.28125
0.13333333333333333
0.1818181818181818
0.29508196721311475
0.26865671641791045
0.14035087719298248
0.14545454545454545
0.16393442622950818
0.14925373134328357
0.11538461538461538
0.16393442622950818
0.1904761904761905
0.2608695652173913
0.26666666666666666
0.24615384615384614
0.14814814814814814
0.23333333333333334
0.14492753623188406
0.20000000000000004
0.2647058823529412
0.2424242424242424
0.1818181818181818
0.20338983050847456
0.10344827586206898
0.18750000000000003
0.06779661016949153
0.16949152542372883
0.30188679245283023
0.17857142857142855
0.2711864406779661
0.16393442622950818
0.18867924528301885
0.3
0.20338983050847456
0.1791044776119403
0.15094339622641512
0.08
0.23333333333333334
0.3384615384615384
0.24
0.14285714285714288
0.09375000000000001
0.21428571428571427
0.33962264150943394
0.19354838709677422
0.10714285714285714
0.26229508196721313
0.20689655172413796
0.3225806451612903
0.17241379310344826
0.18461538461538463
0.24657534246575347
0.3225806451612903
0.14035087719298248
0.3055555555555555
0.3
0.26666666666666666
0.22641509433962265
0.23728813559322037
0.21212121212121213
0.22641509433962265
0.16949152542372883
0.13559322033898305
0.06451612903225808
0.2571428571428572
0.12307692307692307
0.15873015873015872
0.3333333333333333
0.14545454545454545
0.12903225806451615
0.1379310344827586
0.16129032258064516
0.16901408450704225
0.17857142857142855
0.14285714285714288
0.22222222222222224
0.20000000000000004
0.23529411764705882
0.3125
0.12307692307692307
0.17241379310344826
0.16393442622950818
0.1818181818181818
0.26415094339622636
0.1904761904761905
0.07017543859649124
0.29850746268656714
0.208955223880597
0.26666666666666666
0.126984126984127
0.21874999999999997
0.26865671641791045
0.1851851851851852
0.26229508196721313
0.24615384615384614
0.21428571428571427
0.2040816326530612
0.4262295081967213
0.13333333333333333
0.1851851851851852
0.2580645161290323
0.17241379310344826
0.25
0.1379310344827586
0.20289855072463772
0.23333333333333334
0.3050847457627119
0.1568627450980392
0.15625
0.13559322033898305
0.22222222222222224
0.17543859649122806
0.17142857142857143
0.19672131147540983
0.17543859649122806
0.2711864406779661
0.2413793103448276
0.13114754098360656
0.1904761904761905
0.3050847457627119
0.22641509433962265
0.16393442622950818
0.2105263157894737
0.20000000000000004
0.1904761904761905
0.1818181818181818
0.1923076923076923
0.2413793103448276
0.14814814814814814
0.14035087719298248
0.13559322033898305
0.36923076923076925
0.2727272727272727
0.2424242424242424
0.3272727272727273
0.1851851851851852
0.19672131147540983
0.18867924528301885
0.3384615384615384
0.2692307692307693
0.22222222222222224
0.26666666666666666
0.26666666666666666
0.2413793103448276
0.1851851851851852
0.2456140350877193
0.253968253968254
0.21874999999999997
0.26666666666666666
0.16949152542372883
0.16393442622950818
0.208955223880597
0.253968253968254
0.15873015873015872
0.19354838709677422
0.21428571428571427
0.2545454545454545
0.19672131147540983
0.26666666666666666
0.17543859649122806
0.14545454545454545
0.3157894736842105
0.21428571428571427
0.26666666666666666
0.21428571428571427
0.2413793103448276
0.22950819672131148
0.23333333333333334
0.0784313725490196
0.22222222222222224
0.22580645161290322
0.0
0.20338983050847456
0.2580645161290323
0.06451612903225808
0.11320754716981132
0.19354838709677422
0.10526315789473685
0.04081632653061225
0.1791044776119403
0.13333333333333333
0.16949152542372883
0.2413793103448276
0.037037037037037035
0.1818181818181818
0.07017543859649124
0.25
0.26666666666666666
0.20588235294117646
0.11320754716981132
0.21428571428571427
0.17543859649122806
0.12903225806451615
0.16393442622950818
0.3142857142857143
0.17241379310344826
0.23529411764705882
0.0
0.1904761904761905
0.23880597014925373
0.26865671641791045
0.12903225806451615
0.2413793103448276
0.28125
0.14285714285714288
0.28571428571428564
0.29032258064516125
0.28070175438596495
0.2909090909090909
0.14545454545454545
0.10714285714285714
0.16666666666666666
0.2153846153846154
0.15094339622641512
0.20000000000000004
0.19607843137254902
0.29850746268656714
0.14925373134328357
0.20000000000000004
0.22950819672131148
0.26666666666666666
0.17857142857142855
0.2777777777777778
0.15384615384615383
0.04081632653061225
0.17241379310344826
0.14545454545454545
0.11111111111111112
0.22950819672131148
0.20689655172413796
0.13333333333333333
0.3636363636363636
0.16393442622950818
0.2456140350877193
0.03389830508474576
0.23333333333333334
0.22222222222222224
0.23333333333333334
0.30136986301369856
0.18461538461538463
0.1818181818181818
0.20000000000000004
0.1379310344827586
0.19672131147540983
0.2181818181818182
0.09677419354838711
0.10000000000000002
0.09523809523809525
0.10344827586206898
0.15625
0.3157894736842105
0.25
0.22535211267605634
0.20000000000000004
0.15873015873015872
0.17391304347826086
0.26415094339622636
0.18750000000000003
0.19354838709677422
0.0625
0.2413793103448276
0.2153846153846154
0.23076923076923075
0.1791044776119403
0.22950819672131148
0.2153846153846154
0.13333333333333333
0.1904761904761905
0.10714285714285714
0.16129032258064516
0.2909090909090909
0.2
0.20689655172413796
0.380952380952381
0.14035087719298248
0.3492063492063492
0.19444444444444445
0.24615384615384614
0.31746031746031744
0.20338983050847456
0.17142857142857143
0.16949152542372883
0.22580645161290322
0.22580645161290322
0.15094339622641512
0.28070175438596495
0.19672131147540983
0.2153846153846154
0.20000000000000004
0.2105263157894737
0.163265306122449
0.126984126984127
0.24615384615384614
0.14285714285714288
0.126984126984127
0.2181818181818182
0.12903225806451615
0.2962962962962963
0.1379310344827586
0.15625
0.26415094339622636
0.25
0.11764705882352941
0.13559322033898305
0.12
0.20000000000000004
0.09375000000000001
0.3225806451612903
0.1818181818181818
0.08888888888888888
0.13559322033898305
0.3125
0.11764705882352941
0.06451612903225808
0.0625
0.10714285714285714
0.10714285714285714
0.15094339622641512
0.19672131147540983
0.2413793103448276
0.1818181818181818
0.1818181818181818
0.21212121212121213
0.23333333333333334
0.2608695652173913
0.10169491525423728
0.06779661016949153
0.2769230769230769
0.2711864406779661
0.03846153846153846
0.1818181818181818
0.2647058823529412
0.27450980392156865
0.22222222222222224
0.2040816326530612
0.16949152542372883
0.19354838709677422
0.29850746268656714
0.14035087719298248
0.20689655172413796
0.21874999999999997
0.16666666666666666
0.18750000000000003
0.22580645161290322
0.21333333333333337
0.20689655172413796
0.28571428571428564
0.20588235294117646
0.29032258064516125
0.10169491525423728
0.14545454545454545
0.2318840579710145
0.06666666666666667
0.13559322033898305
0.21428571428571427
0.15625
0.1568627450980392
0.2
0.17543859649122806
0.14814814814814814
0.25
0.1818181818181818
0.13114754098360656
0.19354838709677422
0.3384615384615384
0.1818181818181818
0.1379310344827586
0.24615384615384614
0.20289855072463772
0.2413793103448276
0.1904761904761905
0.20000000000000004
0.1904761904761905
0.16666666666666666
0.28571428571428575
0.10526315789473685
0.3728813559322034
0.1379310344827586
0.14705882352941177
0.3582089552238806
0.3448275862068965
0.29032258064516125
0.22222222222222224
0.3448275862068965
0.3548387096774193
0.19672131147540983
0.0425531914893617
0.1818181818181818
0.22222222222222224
0.17543859649122806
0.1090909090909091
0.3333333333333333
0.32352941176470584
0.1818181818181818
0.26229508196721313
0.24615384615384614
0.0784313725490196
0.11111111111111112
0.20338983050847456
0.20000000000000004
0.22222222222222224
