0.6580564654368443
0.7158469061430908
0.5410708826562468
0.5745799384919337
0.5466905653483289
0.62796305304709
0.6462723651967403
0.5145070233167837
0.523543982108436
0.7364587305218739
0.6850234062166912
0.6535839160839161
0.5590278900370643
0.5145893321508662
0.6673622726849701
0.6930091986335685
0.6380580045529881
0.5544176255231317
0.5583220372146405
0.6000649085534442
0.4174321826688827
0.6739936916025384
0.741846140492757
0.6018056765389083
0.4624093888482663
0.5808774385603679
0.5250833069683337
0.6023045753695908
0.6164926803202947
0.5983143069587378
0.6695360382453481
0.58996339519361
0.5776346367134871
0.5185207344975147
0.5723238313263888
0.6553154337304182
0.42073601815329914
0.6600395793789694
0.5931715073249633
0.5193368658074482
0.4941705638003586
0.4569939884676727
0.5861694417110096
0.5708898638425437
0.6366946557092542
0.48527114633732277
0.5807340625642426
0.6506653236901696
0.45338162365586576
0.5645975325526993
0.4509176143814224
0.5728996842713967
0.7666116132696038
0.49683458133929015
0.6094212896844258
0.7069025156117287
0.6678442996853163
0.5677012455812148
0.6631973519215325
0.5436077017988181
0.5910607196572109
0.6462198586305028
0.5173266641674052
0.5050813926891513
0.6794759291276319
0.6291414392038098
0.6251522324329342
0.7377068208851154
0.512143696766684
0.5303194060009757
0.6320039910338417
0.7110569013306239
0.5738495624612129
0.5230012701257076
0.4922698263800912
0.6256897317630292
0.6112078923598611
0.5988332977553407
0.5853155984259008
0.6928872588559521
0.5593482071379964
0.4936424012191276
0.48792278905234493
0.4763505357226407
0.471624608143301
0.496803118908382
0.7043845952731737
0.6374951832770632
0.6266696462157847
0.6120985344873947
0.60851249904153
0.6594126446271754
0.7051484244620888
0.664818895535724
0.5681419630794295
0.720332408501745
0.7376162475748955
0.7888653738827954
0.4853421127315771
0.6666163797519729
0.7270801104134438
0.646101111506413
0.5889516659349779
0.6679224621662236
0.6525082508370676
0.5199212156681263
0.5639865778782566
0.6004494088164837
0.5962686468776328
0.5641054988808863
0.5576302368816182
0.5627891376884335
0.5432979261670693
0.6694885556682714
0.6302289671150827
0.551241542279012
0.5772940216399737
0.6111041217827358
0.5113077317481572
0.520695975708291
0.5093570136140535
0.6253993350393724
0.6813387676501873
0.6191561844863731
0.7667393536831368
0.6227098656767978
0.5640475943461415
0.7675339825206018
0.6594628259960742
0.5533974461805976
0.5991348216348216
0.6256449888589664
0.6271863362847313
0.5968742368742369
0.649176572436986
0.5287342263725852
0.5572592338217338
0.5492999531466338
0.44535274132865915
0.6858915017908921
0.4600657890477508
0.6068720565149136
0.5653132911732692
0.6355655522325283
0.6510159588699175
0.6535966671784018
0.5110694326956723
0.39927708824935426
0.5798337493791256
0.61497700675314
0.5378357664505553
0.5051200429257705
0.7081199283502807
0.6965895100148313
0.6415826679437091
0.5080121247088186
0.6766781686231562
0.7104476580361401
0.5716776880555823
0.5954880439939862
0.6937431434935749
0.6395933999327366
0.6623636871632712
0.6000633045659735
0.6417705110993076
0.7038738615664845
0.6673937202460175
0.6265229406608718
0.5241400032605548
0.5944660789702685
0.6528510838531631
0.4075256086096794
0.4948701449107953
0.5969869055357724
0.6161748394766641
0.5915548290461712
0.5675283751493428
0.6940272223532705
0.7547694177987936
0.6903588360344709
0.6248035993473949
0.6339641201710168
0.3964927414216074
0.584507599574679
0.6694730364235009
0.49299610186798953
0.8269186597139951
0.5523077874938128
0.6357362250047393
0.6851630079089095
0.5233866585281679
0.5714459120577029
0.5341912397432671
0.5594475885213682
0.6722550547875403
0.3766207100039884
0.6174912250114778
0.5946061822328217
0.5670040397190061
0.7019261298293032
0.5465658044529136
0.7432769877754398
0.5098446761072599
0.5268174251731925
0.5576659451659451
0.5592330283601882
0.6672280255350385
0.6306068216884249
0.6293920993977115
0.5124363227590225
0.58085748586802
0.5986612629982972
0.6030499259035816
0.4587132880745553
0.5571159682489251
0.4292425156219354
0.5945978701453154
0.5735319833374862
0.6776446249417448
0.5873420375972659
0.672774597614545
0.6055530090824209
0.5826111310594069
0.6293387455523045
0.6337103484718194
0.7123545988978366
0.5311570653776233
0.5562488042713324
0.7233464386378642
0.5078709555954365
0.693538947535667
0.46232499892682966
0.761985823641469
0.5364001107636021
0.5402728509307456
0.6261520543794086
0.5773849319788765
0.5109210526315789
0.6359316122474018
0.5781069466595782
0.6045461338903961
0.42769529756594876
0.7005424410021346
0.5524089734956436
0.7382204602271015
0.6306773473126763
0.6449774384209618
0.4848472936916333
0.47056530448180683
0.500003531377748
0.5247742512024789
0.6110173722746822
0.6764460784313725
0.7273173954333375
0.6114227519696414
0.6013073593073592
0.4351823632420647
0.5174967914956473
0.5728185615554037
0.5315432334072004
0.6246302551458629
0.6936932550668702
0.6763762712335973
0.5489476668492487
0.6873103140205888
0.5419574103089754
0.6670776063017442
0.6264998816989208
0.5144692869496209
0.6736118828656141
0.6553990822301722
0.6357235682044842
0.5866043771043772
0.6764242374950046
0.5781336565746827
0.7049457439112611
0.7376467139762248
0.700970981443394
0.5773544052116791
0.515563265342947
0.618441507835169
0.541607759428011
0.512163405623158
0.4659388829668963
0.6443673530009537
0.5736013350960973
0.7354807622296553
0.5745137999715465
0.6547088967677204
0.6355463243361981
0.47997355141428
0.6213578902270156
0.6011144200603538
0.7173691273918589
0.5863541851814377
0.6831253899826072
0.5513614805536665
0.5226957053126644
0.5884597834168653
0.5151134187304771
0.536767692634438
0.5554845549330844
0.6414402855316982
0.6732770855957512
0.6428123481561512
0.6191817352437473
0.7258578216056711
0.6005943568712646
0.521540152913712
0.7018799102132435
0.6579647822891512
0.5915599307100053
0.46911234173110516
0.6281040844940219
0.4682685408095244
0.5586708249928395
0.6089242628716313
0.5763900221873924
0.4816197058302321
0.5919010322414924
0.49892565590135923
0.39779236986763367
0.5870273351473683
0.701929937134677
0.6013114754098361
0.38615535419529057
0.6541107302061491
0.4695571532254482
0.7093216283803494
0.5972272654473312
0.4960789471369733
0.5676957632595857
0.5507263516190787
0.5682929095371572
0.5032874908478508
0.6635478394563306
0.6494808825061017
0.6999768578534459
0.6032314483079104
0.5784123596812843
0.5543373051470145
0.4825658389861046
0.5984329994105099
0.4542898944484318
0.5706527676804395
0.7050661960791057
0.5303091284360634
0.6084529612937537
0.5636762594923245
0.5906353124000182
0.5698200059067222
0.6493111992103131
0.6263881633617887
0.399581551034519
0.44271155979186233
0.7323671497584541
0.5250321823618286
0.5527381541442742
0.5303095103349772
0.6461420658194851
0.6099936519481112
0.7172827987293396
0.5713455147378378
0.547216965666959
0.621481508955323
0.6936523231040245
0.6388562753036438
0.4062102744441175
0.7146477389758514
0.5423501457886928
0.4813762973137973
0.7209990062348552
0.6578442594711618
0.6520747754229897
0.5502136801564282
0.6179440267335004
0.5477510049641737
0.5697813137756605
0.467524818590995
0.735718134693794
0.7029885083249493
0.6001388316764998
0.589405913242889
0.6264385482756051
0.48806432094406926
0.5724002766140738
0.5417217295785691
0.5462391245180045
0.6069528465947347
0.6463358168839675
0.5544502375593898
0.7419229183608927
0.6297428196130956
0.8102975783234972
0.47518251103475634
0.5094628499382261
0.6149997143856792
0.6629776248122473
0.6506166061549638
0.6982544803717822
0.4877596017494188
0.571066491688539
0.5504144726589734
0.5967610690412724
0.5739380778917568
0.5995032474989995
0.585438771744948
0.5427856680834171
0.5213477617885444
0.6166777879937226
0.6481507687181868
0.5396066126751976
0.5609431058577591
0.6523481780082677
0.5453271443025837
0.6603047590978626
0.5837486402486403
0.7135295586967039
0.7282287329189985
0.5967975487309675
0.5656525179497879
0.48313035113035113
0.7149399257374063
0.5436042809522371
0.736746018055316
0.5829285615975546
0.59559212123873
0.6365999443478367
0.6580625048710155
0.6445411945356349
0.4806509694947828
0.4552322088255592
0.5513321690577052
0.6420944053126174
0.6588180021154159
0.5660705370231338
0.5709036950940445
0.5558237090473933
0.5448963573726269
0.6776372437086723
0.6687816820276498
0.6531221123920468
0.5809277558190602
0.6989896366865609
0.6688515406162465
0.5437947552267941
0.7240361405107948
0.4441588561133153
0.6208121508121508
0.6375268807566944
0.4767190534198207
0.5795293733988317
0.5760318003330708
0.5169995171876178
0.6367902985012553
0.61182858803323
0.6153393743652562
0.5423433177557819
0.501593574801621
0.5675731442791032
0.5876815481602715
0.6399216663016801
0.5719325413297628
0.6170412551549969
0.5345190249988954
0.5255601580920528
0.6067619932199264
0.6093598081971132
0.6834957707631211
0.7294350690403322
0.6004628449286034
0.6638311031531112
0.5737417480339814
0.6130415260128038
0.566686010068363
0.5108356684100585
0.5878657878755403
0.6788237474880274
0.6137841450736328
0.5007399384347843
0.5741687805750733
0.5851525693410216
0.6313647068754484
0.5577890841646661
0.5965310932083705
0.6158567413026254
0.5243101851851852
0.6899694525904203
0.6723888353957408
0.3826921143552278
0.5772291019166019
0.5417200259903423
0.6226853516573252
0.5199471586015783
0.5502475172044017
0.649685830565648
0.6015429600723718
0.4728803991413528
0.8530791117222565
0.5415356738384914
