0.688339821124111
0.7605790615381558
0.6910486542261906
0.6723265312790214
0.650318371369507
0.6157854462653928
0.7031979544420094
0.7120950934784915
0.6061599838183175
0.7305843561933983
0.7721540768930238
0.725809670869836
0.6841653299685562
0.7690817826990469
0.7543053881368821
0.6624555181452414
0.7051515673816383
0.6140206407438606
0.6985837487472046
0.7399432911457067
0.6681627597491493
0.7437220642237666
0.7287496031084438
0.7367016760090269
0.5903226409699723
0.7465620341942312
0.7916784770686234
0.6002859863148033
0.7818164062986646
0.7405680900445326
0.6971375744636898
0.7705697192126757
0.724732545528101
0.7281250277733569
0.7208400935665631
0.7005182015211597
0.6734807438466706
0.6960533894944385
0.664851157647356
0.6738039113268834
0.7604545007084278
0.6912177997634034
0.7303994757624475
0.7474040293528551
0.7159330967975615
0.6192133915687479
0.6110539995212412
0.6704450265464543
0.6927574938345049
0.682911343908617
0.7582670254012579
0.7268431683336194
0.690791418767494
0.6609640736909573
0.6995231572310862
0.6881724895408019
0.7289954103909454
0.7046652993500484
0.6616424320523173
0.6592386094810002
0.734512378707716
0.7391836691711037
0.6536700416338597
0.7030373760416582
0.7153424143497908
0.6050633510373367
0.7520823224658993
0.7544055984461638
0.6638207680667512
0.6846373489343608
0.7595067335150543
0.7190479742075072
0.6502774459639654
0.7210028581343297
0.7391385426493481
0.6194122329090902
0.7168675563181426
0.717649577156268
0.7334098076591331
0.6919940027517453
0.6850402955599177
0.7373859876750763
0.6119130165016633
0.6720758362332844
0.6543007353487208
0.7213401074178049
0.7070014047902735
0.6603159044380026
0.6879830334040615
0.6822481303386192
0.618605955272205
0.6651456042708109
0.7139626059454467
0.7410664518241293
0.725960171203843
0.7836723974213096
0.7986917411080745
0.6324451086596625
0.5939932349797403
0.6361977290453004
0.7704369030628307
0.6891831936503249
0.7636831002632684
0.6684943551367039
0.7747327979069789
0.6722959052238255
0.6559141290859
0.6551721701375421
0.6583873876545652
0.7394417744840651
0.7302798257142956
0.6594126771827677
0.7464730900055268
0.7535608832571105
0.7460427120020097
0.6383544948151257
0.6712484133040839
0.7227557341344659
0.6872111046317845
0.7007695612599107
0.7416841267396724
0.7020626395456496
0.5930764856190477
0.7357928896676756
0.7674220085203917
0.772987723023964
0.6745429552214479
0.7758475275907327
0.7211348505494366
0.6493110374274798
0.6635100571604833
0.6651430051169267
0.7150255405761963
0.767132303425528
0.6356412691580302
0.5981219267807187
0.8035610767779711
0.6524777333343724
0.669387016871464
0.7606752834021281
0.6648338988711234
0.6970632381742858
0.8085183821769908
0.7458787977010213
0.7762659748311483
0.8030838398029309
0.7134646619359287
0.7125919977829578
0.5735687798738818
0.6639810628227238
0.632360915562403
0.7245826764398491
0.8139407249956251
0.7224358434407907
0.539514224240933
0.6732924526172308
0.7340203377627287
0.7070642196850945
0.7377111019430898
0.7319752332020012
0.6353489647202661
0.7175946733959438
0.7789621741171341
0.6746057647403905
0.6858007932451882
0.764455695803588
0.6704360994889458
0.6745056249370089
0.7511139305106828
0.7528142910234727
0.7172229337020616
0.6647857613973223
0.8400856721402981
0.6618344391350443
0.7273872838170709
0.6985751998762355
0.7553162536366165
0.6943277769422613
0.6875926481331686
0.6706414963898604
0.734199245678598
0.69945424776325
0.6325621085844991
0.7919979308185305
0.6014053123467002
0.7496709925893756
0.8493402555120777
0.7361606681179786
0.7467408550345342
0.6835288515419436
0.7738015730428894
0.7540789092788692
0.7315468441216937
0.6192271162878618
0.6583626900629292
0.6688236163255606
0.669070134122978
0.7532654121319433
0.6656392711121409
0.6954800672841819
0.7382210517761304
0.7423421983900892
0.6816590852551319
0.6401546008556974
0.6087088551562366
0.7074336982138777
0.5549685200653325
0.6811494075292868
0.7702127970040377
0.7287617445914549
0.6896948347377413
0.706541526135865
0.7498717860270576
0.7531298692416072
0.762724891229313
0.8018212464043385
0.6938554056158582
0.7453790412542516
0.7542592364550921
0.6676940184853581
0.6891084015914736
0.7951277871526019
0.6938947489500409
0.7623428523027749
0.7344922913151319
0.6064491395267597
0.6899830430127457
0.6816446225532515
0.7506094277016435
0.8165053958231511
0.795910822411065
0.710156697040201
0.7472247094840087
0.8148234194545274
0.6489168165136229
0.6672388489806694
0.7344798854045612
0.7269439812901362
0.6669207984438016
0.7139143384993618
0.6608003427097794
0.6901716284863587
0.7483492989910356
0.6861282106725054
0.7403901073194972
0.7517604046971764
0.5857674883076918
0.6844160459365498
0.7192030549227754
0.7197144670842825
0.7266163758482943
0.6927539862185577
0.6724294452276832
0.745926982288896
0.7547571745040329
0.7698182673485832
0.6621250930589414
0.7150320182264971
0.6265302504027025
0.8144884064316263
0.7471132310160008
0.6240477889022569
0.6705995478802184
0.6667231489874852
0.7318873280248571
0.5740113077856296
0.7702889586398848
0.7505211084111624
0.7175641452935794
0.7373286358072827
0.6936051369626057
0.7202073845358192
0.6568090585867754
0.8007899468424139
0.7593752665050093
0.6507083401158842
0.6712107486866432
0.6081449527304915
0.7045137695539396
0.748831343918519
0.7348576551542945
0.7400304100191786
0.7228129450578015
0.6928252177495301
0.6701202303176323
0.6945692778839608
0.737027622043231
0.726045469759994
0.7307186532474838
0.6884072455268326
0.6862848721095787
0.62472396422554
0.7218874036029013
0.7603978197628158
0.6767977134268774
0.747521008894846
0.7768728991854198
0.7581451961281738
0.71249777598212
0.6190973342486874
0.6677304117307625
0.7456940960175981
0.673955848908148
0.7766746103141826
0.7094709053829461
0.7926525020912337
0.765925494231141
0.6826287068463867
0.6492566560600422
0.7291975378702815
0.7405402238494364
0.7739255368861602
0.6525418781377998
0.7717240359652698
0.6862594565732826
0.6836711762887606
0.7346309053213611
0.7279886845786444
0.7854039799551779
0.7321452188310373
0.7539927913043448
0.6852083087280906
0.6770481200475309
0.8085716372486145
0.7699159792230698
0.6951819992982018
0.7766338578590738
0.7054544238620026
0.6595687544252223
0.7598475644775293
0.6988910494181775
0.7273269246706028
0.7177373775746192
0.702638140595826
0.729872783239423
0.7802545972365498
0.714001297006181
0.7399615439310536
0.7684738092612405
0.6503594105134427
0.6717862844943818
0.695974183461868
0.7389873647479153
0.6943969792123285
0.7269974567099021
0.6788202516452168
0.7090530612383038
0.7556303833729755
0.7575719192264707
0.6756115316950235
0.707382611614285
0.6979532092452002
0.7132093367442534
0.7401075348040405
0.6699512736353136
0.6951779368143515
0.7770344991895689
0.7291388983186543
0.7267871822534449
0.6638186140922432
0.7793020157440886
0.69813617349325
0.6355244762549226
0.6918836617489793
0.6320267759434004
0.6403342875043634
0.6888901570387113
0.6649851116853772
0.6309988935870291
0.6467009053016783
0.6901445689067438
0.7745552364871534
0.7556643938495896
0.827161235285108
0.7035050492249476
0.6058060860744209
0.8323338824251028
0.7111866506020469
0.5841644115117417
0.8106584346567782
0.711621471875383
0.6889861663086102
0.7170096216057451
0.786209718654062
0.6898092766110806
0.6454356352632414
0.605086242764131
0.773774396988588
0.762660931648157
0.6972855339339002
0.7574416828657426
0.6467809881349698
0.6670548905134993
0.7052284685487201
0.6006699680079705
0.5987302226944189
0.6757516850815041
0.7855261143244398
0.7170397963983007
0.7063797390153785
0.5739807388656275
0.7481017789871577
0.7170983056916717
0.6738836486983318
0.7039304540056954
0.6989901241819335
0.7386774131463598
0.8103139212910941
0.8109460507142341
0.6779423437134942
0.6750358774183551
0.6363719298031455
0.6648908586966008
0.6015478558520198
0.7473534932509478
0.7216003217400931
0.768278901471118
0.754290077421827
0.7048765959027056
0.7245072607805497
0.6450755079958901
0.632859465962195
0.7316959218582203
0.775224748307252
0.6092237861017356
0.7113949803964582
0.6979769749967024
0.7134271389000827
0.8125000832164709
0.6402718547134391
0.7083690581802091
0.6537440059479986
0.776390039754562
0.6200780682158071
0.7769131831852993
0.7326228929965336
0.7659833999847834
0.702375236201956
0.6210163578887908
0.6655308805417174
0.729941358862731
0.5961311719600769
0.5648840847603598
0.7796660426076234
0.6903786673142508
0.7304583266577872
0.7797796574115728
0.6972929388643059
0.6608079678338205
0.7350213949807396
0.670840253090239
0.7530193673789336
0.7532312718882425
0.6476379375262763
0.6699041562732919
0.7449441782353258
0.7083024476835846
0.5895361619683457
0.7049837892994291
0.7945529587607311
0.7560466266178146
0.7839183744149164
0.6870170989651769
0.7402096987597413
0.5944817302777261
0.6573348691123969
0.7323801224580121
0.6489149065981534
0.767545244593086
0.7203893477436513
0.6431913294548521
0.7254664521662643
0.7073408993249034
0.6121120691025405
0.6955917568650226
0.634687373247265
0.7623310835727242
0.7653970239887837
0.764582823283782
0.6694629289358287
0.6424872837821161
0.7931399290009455
0.8155939756755496
0.7959162369910756
0.7647059792815141
0.7094571369652874
0.7450087319473366
0.7726889295435325
0.681896613265008
0.6854291982420682
0.6679593469239726
0.7408974658338408
0.6200971216065818
0.7508312390526553
0.6959130536316093
0.6556884561012001
0.6068260563259218
0.7769071788478451
0.8200377431430428
0.7289440070146759
