0.7545833333333333
0.6752777777777778
0.6995833333333334
0.7202777777777778
0.7030555555555555
0.6620833333333334
0.6940277777777777
0.8152777777777778
0.7012499999999999
0.7369444444444444
0.7212500000000001
0.6965277777777779
0.7444444444444445
0.6769444444444445
0.6943055555555555
0.6825000000000001
0.6743055555555555
0.7020833333333334
0.7470833333333333
0.6902777777777778
0.69
0.7127777777777777
0.7281944444444444
0.6791666666666667
0.752361111111111
0.7390277777777778
0.7088888888888888
0.6470833333333332
0.6677777777777778
0.7055555555555556
0.7390277777777778
0.6415277777777777
0.7012499999999999
0.7430555555555556
0.7608333333333334
0.71
0.7395833333333334
0.6708333333333334
0.7638888888888888
0.7126388888888888
0.7331944444444445
0.6466666666666666
0.7243055555555555
0.7413888888888889
0.7219444444444445
0.726388888888889
0.7173611111111111
0.7386111111111111
0.6219444444444444
0.7065277777777779
0.6461111111111111
0.7293055555555555
0.7118055555555556
0.7120833333333334
0.75125
0.6802777777777778
0.7595833333333334
0.6912500000000001
0.7091666666666667
0.7758333333333334
0.7298611111111111
0.6993055555555556
0.7729166666666667
0.7319444444444445
0.7341666666666666
0.7456944444444444
0.7551388888888888
0.6479166666666667
0.7033333333333334
0.6045833333333333
0.7608333333333333
0.7244444444444444
0.7302777777777778
0.6833333333333333
0.7061111111111111
0.7141666666666666
0.6937500000000001
0.6522222222222223
0.7344444444444445
0.6593055555555556
0.7383333333333333
0.7654166666666666
0.668611111111111
0.7763888888888888
0.7474999999999999
0.6816666666666666
0.6943055555555555
0.6975
0.6695833333333333
0.7176388888888889
0.7416666666666667
0.7944444444444445
0.7558333333333334
0.7175
0.7247222222222223
0.7141666666666666
0.6851388888888887
0.6738888888888888
0.6343055555555555
0.6688888888888889
0.7598611111111111
0.76625
0.6866666666666666
0.7447222222222223
0.6945833333333333
0.7627777777777778
0.6569444444444443
0.6802777777777778
0.7088888888888889
0.7259722222222222
0.7408333333333333
0.7381944444444444
0.7136111111111112
0.7230555555555556
0.7202777777777778
0.74875
0.6818055555555556
0.6638888888888889
0.6805555555555556
0.7038888888888889
0.805
0.6955555555555555
0.6911111111111111
0.6641666666666666
0.7105555555555556
0.7309722222222221
0.6918055555555556
0.6680555555555556
0.7525
0.7248611111111112
0.6708333333333334
0.7475
0.7159722222222222
0.7394444444444445
0.6827777777777779
0.73
0.706388888888889
0.6927777777777777
0.7655555555555555
0.7438888888888889
0.7069444444444444
0.7144444444444444
0.6687500000000001
0.7201388888888889
0.7201388888888889
0.7155555555555555
0.7073611111111111
0.7219444444444445
0.7165277777777778
0.7981944444444444
0.7236111111111111
0.7406944444444444
0.7491666666666668
0.6802777777777778
0.7
0.7279166666666667
0.7693055555555555
0.7780555555555556
0.7243055555555555
0.7215277777777778
0.696388888888889
0.76625
0.6916666666666667
0.7115277777777778
0.6441666666666666
0.7495833333333333
0.7197222222222223
0.6613888888888889
0.7725
0.7279166666666668
0.7237499999999999
0.6744444444444445
0.7509722222222222
0.7261111111111112
0.6761111111111111
0.731111111111111
0.7130555555555556
0.7655555555555555
0.6699999999999999
0.6668055555555555
0.6915277777777777
0.7424999999999999
0.78375
0.7143055555555555
0.6761111111111111
0.7140277777777778
0.7116666666666667
0.7477777777777778
0.7291666666666667
0.7394444444444445
0.7266666666666667
0.6608333333333334
0.6934722222222223
0.6806944444444445
0.7165277777777779
0.7097222222222223
0.7434722222222223
0.6973611111111111
0.6704166666666667
0.675138888888889
0.6770833333333333
0.7126388888888888
0.71125
0.7015277777777778
0.75
0.7302777777777778
0.77625
0.7309722222222221
0.7720833333333333
0.7162499999999999
0.75875
0.7108333333333334
0.7397222222222222
0.7083333333333335
0.7027777777777777
0.7022222222222222
0.7619444444444444
0.6859722222222222
0.7640277777777778
0.6781944444444445
0.7341666666666666
0.7459722222222223
0.7177777777777778
0.7188888888888889
0.7377777777777778
0.7140277777777777
0.7044444444444444
0.6733333333333333
0.6259722222222222
0.7195833333333335
0.7534722222222222
0.7154166666666667
0.6805555555555556
0.7634722222222222
0.6725
0.71875
0.7036111111111112
0.7255555555555555
0.72
0.6776388888888889
0.744861111111111
0.7298611111111111
0.7527777777777778
0.6940277777777778
0.7176388888888889
0.65625
0.7165277777777779
0.7016666666666667
0.6672222222222222
0.6879166666666667
0.6630555555555555
0.6637500000000001
0.6588888888888889
0.6584722222222222
0.74125
0.7155555555555555
0.6755555555555556
0.6991666666666667
0.7048611111111112
0.6880555555555556
0.7568055555555555
0.675138888888889
0.768888888888889
0.6877777777777778
0.7551388888888889
0.7391666666666667
0.7547222222222223
0.6816666666666666
0.7305555555555556
0.7374999999999999
0.7465277777777779
0.7730555555555556
0.7276388888888888
0.7043055555555555
0.71375
0.6975
0.7004166666666667
0.7405555555555555
0.7006944444444445
0.6825
0.6825000000000001
0.7294444444444445
0.7241666666666667
0.7495833333333334
0.6986111111111111
0.7298611111111111
0.6722222222222223
0.7115277777777778
0.647361111111111
0.6930555555555555
0.7391666666666667
0.7154166666666667
0.7283333333333333
0.6780555555555555
0.6433333333333333
0.6959722222222222
0.7369444444444444
0.6747222222222222
0.6968055555555556
0.6855555555555555
0.6581944444444444
0.7559722222222223
0.6770833333333333
0.6688888888888889
0.7495833333333333
0.7031944444444445
0.7047222222222222
0.7140277777777777
0.7181944444444444
0.71875
0.7070833333333333
0.7526388888888889
0.71
0.7170833333333334
0.77125
0.6673611111111111
0.7056944444444444
0.7668055555555555
0.7133333333333334
0.6420833333333333
0.6744444444444444
0.6672222222222222
0.6905555555555556
0.7269444444444444
0.703888888888889
0.7431944444444445
0.77
0.7549999999999999
0.6499999999999999
0.6919444444444445
0.6829166666666666
0.7630555555555556
0.6397222222222223
0.7487499999999999
0.7480555555555555
0.7076388888888889
0.7254166666666666
0.7740277777777778
0.6601388888888889
0.6865277777777778
0.7255555555555555
0.747638888888889
0.6711111111111111
0.7358333333333335
0.7136111111111111
0.668611111111111
0.66625
0.6911111111111111
0.675
0.7115277777777778
0.6919444444444445
0.7699999999999999
0.7233333333333334
0.7313888888888889
0.7229166666666667
0.7247222222222223
0.72
0.7030555555555555
0.7368055555555557
0.7284722222222222
0.6859722222222222
0.7291666666666667
0.7047222222222222
0.7070833333333333
0.7027777777777778
0.7154166666666667
0.7156944444444444
0.68375
0.68375
0.6777777777777778
0.7213888888888889
0.7261111111111112
0.655
0.7923611111111113
0.7068055555555556
0.7188888888888889
0.6847222222222222
0.6833333333333333
0.6863888888888889
0.7543055555555556
0.6591666666666667
0.7608333333333334
0.6531944444444444
0.7690277777777778
0.73
0.7122222222222222
0.6930555555555555
0.7704166666666667
0.7248611111111111
0.70375
0.745
0.6543055555555556
0.6431944444444444
0.7461111111111112
0.7001388888888889
0.6819444444444445
0.6904166666666667
0.6958333333333333
0.7390277777777778
0.665138888888889
0.7583333333333333
0.6802777777777778
0.70875
0.6552777777777778
0.7295833333333334
0.64625
0.6834722222222223
0.7130555555555556
0.7641666666666667
0.7169444444444444
0.6854166666666667
0.7193055555555556
0.713888888888889
0.6579166666666667
0.6966666666666667
0.7319444444444444
0.7616666666666667
0.7224999999999999
0.7311111111111112
0.6766666666666667
0.766388888888889
0.7309722222222221
0.7608333333333334
0.7002777777777778
0.7369444444444444
0.6388888888888888
0.6681944444444445
0.7119444444444445
0.7308333333333333
0.6580555555555556
0.7670833333333333
0.7284722222222222
0.6984722222222222
0.7195833333333335
0.7066666666666668
0.7631944444444445
0.7741666666666667
0.7270833333333333
0.6929166666666666
0.7052777777777778
0.7295833333333333
0.7183333333333333
0.7280555555555555
0.70125
0.7230555555555556
0.7094444444444444
0.7301388888888889
0.7155555555555556
0.7315277777777778
0.7012499999999999
0.7244444444444444
0.7106944444444445
0.7319444444444445
0.7379166666666666
0.7575000000000001
0.7209722222222222
0.7047222222222222
0.7702777777777778
0.7166666666666667
0.7726388888888889
0.6877777777777778
0.6900000000000001
0.6645833333333333
0.7683333333333333
0.7677777777777778
0.7072222222222222
0.7305555555555556
0.7013888888888888
0.7230555555555556
0.7502777777777778
0.6991666666666667
0.6823611111111111
0.7116666666666667
0.6994444444444444
0.7634722222222223
0.7369444444444444
0.7630555555555556
0.6886111111111111
0.6723611111111112
0.7483333333333333
0.7640277777777778
0.7041666666666666
0.7447222222222222
0.65875
0.6752777777777778
0.6837500000000001
0.7230555555555556
0.6681944444444444
0.6761111111111112
0.7147222222222223
0.7090277777777778
0.7672222222222222
0.70125
0.7708333333333334
0.7008333333333333
0.6225
0.7548611111111112
0.6397222222222222
0.727638888888889
0.7197222222222223
