0.5680555555555555
0.4758333333333333
0.5808333333333333
0.49250000000000005
0.5091666666666667
0.4427777777777778
0.5991666666666666
0.5044444444444445
0.46361111111111114
0.568888888888889
0.5113888888888889
0.6275
0.5511111111111111
0.6134722222222222
0.5911111111111111
0.5011111111111112
0.5766666666666667
0.4630555555555556
0.4791666666666667
0.5391666666666667
0.5738888888888889
0.5458333333333333
0.5391666666666667
0.49833333333333335
0.47500000000000003
0.5041666666666667
0.5099999999999999
0.5363888888888888
0.47097222222222224
0.5630555555555555
0.6086111111111111
0.5802777777777778
0.4677777777777778
0.5383333333333333
0.49083333333333334
0.5227777777777778
0.5225
0.48333333333333334
0.4977777777777778
0.5091666666666667
0.5727777777777778
0.5280555555555556
0.48694444444444446
0.44027777777777777
0.5466666666666666
0.5513888888888889
0.4819444444444444
0.5816666666666667
0.5025
0.5083333333333333
0.5486111111111112
0.5630555555555555
0.49750000000000005
0.5480555555555556
0.5525
0.5513888888888889
0.5191666666666668
0.5880555555555556
0.5422222222222222
0.46638888888888885
0.5588888888888889
0.5413888888888889
0.5788888888888889
0.47555555555555556
0.5033333333333333
0.47527777777777774
0.5119444444444444
0.5497222222222222
0.5288888888888889
0.5080555555555556
0.5186111111111111
0.5377777777777778
0.47277777777777774
0.5891666666666666
0.5541666666666667
0.5463888888888888
0.5077777777777778
0.4822222222222222
0.5738888888888889
0.5177777777777778
0.5525000000000001
0.5138888888888888
0.5141666666666667
0.5819444444444445
0.5144444444444445
0.5069444444444444
0.45777777777777773
0.5583333333333333
0.515
0.4766666666666666
0.5797222222222221
0.5580555555555556
0.4952777777777778
0.5905555555555555
0.4944444444444444
0.5344444444444445
0.46694444444444444
0.5455555555555556
0.5175000000000001
0.4652777777777778
0.4605555555555556
0.47111111111111115
0.545
0.5405555555555556
0.5591666666666666
0.5233333333333334
0.5508333333333333
0.45361111111111113
0.5733333333333333
0.5375
0.5302777777777777
0.43097222222222226
0.5216666666666666
0.4538888888888889
0.44361111111111107
0.548611111111111
0.4790277777777778
0.4941666666666667
0.46388888888888885
0.5301388888888889
0.5569444444444445
0.5447222222222222
0.5858333333333334
0.5086111111111111
0.5194444444444444
0.555
0.45222222222222225
0.5141666666666667
0.5715277777777777
0.48694444444444446
0.5005555555555556
0.4641666666666667
0.45944444444444443
0.5130555555555556
0.5297222222222222
0.41666666666666674
0.5197222222222222
0.5869444444444445
0.5341666666666667
0.5263888888888889
0.5444444444444445
0.5052777777777778
0.48916666666666664
0.5302777777777777
0.49722222222222223
0.5008333333333334
0.5161111111111112
0.5177777777777778
0.5163888888888889
0.5805555555555555
0.5644444444444444
0.5147222222222222
0.5747222222222222
0.6238888888888888
0.5230555555555556
0.5897222222222221
0.42249999999999993
0.47
0.5449999999999999
0.5525
0.5330555555555556
0.5369444444444444
0.5452777777777778
0.5302777777777778
0.538611111111111
0.5283333333333333
0.565
0.485
0.5177777777777779
0.5308333333333334
0.5538888888888889
0.40750000000000003
0.5544444444444444
0.4736111111111111
0.5658333333333334
0.4986111111111111
0.518888888888889
0.4322222222222222
0.5383333333333333
0.6002777777777779
0.5013888888888889
0.5691666666666667
0.5177777777777778
0.5483333333333333
0.5679166666666667
0.5408333333333333
0.47611111111111104
0.5933333333333333
0.5125000000000001
0.49194444444444446
0.47055555555555556
0.5766666666666667
0.4747222222222222
0.5419444444444445
0.5005555555555556
0.5277777777777778
0.5197222222222223
0.5566666666666666
0.5158333333333334
0.46444444444444444
0.49083333333333334
0.5458333333333334
0.51
0.47777777777777786
0.5822222222222222
0.5241666666666667
0.5752777777777778
0.4984722222222222
0.5195833333333333
0.5429166666666667
0.53
0.5197222222222222
0.4419444444444445
0.5063888888888889
0.5747222222222221
0.5441666666666667
0.5513888888888888
0.5952777777777778
0.4788888888888889
0.5338888888888889
0.4975
0.5755555555555555
0.48638888888888887
0.5611111111111111
0.4986111111111111
0.48444444444444446
0.5558333333333334
0.5397222222222222
0.5330555555555556
0.4738888888888889
0.5641666666666666
0.4930555555555556
0.5044444444444445
0.52
0.5352777777777777
0.46194444444444444
0.5716666666666667
0.5433333333333333
0.5866666666666667
0.5766666666666667
0.555
0.535
0.5869444444444445
0.5488888888888889
0.5094444444444445
0.5002777777777778
0.5408333333333334
0.5566666666666666
0.5786111111111112
0.5727777777777778
0.515
0.5286111111111111
0.4997222222222222
0.4677777777777778
0.5469444444444445
0.5291666666666667
0.5527777777777778
0.5252777777777777
0.5183333333333333
0.43083333333333335
0.5369444444444444
0.5555555555555556
0.5855555555555556
0.5441666666666667
0.5015277777777778
0.4111111111111111
0.5686111111111112
0.5555555555555556
0.5158333333333334
0.6027777777777779
0.5658333333333333
0.4870833333333333
0.49333333333333335
0.5077777777777779
0.5966666666666667
0.595
0.5163888888888889
0.4588888888888889
0.49083333333333334
0.5872222222222222
0.5216666666666667
0.5675000000000001
0.5772222222222222
0.5566666666666668
0.5563888888888888
0.5230555555555555
0.5427777777777778
0.5125
0.5016666666666667
0.5097222222222222
0.4972222222222222
0.5619444444444444
0.4405555555555556
0.5702777777777778
0.5490277777777778
0.5025
0.5305555555555556
0.4988888888888889
0.5805555555555556
0.5383333333333333
0.47055555555555556
0.5405555555555556
0.4644444444444445
0.4747222222222222
0.5397222222222222
0.5333333333333333
0.4922222222222222
0.4988888888888888
0.5822222222222222
0.5222222222222223
0.6311111111111112
0.5663888888888888
0.5452777777777778
0.6455555555555555
0.5380555555555556
0.5633333333333334
0.5305555555555556
0.5983333333333334
0.5143055555555556
0.5255555555555556
0.5344444444444445
0.6073611111111111
0.4586111111111111
0.5527777777777778
0.5827777777777778
0.5258333333333334
0.4986111111111111
0.5361111111111111
0.4822222222222222
0.5383333333333333
0.5133333333333334
0.5136111111111111
0.4744444444444444
0.5851388888888888
0.45472222222222225
0.5880555555555556
0.5113888888888889
0.5511111111111111
0.5697222222222222
0.5833333333333333
0.4927777777777778
0.5480555555555555
0.4833333333333334
0.4869444444444444
0.46416666666666667
0.49777777777777776
0.5108333333333333
0.5866666666666667
0.518888888888889
0.5505555555555556
0.5002777777777778
0.6105555555555555
0.5355555555555555
0.5558333333333333
0.5572222222222222
0.5166666666666667
0.5583333333333333
0.5375
0.5744444444444444
0.5033333333333334
0.5325
0.5338888888888889
0.4452777777777778
0.45777777777777773
0.5533333333333333
0.5022222222222222
0.5944444444444444
0.5125
0.47736111111111107
0.5530555555555555
0.4591666666666667
0.5841666666666667
0.6072222222222222
0.48111111111111104
0.45277777777777783
0.41874999999999996
0.5268055555555555
0.6086111111111111
0.5030555555555556
0.5786111111111111
0.5297222222222222
0.5472222222222222
0.5349999999999999
0.5497222222222222
0.5733333333333333
0.5077777777777777
0.5166666666666666
0.5644444444444443
0.5247222222222222
0.4658333333333333
0.48972222222222217
0.5458333333333334
0.4883333333333334
0.5505555555555556
0.5977777777777777
0.5194444444444445
0.6575000000000001
0.5647222222222223
0.5038888888888889
0.5211111111111112
0.5111111111111111
0.5999999999999999
0.5919444444444444
0.5391666666666666
0.5283333333333333
0.5330555555555555
0.4952777777777778
0.505
0.5461111111111111
0.6419444444444444
0.4925
0.4411111111111111
0.48666666666666664
0.5213888888888889
0.5361111111111111
0.5127777777777778
0.46805555555555556
0.5752777777777778
0.5294444444444445
0.5352777777777777
0.5536111111111112
0.5366666666666667
0.4838888888888889
0.5611111111111111
0.48777777777777775
0.5380555555555556
0.5561111111111111
0.5430555555555555
0.5588888888888888
0.5116666666666666
0.4708333333333333
0.6580555555555556
0.4427777777777777
0.5611111111111111
0.5208333333333334
0.5516666666666667
0.6286111111111111
0.5330555555555556
0.5175
0.6188888888888889
0.49333333333333335
0.43944444444444447
0.5227777777777778
0.5616666666666666
0.5275
0.5766666666666667
0.5313888888888889
0.6016666666666667
0.4702777777777778
0.5191666666666667
0.49444444444444446
0.4230555555555555
0.48916666666666664
0.55
0.43999999999999995
0.5094444444444444
0.6047222222222222
0.5365277777777778
0.615
0.48305555555555557
0.49972222222222223
0.5549999999999999
0.5244444444444445
0.4755555555555555
0.5194444444444445
0.5569444444444445
0.5322222222222223
0.4819444444444444
0.5541666666666666
0.517361111111111
0.5211111111111112
0.5725000000000001
0.5347222222222222
0.5436111111111112
0.6074999999999999
0.4652777777777778
0.5122222222222222
0.5681944444444444
0.5411111111111111
0.5375
0.5995833333333332
0.5747222222222222
0.58
0.5569444444444445
0.5781944444444443
0.5608333333333333
0.6266666666666666
0.548611111111111
0.5283333333333333
0.6091666666666666
0.5563888888888889
0.495
0.5563888888888889
0.5513888888888888
0.5938888888888889
0.46222222222222226
0.5218055555555555
0.5422222222222223
0.4897222222222223
0.5922222222222222
