0.45364484742250843
0.5007545887169901
0.38755326352244146
0.5308349745038131
0.4956141913641914
0.40919150858175246
0.5557251423125358
0.4968210688950879
0.4412741394585534
0.4644729885337096
0.48071945786716586
0.5237771370843961
0.48481591531255896
0.45178883677841464
0.40340021281284455
0.6070716398297042
0.5083001194028065
0.5149313530178331
0.44200155893532733
0.5072856483589282
0.46819842535632006
0.39583688387635757
0.5042523786935873
0.6117230973417035
0.4821341583046721
0.4444664715373935
0.32088038938307545
0.3286303136100591
0.4816411422030234
0.5475570765940785
0.4553885724644729
0.39464815003976017
0.4359916798960533
0.42381274644432537
0.47935849154476606
0.4409049659713119
0.4282960031275279
0.5356281448825576
0.5630494754661756
0.5044729733594777
0.5052412509658887
0.4360226318908157
0.465079239255665
0.43394987887551406
0.5243060972763943
0.48589035190124125
0.49912929484556534
0.4308229416865253
0.4396797430189051
0.45652277678748265
0.48983195188256834
0.4218418875974054
0.46204607423222493
0.44094188007479895
0.5450638266866337
0.5154873458518835
0.3457531194530926
0.5606221858146682
0.467263328472834
0.543658707781812
0.5211562271051553
0.4981929919182394
0.5651030121262679
0.5222998251563684
0.4337724330807038
0.47812014348388
0.5453367963117078
0.4996210800806151
0.44120259108383897
0.4749959330598965
0.47635435756585826
0.4914537415674779
0.5384418532244619
0.33837258191160186
0.4584761720780266
0.5569575762915263
0.5240172315172316
0.4846413367361081
0.44456792080447993
0.47819377005292163
0.5171840647363626
0.46364678531345194
0.4994303761125467
0.5477840792138527
0.4965682158274056
0.4855499877264583
0.47743146850307977
0.48743362600332796
0.5477167854453369
0.5625049834385716
0.4763710112290234
0.4337588147482404
0.4256932473220455
0.4536643071517021
0.526201231046966
0.3719862806848204
0.4765959595959597
0.4568506501144276
0.5677184437822735
0.4676750916745419
0.4846335460048957
0.46835080705376786
0.5460527986923966
0.40581582905171054
0.4735814999743967
0.4838516433367646
0.4461007617155158
0.49114441033330325
0.475327937018849
0.43761409998782125
0.44425544363044367
0.44632115901686725
0.435622712021813
0.5022261970850369
0.5362546086912411
0.5323145703106857
0.4228587207897553
0.45376674955459906
0.4046095917121483
0.4931770825447296
0.5210466968277804
0.5826234745490464
0.4323193810973658
0.5147596944965366
0.5767623778711383
0.5176643617820088
0.44329584160579955
0.5640259840518312
0.3967888893141295
0.5636792928433796
0.3797272040129184
0.5033865494138227
0.5064430163291282
0.530309487620412
0.39143017428963933
0.5457511336272947
0.41340986826970805
0.44871616389138036
0.4275525534274168
0.48002590681101864
0.5693951251185325
0.5476619518734496
0.4414517443404612
0.5064225589225588
0.5092455794860513
0.4692850302123378
0.449577894856933
0.5405498693909992
0.49314310171987275
0.5406625724625332
0.48469507101086046
0.5030520337261462
0.3934732065879656
0.41840880267691744
0.5825280873090635
0.5655724820788759
0.48896223677653133
0.38458421342922333
0.553651795735129
0.5366090926761659
0.5582699495603237
0.5887855192638285
0.4421090652434931
0.604443426943427
0.4201031795665867
0.4549666204666204
0.4501732300371457
0.5575757663627594
0.4454995042248896
0.4612759136288548
0.5729991645781118
0.4450680354530666
0.43424159742541907
0.3205658724380931
0.481710631705911
0.615426523667903
0.4251143577882983
0.4022995627087699
0.5010055565349683
0.3457992864089077
0.4381644210726011
0.4979459165504222
0.592516368072576
0.5509260388776149
0.5435629381595124
0.48347389865036927
0.4861680911680912
0.6040162528984347
0.48336589851824824
0.47834009128126775
0.4108538230106858
0.5022371169006624
0.5165683063506967
0.46085927818755645
0.47534701539816626
0.41304619583435476
0.47461607481908236
0.5221447613306475
0.5004626732383752
0.5540035576878506
0.5051671895407398
0.542524670669832
0.5531613756613756
0.5432364086870463
0.42631926256723707
0.4689459583933524
0.5368394083497043
0.531905377037643
0.4138614708703994
0.5959684024606425
0.5307348167047522
0.434059458901311
0.5247502469176522
0.48067817777278854
0.5423756460171555
0.4567285953141217
0.5706120324228324
0.5122602062633528
0.46716402116402117
0.5212816209475248
0.5189237614237614
0.48826537404003345
0.49152209348684167
0.5489360269360269
0.5408141858141858
0.4625113238016464
0.39553178028874014
0.4558246801818745
0.4074565352568088
0.5719002465938294
0.4439891748496254
0.39390822810699744
0.5495900950696706
0.4874036202197122
0.40737493264065716
0.4611875034797236
0.5008893501755795
0.3572247153717742
0.47446155886597063
0.4970585939115351
0.45682170265503597
0.5765045956580399
0.4656611120896835
0.4779174461386657
0.4662004812374271
0.5067977731161368
0.5923394640061307
0.4944277773968332
0.46424733107927696
0.5079316371547226
0.3959776951443618
0.40791722851316925
0.4104939628275185
0.5524778827410406
0.4357452186029759
0.575556742640076
0.5494182038586519
0.4061923997555137
0.5224565733056299
0.3685501872475412
0.38706861444913365
0.48468002660216225
0.5525457888043824
0.43343491124049494
0.5546133205607573
0.4994909270672453
0.4786507994907623
0.5446666682454404
0.5011979471568512
0.41968158244925113
0.4876142514766585
0.5167989671147566
0.5652747252747252
0.5031960952832283
0.48364460629984424
0.4531843418050314
0.4896159084580137
0.46090214690082787
0.43999970955168705
0.4544346829640948
0.501728743180356
0.4436979184351484
0.5516131578618837
0.46124912391639716
0.4523647435400435
0.50104831466981
0.45396182887870873
0.46949770258980783
0.5011049338037019
0.4299228135698724
0.5122696530522617
0.36496974239228214
0.5318822843822844
0.5402631473359629
0.5073034028426185
0.35145144624748614
0.45084046777595166
0.4975641051033208
0.428249503004405
0.4853081232492997
0.5468125704041291
0.506310858267943
0.4833187408797165
0.4329392873729566
0.38232385261797025
0.49758410205200376
0.47110790989819123
0.3890632075317996
0.5449267124267124
0.5658360618559624
0.5466391501391502
0.5291003772779683
0.5288209449438347
0.41014088426511147
0.46587427757613087
0.5115451581149255
0.3986543592247188
0.4323956471662894
0.5767490641403684
0.5535854253975696
0.48553060861344216
0.5819275910618924
0.4591921633145577
0.4024041601000126
0.436474897711688
0.47591919191919196
0.5792402676528056
0.5195702630777196
0.4640839241403757
0.47655804212460573
0.5276659557497447
0.6175783341783736
0.49341132549296013
0.5864214026714026
0.48601980626888486
0.5135614214129532
0.5076940519797662
0.4862861740013147
0.511723561778827
0.5145946108817843
0.5605483478224023
0.47273518241377566
0.4929262005043745
0.5606919564453811
0.44559765925150385
0.4495376355670474
0.4793098090355623
0.43043124692871937
0.5023968147509394
0.5398194980336506
0.4951632263238379
0.4657068896929578
0.5639409346436403
0.4518144841126208
0.44795492325385955
0.45745639561867635
0.41695021009937816
0.5434842281673582
0.42293991692473665
0.470971890638591
0.4671362182865978
0.434449037607182
0.4028419813586054
0.3968162110523222
0.47830732973127793
0.4384363157710373
0.4890128095911904
0.4345917715745302
0.5178964317479098
0.5800309482221322
0.4647851749072178
0.5183006862418628
0.5547780229421972
0.4740148119026688
0.5054046062869593
0.4143266582012153
0.36462043038631065
0.4973487065414247
0.3685241276163606
0.5021106963212226
0.45824698115456375
0.5341588951281169
0.4150227819603226
0.550825643654591
0.5018301875067179
0.5423478237869338
0.4747377992170825
0.5025397748718983
0.5767988706844847
0.5135571866329869
0.5313855295842873
0.4617726423902895
0.5007270730436038
0.46629181389627167
0.39025393546369236
0.42561697841152957
0.4427705397201471
0.5614534074957697
0.4637374492176555
0.40502595551402887
0.5157168432168433
0.4012801481767563
0.38372900748335104
0.5085776735283278
0.4386801270870001
0.46725388051869
0.4422083132374529
0.49419606086948886
0.5546554784770105
0.5252032712920226
0.5224154232484243
0.4914089144040117
0.398207591874629
0.5202236692357175
0.48393020976683787
0.5266652764049968
0.5231418287618019
0.3942064548863479
0.40598191644302495
0.4308352831268013
0.48289298202551056
0.55935049394952
0.40880344998797047
0.5056281457491134
0.4188067529017797
0.5559721310095141
0.5244333300973526
0.4888171321223087
0.3537810527435056
0.4978813198447359
0.43598535950017503
0.3790894991061473
0.44382162801073866
0.5139040247524564
0.48469941921069737
0.45468105405598036
0.5500129849598703
0.4657840307840308
0.46679830847067505
0.49013032878552665
0.5500862076519971
0.47605350941495544
0.459476128538422
0.42323104691584157
0.3828661382919336
0.49746631099296346
0.43387839484309854
0.5327286741384485
0.5268161337125882
0.5914245981327986
0.5502182987907037
0.47758429283215087
0.4459774033612225
0.46910941407274914
0.37664600098198625
0.4138792714696521
0.37656172172614416
0.3998914020590088
0.46361739453844714
0.46438347592460005
0.5401640620849718
0.49790582191511656
0.5151784445606926
0.5408092411520886
0.5955776964246028
0.4397271952259164
0.4431149753024753
0.5324650130053266
0.599965426241742
0.3482925105779839
0.48092597005415594
0.3932717702158977
0.4790383292715913
0.4817152008167318
0.43341652997591296
0.42730650101500894
0.5274090027270579
0.4651996039191161
0.48640728315920134
0.5147613143845902
0.4606060966598369
0.5708182042955599
0.5251411508212842
0.542174308801226
0.47872165632114283
0.36938483903703284
0.49012346083282615
0.4521557557884789
0.504540176717402
0.5205075549704165
0.5247385850017429
0.46631502145653086
0.3516750952154178
0.5833929317340971
0.4603831593243357
0.47666220059408915
0.5293240510275316
0.39358939977661445
0.5285554472169319
0.46700062459176295
