0.34375
0.3571428571428571
0.43999999999999995
0.5217391304347826
0.47058823529411764
0.5
0.2898550724637681
0.4285714285714285
0.4897959183673469
0.5185185185185186
0.5517241379310344
0.6037735849056605
0.4666666666666667
0.4615384615384615
0.3125
0.5
0.5454545454545454
0.36065573770491804
0.5423728813559322
0.456140350877193
0.4067796610169491
0.4482758620689655
0.5517241379310344
0.5964912280701755
0.4444444444444445
0.56
0.4615384615384615
0.5507246376811593
0.5
0.3636363636363636
0.4923076923076923
0.576271186440678
0.47058823529411764
0.3571428571428571
0.42553191489361697
0.4666666666666667
0.5357142857142857
0.606060606060606
0.3404255319148936
0.5151515151515152
0.4081632653061224
0.33962264150943394
0.5106382978723405
0.6071428571428571
0.4838709677419355
0.4615384615384615
0.44897959183673464
0.456140350877193
0.5084745762711865
0.4262295081967213
0.4912280701754386
0.4137931034482759
0.576271186440678
0.3571428571428571
0.4666666666666667
0.42424242424242425
0.3508771929824561
0.5614035087719299
0.4814814814814815
0.37500000000000006
0.2978723404255319
0.3928571428571428
0.4
0.4651162790697674
0.3492063492063492
0.5416666666666666
0.4383561643835616
0.4307692307692308
0.5
0.4000000000000001
0.4482758620689655
0.5106382978723405
0.5098039215686274
0.3793103448275862
0.56
0.3142857142857143
0.4666666666666667
0.5428571428571427
0.523076923076923
0.3846153846153846
0.463768115942029
0.5925925925925926
0.36000000000000004
0.5245901639344263
0.5581395348837209
0.44067796610169496
0.507936507936508
0.3548387096774193
0.3773584905660377
0.30188679245283023
0.525
0.37499999999999994
0.42857142857142855
0.5185185185185186
0.5
0.38596491228070173
0.5555555555555556
0.4666666666666667
0.45833333333333326
0.5294117647058824
0.4444444444444445
0.42857142857142855
0.5625
0.5614035087719299
0.4411764705882353
0.3142857142857143
0.41509433962264153
0.6181818181818183
0.4918032786885246
0.423076923076923
0.3142857142857143
0.5714285714285713
0.5245901639344263
0.5517241379310344
0.4927536231884058
0.33333333333333326
0.41935483870967744
0.46808510638297873
0.45161290322580644
0.30188679245283023
0.42857142857142855
0.5
0.5507246376811593
0.46875
0.5357142857142857
0.5217391304347826
0.4923076923076923
0.3548387096774193
0.4727272727272728
0.47457627118644075
0.5194805194805194
0.36065573770491804
0.47619047619047616
0.59375
0.4210526315789474
0.423076923076923
0.45454545454545453
0.4
0.5862068965517241
0.47826086956521735
0.5142857142857143
0.5797101449275363
0.45833333333333326
0.59375
0.5
0.3703703703703704
0.5
0.38596491228070173
0.5
0.631578947368421
0.36065573770491804
0.2592592592592593
0.43333333333333335
0.4642857142857143
0.36585365853658536
0.5555555555555556
0.6031746031746033
0.425
0.5538461538461538
0.3703703703703704
0.303030303030303
0.5714285714285715
0.5205479452054794
0.41935483870967744
0.6031746031746033
0.32142857142857145
0.3928571428571428
0.4166666666666667
0.456140350877193
0.5714285714285715
0.6
0.43999999999999995
0.5555555555555556
0.6296296296296297
0.34375
0.47457627118644075
0.4000000000000001
0.4444444444444445
0.47058823529411764
0.39344262295081966
0.48
0.507936507936508
0.5
0.5660377358490566
0.5172413793103449
0.5714285714285715
0.5
0.5106382978723405
0.4
0.47058823529411764
0.5454545454545454
0.53125
0.4507042253521127
0.4615384615384615
0.5614035087719299
0.45901639344262296
0.4067796610169491
0.4533333333333333
0.45161290322580644
0.5614035087719299
0.4814814814814815
0.4482758620689655
0.30769230769230765
0.5263157894736842
0.4888888888888889
0.4000000000000001
0.5660377358490566
0.3103448275862069
0.45901639344262296
0.4067796610169491
0.3571428571428571
0.4262295081967213
0.5416666666666666
0.47457627118644075
0.509090909090909
0.3846153846153846
0.4838709677419355
0.45901639344262296
0.41935483870967744
0.5531914893617021
0.5714285714285713
0.46875
0.5084745762711865
0.3823529411764707
0.5199999999999999
0.43333333333333335
0.43749999999999994
0.4838709677419355
0.4067796610169491
0.5714285714285714
0.3181818181818182
0.4615384615384615
0.41509433962264153
0.5714285714285714
0.3703703703703704
0.4074074074074074
0.47457627118644075
0.4918032786885246
0.4415584415584416
0.45454545454545453
0.49056603773584906
0.4727272727272728
0.43749999999999994
0.5098039215686274
0.4411764705882353
0.5
0.4444444444444444
0.4888888888888889
0.4814814814814815
0.47619047619047616
0.2857142857142857
0.5263157894736841
0.4507042253521127
0.43333333333333335
0.4912280701754386
0.42857142857142855
0.4000000000000001
0.4923076923076923
0.4666666666666667
0.48
0.32142857142857145
0.37209302325581395
0.34615384615384615
0.47058823529411764
0.4727272727272728
0.4727272727272728
0.4347826086956522
0.5384615384615385
0.5
0.5245901639344263
0.5084745762711865
0.45901639344262296
0.3728813559322034
0.41509433962264153
0.5294117647058824
0.4444444444444445
0.3636363636363636
0.5614035087719299
0.4411764705882353
0.4827586206896552
0.5357142857142857
0.5517241379310344
0.6296296296296297
0.30985915492957744
0.47058823529411764
0.42857142857142855
0.5185185185185186
0.6545454545454547
0.42857142857142855
0.5357142857142857
0.4810126582278481
0.417910447761194
0.5333333333333333
0.43749999999999994
0.45901639344262296
0.5573770491803278
0.4727272727272728
0.3492063492063492
0.5
0.5454545454545454
0.417910447761194
0.6440677966101694
0.47761194029850745
0.42424242424242425
0.4363636363636364
0.5384615384615385
0.6037735849056605
0.45161290322580644
0.4533333333333333
0.5
0.43999999999999995
0.4923076923076923
0.4482758620689655
0.5357142857142857
0.4814814814814815
0.5901639344262295
0.4383561643835616
0.4307692307692308
0.4918032786885246
0.6071428571428571
0.5185185185185186
0.43333333333333335
0.33962264150943394
0.28
0.3555555555555555
0.45161290322580644
0.6274509803921569
0.4363636363636364
0.5490196078431373
0.4477611940298507
0.35294117647058826
0.5
0.509090909090909
0.4814814814814815
0.5818181818181818
0.4927536231884058
0.423076923076923
0.5098039215686274
0.4313725490196078
0.5217391304347827
0.3050847457627119
0.4137931034482759
0.507936507936508
0.47619047619047616
0.4528301886792453
0.5396825396825397
0.59375
0.507936507936508
0.5573770491803278
0.59375
0.3880597014925374
0.5263157894736842
0.42424242424242425
0.576923076923077
0.42666666666666675
0.4363636363636364
0.5806451612903225
0.5245901639344263
0.3829787234042553
0.5660377358490566
0.28
0.4666666666666667
0.47761194029850745
0.5483870967741935
0.5614035087719299
0.5263157894736841
0.3508771929824561
0.4642857142857143
0.4363636363636364
0.4507042253521127
0.4363636363636364
0.576271186440678
0.4528301886792453
0.423076923076923
0.5454545454545454
0.47619047619047616
0.4482758620689655
0.5283018867924527
0.6071428571428571
0.4615384615384615
0.5106382978723405
0.5675675675675677
0.3043478260869565
0.3333333333333333
0.5517241379310344
0.4262295081967213
0.40540540540540543
0.5
0.5283018867924527
0.40579710144927544
0.4067796610169491
0.4
0.3333333333333333
0.5671641791044775
0.4727272727272728
0.6153846153846153
0.4074074074074074
0.4651162790697674
0.5396825396825397
0.5084745762711865
0.4918032786885246
0.33898305084745767
0.509090909090909
0.37500000000000006
0.4571428571428572
0.4067796610169491
0.5454545454545454
0.3137254901960784
0.463768115942029
0.5666666666666667
0.49315068493150693
0.4444444444444444
0.42857142857142855
0.5074626865671642
0.417910447761194
0.4262295081967213
0.5423728813559322
0.4477611940298507
0.5660377358490566
0.4313725490196078
0.4313725490196078
0.2898550724637681
0.4533333333333333
0.5862068965517241
0.5
0.5555555555555556
0.47619047619047616
0.4363636363636364
0.44067796610169496
0.4126984126984127
0.5490196078431373
0.43478260869565216
0.326530612244898
0.45
0.4912280701754386
0.4126984126984127
0.4166666666666667
0.42857142857142855
0.4923076923076923
0.48
0.42857142857142855
0.4363636363636364
0.4482758620689655
0.507936507936508
0.39215686274509803
0.4482758620689655
0.3636363636363636
0.4307692307692308
0.4615384615384615
0.4
0.38596491228070173
0.5263157894736842
0.4126984126984127
0.47457627118644075
0.43749999999999994
0.5277777777777778
0.6229508196721313
0.4642857142857143
0.5862068965517241
0.3928571428571428
0.4927536231884058
0.4642857142857143
0.30188679245283023
0.7037037037037038
0.3103448275862069
0.41666666666666663
0.43749999999999994
0.3466666666666666
0.631578947368421
0.4615384615384615
0.5901639344262295
0.3508771929824561
0.28125
0.43749999999999994
0.47761194029850745
0.5245901639344263
0.3050847457627119
0.5538461538461538
0.5862068965517241
0.4912280701754386
0.5806451612903225
0.44067796610169496
0.5818181818181818
0.4918032786885246
0.509090909090909
0.4897959183673469
0.6037735849056605
0.53125
0.423076923076923
0.5862068965517241
0.4074074074074074
0.40625
0.47457627118644075
0.4727272727272728
0.39215686274509803
0.4642857142857143
0.45161290322580644
0.5555555555555556
0.5294117647058824
0.3928571428571428
