0.225
0.19166666666666668
0.15833333333333333
0.2
0.19166666666666668
0.24166666666666667
0.425
0.4
0.125
0.06666666666666667
0.20833333333333334
0.20833333333333334
0.35833333333333334
0.25
0.2
0.1
0.21666666666666667
0.25
0.31666666666666665
0.18333333333333332
0.48333333333333334
0.10833333333333334
0.16666666666666666
0.20833333333333334
0.35
0.125
0.19166666666666668
0.2833333333333333
0.20833333333333334
0.25
0.425
0.1
0.275
0.15
0.125
0.19166666666666668
0.35
0.225
0.325
0.39166666666666666
0.15
0.19166666666666668
0.23333333333333334
0.25
0.125
0.19166666666666668
0.2916666666666667
0.3
0.19166666666666668
0.25833333333333336
0.225
0.20833333333333334
0.15
0.25
0.20833333333333334
0.15
0.2916666666666667
0.15833333333333333
0.20833333333333334
0.125
0.20833333333333334
0.175
0.375
0.2833333333333333
0.14166666666666666
0.5083333333333333
0.13333333333333333
0.10833333333333334
0.25833333333333336
0.36666666666666664
0.19166666666666668
0.16666666666666666
0.3
0.15
0.225
0.20833333333333334
0.2916666666666667
0.15
0.15
0.15833333333333333
0.225
0.35833333333333334
0.16666666666666666
0.39166666666666666
0.11666666666666667
0.375
0.25
0.23333333333333334
0.4166666666666667
0.125
0.39166666666666666
0.3
0.4166666666666667
0.3
0.30833333333333335
0.05
0.125
0.35
0.10833333333333334
0.2833333333333333
0.13333333333333333
0.14166666666666666
0.325
0.3
0.058333333333333334
0.15
0.43333333333333335
0.13333333333333333
0.35
0.31666666666666665
0.11666666666666667
0.16666666666666666
0.09166666666666666
0.3416666666666667
0.125
0.30833333333333335
0.15833333333333333
0.225
0.25833333333333336
0.39166666666666666
0.125
0.11666666666666667
0.425
0.19166666666666668
0.125
0.16666666666666666
0.2916666666666667
0.15833333333333333
0.19166666666666668
0.20833333333333334
0.31666666666666665
0.25
0.25833333333333336
0.10833333333333334
0.16666666666666666
0.25
0.09166666666666666
0.21666666666666667
0.4
0.23333333333333334
0.375
0.31666666666666665
0.09166666666666666
0.15833333333333333
0.15833333333333333
0.1
0.14166666666666666
0.2
0.4083333333333333
0.175
0.2916666666666667
0.14166666666666666
0.15
0.375
0.16666666666666666
0.2833333333333333
0.24166666666666667
0.21666666666666667
0.325
0.15
0.375
0.26666666666666666
0.13333333333333333
0.44166666666666665
0.30833333333333335
0.175
0.2916666666666667
0.225
0.10833333333333334
0.19166666666666668
0.16666666666666666
0.11666666666666667
0.125
0.30833333333333335
0.18333333333333332
0.30833333333333335
0.10833333333333334
0.11666666666666667
0.15833333333333333
0.26666666666666666
0.14166666666666666
0.25833333333333336
0.25833333333333336
0.11666666666666667
0.35833333333333334
0.23333333333333334
0.058333333333333334
0.2833333333333333
0.21666666666666667
0.2
0.2
0.2
0.275
0.26666666666666666
0.2833333333333333
0.23333333333333334
0.2916666666666667
0.2
0.275
0.30833333333333335
0.125
0.26666666666666666
0.125
0.275
0.3333333333333333
0.35
0.3333333333333333
0.2
0.31666666666666665
0.125
0.23333333333333334
0.16666666666666666
0.09166666666666666
0.18333333333333332
0.1
0.25
0.4
0.175
0.15833333333333333
0.15833333333333333
0.175
0.10833333333333334
0.2916666666666667
0.14166666666666666
0.25
0.3
0.24166666666666667
0.21666666666666667
0.175
0.15
0.075
0.2916666666666667
0.175
0.075
0.39166666666666666
0.125
0.15
0.24166666666666667
0.10833333333333334
0.3
0.425
0.14166666666666666
0.30833333333333335
0.125
0.21666666666666667
0.16666666666666666
0.39166666666666666
0.25
0.14166666666666666
0.24166666666666667
0.18333333333333332
0.24166666666666667
0.3416666666666667
0.25833333333333336
0.18333333333333332
0.20833333333333334
0.24166666666666667
0.25833333333333336
0.10833333333333334
0.14166666666666666
0.16666666666666666
0.49166666666666664
0.11666666666666667
0.13333333333333333
0.13333333333333333
0.3416666666666667
0.075
0.275
0.125
0.2833333333333333
0.25
0.25
0.23333333333333334
0.14166666666666666
0.24166666666666667
0.125
0.45
0.2916666666666667
0.16666666666666666
0.18333333333333332
0.20833333333333334
0.14166666666666666
0.35
0.2833333333333333
0.10833333333333334
0.325
0.3333333333333333
0.15833333333333333
0.25
0.18333333333333332
0.26666666666666666
0.275
0.125
0.15
0.45
0.11666666666666667
0.11666666666666667
0.2833333333333333
0.24166666666666667
0.30833333333333335
0.125
0.175
0.4083333333333333
0.24166666666666667
0.26666666666666666
0.08333333333333333
0.09166666666666666
0.2833333333333333
0.4083333333333333
0.20833333333333334
0.30833333333333335
0.15833333333333333
0.18333333333333332
0.175
0.45
0.2
0.3416666666666667
0.15
0.23333333333333334
0.11666666666666667
0.18333333333333332
0.2
0.18333333333333332
0.23333333333333334
0.10833333333333334
0.25
0.09166666666666666
0.425
0.3333333333333333
0.23333333333333334
0.30833333333333335
0.15833333333333333
0.25833333333333336
0.3416666666666667
0.11666666666666667
0.175
0.2833333333333333
0.25833333333333336
0.2
0.2833333333333333
0.23333333333333334
0.16666666666666666
0.10833333333333334
0.16666666666666666
0.09166666666666666
0.16666666666666666
0.15833333333333333
0.10833333333333334
0.10833333333333334
0.2916666666666667
0.45
0.19166666666666668
0.26666666666666666
0.21666666666666667
0.15
0.21666666666666667
0.075
0.2916666666666667
0.15833333333333333
0.16666666666666666
0.24166666666666667
0.3416666666666667
0.20833333333333334
0.4166666666666667
0.3416666666666667
0.15833333333333333
0.2
0.31666666666666665
0.55
0.175
0.4083333333333333
0.10833333333333334
0.2
0.10833333333333334
0.15
0.18333333333333332
0.2833333333333333
0.325
0.275
0.2
0.18333333333333332
0.31666666666666665
0.16666666666666666
0.1
0.36666666666666664
0.225
0.14166666666666666
0.09166666666666666
0.08333333333333333
0.30833333333333335
0.20833333333333334
0.14166666666666666
0.2833333333333333
0.3
0.4083333333333333
0.2
0.125
0.19166666666666668
0.18333333333333332
0.25
0.30833333333333335
0.2916666666666667
0.26666666666666666
0.18333333333333332
0.16666666666666666
0.25
0.13333333333333333
0.041666666666666664
0.15833333333333333
0.3
0.2
0.425
0.3
0.35833333333333334
0.21666666666666667
0.13333333333333333
0.125
0.225
0.13333333333333333
0.15
0.275
0.2916666666666667
0.21666666666666667
0.26666666666666666
0.16666666666666666
0.21666666666666667
0.15833333333333333
0.25
0.15833333333333333
0.375
0.20833333333333334
0.3416666666666667
0.20833333333333334
0.275
0.23333333333333334
0.18333333333333332
0.225
0.11666666666666667
0.44166666666666665
0.18333333333333332
0.075
0.15833333333333333
0.38333333333333336
0.1
0.18333333333333332
0.19166666666666668
0.18333333333333332
0.2
0.3
0.1
0.16666666666666666
0.08333333333333333
0.25833333333333336
0.125
0.14166666666666666
0.13333333333333333
0.30833333333333335
0.2
0.3416666666666667
0.2
0.11666666666666667
0.15
0.15
0.13333333333333333
0.175
0.225
0.18333333333333332
0.15833333333333333
0.26666666666666666
0.15833333333333333
0.45
0.13333333333333333
0.14166666666666666
0.38333333333333336
0.35833333333333334
0.25833333333333336
0.09166666666666666
0.13333333333333333
0.15
0.3333333333333333
0.16666666666666666
0.1
0.05
0.24166666666666667
0.30833333333333335
0.16666666666666666
0.075
0.11666666666666667
0.19166666666666668
0.2833333333333333
0.48333333333333334
0.325
0.16666666666666666
0.11666666666666667
0.21666666666666667
0.275
0.25
0.175
0.10833333333333334
0.25
