0.3
0.2831858407079646
0.24444444444444444
0.26415094339622636
0.3516483516483517
0.2342342342342342
0.20833333333333331
0.2857142857142857
0.24137931034482765
0.37894736842105264
0.325
0.2696629213483146
0.2978723404255319
0.27522935779816515
0.28865979381443296
0.3008849557522124
0.28037383177570097
0.205607476635514
0.23376623376623376
0.23255813953488372
0.26
0.2857142857142857
0.29702970297029707
0.33333333333333337
0.288135593220339
0.35514018691588783
0.3508771929824562
0.23931623931623933
0.23853211009174313
0.3225806451612903
0.3870967741935483
0.27999999999999997
0.2835820895522388
0.2777777777777778
0.23762376237623764
0.2545454545454546
0.25581395348837205
0.2654867256637168
0.29508196721311475
0.24528301886792456
0.3333333333333333
0.25000000000000006
0.32608695652173914
0.23529411764705882
0.2828282828282828
0.2736842105263158
0.2545454545454546
0.25581395348837205
0.21153846153846156
0.2528735632183908
0.26506024096385544
0.22916666666666663
0.2654867256637168
0.2068965517241379
0.21818181818181814
0.3366336633663366
0.32967032967032966
0.2784810126582279
0.30927835051546393
0.24390243902439024
0.2702702702702703
0.26262626262626265
0.31683168316831684
0.29411764705882354
0.2782608695652174
0.21782178217821782
0.23529411764705882
0.27999999999999997
0.2075471698113208
0.20779220779220778
0.3333333333333333
0.22448979591836735
0.43678160919540227
0.2051282051282051
0.3
0.31775700934579443
0.25806451612903225
0.2711864406779661
0.3269230769230769
0.2363636363636364
0.3076923076923077
0.3448275862068966
0.28846153846153844
0.2365591397849462
0.2786885245901639
0.3106796116504854
0.31666666666666665
0.3361344537815126
0.2689075630252101
0.26666666666666666
0.2857142857142857
0.3760683760683761
0.27586206896551724
0.3125
0.3103448275862069
0.2191780821917808
0.25
0.29702970297029707
0.3908045977011494
0.28037383177570097
0.31683168316831684
0.27999999999999997
0.30303030303030304
0.26229508196721313
0.23529411764705885
0.25641025641025644
0.2549019607843137
0.3809523809523809
0.3076923076923077
0.27999999999999997
0.25531914893617025
0.2448979591836735
0.26415094339622636
0.30927835051546393
0.25242718446601936
0.2782608695652174
0.20224719101123598
0.2826086956521739
0.2363636363636364
0.3181818181818182
0.32
0.30769230769230765
0.25688073394495414
0.25316455696202533
0.2727272727272727
0.4444444444444445
0.25210084033613445
0.24742268041237114
0.29629629629629634
0.3025210084033613
0.2769230769230769
0.20833333333333331
0.3269230769230769
0.29357798165137616
0.32558139534883723
0.23404255319148934
0.26
0.33999999999999997
0.2702702702702703
0.23376623376623376
0.21818181818181814
0.23931623931623933
0.2574257425742575
0.3043478260869565
0.27350427350427353
0.25263157894736843
0.36893203883495146
0.22857142857142856
0.3883495145631068
0.31111111111111117
0.27956989247311825
0.32967032967032966
0.26086956521739135
0.2692307692307693
0.2363636363636364
0.21739130434782605
0.28571428571428575
0.28865979381443296
0.2772277227722772
0.3125
0.16071428571428573
0.2549019607843137
0.3333333333333333
0.3291139240506329
0.23762376237623764
0.18749999999999997
0.3
0.30612244897959184
0.3555555555555555
0.2736842105263158
0.32941176470588235
0.2702702702702703
0.27184466019417475
0.27522935779816515
0.3232323232323232
0.21505376344086022
0.2809917355371901
0.2727272727272727
0.2828282828282828
0.26086956521739135
0.27480916030534347
0.3047619047619048
0.22857142857142856
0.25641025641025644
0.21951219512195122
0.2365591397849462
0.23999999999999996
0.30612244897959184
0.2689075630252101
0.21428571428571427
0.26168224299065423
0.3132530120481928
0.2741935483870968
0.25641025641025644
0.2300884955752213
0.25000000000000006
0.3364485981308411
0.28846153846153844
0.40776699029126207
0.3063063063063063
0.27350427350427353
0.29166666666666663
0.26666666666666666
0.3137254901960784
0.39622641509433965
0.18
0.24444444444444444
0.33999999999999997
0.24444444444444444
0.4
0.325
0.29213483146067415
0.2542372881355932
0.27586206896551724
0.23157894736842105
0.24137931034482765
0.32989690721649484
0.3170731707317073
0.25263157894736843
0.30985915492957744
0.29357798165137616
0.3010752688172043
0.24137931034482765
0.3023255813953488
0.25757575757575757
0.19642857142857145
0.19047619047619044
0.18867924528301885
0.2456140350877193
0.25
0.28865979381443296
0.25242718446601936
0.25263157894736843
0.23214285714285715
0.29166666666666663
0.34285714285714286
0.27956989247311825
0.26168224299065423
0.32
0.23762376237623764
0.25688073394495414
0.27586206896551724
0.1839080459770115
0.23529411764705882
0.26666666666666666
0.31775700934579443
0.23404255319148934
0.3232323232323232
0.29885057471264365
0.24324324324324326
0.33707865168539325
0.27586206896551724
0.29824561403508776
0.3185840707964602
0.3486238532110092
0.3414634146341463
0.23931623931623933
0.32558139534883723
0.2891566265060241
0.1686746987951807
0.3137254901960784
0.2601626016260163
0.36734693877551017
0.28865979381443296
0.27956989247311825
0.2363636363636364
0.3917525773195876
0.2708333333333333
0.2644628099173554
0.3010752688172043
0.26785714285714285
0.29166666666666663
0.29411764705882354
0.25688073394495414
0.32989690721649484
0.2765957446808511
0.2947368421052632
0.2945736434108527
0.163265306122449
0.25862068965517243
0.2826086956521739
0.32941176470588235
0.36363636363636365
0.3023255813953488
0.30612244897959184
0.25000000000000006
0.3272727272727273
0.2574257425742575
0.26
0.28865979381443296
0.23853211009174313
0.3218390804597701
0.2556390977443609
0.3047619047619048
0.31775700934579443
0.32
0.24528301886792456
0.2075471698113208
0.2653061224489796
0.2653061224489796
0.2692307692307693
0.26262626262626265
0.23076923076923078
0.13999999999999999
0.26
0.2439024390243902
0.24691358024691354
0.2807017543859649
0.2857142857142857
0.18367346938775508
0.3
0.34782608695652173
0.20224719101123598
0.22988505747126434
0.29545454545454547
0.2882882882882883
0.1981981981981982
0.32967032967032966
0.25688073394495414
0.3
0.25531914893617025
0.3440860215053763
0.22222222222222224
0.2857142857142857
0.41558441558441556
0.24528301886792456
0.2429906542056075
0.2857142857142857
0.3448275862068966
0.3300970873786407
0.2
0.26666666666666666
0.2542372881355932
0.2765957446808511
0.22413793103448273
0.3584905660377358
0.22857142857142856
0.35514018691588783
0.30303030303030304
0.26
0.3047619047619048
0.3275862068965517
0.24096385542168675
0.339622641509434
0.27522935779816515
0.2905982905982906
0.2595419847328244
0.2772277227722772
0.2857142857142857
0.22641509433962267
0.26373626373626374
0.34090909090909094
0.28846153846153844
0.18947368421052632
0.28235294117647064
0.30303030303030304
0.33333333333333337
0.2772277227722772
0.2696629213483146
0.31683168316831684
0.18018018018018017
0.2765957446808511
0.2545454545454546
0.22471910112359553
0.2947368421052632
0.35714285714285715
0.27522935779816515
0.2782608695652174
0.22857142857142856
0.23529411764705882
0.24742268041237114
0.25000000000000006
0.3076923076923077
0.2654867256637168
0.24000000000000002
0.18803418803418806
0.2882882882882883
0.32989690721649484
0.3238095238095238
0.2831858407079646
0.19148936170212766
0.2784810126582279
0.3448275862068966
0.23404255319148934
0.33999999999999997
0.18487394957983191
0.2990654205607477
0.29213483146067415
0.3008849557522124
0.2222222222222222
0.3508771929824562
0.26373626373626374
0.25531914893617025
0.31746031746031744
0.28865979381443296
0.2807017543859649
0.26666666666666666
0.3269230769230769
0.3
0.3191489361702128
0.29126213592233013
0.20869565217391303
0.2363636363636364
0.3373493975903614
0.2644628099173554
0.3008849557522124
0.33057851239669417
0.2888888888888889
0.3333333333333333
0.2764227642276423
0.27956989247311825
0.22471910112359553
0.2051282051282051
0.296875
0.2342342342342342
0.28571428571428575
0.12962962962962962
0.22641509433962267
0.24444444444444444
0.35443037974683544
0.36170212765957444
0.24175824175824176
0.25242718446601936
0.2702702702702703
0.24000000000000002
0.2765957446808511
0.4
0.31683168316831684
0.27956989247311825
0.2545454545454546
0.16470588235294117
0.25000000000000006
0.3300970873786407
0.3137254901960784
0.3518518518518518
0.3132530120481928
0.27956989247311825
0.29411764705882354
0.24000000000000002
0.2571428571428572
0.2857142857142857
0.22680412371134023
0.22471910112359553
0.28037383177570097
0.27184466019417475
0.32967032967032966
0.28037383177570097
0.1797752808988764
0.2978723404255319
0.20224719101123598
0.3103448275862069
0.19148936170212766
0.23255813953488372
0.27450980392156865
0.24778761061946902
0.29565217391304355
0.28865979381443296
0.26666666666666666
0.19148936170212766
0.35051546391752575
0.3076923076923077
0.27350427350427353
0.22222222222222224
0.23255813953488372
0.288135593220339
0.1818181818181818
0.2127659574468085
0.2692307692307693
0.24761904761904763
0.36170212765957444
0.23300970873786406
0.27906976744186046
0.2828282828282828
0.41666666666666663
0.34615384615384615
0.34090909090909094
0.22222222222222224
0.25
0.25263157894736843
0.3
0.22680412371134023
0.26373626373626374
0.27184466019417475
0.32142857142857145
0.31111111111111117
0.32098765432098764
0.37037037037037035
0.2741935483870968
0.2888888888888889
0.34567901234567905
0.2696629213483146
0.3838383838383838
0.32098765432098764
0.21333333333333337
0.3925233644859813
0.24347826086956523
0.2888888888888889
0.2708333333333333
0.25806451612903225
0.3333333333333333
