0.48190633412407613
0.45732279801663833
0.4547827948696076
0.4967947419751712
0.5074161921488731
0.5100514539700812
0.4713593237143962
0.6154541113081318
0.41214048753940746
0.49014448786507614
0.47415080033731394
0.5194083316898851
0.489618092898786
0.4147934147979615
0.4244899604905724
0.5579838072772598
0.45207157474763104
0.5367142664701501
0.45698649712886097
0.5055914187561501
0.48710776893271174
0.5060928194896711
0.6014146355836778
0.4846366718636833
0.5971281951095836
0.4890684418089136
0.4457997612095973
0.4422901068184087
0.4258734522780582
0.4480236605901744
0.600987555763468
0.45496311506034415
0.4520870155152043
0.5796744379629699
0.4801612677802575
0.4811572997993524
0.44192008860856274
0.4736057213765811
0.5875887941073192
0.5745216347279163
0.47420976136702747
0.5053343630007716
0.47707105864842786
0.42289152157054666
0.5099456216804603
0.40974654311096204
0.5510794291780207
0.41685337832771463
0.48502518315018317
0.48002268298623796
0.35996787279806153
0.46182393422154877
0.4657131239626383
0.4894307685964786
0.4582086330355088
0.46872259308435954
0.46104672050908607
0.43789399655838007
0.46947499131446957
0.47401825221562055
0.4517496588025043
0.42609143897689483
0.4965277947259293
0.4792781043833676
0.47351180726180725
0.5255503857393498
0.534763006183296
0.44483266152906353
0.5662147996463844
0.5160905726905128
0.5169262794077216
0.5371994168093912
0.5088942052099947
0.3986159656476994
0.46656358945590415
0.5200541221670658
0.49503964892959196
0.43716044060201475
0.5622597591225043
0.34209442329007544
0.47298220785954886
0.584792850679643
0.523232741848488
0.5969572351960186
0.4932062898050447
0.47432093491304017
0.4896926430852371
0.5453165279950672
0.4368241659921882
0.552298162204302
0.5467641840353068
0.5186958972223199
0.48188059205490397
0.49514273105436113
0.4702235495985496
0.5519322482473786
0.4995849051646153
0.4476271261985548
0.5249299877850264
0.4690389697198557
0.4835249749170838
0.5232168294668295
0.39092821297068714
0.5705564913365665
0.4627255768381024
0.5573461007717374
0.5049863564123368
0.5482947495470182
0.4797895861940805
0.5947074646882489
0.48113186045206335
0.45335791313914026
0.5331946774485187
0.48641786012113886
0.4224492763129127
0.5426975697161456
0.4531271542123703
0.4666035658971749
0.49354424405575303
0.4506299932060106
0.5498167915814974
0.39554203106834684
0.5123162670896061
0.493634574910733
0.4675101579706843
0.580938786888154
0.458827193991047
0.46085074676846827
0.5335881438822616
0.43227550609507215
0.42887955182072834
0.43487559298094214
0.4899191525967398
0.46615328019197366
0.46167749546160874
0.519953130416046
0.5012343046671405
0.4704047949742193
0.4063178501996541
0.5272881079113743
0.517699624759351
0.4749363457925718
0.42893622637525075
0.4213816698925942
0.4752677354916247
0.3891360459959804
0.5387216469577263
0.46550652293619044
0.4830774698079976
0.473031616552195
0.4749029510794216
0.4697604990239922
0.4025266811955991
0.4936947124528824
0.4168970407473031
0.4764659259915427
0.4951908609896414
0.46584247813479646
0.49852502631715345
0.49355306844277436
0.6062555545667953
0.5119074660799046
0.3734493013591408
0.5698840361116576
0.41219355658212936
0.490342157035471
0.38220323120932165
0.4346012870962161
0.47376604876604883
0.4448515414806142
0.4280628295574409
0.48303123653238067
0.4718447338854071
0.4410717729100082
0.4446926774964739
0.5201026379635905
0.49089414208979426
0.466052567921982
0.5224502210671278
0.46835273376232345
0.4751086447839712
0.5355605034036406
0.5151175822677702
0.5019504819851414
0.512513394511091
0.4754220889677736
0.4915082521986589
0.43466544675465285
0.4557187377839552
0.46240097413418646
0.43634803523791976
0.5109573311634781
0.4727851759188393
0.3996419980888991
0.5260711653144204
0.48928105206219163
0.4276865486335132
0.49739590697161584
0.38993177218042807
0.43199573006590547
0.5710393917829939
0.5573499364706701
0.45402597063245553
0.5738475621638552
0.40463360712097485
0.5120830186787166
0.34818231901671
0.5689582453402439
0.47746151293277117
0.42795057134198955
0.44498086923829505
0.4802577618145641
0.4940805523164344
0.5174715159830718
0.4660011104957674
0.45432687676960126
0.5366006859485121
0.4910619198482976
0.4804162744259022
0.4911070956728333
0.5125336349535297
0.46364279126474245
0.5024061122167749
0.5267101958978709
0.41361524126037386
0.4363323223713267
0.4187088839660835
0.4750690943043885
0.4349356197388615
0.43522878990796665
0.5241250120007133
0.47250465665433095
0.4317106714362941
0.4968012891415843
0.4296673464914212
0.44878724318597735
0.534069916579218
0.5023577442869158
0.4812886742886743
0.49209747146051264
0.47765612940031543
0.48605058222722586
0.4619918548943317
0.4916811558205001
0.5787644823459492
0.4772422366075617
0.5576890960273926
0.3452345735981418
0.5044764206404667
0.49602846835797293
0.5045007975442758
0.45194888125922605
0.5043213419684008
0.445789190680495
0.4467156467390249
0.5351493930905695
0.41314915999846735
0.5177830047789725
0.5235054371896477
0.48169736366319615
0.49470719397180707
0.48956938733181876
0.4397751495457356
0.5079024662807389
0.562033431525975
0.5449598466014128
0.3678339848210538
0.45651955723625776
0.5835985188328253
0.5463590695254749
0.5289124128615847
0.5900210568319493
0.4641449682506593
0.37150635210024663
0.5365316145354697
0.4019809067650406
0.6334847997080679
0.5526200896212936
0.5318750155346968
0.46898532159357637
0.4763679551546084
0.5028832319402495
0.5311210251541614
0.5675515711544109
0.6104106112685682
0.530584133775528
0.5128788196418346
0.5636202560978574
0.444617453073999
0.4608930794414665
0.46663165266106443
0.4917293803451659
0.5429343099950114
0.549142551135786
0.4920300496902492
0.5039421021812326
0.5114615976918724
0.5238339090717063
0.4104907231265031
0.4783353647630243
0.5470683191566281
0.3661015804540825
0.5272641596977761
0.5108102083102084
0.4775551851485809
0.45954069558968047
0.3962516867678287
0.43002303450308
0.5206291948441126
0.47014028402058494
0.5621046038128121
0.4998035634894529
0.48176629460134496
0.4907258403553909
0.5461674432072442
0.47263289120628443
0.5282941511458136
0.5625087683420642
0.5030916859657605
0.48511164457424216
0.5896529719916817
0.4967209066388273
0.5382798107175292
0.48179720142007354
0.4045355695403626
0.42923308442725916
0.6048045930613609
0.4847017901281315
0.439729438154975
0.43789988000514324
0.5098058606932846
0.6444873074092675
0.4915381601302594
0.5419404762568971
0.4973203454246917
0.44669173911723986
0.3985889618663819
0.5153320903149319
0.4833715760206365
0.4668270496211673
0.5453871413547458
0.4660931224638726
0.43019913667306436
0.5173088465500321
0.4811660561660561
0.5076637839561569
0.4306148089659887
0.42471216908666787
0.572750632838352
0.4512991188378186
0.4125195817827396
0.4649011945220394
0.4170404114087678
0.45307538671274017
0.4481926447003972
0.5104873949579831
0.4176431770119564
0.5662836700336701
0.4689335851590754
0.5506885802508166
0.5418150864389509
0.4527182430998047
0.48058676588899707
0.4991333994926218
0.4866245946713176
0.4818967550436525
0.4970560707740008
0.5439239368845521
0.5227357489217225
0.4423673342118538
0.43964995287363706
0.48242502147539224
0.45310970217027813
0.47899533994940446
0.5083886245028875
0.6000317161345732
0.4472569531860312
0.47320798411591247
0.5079155740247289
0.563324432576769
0.5191692169757904
0.602606139302478
0.484264733508699
0.5382607681995687
0.5058427458418502
0.4206866917399092
0.5972209227087276
0.5185293670152619
0.5207337393801172
0.4068934477277916
0.48105031502090323
0.5739445034173863
0.4414264493676259
0.46559389754792047
0.5063504941090556
0.47429851999680306
0.545020851882554
0.4223465948909678
0.5323324866025958
0.5115660707924135
0.46130194546179787
0.45849122327719716
0.42976465057138813
0.4433865500237979
0.4859726811244838
0.48308698092778457
0.4840125255361448
0.572207870388985
0.4551577292783503
0.42411107418504457
0.45231018401414824
0.5414598332893213
0.5093179259083149
0.4881850437144555
0.34613231343781314
0.5910221205192454
0.4822803168326003
0.5336828952876425
0.4858309579540624
0.5098585204721694
0.49400612476871303
0.5337650792217334
0.6014159676969976
0.5698355924019641
0.5306504099262486
0.5448765015873537
0.48912776956636606
0.43644568888028545
0.45906307129358725
0.490090224819327
0.5246223967668235
0.40714315066946644
0.5749670158058316
0.4436717381016662
0.4987313582421467
0.3842763772175537
0.4928033328327446
0.49246184042001884
0.42383178744582256
0.4069881560734199
0.58555206314359
0.4642736418229938
0.4212756149106798
0.49063651467047054
0.4311950739686877
0.5315226608687471
0.4981845856887315
0.4633760650805855
0.35726267487039687
0.48353125766595495
0.4499387901197626
0.4550812439398362
0.45794532954785283
0.363162714478504
0.4119818955193333
0.5382560816080764
0.45117733685651296
0.4683050283050284
0.4628363247075215
0.5291179288547709
0.4680848681614965
0.5746988027877044
0.5069142633973402
0.5253345863334691
0.46380676677874894
0.45064919983398244
0.5360768604804081
0.42489113006503487
0.5182448136463325
0.5412041266061913
0.42389994890800176
0.3831267907712712
0.44384801774082905
0.47484097689368066
0.4547183077698239
0.4928765209721805
0.5829030931652415
0.38362231440559874
0.4502444949902577
0.4314181105745578
0.4649853659412483
0.5574391606807508
0.5101202935891218
0.5912443151796956
0.49291806958473616
0.4990529354485491
0.487282900674205
0.46916714201434223
0.5180774577464473
0.5321452785141612
0.5029536847307601
0.5982925776561735
0.42764798850574715
0.5837708328684785
0.46328690096806036
0.473244617700069
0.48716291367797493
0.3903636146220627
0.5073980463980464
0.47941957330128376
