0.5198748637667014
0.47010452550712095
0.48818717354785396
0.4559761830891613
0.44064051843691077
0.5235436712906534
0.578664163158162
0.5705677925620689
0.498144817015158
0.5702075601125116
0.5413573832424651
0.5965148400881738
0.5525662032998285
0.47484268391845896
0.5368754379723873
0.5680032247716972
0.540617740815022
0.5185033730032205
0.58772192819376
0.5479134276266332
0.5290436612178118
0.6202299923514635
0.5978717279733895
0.5876720120530695
0.550523731088979
0.546867139084799
0.5783920566569462
0.4700024265973054
0.5646289029296421
0.5173475069541807
0.5994785881843053
0.5156495290844207
0.5150875843550672
0.6049677962043016
0.5402360947633142
0.5613357033957714
0.4367076922749022
0.5642452165561269
0.6168377132435862
0.5347805727348424
0.5713879273001724
0.5114226285961904
0.5479526655080958
0.5409160312632961
0.5648243423233821
0.4763887118688616
0.5029672745411993
0.44028834911738307
0.47359222844185567
0.5464727980886145
0.5280680792095443
0.4385849306690965
0.4161269162020994
0.47287610436457406
0.5166485409151091
0.5106727591101253
0.5379178862980845
0.45436510545587677
0.5286111407931312
0.5218551437440607
0.4846870100386794
0.4500660363513271
0.5601672605764312
0.5012768895370165
0.5115598132298236
0.5699185819107446
0.6073873392556857
0.5113243291565679
0.6070567019008156
0.5394859000292777
0.5194117822459812
0.5337742981300436
0.5679014652701091
0.43400062786085325
0.5055290491373745
0.5394967842128168
0.5019973838447369
0.5211144430806605
0.5655363215840626
0.45158303195925503
0.5773015053347993
0.6346036490940711
0.5569474325141882
0.6069276332852349
0.5392000062901735
0.5341678745496852
0.5238071009433857
0.5779102522793724
0.513085421803284
0.5519537787116626
0.6019968335229844
0.5600856047737036
0.503842900291525
0.5321959316343128
0.5926287797971672
0.5050143758766121
0.49918616074372457
0.541001344712895
0.5300986126923544
0.5026310436738385
0.5507420223282888
0.5316256350934873
0.4603787835797286
0.5011773451125368
0.47238814509700516
0.5958816569021173
0.5425488252659898
0.5534404096124503
0.6028105941577213
0.5690803715754786
0.5198353900752686
0.5594123810422069
0.5213404214383535
0.5954103468826618
0.4751641492762469
0.55047290480173
0.4841322259753226
0.4632395522706732
0.48678860105047506
0.5545312243495962
0.57106048603228
0.45724041181126845
0.5738622516776193
0.49723039451373685
0.5156285758876897
0.6021366684826347
0.5493703699073526
0.48343523294861157
0.6127395280845452
0.45539953056621385
0.49197488860010646
0.4875449596561578
0.5324582725888285
0.5103124696374104
0.4556538698655036
0.563286043218316
0.5461983281784801
0.45469395529372214
0.4906092017124976
0.4912124504834111
0.5814007770966492
0.6002127695699617
0.4592873783894288
0.5010612507319465
0.5028862208455538
0.42295439972156557
0.5526713647631485
0.4625135592591898
0.5187853456736824
0.48148810034857464
0.49625234070081
0.5093532785880508
0.49337004021508335
0.5652041721772347
0.5180248423774904
0.561008444735103
0.4903443082550971
0.5675203858355288
0.5652196360844494
0.5824978653275344
0.6618204669308937
0.4997723059973409
0.5100672039963456
0.61226701195971
0.46222565825862766
0.5146664799343438
0.5016969617725144
0.5259408523274905
0.5817570295938668
0.5013331764406155
0.45357769315406843
0.520269965131408
0.5391710314547145
0.5742741546322248
0.5245210412529567
0.5428337411701513
0.46684249976276715
0.5831815812941273
0.5909489943401985
0.5379522074285729
0.5537642114391088
0.5797334048545152
0.6138667141085347
0.5250603142277406
0.49746800118373313
0.5462847431321874
0.554704667518768
0.4348876503277699
0.5432504160443773
0.5501904953680649
0.5062107110948446
0.4945979031884166
0.4839924774418336
0.4413835774567776
0.5403679492668586
0.41018399055475624
0.5007694048559739
0.5374942667608931
0.4519455462486616
0.43750214051954783
0.6431619299822635
0.632268711450158
0.4883883002028613
0.5535719216882231
0.5081677863231151
0.5722346105957707
0.397055840350527
0.49571350609743997
0.5353149989789254
0.5120573165146933
0.4263181310194103
0.5133567946903037
0.5925184523961972
0.49047279869832916
0.509245756408141
0.4917510188924207
0.6275718750734187
0.5574151896036211
0.5072415899078833
0.5386269081998387
0.6069856437028462
0.5464069878527045
0.47923924830644826
0.5756612549841214
0.4737797161129499
0.5085424386570199
0.49721013556238647
0.5381642172655856
0.5006116357316447
0.4742943797633721
0.5565564610723017
0.45637564651670315
0.6051705890059562
0.5641056225044259
0.5007050243973671
0.5384897206319175
0.5507167322203379
0.5404557804124218
0.5405285007170331
0.5035421172253629
0.4869883574682695
0.5329158658096921
0.5157181921732988
0.5516594139563487
0.559991410281874
0.5717372852920197
0.5314218190385589
0.4935762601682196
0.5307435415367532
0.545895729918521
0.49963403193810985
0.4969791201688093
0.5115876940617091
0.4928371286927221
0.4902647696774288
0.5751227266457515
0.5015445847288719
0.5127561444267609
0.5413165474225097
0.531100137631948
0.5206983595860629
0.5622117854179096
0.5030647473795222
0.5471916581701822
0.5311333096272726
0.5599951084575217
0.49266969520648174
0.5147554516468639
0.6377626787997991
0.5422074194105254
0.6683317253456982
0.573878424695724
0.5490816142724956
0.5063728981112442
0.5143536600686781
0.5008596983869091
0.6512986429937657
0.5416710929140743
0.5493850498673113
0.5702454973228188
0.5204235305537948
0.5774141450087139
0.5447788725846872
0.572061613867632
0.6230984813114067
0.5262359960320065
0.47616279279363277
0.5159493110460766
0.4554766899789442
0.5037111519376732
0.5400523695768362
0.49077957133165345
0.4869855676018792
0.5489714608974969
0.458565005894337
0.5539303570706816
0.5709915050083306
0.5215550308852612
0.5221760299548218
0.45030809632889574
0.6411336357621213
0.5111228998297859
0.521107399120059
0.5417097393214511
0.4910735754258275
0.5028952712490287
0.5079082426298992
0.5248784997210745
0.5587249960863931
0.5160979098223152
0.5774031706731599
0.5739418481949591
0.56981733261459
0.5334468230348172
0.6177889034892092
0.43233723997913814
0.5456094424348712
0.5965872301141149
0.518114550066759
0.5504350484485445
0.5808284173863517
0.5684544289848681
0.5400398846891964
0.5274415919470117
0.4536140274057032
0.4627471931877239
0.5980268772585079
0.5454125960540727
0.4982890825772637
0.48383220564021207
0.45913275999547376
0.5531873144417783
0.4787671820418341
0.4893812498524582
0.5125049107392974
0.4687294620541015
0.52674978290687
0.5808403583263148
0.5947429453680669
0.6024412327521526
0.6192751580475638
0.4637093406188886
0.5507617215587954
0.5347308794517307
0.5386342185443904
0.567667619763714
0.5211331235073805
0.4953333881064063
0.4858710126311754
0.5295912492678835
0.5234566718499223
0.49627520637259503
0.48812311431146715
0.49942332450803856
0.528635690018367
0.5573891375150161
0.4987017441399511
0.6172110187496815
0.5309619429505833
0.6156453543340362
0.5031273994809614
0.534668343476883
0.5398677799574473
0.5332856103208261
0.4837361339588073
0.51503491346788
0.5456670985738994
0.5411169928659698
0.5235087856395038
0.4957039687612812
0.49075558634806604
0.5783717890764001
0.44383819593252094
0.5380880609834792
0.4846090983422458
0.6120014873438728
0.5403558203506509
0.5692254534837
0.5704170735766294
0.6074664361952071
0.5279056207959405
0.6334093312709851
0.5322435825017516
0.5466694931808848
0.5446108309867196
0.47615046283430446
0.6173369102138694
0.5039094050282645
0.5755187527176874
0.48495139634323803
0.47715870881871253
0.5237142782436492
0.4972410086573456
0.5493674753933306
0.5577754357560634
0.5276588146279038
0.5437220498010016
0.5194777076102202
0.5738391124267614
0.5328694205149376
0.49195959313270415
0.4867928802723335
0.5016325261845049
0.5628412108060612
0.5896421697576362
0.5308081962521751
0.47444870688245916
0.5678276713311037
0.5123985383313444
0.45562832818118126
0.5730114417772209
0.5233097384114063
0.445462368642225
0.5174789546766674
0.43780064814490915
0.6339448029639827
0.47826806400953376
0.5460973101357627
0.5691610075945976
0.5548016014651561
0.5223368838725717
0.5890059241638003
0.5801972780214857
0.5741370390012976
0.5636319277786676
0.5673832806536556
0.5487543027158251
0.4407336193678921
0.4462890425541538
0.5582506687047766
0.5272304587587003
0.464983732770754
0.5927011678237122
0.5165809299304212
0.5048650176266621
0.5178488709007847
0.554398301461627
0.5794083293186667
0.506666101138972
0.5437549659430994
0.5802366288038736
0.4286294812051232
0.4116628274956293
0.5265161780889012
0.46144551655133
0.5513913730317359
0.5098352984033396
0.5064327586350291
0.4568714509699245
0.5312805592521864
0.49776130964185383
0.5512521011592246
0.5070998255104548
0.42488628281703944
0.4871599835140271
0.5693778599697477
0.5075956674118652
0.5212295991666982
0.545483411420237
0.5506079030113649
0.5039535770946724
0.609392472552474
0.5724598987095039
0.5775155076514817
0.5528836919631103
0.5634573367123429
0.5710329846728242
0.5480177828219303
0.5112644946686328
0.5974905795919904
0.4544673658985631
0.48156331837810806
0.4395214831744644
0.5261865715145859
0.5567949284573589
0.5076406571503137
0.5690411986131019
0.5026570608171301
0.5787996412649007
0.5142569221144375
0.5365897833451975
0.5764137628133962
0.5626124877418083
0.5787865713376181
0.49563227253791314
0.5038977692126262
0.5146231973667622
0.5383614873233425
0.564081751106776
0.5778112240344891
0.5842749813768889
0.5527910600548159
0.5120231392053006
0.6471245124289275
0.5428955848240035
0.5148198326183412
0.601132343815559
0.45608916229990587
0.5362045632956056
0.47338240291544115
