0.4210526315789473
0.37837837837837834
0.4597701149425287
0.43243243243243246
0.5263157894736842
0.40776699029126207
0.40909090909090906
0.3939393939393939
0.4038461538461538
0.5454545454545453
0.4716981132075471
0.4835164835164835
0.4385964912280702
0.45714285714285713
0.5048543689320387
0.5384615384615384
0.4038461538461538
0.45833333333333326
0.4587155963302753
0.47619047619047616
0.36507936507936506
0.43678160919540227
0.411214953271028
0.49438202247191015
0.4074074074074074
0.4421052631578948
0.4509803921568627
0.48837209302325574
0.4098360655737705
0.432
0.3823529411764706
0.5348837209302325
0.4262295081967213
0.45360824742268047
0.4835164835164835
0.411214953271028
0.4466019417475728
0.48000000000000004
0.3963963963963964
0.44859813084112155
0.5176470588235295
0.41584158415841577
0.4742268041237114
0.5050505050505051
0.5111111111111111
0.489795918367347
0.42424242424242425
0.3728813559322034
0.48484848484848486
0.4150943396226416
0.48484848484848486
0.4680851063829787
0.4646464646464646
0.4247787610619469
0.4523809523809524
0.5348837209302325
0.43243243243243246
0.4615384615384615
0.4666666666666667
0.44680851063829785
0.5048543689320387
0.45999999999999996
0.41739130434782606
0.4347826086956522
0.4444444444444444
0.4736842105263158
0.425925925925926
0.4731182795698924
0.4067796610169491
0.4166666666666667
0.4509803921568627
0.4545454545454545
0.47706422018348627
0.44
0.4615384615384615
0.43137254901960786
0.42718446601941745
0.42718446601941745
0.5111111111111111
0.44
0.46153846153846156
0.4067796610169491
0.47826086956521735
0.489795918367347
0.3888888888888889
0.3968253968253969
0.4067796610169491
0.4150943396226416
0.43243243243243246
0.43678160919540227
0.38983050847457623
0.4444444444444444
0.375
0.45045045045045046
0.4227642276422764
0.4444444444444444
0.4132231404958678
0.3928571428571429
0.5352112676056339
0.4035087719298246
0.5111111111111111
0.4742268041237114
0.40625
0.4310344827586207
0.5063291139240507
0.41584158415841577
0.3448275862068966
0.5054945054945054
0.4
0.4380952380952381
0.5333333333333333
0.4948453608247423
0.4597701149425287
0.375
0.4554455445544555
0.3902439024390244
0.40776699029126207
0.42
0.4220183486238532
0.4098360655737705
0.47727272727272735
0.4680851063829787
0.4220183486238532
0.4731182795698924
0.489795918367347
0.48543689320388356
0.45614035087719296
0.4466019417475728
0.42307692307692313
0.41584158415841577
0.38016528925619836
0.4137931034482758
0.5000000000000001
0.5
0.43243243243243246
0.4554455445544555
0.48837209302325574
0.489795918367347
0.3966942148760331
0.3968253968253969
0.45614035087719296
0.3709677419354839
0.45999999999999996
0.43137254901960786
0.5052631578947369
0.4731182795698924
0.46938775510204084
0.4395604395604395
0.4684684684684684
0.4444444444444444
0.45360824742268047
0.40816326530612246
0.425925925925926
0.44247787610619466
0.4380952380952381
0.5054945054945054
0.4132231404958678
0.4466019417475728
0.3636363636363636
0.45161290322580644
0.4948453608247423
0.41584158415841577
0.5102040816326531
0.37398373983739835
0.4299065420560748
0.4631578947368421
0.48148148148148145
0.4489795918367347
0.5057471264367815
0.47706422018348627
0.45833333333333326
0.4220183486238532
0.43243243243243246
0.4181818181818182
0.47826086956521735
0.411214953271028
0.425531914893617
0.45283018867924535
0.5121951219512195
0.4107142857142857
0.4948453608247423
0.43137254901960786
0.411214953271028
0.4680851063829787
0.4363636363636363
0.42307692307692313
0.45999999999999996
0.48148148148148145
0.4509803921568627
0.5263157894736842
0.4646464646464646
0.4299065420560748
0.3931623931623932
0.4220183486238532
0.47058823529411764
0.4684684684684684
0.4067796610169491
0.4752475247524753
0.489795918367347
0.4237288135593221
0.42307692307692313
0.40707964601769914
0.47727272727272735
0.5050505050505051
0.4509803921568627
0.4347826086956522
0.5161290322580645
0.44
0.4601769911504426
0.4
0.4247787610619469
0.45652173913043476
0.4466019417475728
0.514851485148515
0.49411764705882355
0.5399999999999999
0.4227642276422764
0.5168539325842697
0.45652173913043476
0.40322580645161293
0.43010752688172044
0.4363636363636363
0.462962962962963
0.4299065420560748
0.419047619047619
0.3966942148760331
0.4646464646464646
0.4835164835164835
0.44642857142857145
0.4742268041237114
0.4395604395604395
0.3529411764705882
0.4466019417475728
0.4893617021276596
0.40707964601769914
0.42696629213483145
0.47727272727272735
0.5054945054945054
0.4347826086956521
0.43396226415094336
0.4220183486238532
0.4375
0.3880597014925373
0.5168539325842697
0.4137931034482758
0.40776699029126207
0.39999999999999997
0.47916666666666674
0.4727272727272728
0.4716981132075471
0.4181818181818182
0.45283018867924535
0.4137931034482758
0.4150943396226416
0.4299065420560748
0.45454545454545453
0.4403669724770642
0.4038461538461538
0.4631578947368421
0.4444444444444444
0.4842105263157895
0.4423076923076923
0.49462365591397855
0.4680851063829787
0.41237113402061853
0.43548387096774194
0.49411764705882355
0.4509803921568627
0.4615384615384615
0.49019607843137253
0.44
0.47826086956521735
0.44
0.42307692307692313
0.52
0.47727272727272735
0.45614035087719296
0.4098360655737705
0.41584158415841577
0.4842105263157895
0.43564356435643564
0.5542168674698795
0.46551724137931033
0.4672897196261683
0.5054945054945054
0.396551724137931
0.40944881889763785
0.45833333333333326
0.4642857142857143
0.4444444444444444
0.4684684684684684
0.4418604651162791
0.43137254901960786
0.46938775510204084
0.40322580645161293
0.47916666666666674
0.5185185185185185
0.4273504273504274
0.4074074074074074
0.44247787610619466
0.4871794871794872
0.45283018867924535
0.34710743801652894
0.49462365591397855
0.4201680672268907
0.5853658536585367
0.4631578947368421
0.42718446601941745
0.3893805309734513
0.39999999999999997
0.49019607843137253
0.45161290322580644
0.425925925925926
0.5348837209302325
0.43697478991596633
0.5227272727272728
0.40336134453781514
0.4719101123595506
0.39999999999999997
0.47619047619047616
0.4672897196261683
0.4444444444444444
0.4466019417475728
0.5208333333333334
0.5641025641025641
0.4716981132075471
0.45360824742268047
0.3741007194244605
0.4201680672268907
0.4642857142857143
0.4102564102564103
0.4742268041237114
0.44247787610619466
0.4347826086956522
0.43564356435643564
0.4842105263157895
0.4137931034482758
0.4893617021276596
0.5473684210526316
0.40707964601769914
0.4074074074074074
0.4220183486238532
0.4421052631578948
0.45999999999999996
0.462962962962963
0.45360824742268047
0.44859813084112155
0.43564356435643564
0.4810126582278481
0.44247787610619466
0.4684684684684684
0.4489795918367347
0.44859813084112155
0.419047619047619
0.4835164835164835
0.4554455445544555
0.49411764705882355
0.4262295081967213
0.4888888888888889
0.47727272727272735
0.49438202247191015
0.44247787610619466
0.4489795918367347
0.4237288135593221
0.384
0.4615384615384615
0.5
0.40366972477064217
0.36923076923076925
0.46153846153846156
0.38983050847457623
0.48837209302325574
0.4742268041237114
0.5154639175257731
0.4470588235294118
0.42424242424242425
0.4444444444444445
0.45999999999999996
0.46511627906976744
0.4285714285714285
0.46938775510204084
0.46938775510204084
0.425925925925926
0.45999999999999996
0.41221374045801523
0.419047619047619
0.43564356435643564
0.4680851063829787
0.47826086956521735
0.4587155963302753
0.45454545454545453
0.4329896907216495
0.4642857142857143
0.4646464646464646
0.39999999999999997
0.5
0.49411764705882355
0.5217391304347827
0.4220183486238532
0.4285714285714285
0.3716814159292035
0.4137931034482758
0.4423076923076923
0.4375
0.48484848484848486
0.4646464646464646
0.4752475247524753
0.425531914893617
0.45283018867924535
0.4521739130434783
0.4220183486238532
0.38095238095238093
0.4403669724770642
0.4375
0.4646464646464646
0.5048543689320387
0.4948453608247423
0.4299065420560748
0.5135135135135135
0.48543689320388356
0.425925925925926
0.4403669724770642
0.4150943396226416
0.5192307692307692
0.42718446601941745
0.4554455445544555
0.4835164835164835
0.43243243243243246
0.358974358974359
0.4642857142857143
0.47826086956521735
0.5000000000000001
0.44247787610619466
0.5050505050505051
0.41739130434782606
0.4646464646464646
0.49019607843137253
0.4666666666666667
0.40601503759398494
0.4666666666666667
0.44680851063829785
0.4117647058823529
0.4181818181818182
0.42424242424242425
0.5274725274725275
0.42
0.43243243243243246
0.47727272727272735
0.47619047619047616
0.47826086956521735
0.45833333333333326
0.4680851063829787
0.41600000000000004
0.4395604395604395
0.4888888888888889
0.4680851063829787
0.4247787610619469
0.4222222222222222
0.4521739130434783
0.5111111111111111
0.3928571428571429
0.49462365591397855
0.4285714285714286
0.4509803921568627
0.4691358024691358
0.45454545454545453
0.4299065420560748
0.3931623931623932
0.4299065420560748
0.46153846153846156
0.40336134453781514
0.43010752688172044
0.41237113402061853
0.485981308411215
0.4684684684684684
0.43243243243243246
0.5
0.4666666666666667
0.5217391304347827
0.44642857142857145
0.4666666666666667
0.4375
0.5176470588235295
0.45283018867924535
0.41600000000000004
0.4631578947368421
0.5542168674698795
0.44
0.4719101123595506
0.411214953271028
0.45901639344262296
0.36923076923076925
0.5121951219512195
0.47727272727272735
0.46153846153846156
0.4210526315789473
0.43137254901960786
0.5227272727272728
0.4329896907216495
0.43137254901960786
