0.31111111111111117
0.45901639344262296
0.4528301886792453
0.3928571428571428
0.33333333333333337
0.3793103448275862
0.4615384615384615
0.3829787234042553
0.2692307692307693
0.4210526315789474
0.4363636363636364
0.33333333333333337
0.5416666666666666
0.36363636363636365
0.47058823529411764
0.4482758620689655
0.41935483870967744
0.4444444444444445
0.4482758620689655
0.5
0.3728813559322034
0.4814814814814815
0.4727272727272728
0.3103448275862069
0.423076923076923
0.32
0.43478260869565216
0.43478260869565216
0.3728813559322034
0.4166666666666667
0.4727272727272728
0.34615384615384615
0.456140350877193
0.5098039215686274
0.3478260869565218
0.43902439024390244
0.5172413793103449
0.47457627118644075
0.5660377358490566
0.4642857142857143
0.4166666666666667
0.4444444444444445
0.42857142857142855
0.44897959183673464
0.41935483870967744
0.41509433962264153
0.45833333333333326
0.4814814814814815
0.423076923076923
0.4727272727272728
0.4210526315789474
0.3773584905660377
0.3846153846153846
0.4
0.43999999999999995
0.4313725490196078
0.5306122448979592
0.4727272727272728
0.34146341463414637
0.4912280701754386
0.5084745762711865
0.5172413793103449
0.5098039215686274
0.4081632653061224
0.5106382978723405
0.43999999999999995
0.4
0.4615384615384615
0.47058823529411764
0.36000000000000004
0.4642857142857143
0.42553191489361697
0.43478260869565216
0.41935483870967744
0.39215686274509803
0.5185185185185186
0.45833333333333326
0.4528301886792453
0.4615384615384615
0.3571428571428571
0.47826086956521735
0.47826086956521735
0.44067796610169496
0.4912280701754386
0.4166666666666667
0.46808510638297873
0.45161290322580644
0.423076923076923
0.4444444444444445
0.49056603773584906
0.5357142857142857
0.5357142857142857
0.4528301886792453
0.4
0.44897959183673464
0.3555555555555555
0.4545454545454545
0.43749999999999994
0.5
0.37499999999999994
0.5283018867924527
0.5
0.5
0.41509433962264153
0.4444444444444444
0.5490196078431373
0.4137931034482759
0.4615384615384615
0.5
0.33333333333333337
0.43478260869565216
0.4615384615384615
0.33333333333333337
0.5098039215686274
0.5660377358490566
0.5199999999999999
0.3773584905660377
0.4074074074074074
0.4827586206896552
0.4363636363636364
0.5416666666666666
0.5217391304347827
0.4444444444444445
0.4666666666666667
0.4727272727272728
0.423076923076923
0.4482758620689655
0.3673469387755102
0.5283018867924527
0.4528301886792453
0.3571428571428571
0.46808510638297873
0.5454545454545454
0.48
0.3404255319148936
0.47826086956521735
0.4313725490196078
0.42857142857142855
0.5666666666666667
0.5283018867924527
0.4
0.4074074074074074
0.5
0.42424242424242425
0.4912280701754386
0.4
0.4081632653061224
0.47058823529411764
0.4528301886792453
0.5
0.43478260869565216
0.4444444444444445
0.33962264150943394
0.5517241379310344
0.46875
0.4067796610169491
0.4897959183673469
0.5098039215686274
0.5263157894736842
0.4642857142857143
0.4482758620689655
0.5
0.44067796610169496
0.5416666666666666
0.3809523809523809
0.5531914893617021
0.43749999999999994
0.36666666666666664
0.588235294117647
0.42857142857142855
0.4074074074074074
0.36363636363636365
0.5384615384615385
0.44897959183673464
0.326530612244898
0.5333333333333333
0.4814814814814815
0.4081632653061224
0.44067796610169496
0.38596491228070173
0.3773584905660377
0.5384615384615385
0.5423728813559322
0.4363636363636364
0.45161290322580644
0.3636363636363636
0.4912280701754386
0.4827586206896552
0.5
0.507936507936508
0.423076923076923
0.3673469387755102
0.30188679245283023
0.47058823529411764
0.423076923076923
0.4081632653061224
0.44067796610169496
0.456140350877193
0.38596491228070173
0.3555555555555555
0.4827586206896552
0.4615384615384615
0.3571428571428571
0.5106382978723405
0.5
0.456140350877193
0.4827586206896552
0.47457627118644075
0.5306122448979592
0.44897959183673464
0.5199999999999999
0.4
0.5384615384615385
0.3846153846153846
0.5306122448979592
0.45833333333333326
0.47058823529411764
0.4081632653061224
0.41509433962264153
0.3404255319148936
0.5172413793103449
0.3846153846153846
0.4
0.4727272727272728
0.5306122448979592
0.43999999999999995
0.4444444444444445
0.43999999999999995
0.30188679245283023
0.4642857142857143
0.5833333333333334
0.3829787234042553
0.4313725490196078
0.43999999999999995
0.41509433962264153
0.6122448979591837
0.4363636363636364
0.44067796610169496
0.33333333333333326
0.4482758620689655
0.45833333333333326
0.4090909090909091
0.47826086956521735
0.44067796610169496
0.4615384615384615
0.4
0.5
0.4166666666666667
0.4528301886792453
0.3728813559322034
0.49056603773584906
0.3478260869565218
0.4
0.3404255319148936
0.41860465116279066
0.5555555555555556
0.3404255319148936
0.32142857142857145
0.47457627118644075
0.4827586206896552
0.5357142857142857
0.4210526315789474
0.4090909090909091
0.45833333333333326
0.5357142857142857
0.42553191489361697
0.4838709677419355
0.4
0.46808510638297873
0.5245901639344263
0.4727272727272728
0.5714285714285714
0.45161290322580644
0.5263157894736842
0.4444444444444445
0.38596491228070173
0.4918032786885246
0.4528301886792453
0.42857142857142855
0.43333333333333335
0.36666666666666664
0.5531914893617021
0.5357142857142857
0.41509433962264153
0.4117647058823529
0.4814814814814815
0.46808510638297873
0.4313725490196078
0.4444444444444445
0.4
0.4166666666666667
0.4666666666666667
0.41509433962264153
0.47457627118644075
0.43999999999999995
0.4081632653061224
0.3478260869565218
0.3571428571428571
0.43902439024390244
0.456140350877193
0.3555555555555555
0.5306122448979592
0.41509433962264153
0.48
0.46808510638297873
0.38596491228070173
0.4482758620689655
0.3571428571428571
0.4727272727272728
0.509090909090909
0.47058823529411764
0.44067796610169496
0.43333333333333335
0.5
0.5199999999999999
0.4081632653061224
0.42857142857142855
0.46808510638297873
0.4
0.39215686274509803
0.4411764705882353
0.4137931034482759
0.2978723404255319
0.4615384615384615
0.456140350877193
0.4
0.4166666666666667
0.4081632653061224
0.4897959183673469
0.3673469387755102
0.4888888888888889
0.47826086956521735
0.4210526315789474
0.4897959183673469
0.3928571428571428
0.39215686274509803
0.423076923076923
0.5531914893617021
0.5098039215686274
0.4363636363636364
0.4166666666666667
0.4081632653061224
0.5
0.46808510638297873
0.4666666666666667
0.4615384615384615
0.3773584905660377
0.4
0.34615384615384615
0.3928571428571428
0.3555555555555555
0.509090909090909
0.5
0.42857142857142855
0.456140350877193
0.3773584905660377
0.4545454545454545
0.4897959183673469
0.43999999999999995
0.5199999999999999
0.41509433962264153
0.5333333333333333
0.42553191489361697
0.3103448275862069
0.5614035087719299
0.4482758620689655
0.3137254901960784
0.3846153846153846
0.5
0.42553191489361697
0.41509433962264153
0.5357142857142857
0.3448275862068965
0.41860465116279066
0.4444444444444445
0.5
0.4444444444444445
0.41509433962264153
0.47826086956521735
0.5333333333333333
0.34615384615384615
0.5098039215686274
0.39215686274509803
0.44897959183673464
0.4444444444444445
0.5
0.4313725490196078
0.47457627118644075
0.39215686274509803
0.4642857142857143
0.3846153846153846
0.44897959183673464
0.3673469387755102
0.47058823529411764
0.4
0.38596491228070173
0.43478260869565216
0.47058823529411764
0.4444444444444444
0.3508771929824561
0.4166666666666667
0.42553191489361697
0.44067796610169496
0.4827586206896552
0.4137931034482759
0.2962962962962963
0.4262295081967213
0.47457627118644075
0.4081632653061224
0.4912280701754386
0.3043478260869565
0.36000000000000004
0.45833333333333326
0.4888888888888889
0.4
0.4615384615384615
0.5454545454545455
0.43333333333333335
0.4444444444444444
0.4074074074074074
0.5217391304347827
0.4727272727272728
0.4897959183673469
0.42857142857142855
0.47058823529411764
0.4000000000000001
0.3673469387755102
0.44067796610169496
0.4137931034482759
0.4313725490196078
0.5263157894736842
0.4
0.4313725490196078
0.45833333333333326
0.30769230769230765
0.43999999999999995
0.47058823529411764
0.3902439024390244
0.4528301886792453
0.45454545454545453
0.507936507936508
0.5098039215686274
0.3404255319148936
0.47058823529411764
0.3673469387755102
0.35
0.4666666666666667
0.4727272727272728
0.4313725490196078
0.4642857142857143
0.47457627118644075
0.423076923076923
0.2909090909090909
0.3728813559322034
0.36000000000000004
0.4528301886792453
0.43999999999999995
0.5098039215686274
0.44897959183673464
0.5283018867924527
0.3809523809523809
0.3404255319148936
0.47457627118644075
0.47826086956521735
0.5098039215686274
0.47058823529411764
0.48
0.3673469387755102
0.43999999999999995
0.4482758620689655
0.3793103448275862
0.3043478260869565
0.38596491228070173
0.456140350877193
0.4642857142857143
0.5098039215686274
0.5263157894736842
0.36000000000000004
0.45833333333333326
0.5098039215686274
0.5454545454545454
0.4642857142857143
0.5
0.3773584905660377
0.4545454545454545
0.4666666666666667
0.47826086956521735
0.39215686274509803
0.4
0.509090909090909
0.5517241379310344
0.4545454545454545
0.509090909090909
0.43478260869565216
0.4074074074074074
0.44067796610169496
0.43999999999999995
0.42857142857142855
0.456140350877193
0.4
