0.7548611111111111
0.7063888888888888
0.7279166666666667
0.7079166666666666
0.7191666666666667
0.7141666666666667
0.7472222222222222
0.74375
0.7480555555555556
0.7225
0.7004166666666667
0.7220833333333334
0.7508333333333335
0.6858333333333333
0.7044444444444445
0.72875
0.6684722222222222
0.6959722222222222
0.762638888888889
0.7825000000000001
0.7147222222222223
0.7166666666666667
0.7143055555555555
0.7252777777777779
0.7093055555555555
0.7375
0.7902777777777777
0.6576388888888889
0.690138888888889
0.7302777777777779
0.7180555555555556
0.6690277777777779
0.7156944444444444
0.7425
0.7323611111111112
0.7354166666666667
0.7154166666666666
0.7197222222222223
0.7866666666666668
0.7666666666666667
0.6820833333333334
0.7008333333333334
0.6659722222222223
0.7179166666666666
0.7181944444444445
0.7534722222222221
0.7238888888888889
0.7294444444444446
0.695
0.7536111111111111
0.6741666666666667
0.7069444444444445
0.701111111111111
0.7590277777777777
0.7550000000000001
0.7225
0.7259722222222222
0.6945833333333334
0.6961111111111111
0.7488888888888888
0.7094444444444443
0.6988888888888889
0.7620833333333333
0.6990277777777778
0.7238888888888889
0.7580555555555556
0.7452777777777778
0.6644444444444444
0.7438888888888889
0.7144444444444444
0.6752777777777779
0.7415277777777778
0.6813888888888889
0.64625
0.695138888888889
0.7018055555555556
0.7338888888888889
0.7022222222222223
0.7097222222222221
0.7104166666666667
0.7811111111111111
0.7627777777777779
0.6986111111111112
0.7197222222222223
0.7077777777777777
0.6891666666666667
0.7231944444444445
0.6990277777777778
0.7784722222222222
0.7494444444444445
0.7258333333333334
0.8036111111111113
0.6722222222222222
0.6977777777777777
0.6919444444444445
0.6973611111111111
0.7227777777777777
0.7258333333333333
0.6854166666666666
0.6702777777777778
0.6983333333333333
0.7502777777777778
0.7538888888888888
0.6877777777777777
0.7319444444444445
0.7780555555555556
0.7036111111111111
0.6918055555555556
0.7297222222222223
0.7750000000000001
0.7027777777777778
0.7627777777777778
0.6727777777777778
0.6938888888888889
0.7386111111111111
0.7686111111111111
0.7798611111111111
0.7055555555555556
0.7465277777777778
0.7005555555555555
0.6902777777777778
0.7088888888888889
0.7148611111111112
0.6740277777777778
0.7468055555555557
0.7319444444444444
0.7445833333333334
0.6836111111111111
0.7375
0.7055555555555556
0.6990277777777778
0.7087500000000001
0.6934722222222222
0.6673611111111111
0.7343055555555554
0.7341666666666666
0.7386111111111111
0.6648611111111111
0.7933333333333334
0.7668055555555555
0.7869444444444446
0.7140277777777778
0.6833333333333335
0.6923611111111111
0.7331944444444445
0.7350000000000001
0.7523611111111111
0.6541666666666667
0.7151388888888889
0.7575000000000001
0.7274999999999999
0.7430555555555556
0.685
0.7002777777777778
0.6888888888888889
0.7752777777777777
0.7368055555555555
0.7522222222222223
0.6933333333333334
0.7475
0.7881944444444445
0.7029166666666666
0.7198611111111111
0.7241666666666667
0.6694444444444445
0.7105555555555556
0.7126388888888889
0.6808333333333334
0.7340277777777778
0.7079166666666666
0.7545833333333334
0.7466666666666667
0.7027777777777778
0.7611111111111112
0.7095833333333332
0.7161111111111111
0.6558333333333333
0.7536111111111111
0.6859722222222222
0.7316666666666667
0.6936111111111112
0.7204166666666666
0.7490277777777777
0.72375
0.7047222222222221
0.7366666666666667
0.7429166666666667
0.7265277777777778
0.6891666666666667
0.6577777777777778
0.7472222222222223
0.6519444444444444
0.6661111111111111
0.7008333333333333
0.7023611111111111
0.6518055555555555
0.7576388888888889
0.76
0.7145833333333332
0.7116666666666667
0.7533333333333333
0.77
0.7144444444444444
0.6984722222222223
0.732361111111111
0.7172222222222222
0.7486111111111111
0.7368055555555556
0.7641666666666667
0.7112499999999999
0.762638888888889
0.6766666666666666
0.7736111111111111
0.6669444444444445
0.7047222222222222
0.6788888888888889
0.7568055555555555
0.7202777777777778
0.7424999999999999
0.7418055555555555
0.7493055555555554
0.6956944444444444
0.7490277777777777
0.7274999999999999
0.7468055555555556
0.7181944444444445
0.7170833333333332
0.7280555555555555
0.6666666666666666
0.7033333333333334
0.7505555555555556
0.72125
0.7131944444444445
0.745
0.6677777777777777
0.7370833333333333
0.7262500000000001
0.7086111111111112
0.7245833333333335
0.7076388888888889
0.68875
0.7619444444444444
0.7636111111111111
0.7033333333333334
0.7109722222222222
0.7175
0.7418055555555556
0.7361111111111112
0.7122222222222222
0.6322222222222222
0.71
0.6856944444444445
0.6729166666666667
0.655
0.7458333333333333
0.7208333333333333
0.7297222222222223
0.6711111111111111
0.6780555555555555
0.6905555555555555
0.7758333333333334
0.6866666666666668
0.76625
0.7569444444444444
0.6833333333333333
0.7283333333333334
0.7156944444444445
0.7188888888888889
0.7308333333333333
0.7529166666666667
0.7620833333333333
0.7394444444444445
0.71125
0.7140277777777779
0.6919444444444445
0.6948611111111112
0.7359722222222222
0.7695833333333334
0.7052777777777778
0.7279166666666667
0.6827777777777778
0.7094444444444444
0.7611111111111112
0.7315277777777778
0.6804166666666667
0.6933333333333334
0.7011111111111112
0.6968055555555555
0.6886111111111111
0.7294444444444445
0.7479166666666668
0.6998611111111112
0.6933333333333332
0.7483333333333333
0.6897222222222222
0.7313888888888889
0.773888888888889
0.7359722222222222
0.7438888888888889
0.6597222222222223
0.772361111111111
0.7773611111111112
0.7120833333333333
0.6806944444444444
0.7302777777777777
0.7461111111111112
0.7125
0.7218055555555556
0.7115277777777778
0.7358333333333333
0.7427777777777779
0.7065277777777778
0.7452777777777778
0.7452777777777777
0.7751388888888889
0.7043055555555556
0.6887500000000001
0.7472222222222222
0.685138888888889
0.7169444444444445
0.6684722222222222
0.7497222222222223
0.7568055555555555
0.7261111111111112
0.6966666666666668
0.7191666666666667
0.7433333333333333
0.7452777777777778
0.6841666666666667
0.6961111111111111
0.6973611111111111
0.711111111111111
0.6855555555555556
0.7204166666666667
0.710138888888889
0.7508333333333334
0.7206944444444444
0.7502777777777779
0.7184722222222222
0.713611111111111
0.7618055555555556
0.7133333333333334
0.7465277777777778
0.6916666666666667
0.7081944444444445
0.6913888888888888
0.7390277777777778
0.6802777777777778
0.6991666666666667
0.7297222222222222
0.7273611111111111
0.7472222222222223
0.7409722222222224
0.7145833333333333
0.705
0.68625
0.7208333333333333
0.6979166666666666
0.72125
0.803611111111111
0.6784722222222221
0.7613888888888889
0.7011111111111111
0.7276388888888888
0.7702777777777778
0.7340277777777777
0.7365277777777778
0.6784722222222223
0.6958333333333334
0.6370833333333333
0.7161111111111111
0.7466666666666667
0.66
0.7188888888888889
0.6647222222222223
0.7138888888888889
0.6763888888888889
0.8158333333333332
0.7247222222222223
0.74
0.7211111111111111
0.7593055555555556
0.70125
0.6972222222222222
0.7197222222222223
0.7368055555555556
0.7319444444444444
0.7972222222222223
0.7379166666666667
0.7047222222222221
0.7197222222222223
0.70375
0.7016666666666667
0.768611111111111
0.7452777777777778
0.7202777777777778
0.7209722222222222
0.7820833333333334
0.7044444444444445
0.6963888888888888
0.7447222222222223
0.6711111111111111
0.6901388888888889
0.6931944444444444
0.6866666666666666
0.7363888888888889
0.7022222222222223
0.6798611111111111
0.7240277777777778
0.7093055555555556
0.7266666666666667
0.7047222222222221
0.7626388888888889
0.706388888888889
0.6827777777777777
0.7277777777777777
0.7305555555555555
0.7084722222222223
0.7461111111111111
0.7308333333333333
0.8009722222222222
0.7561111111111112
0.7533333333333333
0.6775
0.7372222222222222
0.6791666666666667
0.6708333333333334
0.7147222222222223
0.6794444444444443
0.7184722222222222
0.7530555555555555
0.6873611111111111
0.7236111111111111
0.745
0.7011111111111111
0.7615277777777778
0.7505555555555556
0.7461111111111112
0.7163888888888889
0.7023611111111111
0.7148611111111111
0.7616666666666668
0.6795833333333333
0.6879166666666666
0.7119444444444445
0.7483333333333334
0.7279166666666667
0.6920833333333334
0.741111111111111
0.6990277777777778
0.7536111111111111
0.6747222222222222
0.7190277777777778
0.7252777777777777
0.7266666666666667
0.7291666666666666
0.7444444444444445
0.7356944444444444
0.7269444444444444
0.7011111111111112
0.7425
0.7275
0.7176388888888888
0.7238888888888889
0.7722222222222223
0.7430555555555555
0.7369444444444445
0.7152777777777778
0.6675
0.7559722222222223
0.6879166666666666
0.6705555555555556
0.6729166666666667
0.7352777777777777
0.7479166666666667
0.7525000000000001
0.7266666666666667
0.6995833333333332
0.7459722222222223
0.7474999999999999
0.7461111111111111
0.673611111111111
0.7168055555555556
0.7251388888888888
0.6752777777777778
0.7080555555555555
0.7186111111111112
0.7056944444444445
0.7377777777777779
0.7320833333333333
0.7380555555555555
0.7655555555555557
0.7401388888888889
0.7323611111111111
0.7106944444444445
0.6622222222222222
0.7397222222222223
0.7319444444444445
0.7236111111111112
0.6793055555555554
