0.5531914893617021
0.608695652173913
0.5106382978723405
0.5333333333333333
0.5283018867924527
0.6071428571428571
0.6666666666666666
0.5199999999999999
0.5454545454545454
0.5833333333333334
0.653061224489796
0.576923076923077
0.5217391304347827
0.45901639344262296
0.6415094339622641
0.6538461538461539
0.6031746031746033
0.5098039215686274
0.5199999999999999
0.5199999999999999
0.4067796610169491
0.608695652173913
0.6122448979591837
0.5925925925925926
0.5263157894736842
0.5555555555555556
0.5
0.5531914893617021
0.6153846153846153
0.5714285714285714
0.5714285714285714
0.5333333333333333
0.5199999999999999
0.5384615384615385
0.5
0.6666666666666667
0.49056603773584906
0.6037735849056605
0.5416666666666666
0.509090909090909
0.4897959183673469
0.4
0.5652173913043479
0.5714285714285714
0.6071428571428571
0.47058823529411764
0.5333333333333333
0.625
0.5625
0.5490196078431373
0.3478260869565218
0.5833333333333334
0.6808510638297872
0.4262295081967213
0.5490196078431373
0.6415094339622641
0.6666666666666667
0.5901639344262295
0.6122448979591837
0.5490196078431373
0.6122448979591837
0.588235294117647
0.46808510638297873
0.3902439024390244
0.653061224489796
0.4651162790697674
0.6666666666666667
0.625
0.5357142857142857
0.509090909090909
0.5652173913043479
0.6296296296296297
0.588235294117647
0.5423728813559322
0.509090909090909
0.5306122448979592
0.5306122448979592
0.625
0.5384615384615385
0.6296296296296297
0.5306122448979592
0.3404255319148936
0.4081632653061224
0.43999999999999995
0.4074074074074074
0.4
0.608695652173913
0.588235294117647
0.6071428571428571
0.5531914893617021
0.43902439024390244
0.6792452830188679
0.6545454545454547
0.625
0.4285714285714285
0.6122448979591837
0.6956521739130436
0.8
0.4528301886792453
0.5555555555555556
0.625
0.6122448979591837
0.4545454545454545
0.608695652173913
0.6785714285714285
0.5306122448979592
0.5
0.576923076923077
0.6415094339622641
0.47826086956521735
0.44897959183673464
0.5573770491803278
0.5964912280701755
0.5909090909090909
0.4615384615384615
0.6333333333333333
0.5333333333333333
0.5384615384615385
0.5185185185185186
0.5
0.42553191489361697
0.5
0.64
0.43478260869565216
0.6666666666666667
0.4545454545454545
0.4615384615384615
0.6923076923076923
0.5333333333333333
0.5490196078431373
0.5555555555555556
0.6
0.6122448979591837
0.4888888888888889
0.5777777777777778
0.4651162790697674
0.5862068965517241
0.5
0.4727272727272728
0.6545454545454547
0.5454545454545454
0.6
0.4545454545454545
0.6101694915254238
0.5833333333333334
0.64
0.4482758620689655
0.3673469387755102
0.5970149253731343
0.5818181818181818
0.631578947368421
0.46808510638297873
0.5777777777777778
0.5777777777777778
0.5614035087719299
0.48
0.5957446808510638
0.75
0.5106382978723405
0.6122448979591837
0.64
0.5957446808510638
0.6122448979591837
0.5777777777777778
0.6153846153846153
0.5777777777777778
0.5777777777777778
0.4878048780487804
0.43478260869565216
0.6349206349206349
0.5217391304347827
0.3555555555555555
0.41860465116279066
0.588235294117647
0.56
0.56
0.4545454545454545
0.7037037037037038
0.6938775510204083
0.5333333333333333
0.5777777777777778
0.6296296296296297
0.41509433962264153
0.4888888888888889
0.6666666666666666
0.5185185185185186
0.6521739130434783
0.47826086956521735
0.5777777777777778
0.6538461538461539
0.5555555555555556
0.4444444444444444
0.576923076923077
0.5714285714285713
0.5777777777777778
0.33333333333333326
0.6037735849056605
0.5106382978723405
0.5806451612903225
0.5957446808510638
0.5660377358490566
0.6808510638297872
0.5660377358490566
0.5098039215686274
0.4166666666666667
0.5306122448979592
0.5652173913043479
0.5
0.6101694915254238
0.5423728813559322
0.46808510638297873
0.6296296296296297
0.576923076923077
0.4137931034482759
0.5106382978723405
0.41509433962264153
0.5714285714285715
0.5384615384615385
0.625
0.4897959183673469
0.5714285714285714
0.5199999999999999
0.6153846153846153
0.6909090909090909
0.5833333333333334
0.608695652173913
0.42553191489361697
0.4888888888888889
0.6923076923076923
0.47058823529411764
0.6785714285714285
0.4081632653061224
0.6938775510204083
0.5
0.5428571428571427
0.6122448979591837
0.5333333333333333
0.5
0.4545454545454545
0.5199999999999999
0.4888888888888889
0.3673469387755102
0.6923076923076923
0.48
0.7058823529411764
0.5238095238095238
0.6153846153846153
0.3913043478260869
0.4615384615384615
0.5283018867924527
0.4545454545454545
0.5416666666666666
0.47826086956521735
0.7169811320754716
0.56
0.5384615384615385
0.4
0.5454545454545454
0.5
0.509090909090909
0.6666666666666667
0.6363636363636364
0.6538461538461539
0.56
0.6
0.576923076923077
0.5217391304347827
0.6
0.45833333333333326
0.4888888888888889
0.6122448979591837
0.5777777777777778
0.5490196078431373
0.6666666666666666
0.5964912280701755
0.68
0.5777777777777778
0.6274509803921569
0.5106382978723405
0.4897959183673469
0.6122448979591837
0.41860465116279066
0.5217391304347826
0.42553191489361697
0.5833333333333334
0.4615384615384615
0.6808510638297872
0.6153846153846153
0.64
0.5957446808510638
0.3673469387755102
0.5833333333333334
0.5964912280701755
0.6382978723404256
0.6153846153846153
0.6274509803921569
0.5531914893617021
0.4444444444444444
0.5925925925925926
0.44897959183673464
0.5490196078431373
0.36363636363636365
0.6521739130434783
0.6792452830188679
0.4888888888888889
0.4888888888888889
0.6222222222222223
0.56
0.5106382978723405
0.625
0.653061224489796
0.5283018867924527
0.4444444444444445
0.35897435897435903
0.4166666666666667
0.44897959183673464
0.5306122448979592
0.4897959183673469
0.28571428571428575
0.46808510638297873
0.6129032258064516
0.4666666666666667
0.5106382978723405
0.6923076923076923
0.6
0.43999999999999995
0.5454545454545455
0.44897959183673464
0.608695652173913
0.5384615384615385
0.45833333333333326
0.4888888888888889
0.5
0.47826086956521735
0.3829787234042553
0.5714285714285714
0.5333333333333333
0.5777777777777778
0.588235294117647
0.45000000000000007
0.5957446808510638
0.5588235294117647
0.5555555555555556
0.3181818181818182
0.45833333333333326
0.6666666666666667
0.5306122448979592
0.6181818181818183
0.5106382978723405
0.43478260869565216
0.5106382978723405
0.6382978723404256
0.6538461538461539
0.2439024390243902
0.44897959183673464
0.608695652173913
0.47058823529411764
0.43478260869565216
0.4081632653061224
0.5333333333333333
0.56
0.5909090909090909
0.4090909090909091
0.4897959183673469
0.5652173913043479
0.6666666666666665
0.5217391304347827
0.326530612244898
0.711864406779661
0.5925925925925926
0.47058823529411764
0.6666666666666666
0.5833333333333334
0.6296296296296297
0.4285714285714285
0.6181818181818183
0.5384615384615385
0.5098039215686274
0.5106382978723405
0.64
0.6909090909090909
0.6
0.5306122448979592
0.5238095238095238
0.5
0.5283018867924527
0.5660377358490566
0.56
0.6206896551724138
0.6122448979591837
0.5384615384615385
0.6666666666666665
0.6181818181818183
0.6808510638297872
0.5555555555555556
0.4912280701754386
0.6274509803921569
0.5531914893617021
0.6274509803921569
0.6440677966101694
0.509090909090909
0.47826086956521735
0.5
0.6122448979591837
0.48
0.5217391304347827
0.5423728813559322
0.5283018867924527
0.4444444444444444
0.5517241379310344
0.6037735849056605
0.5098039215686274
0.5490196078431373
0.5833333333333334
0.4090909090909091
0.6
0.509090909090909
0.6415094339622641
0.6666666666666666
0.6274509803921569
0.5416666666666666
0.5
0.653061224489796
0.5106382978723405
0.6382978723404256
0.5416666666666666
0.5490196078431373
0.56
0.5777777777777778
0.6181818181818183
0.41860465116279066
0.48
0.5283018867924527
0.5306122448979592
0.6274509803921569
0.5714285714285715
0.5306122448979592
0.5306122448979592
0.5901639344262295
0.5454545454545455
0.7058823529411764
0.6666666666666666
0.5
0.608695652173913
0.6
0.5555555555555556
0.5652173913043479
0.29268292682926833
0.7301587301587302
0.6153846153846153
0.5666666666666667
0.4888888888888889
0.5970149253731343
0.4897959183673469
0.6666666666666666
0.45000000000000007
0.5714285714285714
0.5199999999999999
0.45833333333333326
0.45833333333333326
0.5
0.5714285714285714
0.5490196078431373
0.5517241379310344
0.5263157894736842
0.4545454545454545
0.5384615384615385
0.6122448979591837
0.625
0.6122448979591837
0.4651162790697674
0.64
0.5098039215686274
0.5818181818181818
0.6296296296296297
0.4897959183673469
0.5416666666666666
0.6122448979591837
0.6785714285714285
0.5106382978723405
0.5217391304347827
0.5199999999999999
0.5714285714285714
0.5
0.3902439024390244
0.6296296296296297
0.4651162790697674
0.5777777777777778
0.6153846153846153
0.4
0.576923076923077
0.5652173913043479
0.625
0.5
0.5517241379310344
0.6
0.43902439024390244
0.53125
0.6956521739130436
0.5416666666666666
