0.19166666666666668
0.175
0.16666666666666666
0.20833333333333334
0.2
0.125
0.23333333333333334
0.14166666666666666
0.14166666666666666
0.25833333333333336
0.2
0.2
0.24166666666666667
0.23333333333333334
0.25
0.25833333333333336
0.19166666666666668
0.21666666666666667
0.175
0.275
0.19166666666666668
0.2
0.24166666666666667
0.225
0.175
0.26666666666666666
0.2
0.15
0.2
0.2
0.13333333333333333
0.20833333333333334
0.20833333333333334
0.21666666666666667
0.16666666666666666
0.25
0.18333333333333332
0.20833333333333334
0.175
0.16666666666666666
0.20833333333333334
0.175
0.20833333333333334
0.2
0.13333333333333333
0.20833333333333334
0.25
0.19166666666666668
0.14166666666666666
0.2
0.2
0.19166666666666668
0.2
0.25833333333333336
0.25
0.16666666666666666
0.24166666666666667
0.275
0.20833333333333334
0.2
0.16666666666666666
0.25
0.14166666666666666
0.18333333333333332
0.13333333333333333
0.21666666666666667
0.2
0.225
0.11666666666666667
0.2
0.2
0.20833333333333334
0.2916666666666667
0.2
0.25833333333333336
0.25833333333333336
0.25833333333333336
0.21666666666666667
0.2
0.13333333333333333
0.20833333333333334
0.2
0.21666666666666667
0.13333333333333333
0.24166666666666667
0.2
0.16666666666666666
0.24166666666666667
0.24166666666666667
0.20833333333333334
0.11666666666666667
0.21666666666666667
0.21666666666666667
0.15833333333333333
0.24166666666666667
0.225
0.15
0.3
0.1
0.14166666666666666
0.15833333333333333
0.19166666666666668
0.2
0.2
0.225
0.19166666666666668
0.2
0.16666666666666666
0.25833333333333336
0.19166666666666668
0.18333333333333332
0.175
0.275
0.19166666666666668
0.225
0.25
0.19166666666666668
0.15
0.175
0.16666666666666666
0.21666666666666667
0.175
0.23333333333333334
0.21666666666666667
0.19166666666666668
0.20833333333333334
0.225
0.23333333333333334
0.175
0.20833333333333334
0.25
0.15
0.20833333333333334
0.225
0.23333333333333334
0.225
0.125
0.15
0.225
0.25
0.20833333333333334
0.16666666666666666
0.19166666666666668
0.175
0.20833333333333334
0.21666666666666667
0.15833333333333333
0.19166666666666668
0.20833333333333334
0.15833333333333333
0.18333333333333332
0.18333333333333332
0.13333333333333333
0.15833333333333333
0.23333333333333334
0.19166666666666668
0.275
0.20833333333333334
0.21666666666666667
0.25833333333333336
0.225
0.20833333333333334
0.18333333333333332
0.18333333333333332
0.16666666666666666
0.2
0.15833333333333333
0.2
0.21666666666666667
0.20833333333333334
0.15833333333333333
0.19166666666666668
0.225
0.23333333333333334
0.18333333333333332
0.23333333333333334
0.15
0.13333333333333333
0.225
0.21666666666666667
0.2
0.19166666666666668
0.19166666666666668
0.175
0.2916666666666667
0.175
0.2
0.21666666666666667
0.24166666666666667
0.20833333333333334
0.26666666666666666
0.2
0.15833333333333333
0.21666666666666667
0.18333333333333332
0.24166666666666667
0.23333333333333334
0.11666666666666667
0.15833333333333333
0.26666666666666666
0.225
0.2
0.21666666666666667
0.175
0.15
0.20833333333333334
0.15833333333333333
0.23333333333333334
0.225
0.21666666666666667
0.26666666666666666
0.20833333333333334
0.19166666666666668
0.2
0.20833333333333334
0.24166666666666667
0.2833333333333333
0.21666666666666667
0.225
0.225
0.25833333333333336
0.1
0.16666666666666666
0.20833333333333334
0.2833333333333333
0.20833333333333334
0.175
0.25833333333333336
0.225
0.2
0.20833333333333334
0.2
0.25833333333333336
0.26666666666666666
0.175
0.19166666666666668
0.16666666666666666
0.21666666666666667
0.24166666666666667
0.25833333333333336
0.20833333333333334
0.20833333333333334
0.275
0.2916666666666667
0.15833333333333333
0.24166666666666667
0.21666666666666667
0.15833333333333333
0.19166666666666668
0.23333333333333334
0.18333333333333332
0.14166666666666666
0.2
0.13333333333333333
0.23333333333333334
0.21666666666666667
0.25
0.19166666666666668
0.21666666666666667
0.24166666666666667
0.16666666666666666
0.225
0.2
0.225
0.175
0.14166666666666666
0.25
0.3
0.225
0.24166666666666667
0.13333333333333333
0.225
0.175
0.19166666666666668
0.24166666666666667
0.225
0.2
0.10833333333333334
0.18333333333333332
0.23333333333333334
0.2916666666666667
0.2
0.15
0.18333333333333332
0.21666666666666667
0.16666666666666666
0.21666666666666667
0.24166666666666667
0.21666666666666667
0.19166666666666668
0.25
0.21666666666666667
0.16666666666666666
0.16666666666666666
0.15
0.21666666666666667
0.23333333333333334
0.25
0.20833333333333334
0.25
0.23333333333333334
0.21666666666666667
0.13333333333333333
0.175
0.25833333333333336
0.2
0.21666666666666667
0.23333333333333334
0.175
0.2
0.25833333333333336
0.15
0.25
0.18333333333333332
0.18333333333333332
0.175
0.2
0.19166666666666668
0.18333333333333332
0.20833333333333334
0.21666666666666667
0.18333333333333332
0.15833333333333333
0.14166666666666666
0.18333333333333332
0.21666666666666667
0.21666666666666667
0.20833333333333334
0.19166666666666668
0.21666666666666667
0.18333333333333332
0.21666666666666667
0.19166666666666668
0.175
0.16666666666666666
0.21666666666666667
0.23333333333333334
0.19166666666666668
0.225
0.23333333333333334
0.16666666666666666
0.2
0.16666666666666666
0.15833333333333333
0.23333333333333334
0.20833333333333334
0.25833333333333336
0.25833333333333336
0.24166666666666667
0.175
0.23333333333333334
0.21666666666666667
0.18333333333333332
0.18333333333333332
0.2
0.21666666666666667
0.15833333333333333
0.2833333333333333
0.25833333333333336
0.21666666666666667
0.25
0.20833333333333334
0.19166666666666668
0.18333333333333332
0.24166666666666667
0.2
0.18333333333333332
0.19166666666666668
0.25
0.225
0.16666666666666666
0.225
0.19166666666666668
0.15833333333333333
0.15
0.15833333333333333
0.225
0.19166666666666668
0.175
0.225
0.19166666666666668
0.225
0.175
0.15
0.19166666666666668
0.15833333333333333
0.25833333333333336
0.175
0.225
0.24166666666666667
0.15
0.21666666666666667
0.19166666666666668
0.11666666666666667
0.2
0.16666666666666666
0.1
0.25833333333333336
0.15833333333333333
0.26666666666666666
0.225
0.2
0.19166666666666668
0.20833333333333334
0.18333333333333332
0.18333333333333332
0.20833333333333334
0.24166666666666667
0.19166666666666668
0.14166666666666666
0.225
0.18333333333333332
0.21666666666666667
0.175
0.15
0.19166666666666668
0.20833333333333334
0.125
0.14166666666666666
0.18333333333333332
0.19166666666666668
0.175
0.21666666666666667
0.175
0.175
0.14166666666666666
0.275
0.2
0.2833333333333333
0.26666666666666666
0.20833333333333334
0.23333333333333334
0.15
0.19166666666666668
0.225
0.19166666666666668
0.18333333333333332
0.2
0.18333333333333332
0.14166666666666666
0.20833333333333334
0.14166666666666666
0.20833333333333334
0.14166666666666666
0.175
0.25833333333333336
0.175
0.2
0.16666666666666666
0.16666666666666666
0.175
0.2916666666666667
0.275
0.175
0.2
0.19166666666666668
0.2
0.19166666666666668
0.15833333333333333
0.24166666666666667
0.175
0.18333333333333332
0.16666666666666666
0.24166666666666667
0.175
0.23333333333333334
0.13333333333333333
0.225
0.175
0.20833333333333334
0.2
0.175
0.26666666666666666
0.15
0.19166666666666668
0.16666666666666666
0.15
0.14166666666666666
0.225
0.15
0.20833333333333334
0.19166666666666668
0.225
0.21666666666666667
0.21666666666666667
0.21666666666666667
0.19166666666666668
0.16666666666666666
0.15833333333333333
0.23333333333333334
0.15
0.21666666666666667
0.25
0.25833333333333336
0.2
0.2
0.25
0.20833333333333334
0.18333333333333332
0.2
