0.25806451612903225
0.2413793103448276
0.2692307692307692
0.25806451612903225
0.21428571428571427
0.20833333333333334
0.19047619047619047
0.26666666666666666
0.2413793103448276
0.2857142857142857
0.19047619047619047
0.17142857142857143
0.28
0.2608695652173913
0.21621621621621623
0.18181818181818182
0.1794871794871795
0.1388888888888889
0.2608695652173913
0.20833333333333334
0.1724137931034483
0.034482758620689655
0.2903225806451613
0.2972972972972973
0.18421052631578946
0.2222222222222222
0.2608695652173913
0.34782608695652173
0.23529411764705882
0.14814814814814814
0.12903225806451613
0.20689655172413793
0.25
0.12903225806451613
0.25806451612903225
0.17857142857142858
0.25
0.19444444444444445
0.23076923076923078
0.23333333333333334
0.1935483870967742
0.22727272727272727
0.22580645161290322
0.2692307692307692
0.3125
0.24242424242424243
0.21212121212121213
0.2647058823529412
0.16129032258064516
0.25925925925925924
0.15384615384615385
0.20833333333333334
0.25925925925925924
0.1111111111111111
0.3333333333333333
0.15384615384615385
0.21621621621621623
0.2571428571428571
0.25925925925925924
0.20689655172413793
0.2647058823529412
0.2
0.25
0.3
0.23684210526315788
0.17857142857142858
0.1282051282051282
0.21428571428571427
0.23333333333333334
0.2962962962962963
0.2564102564102564
0.24242424242424243
0.23076923076923078
0.21739130434782608
0.1875
0.20689655172413793
0.25
0.25925925925925924
0.17857142857142858
0.17142857142857143
0.15151515151515152
0.25
0.3103448275862069
0.3333333333333333
0.17857142857142858
0.21739130434782608
0.2682926829268293
0.17391304347826086
0.2
0.16129032258064516
0.2
0.3333333333333333
0.15
0.23333333333333334
0.029411764705882353
0.125
0.2692307692307692
0.18518518518518517
0.15789473684210525
0.25
0.23529411764705882
0.21739130434782608
0.10714285714285714
0.20689655172413793
0.2222222222222222
0.10526315789473684
0.15151515151515152
0.22857142857142856
0.2727272727272727
0.13793103448275862
0.2
0.24242424242424243
0.23076923076923078
0.25
0.14285714285714285
0.2571428571428571
0.09090909090909091
0.13333333333333333
0.1935483870967742
0.0
0.3
0.16666666666666666
0.16129032258064516
0.22857142857142856
0.23809523809523808
0.13636363636363635
0.2222222222222222
0.18518518518518517
0.17857142857142858
0.16216216216216217
0.2
0.1891891891891892
0.24
0.16666666666666666
0.12
0.2692307692307692
0.25925925925925924
0.24324324324324326
0.16666666666666666
0.21739130434782608
0.06896551724137931
0.16666666666666666
0.21428571428571427
0.03333333333333333
0.36
0.09090909090909091
0.2222222222222222
0.12903225806451613
0.25
0.20833333333333334
0.2608695652173913
0.16129032258064516
0.20930232558139536
0.28125
0.25806451612903225
0.22857142857142856
0.15625
0.1875
0.16216216216216217
0.1875
0.375
0.2857142857142857
0.17647058823529413
0.16216216216216217
0.08333333333333333
0.2857142857142857
0.2571428571428571
0.19230769230769232
0.19444444444444445
0.09523809523809523
0.17391304347826086
0.21428571428571427
0.21875
0.08695652173913043
0.13636363636363635
0.12903225806451613
0.23333333333333334
0.2857142857142857
0.17142857142857143
0.21052631578947367
0.09375
0.14285714285714285
0.21052631578947367
0.14285714285714285
0.32142857142857145
0.19047619047619047
0.17391304347826086
0.10714285714285714
0.2571428571428571
0.32432432432432434
0.13333333333333333
0.25
0.1
0.18181818181818182
0.16
0.25
0.26666666666666666
0.2413793103448276
0.22580645161290322
0.16216216216216217
0.17142857142857143
0.0967741935483871
0.2702702702702703
0.3
0.26666666666666666
0.2222222222222222
0.21212121212121213
0.21428571428571427
0.24324324324324326
0.2
0.23076923076923078
0.2571428571428571
0.06896551724137931
0.14814814814814814
0.18518518518518517
0.2727272727272727
0.18518518518518517
0.12121212121212122
0.10344827586206896
0.19444444444444445
0.2222222222222222
0.2
0.19230769230769232
0.18181818181818182
0.16666666666666666
0.22580645161290322
0.26666666666666666
0.15151515151515152
0.13333333333333333
0.20833333333333334
0.25
0.22857142857142856
0.25
0.15384615384615385
0.08333333333333333
0.21428571428571427
0.15384615384615385
0.3103448275862069
0.14285714285714285
0.16666666666666666
0.2916666666666667
0.14285714285714285
0.17857142857142858
0.2702702702702703
0.12
0.24242424242424243
0.3076923076923077
0.16216216216216217
0.19444444444444445
0.2
0.14285714285714285
0.22727272727272727
0.2631578947368421
0.2
0.2571428571428571
0.2
0.15384615384615385
0.21052631578947367
0.09090909090909091
0.16216216216216217
0.15384615384615385
0.08823529411764706
0.0625
0.21052631578947367
0.2413793103448276
0.3793103448275862
0.2692307692307692
0.08695652173913043
0.19047619047619047
0.12903225806451613
0.11538461538461539
0.13793103448275862
0.17857142857142858
0.25925925925925924
0.30303030303030304
0.24
0.21052631578947367
0.13333333333333333
0.1875
0.2727272727272727
0.12903225806451613
0.3142857142857143
0.27586206896551724
0.07692307692307693
0.17857142857142858
0.16666666666666666
0.19444444444444445
0.20833333333333334
0.16666666666666666
0.25925925925925924
0.14285714285714285
0.25925925925925924
0.18181818181818182
0.1935483870967742
0.23333333333333334
0.23529411764705882
0.125
0.08695652173913043
0.16666666666666666
0.1935483870967742
0.2
0.125
0.1
0.12121212121212122
0.2
0.23529411764705882
0.3
0.2222222222222222
0.20833333333333334
0.21428571428571427
0.17647058823529413
0.20689655172413793
0.3333333333333333
0.1935483870967742
0.16666666666666666
0.3939393939393939
0.10714285714285714
0.23333333333333334
0.16
0.125
0.19444444444444445
0.25925925925925924
0.25
0.23076923076923078
0.3181818181818182
0.19047619047619047
0.25
0.2647058823529412
0.10714285714285714
0.3076923076923077
0.15151515151515152
0.20588235294117646
0.15
0.18181818181818182
0.18518518518518517
0.1724137931034483
0.25
0.24242424242424243
0.23333333333333334
0.27586206896551724
0.10714285714285714
0.08333333333333333
0.25
0.21875
0.20689655172413793
0.0967741935483871
0.2608695652173913
0.17857142857142858
0.2857142857142857
0.26666666666666666
0.1111111111111111
0.23076923076923078
0.14285714285714285
0.14814814814814814
0.2857142857142857
0.28
0.08823529411764706
0.28125
0.2
0.15789473684210525
0.15625
0.25
0.16666666666666666
0.21739130434782608
0.18518518518518517
0.20689655172413793
0.1111111111111111
0.17647058823529413
0.3333333333333333
0.15384615384615385
0.2727272727272727
0.23809523809523808
0.14285714285714285
0.21212121212121213
0.13636363636363635
0.3076923076923077
0.20588235294117646
0.17647058823529413
0.12121212121212122
0.13333333333333333
0.25
0.24
0.25806451612903225
0.24242424242424243
0.32
0.20588235294117646
0.13793103448275862
0.1388888888888889
0.18181818181818182
0.17857142857142858
0.25
0.22580645161290322
0.3
0.12
0.21875
0.08695652173913043
0.25806451612903225
0.03571428571428571
0.2608695652173913
0.1951219512195122
0.06451612903225806
0.23076923076923078
0.23809523809523808
0.125
0.20588235294117646
0.2222222222222222
0.2916666666666667
0.2222222222222222
0.20833333333333334
0.15
0.23809523809523808
0.22857142857142856
0.03333333333333333
0.2413793103448276
0.11627906976744186
0.23529411764705882
0.2413793103448276
0.2
0.18181818181818182
0.30434782608695654
0.09523809523809523
0.23333333333333334
0.24
0.2571428571428571
0.19230769230769232
0.1
0.16129032258064516
0.14285714285714285
0.16129032258064516
0.18518518518518517
0.21875
0.24242424242424243
0.05263157894736842
0.2916666666666667
0.2692307692307692
0.2413793103448276
0.23684210526315788
0.16216216216216217
0.20512820512820512
0.11764705882352941
0.1875
0.17647058823529413
0.16666666666666666
0.15625
0.23076923076923078
0.225
0.1724137931034483
0.16666666666666666
0.225
0.1875
0.12903225806451613
0.047619047619047616
0.21212121212121213
0.2692307692307692
0.2777777777777778
0.1724137931034483
0.13333333333333333
0.1875
0.25
0.22580645161290322
0.1
0.2857142857142857
0.23809523809523808
0.1
0.15
0.13636363636363635
0.25
0.13333333333333333
0.28
0.23333333333333334
0.19444444444444445
0.25
0.14285714285714285
0.17142857142857143
0.26666666666666666
0.2857142857142857
0.14285714285714285
0.16129032258064516
0.15789473684210525
0.14814814814814814
0.2916666666666667
0.1875
0.25
0.06666666666666667
0.16666666666666666
0.2
0.13043478260869565
0.14285714285714285
0.16129032258064516
0.17857142857142858
0.23684210526315788
0.2647058823529412
0.0625
0.07407407407407407
0.13636363636363635
0.27586206896551724
0.21621621621621623
0.17647058823529413
0.3870967741935484
0.18181818181818182
