0.16129032258064516
0.17543859649122806
0.037037037037037035
0.1904761904761905
0.126984126984127
0.17857142857142855
0.2424242424242424
0.24615384615384614
0.2456140350877193
0.22950819672131148
0.2571428571428572
0.1818181818181818
0.31746031746031744
0.25
0.14285714285714288
0.14925373134328357
0.19354838709677422
0.10344827586206898
0.3225806451612903
0.32352941176470584
0.23880597014925373
0.16393442622950818
0.16949152542372883
0.09523809523809525
0.20338983050847456
0.1904761904761905
0.17647058823529413
0.16666666666666666
0.2153846153846154
0.2711864406779661
0.22222222222222224
0.16393442622950818
0.16129032258064516
0.3636363636363636
0.16666666666666666
0.11538461538461538
0.1923076923076923
0.3272727272727273
0.20000000000000004
0.12903225806451615
0.20000000000000004
0.22580645161290322
0.12
0.2413793103448276
0.253968253968254
0.273972602739726
0.14035087719298248
0.2318840579710145
0.2153846153846154
0.19672131147540983
0.16666666666666666
0.1904761904761905
0.19672131147540983
0.208955223880597
0.03571428571428572
0.03448275862068965
0.17241379310344826
0.16393442622950818
0.13333333333333333
0.29411764705882354
0.15384615384615383
0.15384615384615383
0.32352941176470584
0.3103448275862069
0.22222222222222224
0.28070175438596495
0.3125
0.20833333333333334
0.17857142857142855
0.19672131147540983
0.08
0.07547169811320756
0.3050847457627119
0.16949152542372883
0.2456140350877193
0.16129032258064516
0.1818181818181818
0.20588235294117646
0.21212121212121213
0.17543859649122806
0.1818181818181818
0.16
0.17543859649122806
0.3492063492063492
0.253968253968254
0.07547169811320756
0.22222222222222224
0.19672131147540983
0.20000000000000004
0.17543859649122806
0.14035087719298248
0.15873015873015872
0.12903225806451615
0.21428571428571427
0.19354838709677422
0.06451612903225808
0.3225806451612903
0.14285714285714288
0.28571428571428564
0.16949152542372883
0.2285714285714286
0.4
0.13559322033898305
0.20000000000000004
0.19354838709677422
0.18867924528301885
0.19354838709677422
0.16
0.22222222222222224
0.2777777777777778
0.14545454545454545
0.22950819672131148
0.06666666666666667
0.20833333333333334
0.1818181818181818
0.20689655172413796
0.08695652173913043
0.17543859649122806
0.16666666666666666
0.22950819672131148
0.16949152542372883
0.2318840579710145
0.10000000000000002
0.03448275862068965
0.13114754098360656
0.11320754716981132
0.126984126984127
0.25
0.2456140350877193
0.22580645161290322
0.09677419354838711
0.1791044776119403
0.22950819672131148
0.21874999999999997
0.16129032258064516
0.22950819672131148
0.17241379310344826
0.22580645161290322
0.16129032258064516
0.09523809523809525
0.20338983050847456
0.23728813559322037
0.14545454545454545
0.126984126984127
0.125
0.13333333333333333
0.13114754098360656
0.2181818181818182
0.2153846153846154
0.19672131147540983
0.2711864406779661
0.2318840579710145
0.33898305084745767
0.16949152542372883
0.126984126984127
0.20000000000000004
0.23728813559322037
0.16949152542372883
0.2857142857142857
0.037037037037037035
0.21428571428571427
0.23333333333333334
0.253968253968254
0.2647058823529412
0.16949152542372883
0.17543859649122806
0.2424242424242424
0.14814814814814814
0.37681159420289856
0.0606060606060606
0.20689655172413796
0.14814814814814814
0.20000000000000004
0.126984126984127
0.14814814814814814
0.14035087719298248
0.25
0.28571428571428575
0.10714285714285714
0.10714285714285714
0.125
0.1818181818181818
0.1515151515151515
0.17857142857142855
0.14814814814814814
0.19672131147540983
0.03846153846153846
0.29850746268656714
0.15384615384615383
0.21874999999999997
0.1818181818181818
0.22950819672131148
0.11594202898550725
0.17241379310344826
0.16666666666666666
0.21428571428571427
0.12903225806451615
0.09677419354838711
0.1379310344827586
0.17241379310344826
0.13333333333333333
0.20289855072463772
0.14035087719298248
0.16666666666666666
0.22950819672131148
0.20000000000000004
0.23333333333333334
0.14035087719298248
0.2181818181818182
0.20689655172413796
0.24615384615384614
0.14035087719298248
0.29032258064516125
0.42857142857142855
0.47761194029850745
0.24657534246575347
0.1791044776119403
0.303030303030303
0.14035087719298248
0.13333333333333333
0.16666666666666666
0.1090909090909091
0.16666666666666666
0.22222222222222224
0.20338983050847456
0.16949152542372883
0.25
0.2105263157894737
0.3582089552238806
0.2592592592592593
0.14545454545454545
0.18867924528301885
0.253968253968254
0.19672131147540983
0.2
0.3225806451612903
0.29032258064516125
0.17857142857142855
0.25
0.06451612903225808
0.13114754098360656
0.22222222222222224
0.11320754716981132
0.1818181818181818
0.17241379310344826
0.1818181818181818
0.06779661016949153
0.2647058823529412
0.208955223880597
0.1904761904761905
0.20338983050847456
0.2758620689655172
0.18750000000000003
0.1818181818181818
0.25
0.13114754098360656
0.3103448275862069
0.11320754716981132
0.10526315789473685
0.23728813559322037
0.28571428571428575
0.18750000000000003
0.2727272727272727
0.23880597014925373
0.23728813559322037
0.17857142857142855
0.23333333333333334
0.17647058823529413
0.2040816326530612
0.20689655172413796
0.23076923076923075
0.21428571428571427
0.14035087719298248
0.17543859649122806
0.07017543859649124
0.18750000000000003
0.17391304347826086
0.17543859649122806
0.20000000000000004
0.16666666666666666
0.14545454545454545
0.10169491525423728
0.1818181818181818
0.2580645161290323
0.2105263157894737
0.16393442622950818
0.12
0.20338983050847456
0.15384615384615383
0.20338983050847456
0.3225806451612903
0.2153846153846154
0.2413793103448276
0.22222222222222224
0.21874999999999997
0.21874999999999997
0.20338983050847456
0.3103448275862069
0.22222222222222224
0.33898305084745767
0.29508196721311475
0.14814814814814814
0.17241379310344826
0.16949152542372883
0.13559322033898305
0.20588235294117646
0.17857142857142855
0.22580645161290322
0.23529411764705882
0.17857142857142855
0.18461538461538463
0.2
0.20000000000000004
0.26229508196721313
0.20338983050847456
0.2711864406779661
0.2181818181818182
0.15873015873015872
0.20338983050847456
0.19178082191780824
0.2456140350877193
0.15625
0.23728813559322037
0.3103448275862069
0.26666666666666666
0.16129032258064516
0.2413793103448276
0.16393442622950818
0.07017543859649124
0.16129032258064516
0.2153846153846154
0.29411764705882354
0.16666666666666666
0.24615384615384614
0.125
0.25
0.2592592592592593
0.22950819672131148
0.17857142857142855
0.2647058823529412
0.3103448275862069
0.25
0.17543859649122806
0.09836065573770492
0.253968253968254
0.16666666666666666
0.10714285714285714
0.23333333333333334
0.29508196721311475
0.16949152542372883
0.26086956521739135
0.22950819672131148
0.05970149253731343
0.15873015873015872
0.25
0.3272727272727273
0.19672131147540983
0.2758620689655172
0.14285714285714288
0.2692307692307693
0.16129032258064516
0.17857142857142855
0.23333333333333334
0.30769230769230765
0.17647058823529413
0.16129032258064516
0.33898305084745767
0.2153846153846154
0.2424242424242424
0.16901408450704225
0.3125
0.29032258064516125
0.29850746268656714
0.16393442622950818
0.3728813559322034
0.23880597014925373
0.2608695652173913
0.22222222222222224
0.13114754098360656
0.0851063829787234
0.16393442622950818
0.15384615384615383
0.15384615384615383
0.28070175438596495
0.23880597014925373
0.2647058823529412
0.21874999999999997
0.16393442622950818
0.2424242424242424
0.12903225806451615
0.15625
0.10714285714285714
0.28571428571428575
0.13333333333333333
0.16129032258064516
0.2580645161290323
0.23880597014925373
0.25
0.22580645161290322
0.2181818181818182
0.16666666666666666
0.17543859649122806
0.07272727272727272
0.20000000000000004
0.3333333333333333
0.15384615384615383
0.22580645161290322
0.10526315789473685
0.24
0.10000000000000002
0.09836065573770492
0.16438356164383564
0.26415094339622636
0.3636363636363636
0.33898305084745767
0.1851851851851852
0.30769230769230765
0.16438356164383564
0.17241379310344826
0.21212121212121213
0.2571428571428572
0.33898305084745767
0.11538461538461538
0.22222222222222224
0.14285714285714288
0.26666666666666666
0.14925373134328357
0.1904761904761905
0.36666666666666664
0.22641509433962265
0.4
0.13559322033898305
0.2727272727272727
0.126984126984127
0.22580645161290322
0.13114754098360656
0.14285714285714288
0.14035087719298248
0.22950819672131148
0.29508196721311475
0.17857142857142855
0.15625
0.16129032258064516
0.10714285714285714
0.2545454545454545
0.22950819672131148
0.3548387096774193
0.22641509433962265
0.16901408450704225
0.2424242424242424
0.28125
0.13559322033898305
0.2909090909090909
0.27450980392156865
0.21874999999999997
0.15094339622641512
0.17241379310344826
0.2105263157894737
0.17543859649122806
0.126984126984127
0.14285714285714288
0.12903225806451615
0.20000000000000004
0.17543859649122806
0.21874999999999997
0.17857142857142855
0.10526315789473685
0.13114754098360656
0.29032258064516125
0.19672131147540983
0.20338983050847456
0.17857142857142855
0.13333333333333333
0.22580645161290322
0.1851851851851852
0.20000000000000004
0.09836065573770492
0.17543859649122806
0.13114754098360656
0.2181818181818182
0.16949152542372883
0.2153846153846154
0.20000000000000004
0.09375000000000001
0.28571428571428575
0.2424242424242424
0.13114754098360656
0.14814814814814814
0.16666666666666666
0.10000000000000002
0.15873015873015872
0.2413793103448276
0.208955223880597
0.09677419354838711
0.07017543859649124
0.1791044776119403
0.253968253968254
0.20000000000000004
0.07142857142857144
0.16949152542372883
