0.3356643356643356
0.2818791946308725
0.33898305084745756
0.31578947368421056
0.33557046979865773
0.2857142857142857
0.3529411764705882
0.3170731707317074
0.28965517241379307
0.3255813953488372
0.34722222222222227
0.34375
0.32894736842105265
0.35036496350364965
0.37681159420289856
0.2957746478873239
0.3230769230769231
0.3142857142857143
0.3311258278145695
0.303030303030303
0.3216783216783217
0.2923076923076923
0.32116788321167883
0.29931972789115646
0.30136986301369867
0.2818791946308725
0.32394366197183094
0.3065693430656934
0.3144654088050315
0.36986301369863017
0.34899328859060397
0.36507936507936506
0.32911392405063294
0.32592592592592595
0.3076923076923077
0.2953020134228188
0.3108108108108108
0.2981366459627329
0.29139072847682124
0.3116883116883117
0.32592592592592595
0.30215827338129503
0.31506849315068497
0.3246753246753247
0.326241134751773
0.3356643356643356
0.29166666666666663
0.3142857142857143
0.3404255319148936
0.30136986301369867
0.3287671232876712
0.3384615384615385
0.3129251700680272
0.3333333333333333
0.2945736434108527
0.3382352941176471
0.3116883116883117
0.33599999999999997
0.3181818181818182
0.2818791946308725
0.3466666666666666
0.3172413793103448
0.3636363636363636
0.3246753246753247
0.2953020134228188
0.3253012048192771
0.3066666666666667
0.32116788321167883
0.31788079470198677
0.3125
0.3006535947712418
0.29850746268656714
0.325
0.32835820895522383
0.2957746478873239
0.3333333333333333
0.3055555555555555
0.3055555555555555
0.32857142857142857
0.3055555555555555
0.3404255319148936
0.33103448275862074
0.3188405797101449
0.3478260869565218
0.29166666666666663
0.3164556962025316
0.3037974683544304
0.3188405797101449
0.3076923076923077
0.2773722627737226
0.3309352517985612
0.33103448275862074
0.3037974683544304
0.35211267605633806
0.3170731707317074
0.3007518796992481
0.32679738562091504
0.3165467625899281
0.30894308943089427
0.304635761589404
0.3066666666666667
0.304635761589404
0.3333333333333333
0.3311258278145695
0.3333333333333333
0.3088235294117647
0.3225806451612903
0.3216783216783217
0.3076923076923077
0.2967741935483871
0.35036496350364965
0.3
0.29411764705882354
0.3018867924528302
0.289308176100629
0.2981366459627329
0.29166666666666663
0.28378378378378377
0.2987012987012987
0.33783783783783783
0.3230769230769231
0.34108527131782945
0.326241134751773
0.30136986301369867
0.32214765100671144
0.35211267605633806
0.3421052631578947
0.3108108108108108
0.3188405797101449
0.2745098039215686
0.2967741935483871
0.3057324840764331
0.2981366459627329
0.3357664233576642
0.3356643356643356
0.2948717948717949
0.31343283582089554
0.3333333333333333
0.3076923076923077
0.33333333333333337
0.33986928104575165
0.2967741935483871
0.3108108108108108
0.303448275862069
0.32214765100671144
0.303448275862069
0.326241134751773
0.28985507246376807
0.33766233766233766
0.32592592592592595
0.31205673758865243
0.291970802919708
0.31506849315068497
0.34722222222222227
0.34328358208955223
0.3382352941176471
0.3125
0.3194444444444444
0.29139072847682124
0.3181818181818182
0.3356643356643356
0.29166666666666663
0.3448275862068966
0.30872483221476515
0.3066666666666667
0.3165467625899281
0.3537414965986394
0.3055555555555555
0.3142857142857143
0.3513513513513513
0.30136986301369867
0.28571428571428575
0.3137254901960785
0.30263157894736836
0.34108527131782945
0.2838709677419355
0.291970802919708
0.3096774193548387
0.3255813953488372
0.3194444444444444
0.326530612244898
0.3076923076923077
0.2972972972972973
0.3142857142857143
0.32000000000000006
0.2972972972972973
0.304635761589404
0.3513513513513513
0.3129251700680272
0.32894736842105265
0.31506849315068497
0.32394366197183094
0.2929936305732484
0.3129251700680272
0.3137254901960785
0.3513513513513513
0.3116883116883117
0.34532374100719426
0.32214765100671144
0.3125
0.30985915492957744
0.3108108108108108
0.3181818181818182
0.3125
0.32394366197183094
0.33557046979865773
0.33103448275862074
0.30136986301369867
0.32911392405063294
0.3065693430656934
0.31788079470198677
0.3111111111111111
0.30872483221476515
0.36363636363636365
0.3387096774193548
0.3461538461538461
0.33986928104575165
0.3309352517985612
0.2818791946308725
0.34722222222222227
0.28571428571428575
0.3356643356643356
0.3311258278145695
0.3309352517985612
0.303448275862069
0.3116883116883117
0.32394366197183094
0.30136986301369867
0.35714285714285715
0.3066666666666667
0.3149606299212598
0.2745098039215686
0.3108108108108108
0.3172413793103448
0.2987012987012987
0.26760563380281693
0.3157894736842105
0.32857142857142857
0.32
0.32394366197183094
0.3172413793103448
0.3230769230769231
0.34437086092715236
0.34328358208955223
0.3076923076923077
0.30215827338129503
0.3216783216783217
0.33333333333333337
0.36363636363636365
0.34246575342465746
0.2987012987012987
0.3333333333333333
0.31578947368421056
0.2857142857142857
0.3216783216783217
0.33783783783783783
0.3243243243243243
0.28965517241379307
0.3165467625899281
0.3137254901960785
0.30872483221476515
0.3216783216783217
0.3382352941176471
0.3188405797101449
0.28169014084507044
0.3375
0.33599999999999997
0.30872483221476515
0.3111111111111111
0.3597122302158274
0.29931972789115646
0.30985915492957744
0.2875816993464052
0.31205673758865243
0.3586206896551724
0.34710743801652894
0.3421052631578947
0.3205128205128205
0.2957746478873239
0.35114503816793896
0.29931972789115646
0.36507936507936506
0.3483870967741935
0.34722222222222227
0.3309352517985612
0.30872483221476515
0.32911392405063294
0.32116788321167883
0.31901840490797545
0.32116788321167883
0.32911392405063294
0.3064516129032258
0.29931972789115646
0.34328358208955223
0.32894736842105265
0.3108108108108108
0.3111111111111111
0.3225806451612903
0.3142857142857143
0.34722222222222227
0.2714285714285714
0.3380281690140845
0.2818791946308725
0.33333333333333337
0.3448275862068966
0.33103448275862074
0.3142857142857143
0.29931972789115646
0.3333333333333333
0.30263157894736836
0.3496503496503497
0.3088235294117647
0.32394366197183094
0.3770491803278689
0.33121019108280253
0.32857142857142857
0.32000000000000006
0.3206106870229008
0.31506849315068497
0.2962962962962963
0.34246575342465746
0.3333333333333333
0.31506849315068497
0.3225806451612903
0.33587786259541985
0.3401360544217687
0.3188405797101449
0.3466666666666666
0.3225806451612903
0.3421052631578947
0.3243243243243243
0.32394366197183094
0.3125
0.3311258278145695
0.30136986301369867
0.35384615384615387
0.326530612244898
0.33333333333333337
0.36363636363636365
0.32394366197183094
0.2933333333333333
0.326241134751773
0.29166666666666663
0.3216783216783217
0.3311258278145695
0.3055555555555555
0.31788079470198677
0.3384615384615385
0.2923076923076923
0.35211267605633806
0.33121019108280253
0.3384615384615385
0.3380281690140845
0.3188405797101449
0.3384615384615385
0.3129251700680272
0.3230769230769231
0.33766233766233766
0.34375
0.30215827338129503
0.30136986301369867
0.3448275862068966
0.30136986301369867
0.3184713375796178
0.34285714285714286
0.3065693430656934
0.35200000000000004
0.303448275862069
0.29268292682926833
0.3333333333333333
0.2948717948717949
0.3
0.3565891472868217
0.33557046979865773
0.25675675675675674
0.27999999999999997
0.3466666666666666
0.34074074074074073
0.27586206896551724
0.3404255319148936
0.3309352517985612
0.326241134751773
0.3172413793103448
0.3194444444444444
0.3354037267080746
0.303448275862069
0.3188405797101449
0.35200000000000004
0.32352941176470584
0.3184713375796178
0.32679738562091504
0.30215827338129503
0.32098765432098764
0.3172413793103448
0.3194444444444444
0.30872483221476515
0.3684210526315789
0.3356643356643356
0.3172413793103448
0.326530612244898
0.2818791946308725
0.32214765100671144
0.3172413793103448
0.30215827338129503
0.3356643356643356
0.2987012987012987
0.32000000000000006
0.3225806451612903
0.326530612244898
0.35616438356164387
0.31506849315068497
0.2962962962962963
0.31788079470198677
0.2745098039215686
0.326241134751773
0.3513513513513513
0.31788079470198677
0.3357664233576642
0.2878787878787879
0.3401360544217687
0.3484848484848485
0.34532374100719426
0.2953020134228188
0.3673469387755102
0.303448275862069
0.3216783216783217
0.3142857142857143
0.33103448275862074
0.28378378378378377
0.3661971830985915
0.29931972789115646
0.36923076923076925
0.3205128205128205
0.3546099290780142
0.33103448275862074
0.3458646616541354
0.3448275862068966
0.3206106870229008
0.339622641509434
0.358974358974359
0.2857142857142857
0.27814569536423844
0.30872483221476515
0.31343283582089554
0.3356643356643356
0.31343283582089554
0.3404255319148936
0.3255813953488372
0.3205128205128205
0.32352941176470584
0.2972972972972973
0.303448275862069
0.32704402515723274
0.303030303030303
0.2933333333333333
0.3055555555555555
0.31788079470198677
0.30894308943089427
0.3795620437956205
0.30872483221476515
0.32116788321167883
0.3309352517985612
0.30434782608695654
0.3108108108108108
0.2835820895522388
0.3496503496503497
0.3216783216783217
0.3194444444444444
0.30872483221476515
0.33103448275862074
0.32000000000000006
0.31007751937984496
0.303030303030303
0.3421052631578947
0.34437086092715236
0.3380281690140845
0.30434782608695654
0.2978723404255319
0.34532374100719426
0.33333333333333337
0.3442622950819672
0.3111111111111111
0.33587786259541985
0.3287671232876712
0.33121019108280253
0.32592592592592595
0.3622047244094488
0.31205673758865243
0.30434782608695654
0.3142857142857143
0.34146341463414637
0.3018867924528302
0.3065693430656934
0.3157894736842105
0.3333333333333333
0.3137254901960785
0.3188405797101449
0.3216783216783217
0.2857142857142857
0.34108527131782945
