0.4615384615384615
0.4838709677419355
0.43999999999999995
0.42857142857142855
0.3636363636363636
0.509090909090909
0.47058823529411764
0.4
0.39215686274509803
0.48
0.4666666666666667
0.5660377358490566
0.5098039215686274
0.4090909090909091
0.3571428571428571
0.6122448979591837
0.5454545454545454
0.44067796610169496
0.5
0.456140350877193
0.4313725490196078
0.5
0.5660377358490566
0.5714285714285714
0.4918032786885246
0.5531914893617021
0.3793103448275862
0.32142857142857145
0.5
0.4545454545454545
0.4642857142857143
0.423076923076923
0.5
0.4897959183673469
0.4
0.36000000000000004
0.5454545454545454
0.5185185185185186
0.47058823529411764
0.49056603773584906
0.5490196078431373
0.5199999999999999
0.5263157894736842
0.47058823529411764
0.43333333333333335
0.4827586206896552
0.48
0.3703703703703704
0.4482758620689655
0.4918032786885246
0.44067796610169496
0.4814814814814815
0.3703703703703704
0.4
0.4137931034482759
0.4081632653061224
0.4615384615384615
0.4
0.3773584905660377
0.4727272727272728
0.45901639344262296
0.48
0.41509433962264153
0.44897959183673464
0.38596491228070173
0.43333333333333335
0.5614035087719299
0.423076923076923
0.4912280701754386
0.5
0.5283018867924527
0.47058823529411764
0.509090909090909
0.36923076923076925
0.4482758620689655
0.46808510638297873
0.423076923076923
0.4888888888888889
0.44897959183673464
0.3043478260869565
0.44067796610169496
0.5384615384615385
0.38596491228070173
0.49056603773584906
0.4313725490196078
0.4814814814814815
0.5423728813559322
0.5531914893617021
0.5199999999999999
0.5199999999999999
0.5283018867924527
0.5084745762711865
0.32142857142857145
0.4074074074074074
0.5306122448979592
0.36000000000000004
0.4081632653061224
0.46875
0.48
0.3272727272727273
0.4074074074074074
0.4363636363636364
0.47457627118644075
0.4
0.5306122448979592
0.5384615384615385
0.456140350877193
0.5098039215686274
0.48
0.4166666666666667
0.45833333333333326
0.44067796610169496
0.3103448275862069
0.42857142857142855
0.4642857142857143
0.53125
0.49056603773584906
0.36363636363636365
0.4482758620689655
0.509090909090909
0.5
0.41860465116279066
0.44067796610169496
0.456140350877193
0.5333333333333333
0.5098039215686274
0.47058823529411764
0.44897959183673464
0.4642857142857143
0.5185185185185186
0.456140350877193
0.5217391304347827
0.4307692307692308
0.4363636363636364
0.4827586206896552
0.4
0.4
0.38596491228070173
0.4482758620689655
0.509090909090909
0.5106382978723405
0.56
0.4313725490196078
0.4912280701754386
0.4912280701754386
0.3846153846153846
0.5
0.5333333333333333
0.4615384615384615
0.5714285714285714
0.5
0.4615384615384615
0.3846153846153846
0.5
0.5263157894736842
0.4838709677419355
0.3571428571428571
0.42857142857142855
0.4313725490196078
0.49056603773584906
0.46875
0.56
0.43333333333333335
0.4615384615384615
0.4090909090909091
0.4
0.5660377358490566
0.5098039215686274
0.4838709677419355
0.4528301886792453
0.5098039215686274
0.4444444444444445
0.423076923076923
0.4363636363636364
0.380952380952381
0.5384615384615385
0.41935483870967744
0.4444444444444445
0.4
0.5098039215686274
0.4067796610169491
0.5185185185185186
0.5555555555555556
0.47058823529411764
0.5
0.4081632653061224
0.5
0.4912280701754386
0.4814814814814815
0.4918032786885246
0.41509433962264153
0.4
0.3529411764705882
0.3913043478260869
0.4727272727272728
0.3103448275862069
0.4313725490196078
0.5964912280701755
0.47058823529411764
0.47826086956521735
0.5333333333333333
0.5098039215686274
0.576923076923077
0.5185185185185186
0.4642857142857143
0.47619047619047616
0.44897959183673464
0.4666666666666667
0.423076923076923
0.4
0.45161290322580644
0.4
0.47058823529411764
0.37499999999999994
0.5
0.3846153846153846
0.5384615384615385
0.4528301886792453
0.4814814814814815
0.46808510638297873
0.5818181818181818
0.5
0.3529411764705882
0.41935483870967744
0.5
0.3928571428571428
0.5
0.41509433962264153
0.3137254901960784
0.5357142857142857
0.4642857142857143
0.4081632653061224
0.5384615384615385
0.41509433962264153
0.4615384615384615
0.47058823529411764
0.509090909090909
0.4642857142857143
0.4897959183673469
0.4615384615384615
0.43478260869565216
0.4444444444444445
0.4444444444444445
0.5185185185185186
0.4444444444444445
0.4528301886792453
0.5555555555555556
0.45833333333333326
0.4137931034482759
0.48
0.3157894736842105
0.38596491228070173
0.4363636363636364
0.3404255319148936
0.4
0.4528301886792453
0.5
0.39215686274509803
0.5555555555555556
0.42424242424242425
0.43749999999999994
0.49056603773584906
0.4081632653061224
0.5283018867924527
0.4642857142857143
0.4
0.44067796610169496
0.5106382978723405
0.5
0.3728813559322034
0.4918032786885246
0.5660377358490566
0.4313725490196078
0.4814814814814815
0.4642857142857143
0.33898305084745767
0.5
0.5185185185185186
0.4444444444444445
0.509090909090909
0.5531914893617021
0.4444444444444445
0.3846153846153846
0.43999999999999995
0.45161290322580644
0.4615384615384615
0.46808510638297873
0.3703703703703704
0.48
0.36065573770491804
0.4727272727272728
0.5
0.5384615384615385
0.5172413793103449
0.5
0.4642857142857143
0.46808510638297873
0.4897959183673469
0.5199999999999999
0.4814814814814815
0.5098039215686274
0.41935483870967744
0.456140350877193
0.44067796610169496
0.43999999999999995
0.4363636363636364
0.5
0.47058823529411764
0.4727272727272728
0.4897959183673469
0.4912280701754386
0.4912280701754386
0.4827586206896552
0.41935483870967744
0.49056603773584906
0.43999999999999995
0.3508771929824561
0.43333333333333335
0.5263157894736842
0.5490196078431373
0.5
0.56
0.37499999999999994
0.423076923076923
0.4444444444444445
0.33333333333333337
0.5098039215686274
0.5
0.5
0.4727272727272728
0.4
0.5106382978723405
0.5172413793103449
0.5531914893617021
0.5245901639344263
0.43478260869565216
0.4814814814814815
0.48
0.4727272727272728
0.5098039215686274
0.5098039215686274
0.27272727272727276
0.456140350877193
0.3555555555555555
0.49056603773584906
0.5199999999999999
0.49056603773584906
0.2978723404255319
0.3913043478260869
0.5098039215686274
0.3673469387755102
0.4897959183673469
0.423076923076923
0.3846153846153846
0.42857142857142855
0.3913043478260869
0.42553191489361697
0.5357142857142857
0.44067796610169496
0.4838709677419355
0.42553191489361697
0.4528301886792453
0.4210526315789474
0.4307692307692308
0.41935483870967744
0.4000000000000001
0.4528301886792453
0.34615384615384615
0.43999999999999995
0.3478260869565218
0.4363636363636364
0.5384615384615385
0.4444444444444445
0.4888888888888889
0.4067796610169491
0.4262295081967213
0.4313725490196078
0.5833333333333334
0.49056603773584906
0.4482758620689655
0.3773584905660377
0.5384615384615385
0.43333333333333335
0.4814814814814815
0.4642857142857143
0.44067796610169496
0.42857142857142855
0.509090909090909
0.423076923076923
0.4912280701754386
0.36363636363636365
0.4444444444444445
0.423076923076923
0.3529411764705882
0.4074074074074074
0.5454545454545454
0.3793103448275862
0.5
0.4074074074074074
0.3793103448275862
0.2857142857142857
0.3846153846153846
0.5
0.5172413793103449
0.4912280701754386
0.42553191489361697
0.5
0.4727272727272728
0.43478260869565216
0.5306122448979592
0.49056603773584906
0.48
0.4444444444444445
0.41509433962264153
0.4642857142857143
0.5384615384615385
0.44897959183673464
0.4067796610169491
0.380952380952381
0.4067796610169491
0.5
0.6153846153846153
0.5
0.56
0.43333333333333335
0.4482758620689655
0.3636363636363636
0.42857142857142855
0.39393939393939387
0.4897959183673469
0.5
0.36666666666666664
0.4482758620689655
0.423076923076923
0.4074074074074074
0.4482758620689655
0.56
0.4897959183673469
0.5172413793103449
0.49056603773584906
0.47058823529411764
0.5357142857142857
0.2909090909090909
0.4313725490196078
0.3703703703703704
0.5
0.45161290322580644
0.4615384615384615
0.43999999999999995
0.4081632653061224
0.456140350877193
0.49056603773584906
0.4727272727272728
0.4727272727272728
0.3703703703703704
0.423076923076923
0.4000000000000001
0.4
0.456140350877193
0.4363636363636364
0.4090909090909091
0.4313725490196078
0.4482758620689655
0.48
0.5490196078431373
0.4081632653061224
0.5106382978723405
0.5106382978723405
0.5531914893617021
0.47619047619047616
0.4081632653061224
0.3703703703703704
0.4528301886792453
0.5454545454545454
0.4666666666666667
0.3636363636363636
0.4918032786885246
0.5
0.4137931034482759
0.5357142857142857
0.4642857142857143
0.509090909090909
0.5357142857142857
0.5818181818181818
0.4262295081967213
0.4666666666666667
0.4642857142857143
0.48
0.49056603773584906
0.4912280701754386
0.5357142857142857
0.3846153846153846
0.4210526315789474
0.5199999999999999
0.3636363636363636
0.4727272727272728
0.5454545454545454
0.42857142857142855
0.4000000000000001
0.34615384615384615
