0.277435812084134
0.22479175869552515
0.30207159603615574
0.2400504803787603
0.23348885243707984
0.21767013149086875
0.39048165429940573
0.2346335556169627
0.19756198916589393
0.2493314211593553
0.21107361483970571
0.3646050849703456
0.31531914265853905
0.30278147474159245
0.2736463922436222
0.2139974279932659
0.32566187558085535
0.19017289676993995
0.2428811720815926
0.23404588051064457
0.3186831791003679
0.2992923771632981
0.2803567010372646
0.22894286538250705
0.19711720321958548
0.31510161791510294
0.24741693009052157
0.32504228893055176
0.24192156685662103
0.30480720651279913
0.263840307436078
0.3082169904701636
0.19873883301352246
0.25393858703670447
0.29263905473443597
0.24409797188207694
0.27969673003886664
0.22837991744013791
0.21415517019448801
0.2826463948983666
0.3325626857728562
0.25777312138859165
0.2202232774627778
0.1824923101559245
0.2999530536701568
0.26671097693542334
0.22151219276786815
0.3005771991865085
0.23592224965268022
0.23688090117548652
0.2796107238234981
0.23328343869749835
0.2061746625315136
0.27902396936627694
0.2559044983462807
0.3042511856523111
0.2929342755073232
0.2884867179309818
0.23006240630035493
0.20555200155675335
0.33610651296468713
0.25008530336194695
0.271861500521444
0.19313694343698956
0.22198743897086617
0.24730829190370307
0.24812453865941303
0.23044093014903283
0.26736560226369
0.2503322655583913
0.27002781776263085
0.24535964730201884
0.2292285356071759
0.34113462579133613
0.2625262102728231
0.2780005353604764
0.2299928207288507
0.22757524305555532
0.291069752368752
0.242663489413793
0.28217977362479
0.22788640402366517
0.21940112716704835
0.3040681304758307
0.2902899717149361
0.21576351583748465
0.21612795737319868
0.3307651188898331
0.28417223438997596
0.2285121314799599
0.2878393220003529
0.2714712094788222
0.2116214497746599
0.27483814200626955
0.2117057573972409
0.2936617614590413
0.2360894074181537
0.29456963680070164
0.22437119630274283
0.212367445290186
0.20079934462159105
0.22590745565735348
0.3357547456528313
0.24747817585305232
0.3022598557289398
0.2281208008956907
0.2874178686309615
0.2153735538282322
0.3154783388101004
0.3087040167290105
0.28352358372012176
0.18991769021891247
0.2832906348225287
0.1924190708681912
0.21512265072406483
0.33654709616889644
0.22765454460654738
0.23691140867875998
0.23823620263452155
0.2848414097721024
0.25782319979256446
0.2507493520376608
0.3175446944680973
0.2631428729104479
0.2858127340907005
0.24143151356071307
0.17871760107534435
0.24201954839377832
0.26358869544939245
0.23059714313474777
0.27774066898435346
0.24374451021978902
0.21556405310999216
0.2208711784792172
0.23797801539301736
0.18207339874529346
0.25046774822516105
0.37647110610629253
0.27719826304084405
0.2535772010797423
0.2748217632920654
0.22844126811257554
0.2086046726620594
0.2683934275785111
0.21076932047625918
0.24278966277849623
0.22422304861312858
0.3274956660389331
0.238671982607023
0.31404164786935373
0.2681009182238569
0.26630796700225623
0.37349637410250025
0.4061510306918293
0.228806625785163
0.3073565534902889
0.17798123294831844
0.2520766581963376
0.24534373313420252
0.30243999403069943
0.22026980077840616
0.27503255930903003
0.2418873083582398
0.23927641840480643
0.3228800161804546
0.301489007812045
0.2971800445671843
0.1992539169394133
0.23614562151422636
0.23466248663811035
0.2959246683201267
0.1894664480360882
0.2475831055085762
0.23398293947239765
0.2638075296233271
0.21891677684698646
0.25578303688225235
0.23296759969174155
0.25330186179941416
0.3464268324189504
0.2491893556838597
0.3279977955265735
0.22688377188407005
0.2891363655347255
0.2619035430900137
0.31910267980171925
0.22021040019880392
0.2707442374015593
0.2546246936880253
0.24527092634095368
0.19711864830373244
0.2563801027147581
0.21460813197203932
0.28841129990274406
0.20112935274590354
0.23332112329565602
0.2301856132205354
0.29290987207425223
0.21683583901162234
0.22038218384278244
0.2125437924719592
0.2759900014478698
0.22486543805219067
0.2391364096299611
0.32840776856057485
0.21174721931946686
0.24900793504221125
0.21458513012926478
0.22033866792549947
0.26440723713844516
0.26413043600711916
0.21729132374509408
0.18624927893877674
0.23702347018497327
0.28724962265189635
0.2583935546844727
0.25023550549756485
0.3509954398567954
0.23295864304839903
0.2534761502853092
0.20948056970861792
0.26033837891065015
0.23005987745700052
0.26793897572324504
0.22791327966441174
0.20348825562957334
0.2955271065740482
0.272255015518418
0.2703011873543436
0.20420025825710256
0.24888148969806861
0.24975851518003117
0.25598713523896516
0.2807725556604048
0.30382653080420957
0.21339146731718878
0.3548003241219637
0.3110139067713029
0.3580593312615197
0.26979337251783553
0.3045191806346837
0.2550256501911778
0.2672363446024886
0.2669468873868627
0.2764537186393373
0.2008346830092349
0.2858045837878874
0.24741169605703073
0.3662103500692446
0.3168490625665449
0.23441035474080635
0.32439235817601847
0.23307509885480038
0.19076004214120568
0.2867851011770053
0.22826783393836592
0.23933545386066876
0.2646245311552474
0.2527268825174502
0.17595399105787207
0.32136706299465695
0.26292825262670305
0.3103101581562999
0.24745039502505048
0.23836041273168773
0.16581010629453505
0.28369041450831517
0.30340239197407093
0.23172730695215077
0.3204923377376584
0.2802928990545042
0.20051979230535394
0.22734387350652055
0.23254437633873348
0.35569439152905225
0.30118100987319985
0.23195004962675042
0.23069176525606588
0.21233726721235407
0.283454437508443
0.26553426953698084
0.2851702734334449
0.27898143762038463
0.28677644308238615
0.23746992619956075
0.2864207556570554
0.2789097580742086
0.22132480424373607
0.3016103575449321
0.25919496907771356
0.2842755445133459
0.2494009449466687
0.2303966105696261
0.2580602779612263
0.297476216197449
0.23731358486790796
0.2585343125232663
0.2589860980751516
0.2711842604310113
0.23111342387626724
0.24883602579249334
0.22861460082522853
0.22948061927475055
0.19487336857160356
0.2473279280345273
0.261632370747571
0.2280953631088953
0.2537083372724459
0.30659453988655316
0.2707413543267888
0.3998556701391946
0.2950773786359936
0.24878894184432773
0.34099528484416364
0.34452031403781547
0.2796664892051124
0.22602381156748097
0.3327437348676191
0.2586246593745321
0.23256381675949792
0.24115939025950922
0.3340705537461972
0.21690848889040637
0.26848151748538257
0.28578884432717255
0.23001976880436698
0.270488273162077
0.2310072979411091
0.21879143587208216
0.2816977102102087
0.26718842779525775
0.2567141255171389
0.24125469865491725
0.34246658351814874
0.18531585208190296
0.2706714951143866
0.2636616243650182
0.2602081110236672
0.322556175307361
0.3080115568534294
0.2701281886358292
0.2798626772012799
0.22167216719619517
0.21863468158327504
0.22449387050851483
0.23505093663641585
0.22868729164423535
0.2633760253604431
0.25111636681373034
0.2549125381379692
0.21080865335290505
0.402548752503896
0.22198562951806966
0.2534076503347711
0.2558596883810787
0.22648478594623891
0.2994676829831877
0.32237637255920615
0.3086509889731681
0.27156438522705384
0.2643302028279697
0.26522710584330994
0.21623638395906145
0.1939332953700201
0.23254964408437073
0.24974425183339588
0.30960285056373793
0.2207352394549486
0.25125146751067934
0.26746350611560843
0.20501269463964106
0.3806283439561184
0.3175804981892223
0.20201968003503484
0.24896848194689733
0.17584057415596072
0.24288711173136512
0.3395209588350938
0.2859647215374661
0.27536847020330324
0.223628640434461
0.30929923233320894
0.2781928228908346
0.33460606825730954
0.30231420723649494
0.2418532516120642
0.24825379671529968
0.2713735341339444
0.26808273295383256
0.2266439231785991
0.22250335802980314
0.3093716131563592
0.2117917340140448
0.27014899857994723
0.387356958628975
0.2736070025581161
0.41484753092621196
0.2562637136164953
0.23504827180168936
0.24838999856286453
0.25244274284033447
0.3536063527611554
0.3627076041170184
0.3017326088133802
0.23355672612521927
0.25593470162746174
0.2125199824128442
0.22461340127473267
0.2372522660636703
0.3236426206117742
0.2570847449903749
0.21317886936266883
0.2058368468266046
0.2912636588319095
0.27954992546826163
0.24340481489958873
0.1935550775242243
0.31327003045513013
0.3376797264646552
0.22682953292637517
0.24123390824753493
0.28833285900052025
0.22112446109383904
0.32594155261770574
0.2127347896274469
0.2866636420820212
0.3518096998346395
0.2553072984251889
0.2917034030523337
0.23223327586149445
0.19620601717516306
0.3797564898458191
0.19719346227887324
0.23980015350177242
0.24152567115890378
0.25172736326912326
0.3319550154661176
0.21101071699202967
0.22228590975541418
0.3534759916053357
0.2709087635102464
0.2027753994229137
0.25820109135182195
0.2728366624612009
0.2677683845160277
0.32390576922291614
0.27654575957619937
0.33647101275035407
0.20805864787645784
0.21161032325535786
0.21680918546557437
0.1843118799927677
0.20726566869587199
0.24917747082993635
0.1884617744943154
0.24175217431235935
0.29944561716299867
0.25830895951182814
0.3397371433281822
0.2253565040726994
0.2457155451298615
0.27099036369135837
0.26483322915303226
0.2470311756865235
0.29994681279111024
0.23470227791647005
0.23855203559761443
0.20088079330911657
0.2393421282609287
0.26734878757871616
0.22898052797730784
0.2851923694982872
0.22369689653806568
0.28197237893594235
0.3339137544584175
0.20932638788129493
0.2769921434418541
0.30117820466580136
0.22972765548324006
0.25150766020581183
0.30901167890676806
0.2998045711418267
0.2625058666014082
0.27581701761578165
0.3222561399219581
0.24608281936686927
0.39800334797350023
0.2947126108113852
0.27893189949082986
0.3600431443568519
0.24726600224762185
0.21783492610265723
0.3428505501572019
0.32583531919532127
0.29351942819006144
0.24640254078234325
0.23880299477933536
0.23544389879750546
0.2298764595864687
0.2626095850079598
