0.4847795019463552
0.41671516152174987
0.46136448138499003
0.44418619986571306
0.41265883676302545
0.39954853747616903
0.5037712309856632
0.5316052133094868
0.40167806957597696
0.4311628069953841
0.41952738391204936
0.389074074074074
0.5777448847448847
0.406110468358256
0.4841084686918021
0.39167547239710543
0.3881829324033619
0.4225565529242
0.5663793244366
0.3965849581496543
0.5089627313385668
0.4932935755626917
0.45281597152140446
0.4045824440652027
0.480343156283607
0.41853618710761564
0.5011768859160163
0.4519107744107744
0.37750366681347786
0.4622462722462723
0.4689750670331668
0.38821711279510185
0.45602137484560046
0.500892973173675
0.4844377926383996
0.50292256057053
0.5321446604591614
0.47976062417248455
0.5870497416831844
0.5315780360940121
0.44584524084524085
0.37776683087027907
0.4225375358997495
0.463390776994223
0.41272919591388624
0.40972960915474615
0.49217482273037827
0.46443594248714365
0.4152877533948339
0.5031771922995832
0.3472858366505398
0.4680037157362081
0.4278107858567629
0.4696134649664061
0.5289292298115827
0.40560912186008213
0.46754500075243116
0.4083957993039833
0.41360940347914044
0.5269362095691441
0.48545127977984903
0.48494776526962985
0.5002205127001875
0.5032132890148243
0.5284656650539004
0.5062013279356079
0.5236705969603354
0.39011130774077296
0.4698336527883831
0.39700771798080936
0.4932849070040676
0.46230597289420816
0.5675857968379621
0.4032960500065763
0.460619153467104
0.4490463318319884
0.4204108019108018
0.3848338302867288
0.46541841466878947
0.36090804172995955
0.5164616272738057
0.5444287825024395
0.4724792245668658
0.6021787918871252
0.5000661318175442
0.3933539965643883
0.4165149720962149
0.4462319920516642
0.4361357462853418
0.42822706561715973
0.5141870964637996
0.5109666389276384
0.4367391934284959
0.4025274964784621
0.48899338887049915
0.46922436916554566
0.48484078013489773
0.48093291656220716
0.49542171889779546
0.41024682461346246
0.5184996592612784
0.49921397349995206
0.47615362123256866
0.4415079552955352
0.4521572998656525
0.5189359144374721
0.3558088773642305
0.4294621739537014
0.44992580553893463
0.4792509926224181
0.5206039170169605
0.5101000101431136
0.45055397512540374
0.43849422137495536
0.5186748365874404
0.545565930075734
0.36978301337853525
0.34229819084675933
0.42868656775759906
0.37148381818191606
0.6135533950175192
0.519493297124876
0.3935390672638658
0.34830960509764064
0.4729340186050712
0.41876503126503123
0.41313696336552375
0.4297622162292459
0.4790747871101818
0.4758884563186623
0.3715882364899641
0.5220875970999665
0.42885413684733004
0.46099648435855334
0.43326279536332013
0.5158519982433026
0.4307077336559758
0.43864423469854996
0.5194983334154311
0.4773828232638301
0.4807177797743835
0.38075972707383343
0.5196536181218734
0.3376250098484586
0.4861049425320779
0.5061646850543919
0.4957042243952481
0.49367284207167406
0.4344304625076739
0.5594018030050728
0.420301118533276
0.5169508284101361
0.4054153452379997
0.40132238349885413
0.4194330012463946
0.5029899007205898
0.5475399531019646
0.5426629091549477
0.4891694386921912
0.4604822773632623
0.40413913373355914
0.5429041726484182
0.43567444591367643
0.5333584673021293
0.44141408052800457
0.5626209231193158
0.42537864716387286
0.3556166784798914
0.5972162883845127
0.40297772684565136
0.46400773081059754
0.4680601676463746
0.5556101060669271
0.5049127189242129
0.4398350124322664
0.49004153686396684
0.4725192353882983
0.5174358974358974
0.41312313629848774
0.4242988156563474
0.4135461652734437
0.540044659044659
0.5568268661336779
0.40077889019010515
0.4086494656728866
0.41174217848065886
0.5340578043369102
0.44578156623708987
0.5365500589597645
0.4865774107324867
0.410735323331068
0.3989629546632933
0.37377273736700783
0.45106172285317353
0.41541606779523677
0.4442011931423992
0.5020686724717993
0.4203608177436405
0.40395781668659264
0.40100396435204694
0.43265798798108845
0.5462529754687797
0.41412948814997147
0.5043200917995719
0.4419558673924957
0.4562057921273316
0.48728547199349004
0.5191246505850968
0.5641224944310244
0.46568706979994173
0.517226177912745
0.4264027458081713
0.5416960955587182
0.4114040815927609
0.5706514139449663
0.44415458672115704
0.49283847544767534
0.4120489012203744
0.4758995604457207
0.41603419280485443
0.5023989355067866
0.461873461224374
0.46363575021055753
0.5090625559455645
0.5563735825139334
0.4492426534612036
0.43165771840763356
0.49109671138910904
0.3431439580415814
0.4711322336574296
0.620880149848727
0.5000052392953002
0.3753627872463075
0.4929860313193647
0.41613129337705795
0.6078233982376765
0.44534336765009036
0.5029385670074853
0.4030274880217672
0.45369926183447673
0.49010152154889003
0.516939763489174
0.541489723638978
0.41292309065668625
0.4816960972516528
0.39282949915999815
0.47071888920057625
0.40862879389617063
0.41863420525976813
0.4251752402829496
0.44503438385418126
0.40655217986104486
0.36089472885964113
0.4090158817521147
0.5027526045457306
0.5237312312312312
0.3763652045583954
0.3685646570957184
0.4096446261239103
0.42566553207919433
0.4794255538243315
0.3967086428875243
0.5017321689525029
0.501641291818225
0.5296718888639512
0.46212250506923097
0.4356387898991318
0.40814885028485093
0.45018884094519285
0.4230497969140313
0.48603952688303953
0.5804815729290405
0.44318218913654756
0.46511522956318047
0.43804294139555544
0.3975407945341425
0.44276305635701185
0.48010577827969136
0.451223829409033
0.4512713557008689
0.3982686141604548
0.5676819407847435
0.5628354508354508
0.45933320966593927
0.38509171056281827
0.46554527908724463
0.5049205838984046
0.47906183121021695
0.39933459309479624
0.41703714445887924
0.49041543313019453
0.42928799751584557
0.39102626593632184
0.438196767920215
0.38024331714443654
0.4412648287385129
0.4027681428005052
0.3631051919095397
0.49618885278540437
0.42913351944409345
0.3849467605966049
0.5698237117908822
0.42260858928684264
0.47361414415842396
0.5361719770762107
0.4125928177001059
0.42190755998323
0.4376115272470875
0.4953028483028483
0.45795939176188755
0.4519592669251441
0.4850415722206918
0.4696541579173158
0.5333705475810739
0.500819046544853
0.434984856524082
0.404058617749094
0.4713010764549608
0.4748332155146501
0.4239874726639659
0.38326917262593807
0.40576280992809544
0.40305989764204014
0.4924760163447212
0.4311716985903978
0.4929464324201167
0.528617983705703
0.4886275464043429
0.4520985496774971
0.3971736532450818
0.5266106920056206
0.5693905199892324
0.3610627069541267
0.5293651659201785
0.41628894710348185
0.4159468083858328
0.44817686679475294
0.5735984483352905
0.43899621271729666
0.4420541689061981
0.4089548249696764
0.4474762631575734
0.4296200758023211
0.47607338972706253
0.45760920828123364
0.43260360864164626
0.4338995081881118
0.42631818738961597
0.3606058456058456
0.40406589813837573
0.4189938436433763
0.4961485405328076
0.4525887120842461
0.42178123609665186
0.3947779371470323
0.3794539931235583
0.46693206393206393
0.43290918265928385
0.47068323177546484
0.5437198803095029
0.41429387621673885
0.5203253338953137
0.4776502915272637
0.33377138659412303
0.524581552481864
0.4245143742610267
0.38930471380471376
0.41969192253212284
0.4472505667916451
0.45500284697920196
0.39676092868770496
0.56696276435024
0.3612366944094103
0.5867797978169901
0.4405409539702406
0.5519995891167797
0.3967674535727199
0.41656071286657154
0.4602590678589401
0.5548277878346721
0.3720065653956976
0.5067350445925497
0.3659443788622117
0.567924447387266
0.515392576199209
0.43866072308258475
0.44595131380102104
0.5119942878926544
0.4196773611451232
0.42274460361195954
0.4487654650732858
0.43673412907966686
0.39006596820198414
0.4687242201267662
0.453536251330656
0.43393343200586193
0.4282800790201804
0.417144455985354
0.5225641858714265
0.36270637449309295
0.477673150604185
0.4672954560238719
0.44874369384394563
0.36513035273904837
0.47284557086739254
0.3776876098073074
0.3337715767208987
0.3966044972034083
0.45495699663296074
0.4662700879367546
0.40396916076646217
0.4425794041988069
0.4707109950467383
0.5269624921316253
0.4345031841796547
0.5142600872634328
0.566051356051356
0.4208169772788417
0.4893545115386097
0.40941240521250494
0.6007551595003301
0.44590171790207567
0.5053045131682903
0.4247030684513034
0.49662083065929713
0.37974412870725127
0.3744848333029316
0.4576069299292072
0.41627847098435333
0.3705935685817206
0.5422802475267715
0.4052408647844041
0.4129232171337434
0.49519450584175506
0.3513513661011914
0.5135140268473601
0.5894014215505323
0.4928995992468478
0.3926815985946421
0.4020420250362484
0.480878528573356
0.45568120695571673
0.4596822359656584
0.4939027919568809
0.4549082761250953
0.5183839213488121
0.4594437074938026
0.48572339848781554
0.46751679903482557
0.48923236646891244
0.48311505977708724
0.4593098217867184
0.3697427085242724
0.37869839976291025
0.494871572658929
0.5289401262168449
0.4363144517066086
0.5019050938168584
0.4532840650389576
0.5725335711773742
0.4518436147128923
0.39506180645886535
0.49175551535622286
0.5269774174251526
0.5730730812538593
0.4162634872915246
0.4684330569029364
0.3744163937945066
0.4478811808411307
0.45565661799572055
0.4768789887479066
0.4035486247484994
0.3878324754760858
0.4497051873972672
0.505528944696455
0.47976052396686686
0.48963420761935394
0.45887960467205746
0.43578059451016943
0.5050899642907344
0.5236858430610949
0.4563512105178772
0.4638954725068515
0.34511090546410816
0.45101321861829
0.35854666765490467
0.5361362447076733
0.3942816597755279
0.40641737142086465
0.5392796934590459
0.5108564076974518
0.5572063492063491
0.3974443202030847
0.5491878882954833
0.4429549076351847
0.36329718627813
0.5423999577018125
0.38266757113399275
0.48258416123046954
0.49238121548499547
