0.7116666666666668
0.7311111111111112
0.7380555555555556
0.7472222222222222
0.7747222222222223
0.7305555555555555
0.771111111111111
0.7727777777777778
0.7097222222222224
0.8197222222222222
0.7797222222222223
0.7948611111111111
0.7813888888888889
0.7705555555555555
0.7977777777777778
0.8044444444444444
0.7227777777777779
0.76125
0.7131944444444445
0.7977777777777778
0.6555555555555556
0.7541666666666667
0.7208333333333333
0.7808333333333334
0.7305555555555556
0.7663888888888889
0.7683333333333333
0.765
0.6990277777777778
0.7402777777777778
0.7527777777777778
0.7738888888888888
0.7469444444444444
0.7247222222222223
0.7530555555555556
0.7063888888888888
0.7891666666666667
0.7858333333333333
0.7119444444444446
0.7772222222222221
0.7999999999999999
0.6952777777777777
0.7716666666666667
0.7630555555555556
0.7861111111111112
0.7688888888888888
0.7444444444444445
0.7169444444444445
0.7822222222222223
0.7333333333333333
0.7791666666666667
0.7708333333333333
0.7630555555555555
0.7352777777777778
0.7894444444444445
0.7722222222222221
0.7661111111111112
0.7697222222222222
0.7705555555555555
0.7363888888888889
0.7913888888888889
0.7744444444444444
0.7611111111111111
0.7250000000000001
0.7433333333333334
0.8069444444444445
0.6915277777777777
0.7566666666666666
0.711388888888889
0.7452777777777778
0.805
0.7841666666666668
0.7625000000000001
0.7483333333333334
0.7983333333333333
0.7372222222222222
0.7488888888888888
0.7311111111111112
0.7913888888888889
0.7794444444444444
0.7333333333333334
0.7238888888888889
0.7547222222222222
0.7825
0.7155555555555556
0.7419444444444445
0.7115277777777778
0.7327777777777779
0.7483333333333333
0.7725000000000001
0.7313888888888889
0.7494444444444445
0.7038888888888889
0.77
0.7677777777777779
0.7277777777777777
0.7191666666666666
0.7022222222222222
0.765
0.7150000000000001
0.77
0.7794444444444444
0.7394444444444445
0.745
0.7780555555555556
0.71
0.6872222222222223
0.79
0.7258333333333333
0.7593055555555556
0.7783333333333333
0.7766666666666667
0.7277777777777777
0.7097222222222223
0.7333333333333334
0.7331944444444445
0.7086111111111112
0.7388888888888889
0.7255555555555556
0.7295833333333334
0.76
0.725
0.7536111111111112
0.78
0.7922222222222222
0.8069444444444445
0.7166666666666666
0.7694444444444444
0.7331944444444445
0.7302777777777778
0.7136111111111111
0.7205555555555556
0.8016666666666666
0.7369444444444444
0.6808333333333333
0.7575
0.7775
0.7827777777777778
0.7366666666666668
0.6886111111111111
0.7633333333333333
0.72
0.7477777777777779
0.7613888888888889
0.8155555555555556
0.7727777777777778
0.7252777777777778
0.7483333333333334
0.7677777777777778
0.7355555555555555
0.7586111111111111
0.7091666666666666
0.7733333333333333
0.7780555555555555
0.71
0.7966666666666666
0.6649999999999999
0.7219444444444445
0.7033333333333334
0.7363888888888888
0.7913888888888889
0.7444444444444445
0.7713888888888889
0.7150000000000001
0.7552777777777778
0.7844444444444444
0.7769444444444444
0.7372222222222221
0.7805555555555557
0.7877777777777778
0.7466666666666667
0.6965277777777779
0.7097222222222221
0.7625
0.7952777777777779
0.7541666666666667
0.7341666666666666
0.7122222222222222
0.7869444444444444
0.7558333333333334
0.7558333333333335
0.7350000000000001
0.7813888888888889
0.7725
0.7533333333333333
0.7633333333333334
0.7555555555555555
0.8361111111111111
0.7702777777777778
0.7841666666666666
0.7634722222222222
0.7522222222222222
0.7244444444444444
0.7263888888888889
0.8147222222222222
0.8027777777777778
0.73
0.7733333333333333
0.7872222222222223
0.7666666666666666
0.7055555555555555
0.755
0.7686111111111111
0.78
0.7677777777777778
0.745
0.8286111111111111
0.7844444444444445
0.7572222222222222
0.7141666666666666
0.726111111111111
0.7295833333333333
0.7144444444444444
0.8013888888888889
0.7861111111111111
0.8202777777777778
0.7508333333333334
0.7916666666666667
0.7502777777777778
0.7077777777777777
0.7547222222222222
0.7236111111111111
0.7047222222222224
0.7230555555555556
0.7388888888888888
0.7075
0.768888888888889
0.7699999999999999
0.7383333333333333
0.7302777777777778
0.7358333333333333
0.7245833333333334
0.7294444444444445
0.7822222222222223
0.7394444444444445
0.7516666666666666
0.7786111111111111
0.7891666666666667
0.7274999999999999
0.7625
0.767638888888889
0.7566666666666667
0.7013888888888888
0.7780555555555555
0.7325
0.7377777777777779
0.6880555555555556
0.7580555555555556
0.7752777777777778
0.7994444444444444
0.7497222222222222
0.7480555555555555
0.7252777777777779
0.7225
0.75
0.7705555555555555
0.7386111111111111
0.7266666666666667
0.7555555555555555
0.7388888888888889
0.7880555555555556
0.7486111111111111
0.7722222222222223
0.755
0.7184722222222222
0.7108333333333333
0.7738888888888888
0.7702777777777778
0.7577777777777778
0.7638888888888888
0.7591666666666667
0.7472222222222222
0.7544444444444445
0.7366666666666667
0.8316666666666667
0.7555555555555555
0.7697222222222222
0.705
0.7058333333333333
0.7701388888888888
0.7675000000000001
0.7961111111111111
0.7794444444444445
0.7411111111111112
0.7730555555555556
0.6711111111111112
0.7616666666666667
0.7433333333333333
0.7627777777777777
0.7683333333333333
0.7511111111111112
0.7536111111111111
0.72
0.741111111111111
0.7666666666666666
0.7897222222222221
0.7825
0.7305555555555556
0.7286111111111111
0.7388888888888889
0.7611111111111111
0.7463888888888889
0.6813888888888888
0.7761111111111111
0.785
0.8333333333333334
0.7591666666666667
0.7283333333333334
0.6958333333333333
0.7222222222222223
0.8544444444444443
0.7677777777777779
0.7106944444444444
0.8133333333333334
0.7497222222222223
0.8055555555555556
0.7525000000000001
0.7630555555555556
0.7511111111111112
0.7766666666666666
0.7641666666666667
0.7647222222222222
0.7552777777777777
0.8466666666666667
0.8175000000000001
0.7891666666666667
0.74
0.69875
0.7263888888888889
0.7641666666666667
0.7536111111111111
0.7516666666666666
0.7602777777777778
0.7776388888888889
0.7372222222222222
0.8030555555555555
0.758888888888889
0.7991666666666666
0.8127777777777778
0.7402777777777778
0.6863888888888888
0.7627777777777778
0.7547222222222222
0.7441666666666668
0.7333333333333333
0.7388888888888889
0.7233333333333334
0.7058333333333333
0.7719444444444444
0.7172222222222223
0.7316666666666667
0.7522222222222222
0.7811111111111112
0.7491666666666666
0.7663888888888889
0.7791666666666667
0.7925
0.7513888888888888
0.7566666666666667
0.7944444444444445
0.8024999999999999
0.7633333333333333
0.7586111111111111
0.7611111111111111
0.7141666666666667
0.7386111111111111
0.788611111111111
0.7083333333333334
0.7519444444444444
0.7566666666666667
0.7116666666666667
0.7880555555555555
0.7577777777777778
0.7977777777777779
0.7716666666666667
0.7277777777777777
0.7344444444444445
0.7875
0.7922222222222222
0.7419444444444444
0.7636111111111111
0.7613888888888889
0.7419444444444444
0.73375
0.7566666666666666
0.7463888888888889
0.7527777777777778
0.7561111111111111
0.7508333333333334
0.7477777777777778
0.7188888888888889
0.7483333333333334
0.7477777777777778
0.7783333333333333
0.7347222222222223
0.7905555555555556
0.7944444444444445
0.7944444444444445
0.7161111111111111
0.7163888888888889
0.6877777777777777
0.7111111111111111
0.7555555555555556
0.7519444444444444
0.7619444444444444
0.80125
0.7749999999999999
0.6891666666666667
0.7533333333333333
0.8133333333333334
0.7355555555555556
0.7397222222222223
0.7452777777777778
0.7527777777777778
0.7490277777777777
0.79875
0.7791666666666667
0.7711111111111112
0.7530555555555556
0.7697222222222223
0.7444444444444445
0.7547222222222222
0.7016666666666667
0.7861111111111111
0.6980555555555557
0.7549999999999999
0.7725000000000001
0.7345833333333334
0.7233333333333334
0.7273611111111111
0.7672222222222222
0.8247222222222222
0.7591666666666668
0.7477777777777778
0.7458333333333333
0.735
0.8397222222222223
0.7611111111111111
0.7377777777777778
0.7547222222222222
0.763611111111111
0.7241666666666667
0.7605555555555555
0.7405555555555556
0.8099999999999999
0.7505555555555555
0.7358333333333333
0.7727777777777778
0.7594444444444444
0.7433333333333333
0.7455555555555555
0.6936111111111112
0.7447222222222222
0.7555555555555555
0.7711111111111111
0.7319444444444445
0.7886111111111112
0.7165277777777778
0.7805555555555556
0.8169444444444445
0.6677777777777778
0.7704166666666666
0.7427777777777778
0.7558333333333334
0.7641666666666667
0.72
0.7438888888888889
0.6777777777777778
0.7416666666666667
0.7605555555555557
0.7480555555555555
0.7497222222222223
0.7094444444444444
0.7533333333333333
0.7927777777777778
0.7508333333333334
0.7347222222222223
0.7863888888888889
0.7938888888888889
0.7775000000000001
0.7311111111111112
0.7502777777777777
0.7963888888888888
0.7772222222222223
0.7622222222222222
0.7419444444444445
0.8325
0.7480555555555555
0.7902777777777777
0.7577777777777777
0.8197222222222222
0.6902777777777778
0.7908333333333333
0.7772222222222223
0.778888888888889
0.6966666666666668
0.7155555555555555
0.7991666666666667
0.7508333333333334
0.7661111111111111
