0.19354838709677422
0.15384615384615383
0.07407407407407407
0.15384615384615383
0.20289855072463772
0.25
0.19672131147540983
0.28070175438596495
0.1923076923076923
0.3
0.19672131147540983
0.13559322033898305
0.10526315789473685
0.19672131147540983
0.303030303030303
0.14545454545454545
0.253968253968254
0.16666666666666669
0.03571428571428572
0.15094339622641512
0.125
0.3333333333333333
0.15625
0.17543859649122806
0.1212121212121212
0.22950819672131148
0.15873015873015872
0.29850746268656714
0.303030303030303
0.28125
0.18867924528301885
0.2711864406779661
0.16949152542372883
0.13114754098360656
0.26666666666666666
0.14705882352941177
0.17543859649122806
0.2545454545454545
0.26666666666666666
0.16393442622950818
0.16129032258064516
0.21428571428571427
0.2413793103448276
0.20689655172413796
0.22535211267605634
0.21428571428571427
0.13114754098360656
0.20000000000000004
0.1904761904761905
0.15625
0.10714285714285714
0.10000000000000002
0.13114754098360656
0.13559322033898305
0.26666666666666666
0.21874999999999997
0.24615384615384614
0.23529411764705882
0.19672131147540983
0.10526315789473685
0.14035087719298248
0.26229508196721313
0.2592592592592593
0.14545454545454545
0.29032258064516125
0.13333333333333333
0.126984126984127
0.2318840579710145
0.03333333333333333
0.16129032258064516
0.2105263157894737
0.18666666666666668
0.2456140350877193
0.17647058823529413
0.3
0.3582089552238806
0.22641509433962265
0.22222222222222224
0.17241379310344826
0.15384615384615383
0.3492063492063492
0.21428571428571427
0.29508196721311475
0.23728813559322037
0.1379310344827586
0.20588235294117646
0.26666666666666666
0.3928571428571428
0.10526315789473685
0.15873015873015872
0.1090909090909091
0.14545454545454545
0.15384615384615383
0.2222222222222222
0.23333333333333334
0.21428571428571427
0.18461538461538463
0.25
0.14705882352941177
0.2153846153846154
0.126984126984127
0.16393442622950818
0.10169491525423728
0.15094339622641512
0.17241379310344826
0.14545454545454545
0.2181818181818182
0.08333333333333334
0.20588235294117646
0.23333333333333334
0.13559322033898305
0.1791044776119403
0.21212121212121213
0.2424242424242424
0.17241379310344826
0.3272727272727273
0.21428571428571427
0.33962264150943394
0.3050847457627119
0.3448275862068965
0.2105263157894737
0.23529411764705882
0.1851851851851852
0.22222222222222224
0.1568627450980392
0.13559322033898305
0.12903225806451615
0.21428571428571427
0.16438356164383564
0.3157894736842105
0.2318840579710145
0.22580645161290322
0.22950819672131148
0.25
0.21874999999999997
0.22641509433962265
0.10169491525423728
0.23076923076923075
0.06779661016949153
0.16
0.20338983050847456
0.13333333333333333
0.3384615384615384
0.13333333333333333
0.30769230769230765
0.2711864406779661
0.15625
0.3050847457627119
0.16666666666666666
0.07407407407407407
0.17543859649122806
0.14035087719298248
0.21212121212121213
0.14705882352941177
0.2285714285714286
0.06451612903225808
0.2545454545454545
0.1379310344827586
0.28571428571428564
0.14925373134328357
0.16949152542372883
0.3050847457627119
0.08333333333333334
0.2413793103448276
0.1851851851851852
0.1739130434782609
0.19354838709677422
0.29508196721311475
0.29032258064516125
0.28571428571428564
0.25
0.1904761904761905
0.15873015873015872
0.15873015873015872
0.16393442622950818
0.2456140350877193
0.14285714285714288
0.2413793103448276
0.11320754716981132
0.19354838709677422
0.23529411764705882
0.2456140350877193
0.32352941176470584
0.3333333333333333
0.03448275862068965
0.13114754098360656
0.17857142857142855
0.15625
0.03448275862068965
0.07017543859649124
0.21428571428571427
0.3333333333333333
0.2181818181818182
0.11764705882352941
0.03448275862068965
0.25
0.12903225806451615
0.17857142857142855
0.2727272727272727
0.16393442622950818
0.17543859649122806
0.10000000000000002
0.3571428571428571
0.17543859649122806
0.10169491525423728
0.2456140350877193
0.22950819672131148
0.21212121212121213
0.10344827586206898
0.23333333333333334
0.1791044776119403
0.3103448275862069
0.28571428571428564
0.20000000000000004
0.23728813559322037
0.23728813559322037
0.15873015873015872
0.23333333333333334
0.16949152542372883
0.15094339622641512
0.1923076923076923
0.1379310344827586
0.10000000000000002
0.13559322033898305
0.32786885245901637
0.16129032258064516
0.18867924528301885
0.163265306122449
0.20689655172413796
0.25
0.13114754098360656
0.12903225806451615
0.1818181818181818
0.1818181818181818
0.2153846153846154
0.12903225806451615
0.17857142857142855
0.23333333333333334
0.16393442622950818
0.2318840579710145
0.06666666666666667
0.19354838709677422
0.13114754098360656
0.2898550724637681
0.09375000000000001
0.2711864406779661
0.3157894736842105
0.17543859649122806
0.2413793103448276
0.08
0.09836065573770492
0.18867924528301885
0.2105263157894737
0.12903225806451615
0.28571428571428564
0.21212121212121213
0.16393442622950818
0.20000000000000004
0.22580645161290322
0.16666666666666666
0.10526315789473685
0.26415094339622636
0.17543859649122806
0.24615384615384614
0.20689655172413796
0.09523809523809525
0.17857142857142855
0.16949152542372883
0.15384615384615383
0.26666666666666666
0.3
0.2456140350877193
0.2727272727272727
0.2692307692307693
0.14285714285714288
0.1923076923076923
0.3
0.09836065573770492
0.24615384615384614
0.3333333333333333
0.17543859649122806
0.07692307692307691
0.2413793103448276
0.19354838709677422
0.3103448275862069
0.13333333333333333
0.2758620689655172
0.22222222222222224
0.16666666666666666
0.17241379310344826
0.17647058823529413
0.17647058823529413
0.14285714285714288
0.22222222222222224
0.20338983050847456
0.11111111111111112
0.2413793103448276
0.1904761904761905
0.2424242424242424
0.20338983050847456
0.1791044776119403
0.14035087719298248
0.16666666666666666
0.12244897959183673
0.2608695652173913
0.22222222222222224
0.19354838709677422
0.07272727272727272
0.18867924528301885
0.16949152542372883
0.2608695652173913
0.16
0.29411764705882354
0.16129032258064516
0.23333333333333334
0.10714285714285714
0.11538461538461538
0.0689655172413793
0.14035087719298248
0.1090909090909091
0.23880597014925373
0.19672131147540983
0.24615384615384614
0.06666666666666667
0.16666666666666666
0.2592592592592593
0.17857142857142855
0.14545454545454545
0.2909090909090909
0.11111111111111112
0.18461538461538463
0.10344827586206898
0.03636363636363636
0.2456140350877193
0.13114754098360656
0.2413793103448276
0.21212121212121213
0.2711864406779661
0.20338983050847456
0.33898305084745767
0.21276595744680848
0.2413793103448276
0.22950819672131148
0.13114754098360656
0.26666666666666666
0.19672131147540983
0.28571428571428575
0.23880597014925373
0.2424242424242424
0.126984126984127
0.303030303030303
0.16666666666666666
0.10526315789473685
0.19354838709677422
0.14705882352941177
0.22950819672131148
0.2413793103448276
0.2545454545454545
0.06779661016949153
0.23728813559322037
0.24615384615384614
0.22222222222222224
0.1818181818181818
0.18867924528301885
0.2181818181818182
0.22222222222222224
0.17241379310344826
0.20338983050847456
0.22950819672131148
0.2571428571428572
0.07692307692307691
0.16949152542372883
0.15384615384615383
0.1379310344827586
0.10714285714285714
0.23333333333333334
0.1904761904761905
0.23333333333333334
0.12903225806451615
0.14814814814814814
0.22580645161290322
0.125
0.2592592592592593
0.10714285714285714
0.21874999999999997
0.28571428571428564
0.23333333333333334
0.12903225806451615
0.17857142857142855
0.1904761904761905
0.19354838709677422
0.19354838709677422
0.12903225806451615
0.0784313725490196
0.23529411764705882
0.13043478260869568
0.22222222222222224
0.17647058823529413
0.09677419354838711
0.14285714285714288
0.17241379310344826
0.1971830985915493
0.20289855072463772
0.3333333333333333
0.22950819672131148
0.2580645161290323
0.1923076923076923
0.12
0.23529411764705882
0.14035087719298248
0.23529411764705882
0.29032258064516125
0.03846153846153846
0.36065573770491804
0.2769230769230769
0.20588235294117646
0.16129032258064516
0.3384615384615384
0.17543859649122806
0.29508196721311475
0.2545454545454545
0.2413793103448276
0.35294117647058826
0.2456140350877193
0.3050847457627119
0.28
0.15625
0.2105263157894737
0.14285714285714288
0.1904761904761905
0.1379310344827586
0.1904761904761905
0.13559322033898305
0.22950819672131148
0.11320754716981132
0.22950819672131148
0.29032258064516125
0.13559322033898305
0.14035087719298248
0.26865671641791045
0.21874999999999997
0.17241379310344826
0.23728813559322037
0.20289855072463772
0.380952380952381
0.2711864406779661
0.28125
0.2456140350877193
0.2153846153846154
0.23728813559322037
0.1818181818181818
0.23880597014925373
0.12307692307692307
0.17857142857142855
0.2545454545454545
0.10714285714285714
0.23333333333333334
0.17543859649122806
0.38596491228070173
0.20338983050847456
0.2181818181818182
0.23333333333333334
0.10169491525423728
0.07142857142857144
0.07692307692307691
0.11538461538461538
0.22580645161290322
0.19354838709677422
0.3448275862068965
0.22580645161290322
0.10000000000000002
0.14545454545454545
0.3225806451612903
0.24
0.14545454545454545
0.14285714285714288
0.07407407407407407
0.20689655172413796
0.14035087719298248
0.07017543859649124
0.16216216216216214
0.14814814814814814
0.17857142857142855
0.16393442622950818
0.29850746268656714
0.3050847457627119
0.32142857142857145
0.10000000000000002
0.14035087719298248
0.3333333333333333
0.2181818181818182
0.19354838709677422
0.30985915492957744
0.1818181818181818
0.11111111111111112
0.23076923076923075
0.16393442622950818
0.1904761904761905
0.15094339622641512
0.21212121212121213
