0.4615384615384615
0.5172413793103449
0.4313725490196078
0.4528301886792453
0.3773584905660377
0.5
0.4897959183673469
0.47826086956521735
0.39215686274509803
0.4897959183673469
0.5
0.6122448979591837
0.456140350877193
0.33962264150943394
0.43478260869565216
0.5660377358490566
0.5263157894736842
0.49056603773584906
0.5263157894736842
0.4482758620689655
0.4313725490196078
0.588235294117647
0.5660377358490566
0.5490196078431373
0.576923076923077
0.5098039215686274
0.43999999999999995
0.3829787234042553
0.4666666666666667
0.4081632653061224
0.5199999999999999
0.47826086956521735
0.4912280701754386
0.5
0.45833333333333326
0.3913043478260869
0.4838709677419355
0.5185185185185186
0.5
0.4814814814814815
0.5384615384615385
0.4642857142857143
0.5357142857142857
0.47058823529411764
0.4814814814814815
0.45161290322580644
0.47058823529411764
0.3773584905660377
0.456140350877193
0.5357142857142857
0.4482758620689655
0.4262295081967213
0.3333333333333333
0.44897959183673464
0.4210526315789474
0.42553191489361697
0.5357142857142857
0.3793103448275862
0.43478260869565216
0.456140350877193
0.45901639344262296
0.42857142857142855
0.43999999999999995
0.4313725490196078
0.44897959183673464
0.5098039215686274
0.6037735849056605
0.4
0.5490196078431373
0.5
0.4666666666666667
0.4897959183673469
0.5833333333333334
0.4363636363636364
0.456140350877193
0.4313725490196078
0.4
0.423076923076923
0.47826086956521735
0.2916666666666667
0.5
0.5714285714285714
0.4313725490196078
0.5306122448979592
0.4074074074074074
0.5306122448979592
0.5423728813559322
0.5
0.4642857142857143
0.49056603773584906
0.5
0.5357142857142857
0.3913043478260869
0.46808510638297873
0.5306122448979592
0.41860465116279066
0.4166666666666667
0.5
0.47058823529411764
0.36000000000000004
0.423076923076923
0.42857142857142855
0.43749999999999994
0.42553191489361697
0.4814814814814815
0.56
0.456140350877193
0.5306122448979592
0.48
0.42553191489361697
0.47826086956521735
0.44067796610169496
0.4090909090909091
0.5333333333333333
0.4126984126984127
0.5862068965517241
0.49056603773584906
0.32
0.43333333333333335
0.5185185185185186
0.5384615384615385
0.3829787234042553
0.5
0.44067796610169496
0.4615384615384615
0.5098039215686274
0.4528301886792453
0.423076923076923
0.5199999999999999
0.47457627118644075
0.4814814814814815
0.47058823529411764
0.47457627118644075
0.4615384615384615
0.4912280701754386
0.4090909090909091
0.4166666666666667
0.3793103448275862
0.41935483870967744
0.4827586206896552
0.4615384615384615
0.5
0.44897959183673464
0.4827586206896552
0.45161290322580644
0.3448275862068965
0.4814814814814815
0.5
0.4444444444444445
0.5283018867924527
0.4897959183673469
0.4363636363636364
0.4081632653061224
0.5283018867924527
0.4225352112676056
0.5
0.3703703703703704
0.4210526315789474
0.45833333333333326
0.49056603773584906
0.5555555555555556
0.509090909090909
0.4262295081967213
0.5
0.37499999999999994
0.4
0.4477611940298507
0.49056603773584906
0.5263157894736842
0.4210526315789474
0.4642857142857143
0.4444444444444445
0.44897959183673464
0.47058823529411764
0.4615384615384615
0.4912280701754386
0.43333333333333335
0.4897959183673469
0.45833333333333326
0.49056603773584906
0.48
0.4912280701754386
0.5555555555555556
0.47058823529411764
0.4482758620689655
0.4166666666666667
0.4642857142857143
0.4666666666666667
0.5
0.5084745762711865
0.44897959183673464
0.4
0.36000000000000004
0.33333333333333326
0.4727272727272728
0.33962264150943394
0.41509433962264153
0.5074626865671642
0.39344262295081966
0.4
0.5818181818181818
0.5098039215686274
0.46875
0.509090909090909
0.4642857142857143
0.5263157894736842
0.36666666666666664
0.5
0.4313725490196078
0.42553191489361697
0.4912280701754386
0.4090909090909091
0.4210526315789474
0.36000000000000004
0.5
0.4081632653061224
0.5833333333333334
0.48
0.4814814814814815
0.4313725490196078
0.5614035087719299
0.5199999999999999
0.3529411764705882
0.5
0.4074074074074074
0.44897959183673464
0.4912280701754386
0.423076923076923
0.3404255319148936
0.46875
0.4814814814814815
0.3448275862068965
0.56
0.4313725490196078
0.4363636363636364
0.4444444444444445
0.5185185185185186
0.4727272727272728
0.4444444444444445
0.38709677419354843
0.3846153846153846
0.4137931034482759
0.47058823529411764
0.4827586206896552
0.5
0.4897959183673469
0.5555555555555556
0.46808510638297873
0.4363636363636364
0.4897959183673469
0.41860465116279066
0.43999999999999995
0.42857142857142855
0.36363636363636365
0.3703703703703704
0.47058823529411764
0.509090909090909
0.4081632653061224
0.5660377358490566
0.4827586206896552
0.5
0.5098039215686274
0.4166666666666667
0.5283018867924527
0.5098039215686274
0.44897959183673464
0.44067796610169496
0.4615384615384615
0.5581395348837209
0.423076923076923
0.5555555555555556
0.5263157894736842
0.423076923076923
0.5
0.4814814814814815
0.3773584905660377
0.5714285714285714
0.4912280701754386
0.4827586206896552
0.5
0.4814814814814815
0.48
0.4081632653061224
0.43999999999999995
0.56
0.4897959183673469
0.44897959183673464
0.42553191489361697
0.47058823529411764
0.4074074074074074
0.4727272727272728
0.5357142857142857
0.4827586206896552
0.46875
0.456140350877193
0.5199999999999999
0.46808510638297873
0.42857142857142855
0.49056603773584906
0.4814814814814815
0.5531914893617021
0.4
0.4727272727272728
0.5199999999999999
0.45833333333333326
0.4067796610169491
0.456140350877193
0.4067796610169491
0.5098039215686274
0.42857142857142855
0.509090909090909
0.4827586206896552
0.47457627118644075
0.4482758620689655
0.49056603773584906
0.41509433962264153
0.4444444444444444
0.5199999999999999
0.4918032786885246
0.5283018867924527
0.5384615384615385
0.509090909090909
0.3913043478260869
0.47826086956521735
0.4137931034482759
0.3181818181818182
0.5199999999999999
0.5106382978723405
0.4814814814814815
0.4642857142857143
0.36000000000000004
0.4897959183673469
0.4918032786885246
0.4482758620689655
0.5333333333333333
0.4166666666666667
0.4642857142857143
0.4528301886792453
0.5098039215686274
0.49056603773584906
0.49056603773584906
0.27906976744186046
0.456140350877193
0.36363636363636365
0.4814814814814815
0.5098039215686274
0.456140350877193
0.33333333333333337
0.3829787234042553
0.4642857142857143
0.37499999999999994
0.4067796610169491
0.38596491228070173
0.3773584905660377
0.48
0.4
0.3846153846153846
0.5454545454545454
0.5306122448979592
0.5454545454545454
0.43478260869565216
0.48
0.4210526315789474
0.4666666666666667
0.49056603773584906
0.4444444444444445
0.4528301886792453
0.3829787234042553
0.4313725490196078
0.3555555555555555
0.4615384615384615
0.5185185185185186
0.47058823529411764
0.4313725490196078
0.4210526315789474
0.5416666666666666
0.4
0.5384615384615385
0.5531914893617021
0.5306122448979592
0.39215686274509803
0.5490196078431373
0.49056603773584906
0.5098039215686274
0.4642857142857143
0.4
0.4897959183673469
0.4827586206896552
0.43999999999999995
0.5
0.32
0.47058823529411764
0.43999999999999995
0.41860465116279066
0.46808510638297873
0.5454545454545454
0.46808510638297873
0.4137931034482759
0.47826086956521735
0.44897959183673464
0.2978723404255319
0.42553191489361697
0.4615384615384615
0.5660377358490566
0.5
0.4081632653061224
0.4918032786885246
0.5098039215686274
0.42553191489361697
0.44067796610169496
0.5306122448979592
0.4444444444444445
0.4067796610169491
0.46808510638297873
0.4126984126984127
0.5833333333333334
0.4074074074074074
0.4615384615384615
0.4897959183673469
0.4528301886792453
0.5185185185185186
0.5333333333333333
0.5283018867924527
0.5714285714285714
0.4727272727272728
0.5098039215686274
0.4
0.380952380952381
0.4727272727272728
0.47058823529411764
0.5423728813559322
0.41509433962264153
0.5306122448979592
0.41509433962264153
0.3928571428571428
0.49056603773584906
0.4666666666666667
0.5454545454545455
0.5084745762711865
0.5
0.4615384615384615
0.4838709677419355
0.33333333333333337
0.46808510638297873
0.3571428571428571
0.4897959183673469
0.4912280701754386
0.4363636363636364
0.3548387096774193
0.42553191489361697
0.5
0.5098039215686274
0.5098039215686274
0.4482758620689655
0.4
0.4313725490196078
0.42857142857142855
0.43478260869565216
0.4642857142857143
0.47058823529411764
0.37499999999999994
0.46808510638297873
0.5199999999999999
0.4897959183673469
0.4912280701754386
0.4545454545454545
0.5333333333333333
0.4615384615384615
0.456140350877193
0.47619047619047616
0.3333333333333333
0.39215686274509803
0.4067796610169491
0.5172413793103449
0.47457627118644075
0.3703703703703704
0.5555555555555556
0.4482758620689655
0.47058823529411764
0.47619047619047616
0.4262295081967213
0.509090909090909
0.5084745762711865
0.5714285714285715
0.456140350877193
0.47457627118644075
0.4814814814814815
0.5
0.49056603773584906
0.47457627118644075
0.5263157894736842
0.4081632653061224
0.4528301886792453
0.5652173913043479
0.39215686274509803
0.4727272727272728
0.5454545454545454
0.39344262295081966
0.42857142857142855
0.3829787234042553
