0.4723769117639267
0.44977772834193164
0.516160379685946
0.5167512654962368
0.47113914196945517
0.44303117006885007
0.585436163332461
0.5986641937416278
0.3874366228411313
0.6110600837643987
0.5207577262831444
0.5928808658308253
0.5369705367562926
0.4877839666908317
0.592984619425805
0.5771666324131869
0.4191341273303833
0.5395888367681485
0.37129646479818057
0.5976716431171616
0.36653156434874157
0.4662603089156662
0.4277987751152306
0.5870409793498881
0.49285862193240376
0.549150702505094
0.4686650278805806
0.5700311917427228
0.44029070739130727
0.49018209633970944
0.4860542164043317
0.551603302725211
0.4981495934260734
0.42281588410642
0.5001999965795427
0.42450520325682534
0.5558598734763652
0.5367424911265933
0.5061748486067703
0.6348163437190789
0.6005881294328647
0.3780753854161831
0.5169149273685012
0.46830495092533564
0.5661639815102999
0.594423440817707
0.4680448431083152
0.5494580868918132
0.5686450380083484
0.45879398316800957
0.47988411840656975
0.5805276619177882
0.46943560494987036
0.4276095537253465
0.5368213054270169
0.5066545751140656
0.5382365202520991
0.49388229679985607
0.5072286485688068
0.3702646636999494
0.5151688206967294
0.5376705492893235
0.5857265015477177
0.41590325750036017
0.49185996575611446
0.655165824259287
0.4054362256225079
0.5289328159408059
0.44729405354907326
0.5072906924199941
0.603860976209179
0.5816829577444722
0.4873743802803353
0.4969472969977462
0.6078959353848646
0.4778185636472874
0.4676278424339109
0.41832735163558327
0.6472715411636479
0.49471808564153835
0.5038173819600275
0.504065454959725
0.517487968626273
0.5750943698920618
0.5218026925548065
0.46596721866982926
0.43424860353670336
0.5038992920101647
0.4275772397876991
0.4953796384226956
0.54013492726329
0.5084850306850265
0.3728581939518685
0.5044539577242282
0.5390623110373831
0.45611536646573014
0.42580867101846803
0.4669229800825041
0.5458531701280745
0.3487396848450729
0.5062655920828522
0.5338031105787117
0.5039613237254137
0.5456541627575809
0.5694152298748686
0.4006964994152707
0.43968860158513556
0.5379819119833414
0.49214809653823405
0.47032393854819576
0.5017781354787337
0.510163576763958
0.5156275397854242
0.4845679522936201
0.4047214718865451
0.5049933987060689
0.46324077778355766
0.4877779054966822
0.49013210124538675
0.49458024854980875
0.5923471897451159
0.3802305003113923
0.5507641692428347
0.49634386061094093
0.5508150622609773
0.6017452045584236
0.36283410756399725
0.5206098591567585
0.493614320107488
0.41811379615545186
0.457850017803174
0.4085852043097139
0.5465607626681062
0.48208342318051994
0.4017413172862214
0.44796282699682227
0.5364012006913395
0.5856965399138966
0.4830692823390611
0.4136143702669994
0.463961082457781
0.48855307758017913
0.4828698163774
0.5108865204865541
0.6610840233145457
0.5270079940381
0.39783747620926746
0.5204093523663023
0.47183980065332504
0.4965589444316917
0.5122028395590863
0.40010267800379884
0.5969810477584178
0.6037014047214273
0.3886981789443294
0.6019666484112906
0.3857569116265466
0.402694672254432
0.4048947903957335
0.5029022462782212
0.5216047797487392
0.4941964945300696
0.4535169299534507
0.39549285976300796
0.5674103132488509
0.5279264764215665
0.5356514243231796
0.45474407300591807
0.5508456458578449
0.5100822848447202
0.5121816253390978
0.3581166260348121
0.42559204492294006
0.5068686561496349
0.6302031684316313
0.3965810522962152
0.4241057179587078
0.3983916934963604
0.5753451392276655
0.5432848182984462
0.4713372849002635
0.42107836383038755
0.6099543355097582
0.4465584486816655
0.46877553186078835
0.5183140307114077
0.5169193717632171
0.6044487148964192
0.5762131846272787
0.5549909926306119
0.5240903088799549
0.5029907123535737
0.42731798495633505
0.4400266293549374
0.6024221206279812
0.5869959215558201
0.41700258480335217
0.5364335518345311
0.5682496482234247
0.517351360468129
0.44442380514253366
0.572474878620165
0.5843548576808211
0.5201853328420744
0.510275730834826
0.4377331570089035
0.602040945474877
0.5134284973511972
0.4808690508610538
0.44044625927151915
0.500773296413986
0.4775499035038968
0.3907247700038415
0.48488118296596017
0.49782159139554155
0.6454787188575132
0.4914683202798693
0.577354330486644
0.5109007492939609
0.4486729809891659
0.5276998145311707
0.4659583379709706
0.3645439159596878
0.4123452844634166
0.5187658332030856
0.3663778953939061
0.5247532406752302
0.5715717558763489
0.4673532557088549
0.4359534166663343
0.4773347373458271
0.5244793632997248
0.43381503373794783
0.5724004416678277
0.573593599265328
0.44058467108987975
0.6084952263515084
0.6400987974895306
0.43396453825766007
0.5845032716116112
0.5374486696096133
0.5750636867844029
0.41176651421387755
0.5959784590377543
0.5472385640056454
0.5365739018492426
0.4051569041646583
0.5030407414425956
0.5846870351204098
0.5802361869382475
0.5418931715850597
0.5183716769390366
0.4628655586163263
0.43218906127434725
0.5537681065392043
0.5391189697942862
0.46093998041231987
0.47740703889681524
0.45596965877913076
0.4637275728380505
0.5588622864592514
0.45810837915209246
0.4951301698177375
0.47403623460445243
0.5441952908960752
0.3863817804263311
0.49743197206216117
0.6044696846264902
0.48113839320634955
0.49877651420644964
0.6044045328996014
0.47651042202484206
0.48455197578412385
0.39274915393549553
0.6185194411300139
0.4957279118246272
0.5620592214542799
0.42048050529487585
0.4904855097487682
0.5589461859899554
0.5567563579329382
0.603265985103246
0.5090550456193179
0.4787402471868576
0.5320081792274249
0.4643026115409179
0.5651873795964144
0.4693333256872845
0.5135913210744968
0.5412012478292014
0.49999390637094177
0.4864404352454763
0.42484336711721493
0.5006927667294812
0.520546526032591
0.5160058574593152
0.5845254280385699
0.4391386575220841
0.5452436180490854
0.4632654850576632
0.4819921175108673
0.43124398566123423
0.42356248755260034
0.49782383109937334
0.5388392964654807
0.5946333656152802
0.4322855181651985
0.4647055888115755
0.479415561639174
0.4541610995485635
0.6815891865147826
0.5881936885080863
0.3703880462197402
0.649894091917773
0.5727627154754702
0.5355726473622444
0.46147882628743037
0.45390801541799625
0.4602620664112509
0.4991932417440969
0.5367202809676301
0.5181445631262487
0.4883312230211622
0.6285649560324046
0.5996942212836016
0.5217255654130531
0.4657669152432382
0.34765665081840247
0.439571583978599
0.46567195814809215
0.559202480180218
0.4866995160237225
0.4873701164306472
0.5487796205301925
0.4283184978068287
0.527312835703122
0.5049782802498712
0.5146954068912875
0.5938530695201228
0.582346836344325
0.39635198364832236
0.5058864094566786
0.5458211218921243
0.4729037506002942
0.47228228739840755
0.4711630337820177
0.368956054912683
0.36361998805735657
0.52638975260269
0.47819449335235115
0.3729984165106675
0.44773536518592955
0.5953969275931705
0.4748997259314691
0.49424989784360657
0.5829576696992832
0.46739970248169455
0.4704245889970961
0.44940867738625734
0.5585423349106734
0.5959534056210123
0.506500023244633
0.46982103944098674
0.5145238381211101
0.4666141789892479
0.5098320746988887
0.5742768991017049
0.43392647973041054
0.5643304817389765
0.48959622678404946
0.4880726582796961
0.583111108249573
0.5529944384873142
0.47518259918833183
0.4713750286461346
0.47186647151375616
0.48573298575287627
0.5900628069323786
0.6043490945980101
0.47294529254940876
0.48703354925166276
0.5770086017073018
0.5497930494621472
0.46051609725663456
0.5302960929732491
0.4717067166870297
0.44674047419498975
0.43569880626388335
0.5131935941109944
0.41125195739888504
0.44146358739235547
0.5161237690592017
0.429337350740457
0.5305384357428131
0.48923058736725356
0.577279036138892
0.599014752418488
0.5703504571407624
0.4662393083254435
0.47784742990350265
0.40454537585886763
0.4100330211952857
0.46985001469584736
0.5757202002256049
0.485102371169987
0.5436386765353061
0.5582041966258896
0.4351580393953507
0.46838525887658655
0.650434011348246
0.48093442809944453
0.48189142940677665
0.5115838782505069
0.5053987868640913
0.4412692737103058
0.5057843366760478
0.4298101312384738
0.5650146124654069
0.5582834018489072
0.4527394053021631
0.520936581806936
0.521876578843691
0.40987164025347284
0.5319428704552558
0.4091464245549887
0.5780565808100139
0.5042650627224092
0.4452084393705538
0.48173385377558114
0.4839396015737316
0.5251251165966472
0.6878016614373902
0.4910432244898999
0.4509041615923279
0.53420845956331
0.47782906545575415
0.66005195977267
0.5303148886635825
0.4624487385333925
0.5953168917786504
0.5405057492703598
0.43175068716627274
0.5035497147065843
0.4592372347522986
0.6175583840554003
0.5657249340016652
0.4456457383491322
0.5716631820295035
0.43291041867070335
0.4352383355456823
0.43886880935955686
0.34921405703705594
0.4603313108600111
0.4789847950862399
0.4397012658234937
0.4538307612878845
0.5190776621670504
0.4940655982042102
0.6014928559826362
0.5823804359845204
0.35111309188532447
0.41867909848444734
0.48705682303089387
0.5197057673949915
0.541435209276514
0.4364281258640883
0.5052464910165281
0.35728392912929646
0.47211226079183527
0.5229373243992572
0.5497046191903565
0.5063853513302492
0.3957959134427881
0.4432340858691966
0.5508082823944529
0.4809208710624929
0.512814233253627
0.6329124634633325
0.5426080288522426
0.5844474841853651
0.5011064436169306
0.4979957667293354
0.5933541728293057
0.5410207108418813
0.5280531687221482
0.4183934019958825
0.6678982365051881
0.5305701610589935
0.5376754136373318
0.5353463873454892
0.612558553237752
0.36105385346192737
0.5851742491519566
0.5616203268129859
0.5009264007071046
0.4196608278027675
0.4554650280994847
0.5164281886257381
0.5370338489486577
0.4865449694079239
