0.5925925925925927
0.5675675675675677
0.5797101449275363
0.6153846153846154
0.6410256410256411
0.525
0.5
0.5000000000000001
0.6363636363636365
0.711864406779661
0.625
0.5714285714285714
0.5102040816326531
0.5714285714285714
0.65
0.6666666666666666
0.5454545454545453
0.5365853658536585
0.5376344086021505
0.5555555555555556
0.4144144144144144
0.6129032258064516
0.611111111111111
0.5714285714285714
0.4680851063829787
0.6363636363636365
0.605263157894737
0.49411764705882355
0.625
0.6206896551724138
0.485981308411215
0.7076923076923077
0.5842696629213483
0.6285714285714286
0.6567164179104478
0.5866666666666667
0.4842105263157895
0.5925925925925927
0.4835164835164835
0.4752475247524753
0.6285714285714286
0.5675675675675677
0.5679012345679013
0.5882352941176471
0.676470588235294
0.6233766233766233
0.48837209302325574
0.5
0.6233766233766233
0.5301204819277109
0.5925925925925927
0.5714285714285714
0.6478873239436621
0.5714285714285714
0.5135135135135135
0.6478873239436621
0.5393258426966292
0.6
0.5526315789473684
0.6363636363636365
0.6419753086419753
0.6216216216216216
0.48484848484848486
0.5617977528089888
0.6376811594202899
0.4576271186440678
0.6666666666666667
0.6769230769230768
0.5647058823529413
0.5050505050505051
0.605263157894737
0.5714285714285715
0.5652173913043478
0.6285714285714286
0.5384615384615384
0.5714285714285714
0.5057471264367815
0.6285714285714286
0.6478873239436621
0.6197183098591549
0.5925925925925927
0.4948453608247423
0.611111111111111
0.4752475247524753
0.6461538461538462
0.5
0.5714285714285714
0.5499999999999999
0.46153846153846156
0.59375
0.45999999999999996
0.5333333333333333
0.46153846153846156
0.5494505494505496
0.5591397849462365
0.7142857142857142
0.7142857142857143
0.4680851063829787
0.6129032258064516
0.528735632183908
0.6666666666666667
0.6571428571428571
0.5473684210526316
0.5494505494505496
0.7017543859649122
0.608695652173913
0.4672897196261683
0.6666666666666667
0.4680851063829787
0.5054945054945054
0.7058823529411765
0.6486486486486486
0.6557377049180327
0.5052631578947369
0.676470588235294
0.5274725274725275
0.6
0.5384615384615384
0.5476190476190477
0.49019607843137253
0.6363636363636365
0.6666666666666666
0.4423076923076923
0.5866666666666667
0.6956521739130435
0.6666666666666667
0.5714285714285714
0.6388888888888888
0.5866666666666667
0.5526315789473684
0.5054945054945054
0.5714285714285714
0.5647058823529413
0.696969696969697
0.6486486486486486
0.5542168674698795
0.6774193548387096
0.6
0.47058823529411764
0.6024096385542169
0.514851485148515
0.5054945054945054
0.71875
0.6197183098591549
0.6575342465753425
0.6875
0.6571428571428571
0.5405405405405405
0.49523809523809526
0.6027397260273971
0.5057471264367815
0.5970149253731343
0.6478873239436621
0.5
0.6301369863013698
0.528735632183908
0.5952380952380952
0.5822784810126582
0.4835164835164835
0.608695652173913
0.48484848484848486
0.5060240963855422
0.7042253521126761
0.43396226415094336
0.5111111111111111
0.6027397260273971
0.5714285714285714
0.5569620253164558
0.6769230769230768
0.6582278481012658
0.611111111111111
0.6865671641791045
0.6956521739130435
0.5111111111111111
0.5945945945945945
0.49438202247191015
0.6349206349206349
0.7058823529411765
0.6
0.5411764705882354
0.676056338028169
0.5301204819277109
0.5301204819277109
0.6666666666666666
0.4948453608247423
0.5499999999999999
0.7666666666666667
0.5777777777777778
0.5822784810126582
0.6329113924050633
0.5974025974025974
0.5974025974025974
0.5348837209302325
0.5411764705882354
0.5454545454545454
0.6190476190476191
0.5393258426966292
0.6153846153846154
0.5517241379310345
0.5434782608695652
0.6567164179104478
0.5411764705882354
0.6363636363636365
0.5681818181818181
0.49462365591397855
0.5154639175257731
0.5106382978723405
0.5789473684210527
0.5531914893617021
0.6363636363636365
0.5853658536585367
0.5915492957746479
0.71875
0.6666666666666667
0.6666666666666666
0.6206896551724138
0.5000000000000001
0.6216216216216216
0.6
0.6756756756756758
0.5633802816901409
0.7164179104477612
0.5555555555555556
0.6571428571428571
0.5365853658536585
0.5333333333333333
0.5609756097560975
0.5641025641025641
0.6578947368421053
0.6478873239436621
0.6779661016949153
0.48837209302325574
0.6216216216216216
0.7419354838709677
0.45999999999999996
0.59375
0.608695652173913
0.5609756097560975
0.6349206349206349
0.5168539325842697
0.4423076923076923
0.6176470588235295
0.5591397849462365
0.676470588235294
0.6
0.5915492957746479
0.45999999999999996
0.5542168674698795
0.7123287671232877
0.5952380952380952
0.6133333333333334
0.5783132530120482
0.5052631578947369
0.5301204819277109
0.6133333333333334
0.625
0.5783132530120482
0.5121951219512195
0.6769230769230768
0.676056338028169
0.6301369863013698
0.4107142857142857
0.6865671641791045
0.6470588235294117
0.606060606060606
0.5510204081632653
0.7
0.5348837209302325
0.6363636363636365
0.5617977528089888
0.5365853658536585
0.5365853658536585
0.5499999999999999
0.6376811594202899
0.611764705882353
0.6363636363636365
0.4727272727272728
0.5555555555555556
0.5915492957746479
0.6133333333333334
0.5714285714285714
0.6571428571428571
0.5454545454545454
0.5617977528089888
0.696969696969697
0.5
0.5416666666666666
0.6197183098591549
0.6046511627906976
0.5945945945945945
0.5909090909090909
0.46341463414634143
0.6567164179104478
0.6478873239436621
0.4587155963302753
0.6865671641791045
0.6461538461538462
0.5617977528089888
0.54320987654321
0.5434782608695652
0.59375
0.64
0.42
0.5609756097560975
0.574712643678161
0.7500000000000001
0.6984126984126984
0.5116279069767441
0.43564356435643564
0.5897435897435898
0.5434782608695652
0.6
0.6133333333333334
0.6216216216216216
0.4727272727272728
0.5974025974025974
0.5052631578947369
0.608695652173913
0.5679012345679013
0.625
0.6493506493506493
0.5789473684210527
0.6133333333333334
0.6024096385542169
0.6769230769230768
0.5882352941176471
0.6984126984126984
0.485981308411215
0.5263157894736842
0.6190476190476191
0.5274725274725275
0.6388888888888888
0.5813953488372092
0.5208333333333334
0.6666666666666666
0.6216216216216216
0.5454545454545454
0.5476190476190477
0.65
0.528735632183908
0.5499999999999999
0.6301369863013698
0.65625
0.6301369863013698
0.7575757575757577
0.611111111111111
0.6575342465753425
0.6769230769230768
0.6129032258064516
0.5555555555555556
0.4727272727272728
0.5866666666666667
0.5581395348837209
0.5641025641025641
0.6285714285714286
0.5822784810126582
0.7
0.5714285714285714
0.6197183098591549
0.5915492957746479
0.54320987654321
0.5208333333333334
0.5714285714285714
0.47619047619047616
0.5052631578947369
0.6
0.5789473684210527
0.4888888888888889
0.4
0.64
0.4509803921568627
0.65625
0.5974025974025974
0.7352941176470588
0.5671641791044775
0.5753424657534246
0.5777777777777778
0.5
0.4819277108433735
0.6153846153846154
0.6133333333333334
0.5054945054945054
0.6301369863013698
0.7076923076923077
0.5346534653465346
0.5569620253164558
0.6376811594202899
0.6984126984126984
0.7096774193548386
0.5434782608695652
0.625
0.6176470588235295
0.5777777777777778
0.5168539325842697
0.4509803921568627
0.5974025974025974
0.6363636363636365
0.6233766233766233
0.6133333333333334
0.5714285714285714
0.47727272727272735
0.5393258426966292
0.5411764705882354
0.5753424657534246
0.6486486486486486
0.5542168674698795
0.6857142857142857
0.7272727272727272
0.6575342465753425
0.5652173913043478
0.5974025974025974
0.45714285714285713
0.5333333333333333
0.44680851063829785
0.5822784810126582
0.7222222222222222
0.6956521739130435
0.575
0.5846153846153846
0.684931506849315
0.5348837209302325
0.5393258426966292
0.5641025641025641
0.6067415730337079
0.611111111111111
0.5822784810126582
0.6197183098591549
0.5714285714285714
0.6
0.514851485148515
0.5714285714285714
0.5052631578947369
0.625
0.5681818181818181
0.5853658536585367
0.6133333333333334
0.6097560975609756
0.6461538461538462
0.4909090909090909
0.5753424657534246
0.7
0.6
0.4646464646464646
0.6666666666666666
0.6315789473684211
0.5675675675675677
0.6315789473684211
0.56
0.5494505494505496
0.6875
0.611111111111111
0.7096774193548386
0.5977011494252873
0.6153846153846153
0.6376811594202899
0.6470588235294117
0.5274725274725275
0.5205479452054794
0.5360824742268041
0.5974025974025974
0.6666666666666666
0.6478873239436621
0.608695652173913
0.6666666666666667
0.5428571428571427
0.6097560975609756
0.6133333333333334
0.6388888888888888
0.5411764705882354
0.6575342465753425
0.4444444444444444
0.606060606060606
0.5970149253731343
0.5098039215686274
0.5252525252525253
0.5647058823529413
0.6774193548387096
0.626865671641791
0.6666666666666666
0.5263157894736842
0.5915492957746479
0.6666666666666666
0.7586206896551724
0.5783132530120482
0.5591397849462365
0.611111111111111
0.7419354838709677
0.6666666666666666
0.5675675675675677
0.5116279069767441
0.4827586206896553
0.5161290322580645
0.5915492957746479
0.6461538461538462
0.6
0.5517241379310345
0.5365853658536585
0.6216216216216216
0.65625
0.5365853658536585
