0.5309722222222223
0.4911111111111111
0.47236111111111106
0.48986111111111114
0.5747222222222222
0.4206944444444445
0.4809722222222222
0.4827777777777777
0.4136111111111111
0.6301388888888889
0.5973611111111111
0.47791666666666666
0.5163888888888889
0.5240277777777778
0.5497222222222222
0.4905555555555555
0.47000000000000003
0.4413888888888889
0.5498611111111111
0.451111111111111
0.4416666666666667
0.5416666666666666
0.5348611111111111
0.612638888888889
0.44500000000000006
0.5591666666666667
0.5652777777777779
0.46625000000000005
0.4487500000000001
0.5319444444444444
0.5856944444444443
0.49597222222222226
0.44652777777777786
0.5358333333333334
0.5013888888888889
0.44249999999999995
0.4741666666666666
0.5011111111111111
0.5008333333333332
0.5048611111111111
0.5402777777777779
0.5268055555555556
0.53125
0.4297222222222222
0.5062500000000001
0.5391666666666667
0.44013888888888886
0.48583333333333334
0.4369444444444444
0.4525
0.5326388888888889
0.44222222222222224
0.45958333333333334
0.41541666666666666
0.39902777777777776
0.5808333333333333
0.5706944444444445
0.495
0.5106944444444443
0.4240277777777777
0.4263888888888889
0.4979166666666667
0.5726388888888889
0.5001388888888888
0.5030555555555556
0.4293055555555556
0.48944444444444446
0.4769444444444445
0.38319444444444445
0.4373611111111111
0.5768055555555555
0.4140277777777778
0.6495833333333334
0.46736111111111117
0.5534722222222223
0.52125
0.5079166666666666
0.46458333333333324
0.49097222222222225
0.4508333333333333
0.6105555555555556
0.5341666666666667
0.5170833333333333
0.46930555555555553
0.4747222222222222
0.535
0.4804166666666666
0.5909722222222222
0.47194444444444444
0.4525
0.4188888888888889
0.6404166666666667
0.5155555555555555
0.48375
0.4831944444444444
0.564861111111111
0.44041666666666673
0.46
0.6325000000000001
0.4525
0.535
0.4858333333333333
0.5118055555555555
0.3906944444444445
0.5158333333333334
0.5340277777777779
0.47722222222222227
0.6041666666666666
0.5679166666666667
0.5268055555555556
0.4066666666666666
0.46986111111111106
0.5098611111111111
0.47680555555555554
0.47694444444444445
0.4754166666666666
0.4341666666666667
0.5068055555555556
0.3818055555555555
0.5470833333333334
0.5573611111111111
0.4763888888888889
0.43
0.5191666666666666
0.4738888888888889
0.6554166666666665
0.44277777777777777
0.5254166666666666
0.5613888888888888
0.5290277777777777
0.4804166666666666
0.48694444444444446
0.5431944444444444
0.545138888888889
0.5345833333333334
0.4743055555555555
0.4884722222222222
0.5084722222222222
0.46625000000000005
0.4968055555555556
0.42055555555555557
0.47652777777777783
0.48749999999999993
0.5323611111111111
0.43680555555555556
0.47208333333333335
0.5679166666666666
0.3929166666666666
0.6152777777777778
0.5569444444444445
0.5005555555555556
0.5325
0.5073611111111112
0.5168055555555556
0.4244444444444444
0.49
0.5004166666666667
0.48708333333333337
0.5258333333333334
0.5397222222222222
0.3615277777777778
0.43027777777777776
0.5683333333333334
0.5784722222222222
0.45930555555555563
0.44430555555555556
0.5379166666666666
0.5281944444444444
0.5397222222222222
0.49111111111111105
0.5491666666666666
0.4438888888888889
0.4768055555555555
0.5006944444444444
0.5615277777777777
0.45291666666666663
0.4752777777777778
0.46958333333333324
0.4731944444444444
0.49277777777777776
0.4225
0.5530555555555555
0.4356944444444445
0.5361111111111111
0.40958333333333335
0.4770833333333334
0.41888888888888887
0.5579166666666667
0.4511111111111111
0.46597222222222223
0.4633333333333333
0.5522222222222223
0.44569444444444445
0.42902777777777773
0.42430555555555555
0.4726388888888889
0.5668055555555556
0.5176388888888889
0.6380555555555555
0.5643055555555555
0.43722222222222223
0.5173611111111112
0.5304166666666666
0.5801388888888889
0.6062500000000001
0.40097222222222223
0.45263888888888887
0.5275
0.48277777777777775
0.6168055555555555
0.5636111111111111
0.5251388888888889
0.4197222222222222
0.43597222222222215
0.4622222222222222
0.4504166666666667
0.5098611111111111
0.6270833333333333
0.43500000000000005
0.4763888888888889
0.5358333333333333
0.5536111111111112
0.44486111111111115
0.5786111111111112
0.39597222222222217
0.3741666666666667
0.4379166666666666
0.4072222222222222
0.44986111111111104
0.45986111111111116
0.52
0.4241666666666666
0.4355555555555555
0.4130555555555556
0.5172222222222221
0.5918055555555555
0.5306944444444445
0.5056944444444444
0.5315277777777778
0.40125
0.47916666666666663
0.4576388888888889
0.5091666666666667
0.4786111111111112
0.4277777777777778
0.4933333333333333
0.45291666666666675
0.5459722222222222
0.5048611111111111
0.4788888888888888
0.5404166666666668
0.5025
0.47430555555555554
0.5127777777777778
0.4990277777777778
0.6093055555555555
0.37319444444444444
0.5823611111111111
0.53375
0.47374999999999995
0.523611111111111
0.46402777777777776
0.5976388888888888
0.5354166666666667
0.5068055555555555
0.4240277777777777
0.5865277777777779
0.5129166666666667
0.40944444444444444
0.5586111111111112
0.48263888888888895
0.5440277777777778
0.5152777777777778
0.4965277777777778
0.5908333333333334
0.4955555555555555
0.5844444444444444
0.5337500000000001
0.38861111111111113
0.4593055555555555
0.5102777777777778
0.4979166666666667
0.6215277777777778
0.5919444444444444
0.4840277777777778
0.4884722222222222
0.5534722222222223
0.4419444444444445
0.4716666666666667
0.5243055555555556
0.44208333333333333
0.5327777777777778
0.4427777777777777
0.49750000000000005
0.5405555555555556
0.47777777777777775
0.48777777777777775
0.3670833333333334
0.46875000000000006
0.4686111111111111
0.4759722222222222
0.4743055555555556
0.44416666666666665
0.3919444444444444
0.4961111111111111
0.46486111111111117
0.55625
0.4636111111111111
0.5031944444444445
0.38375
0.5431944444444444
0.5915277777777778
0.5063888888888889
0.4922222222222223
0.5188888888888888
0.5040277777777777
0.3697222222222222
0.5125
0.49111111111111105
0.48638888888888887
0.44930555555555557
0.5940277777777778
0.40458333333333335
0.4801388888888889
0.6738888888888889
0.4834722222222222
0.48597222222222225
0.5627777777777777
0.5090277777777777
0.5279166666666666
0.42541666666666667
0.4551388888888889
0.4411111111111111
0.5215277777777778
0.39
0.5651388888888889
0.43861111111111106
0.5658333333333333
0.5141666666666667
0.49055555555555563
0.5745833333333334
0.55625
0.4888888888888888
0.5805555555555555
0.46222222222222226
0.50125
0.41513888888888884
0.5238888888888888
0.5627777777777777
0.4225000000000001
0.5297222222222222
0.5563888888888888
0.4672222222222222
0.4298611111111111
0.5540277777777777
0.53
0.5668055555555556
0.5143055555555556
0.4451388888888888
0.5548611111111111
0.40874999999999995
0.5197222222222222
0.4906944444444445
0.48000000000000004
0.5538888888888889
0.5790277777777779
0.4644444444444445
0.4833333333333334
0.4531944444444445
0.4034722222222222
0.45180555555555557
0.4975
0.43666666666666676
0.45208333333333334
0.4880555555555555
0.3476388888888889
0.4573611111111111
0.575138888888889
0.5202777777777778
0.49597222222222226
0.44555555555555554
0.5363888888888889
0.6169444444444444
0.43944444444444447
0.5776388888888889
0.37625
0.49680555555555556
0.517361111111111
0.5318055555555555
0.38305555555555554
0.5590277777777778
0.49875
0.4738888888888889
0.5569444444444445
0.5220833333333333
0.4433333333333334
0.48277777777777786
0.5281944444444444
0.5123611111111112
0.5295833333333334
0.4820833333333334
0.3972222222222222
0.47680555555555554
0.5791666666666666
0.4494444444444444
0.5440277777777778
0.5645833333333334
0.4834722222222222
0.5248611111111111
0.4648611111111111
0.4838888888888889
0.4620833333333333
0.5279166666666667
0.49736111111111103
0.42055555555555557
0.4345833333333333
0.3358333333333333
0.4490277777777778
0.4534722222222222
0.6093055555555555
0.58
0.4406944444444445
0.46791666666666665
0.4861111111111111
0.4877777777777778
0.44347222222222216
0.5888888888888889
0.5640277777777778
0.545
0.47611111111111104
0.41291666666666665
0.5316666666666666
0.5252777777777777
0.5427777777777778
0.5908333333333334
0.5388888888888889
0.5395833333333333
0.5386111111111112
0.4613888888888889
0.48736111111111113
0.5234722222222221
0.46805555555555556
0.40708333333333335
0.4751388888888889
0.4925
0.5145833333333333
0.4684722222222223
0.4252777777777778
0.555
0.4116666666666666
0.4998611111111111
0.3790277777777778
0.5227777777777778
0.4859722222222222
0.4127777777777778
0.45513888888888887
0.4688888888888889
0.4565277777777778
0.4279166666666667
0.58875
0.51875
0.4295833333333333
0.4091666666666667
0.4122222222222222
0.45625
0.3416666666666667
0.5322222222222222
0.47194444444444444
0.49791666666666673
0.6252777777777778
0.46513888888888894
0.5491666666666667
0.5105555555555555
0.6605555555555556
0.5769444444444444
0.5659722222222222
0.43152777777777773
0.46027777777777784
0.46111111111111114
0.5040277777777777
0.4573611111111111
0.5081944444444444
0.48291666666666666
0.5358333333333334
0.5390277777777778
0.6077777777777778
0.6763888888888889
0.4422222222222222
0.4922222222222222
0.5894444444444443
0.5175000000000001
0.6343055555555557
0.4847222222222223
0.4602777777777778
0.6466666666666667
0.38027777777777777
0.5388888888888889
0.4459722222222222
0.49361111111111117
0.5225
