0.5
0.5
0.30833333333333335
0.475
0.3333333333333333
0.43333333333333335
0.625
0.6333333333333333
0.44166666666666665
0.21666666666666667
0.425
0.325
0.49166666666666664
0.425
0.39166666666666666
0.225
0.44166666666666665
0.36666666666666664
0.45
0.2833333333333333
0.6083333333333333
0.31666666666666665
0.4583333333333333
0.30833333333333335
0.4666666666666667
0.36666666666666664
0.4083333333333333
0.2916666666666667
0.5583333333333333
0.5666666666666667
0.6666666666666666
0.275
0.55
0.375
0.325
0.4583333333333333
0.4166666666666667
0.38333333333333336
0.49166666666666664
0.44166666666666665
0.275
0.4166666666666667
0.36666666666666664
0.36666666666666664
0.30833333333333335
0.36666666666666664
0.4
0.55
0.375
0.45
0.375
0.35
0.38333333333333336
0.49166666666666664
0.2916666666666667
0.275
0.475
0.3333333333333333
0.325
0.35833333333333334
0.39166666666666666
0.39166666666666666
0.5083333333333333
0.5
0.39166666666666666
0.475
0.4583333333333333
0.3416666666666667
0.5333333333333333
0.5416666666666666
0.4083333333333333
0.31666666666666665
0.44166666666666665
0.4
0.3333333333333333
0.4166666666666667
0.425
0.425
0.30833333333333335
0.4
0.4166666666666667
0.5333333333333333
0.3333333333333333
0.36666666666666664
0.475
0.5916666666666667
0.5333333333333333
0.45
0.475
0.31666666666666665
0.5416666666666666
0.45
0.6166666666666667
0.4666666666666667
0.5583333333333333
0.3333333333333333
0.55
0.5
0.18333333333333332
0.5083333333333333
0.30833333333333335
0.36666666666666664
0.6
0.5083333333333333
0.24166666666666667
0.4166666666666667
0.75
0.31666666666666665
0.48333333333333334
0.43333333333333335
0.3
0.35833333333333334
0.30833333333333335
0.6166666666666667
0.4
0.575
0.43333333333333335
0.4083333333333333
0.4666666666666667
0.5583333333333333
0.30833333333333335
0.35
0.4666666666666667
0.3416666666666667
0.36666666666666664
0.4
0.48333333333333334
0.4166666666666667
0.43333333333333335
0.4166666666666667
0.5666666666666667
0.5166666666666667
0.35
0.325
0.475
0.4
0.2916666666666667
0.36666666666666664
0.5583333333333333
0.5916666666666667
0.48333333333333334
0.5916666666666667
0.39166666666666666
0.4166666666666667
0.3416666666666667
0.3416666666666667
0.375
0.3416666666666667
0.4583333333333333
0.39166666666666666
0.375
0.4
0.4583333333333333
0.48333333333333334
0.43333333333333335
0.31666666666666665
0.55
0.4166666666666667
0.575
0.35
0.35833333333333334
0.4166666666666667
0.35833333333333334
0.5833333333333334
0.45
0.35833333333333334
0.43333333333333335
0.38333333333333336
0.2916666666666667
0.44166666666666665
0.36666666666666664
0.4666666666666667
0.475
0.475
0.3333333333333333
0.4583333333333333
0.36666666666666664
0.43333333333333335
0.25833333333333336
0.49166666666666664
0.35833333333333334
0.4166666666666667
0.4583333333333333
0.35
0.4666666666666667
0.43333333333333335
0.39166666666666666
0.43333333333333335
0.4083333333333333
0.3333333333333333
0.38333333333333336
0.45
0.5333333333333333
0.4666666666666667
0.4
0.4583333333333333
0.5333333333333333
0.39166666666666666
0.36666666666666664
0.525
0.43333333333333335
0.5
0.30833333333333335
0.36666666666666664
0.4083333333333333
0.5
0.325
0.4
0.475
0.45
0.49166666666666664
0.3416666666666667
0.4166666666666667
0.375
0.2833333333333333
0.35833333333333334
0.5583333333333333
0.3
0.3416666666666667
0.575
0.35833333333333334
0.4666666666666667
0.44166666666666665
0.45
0.44166666666666665
0.5583333333333333
0.38333333333333336
0.325
0.475
0.36666666666666664
0.3416666666666667
0.5666666666666667
0.4166666666666667
0.3416666666666667
0.5
0.3333333333333333
0.30833333333333335
0.31666666666666665
0.35
0.44166666666666665
0.4666666666666667
0.375
0.65
0.3
0.5166666666666667
0.43333333333333335
0.5166666666666667
0.35833333333333334
0.45
0.425
0.475
0.43333333333333335
0.5166666666666667
0.45
0.45
0.4583333333333333
0.4583333333333333
0.44166666666666665
0.35833333333333334
0.45
0.35
0.425
0.3333333333333333
0.35
0.39166666666666666
0.5583333333333333
0.2833333333333333
0.4083333333333333
0.3333333333333333
0.39166666666666666
0.4
0.3333333333333333
0.4
0.43333333333333335
0.36666666666666664
0.30833333333333335
0.48333333333333334
0.5583333333333333
0.4166666666666667
0.35
0.4083333333333333
0.25
0.49166666666666664
0.43333333333333335
0.31666666666666665
0.525
0.5916666666666667
0.36666666666666664
0.4666666666666667
0.39166666666666666
0.4583333333333333
0.30833333333333335
0.4166666666666667
0.375
0.575
0.35833333333333334
0.25
0.5166666666666667
0.4666666666666667
0.48333333333333334
0.24166666666666667
0.43333333333333335
0.5833333333333334
0.3333333333333333
0.5333333333333333
0.23333333333333334
0.35833333333333334
0.425
0.5083333333333333
0.5166666666666667
0.39166666666666666
0.35
0.4583333333333333
0.275
0.525
0.2916666666666667
0.5416666666666666
0.31666666666666665
0.5166666666666667
0.2833333333333333
0.43333333333333335
0.39166666666666666
0.4166666666666667
0.3416666666666667
0.21666666666666667
0.425
0.375
0.6916666666666667
0.5333333333333333
0.4666666666666667
0.525
0.36666666666666664
0.48333333333333334
0.5
0.4083333333333333
0.35
0.5166666666666667
0.3416666666666667
0.325
0.5
0.4666666666666667
0.4666666666666667
0.36666666666666664
0.39166666666666666
0.44166666666666665
0.375
0.44166666666666665
0.4083333333333333
0.25
0.48333333333333334
0.4583333333333333
0.38333333333333336
0.44166666666666665
0.44166666666666665
0.325
0.4
0.2833333333333333
0.55
0.31666666666666665
0.30833333333333335
0.30833333333333335
0.48333333333333334
0.38333333333333336
0.525
0.5916666666666667
0.3333333333333333
0.3
0.475
0.6333333333333333
0.4166666666666667
0.5416666666666666
0.2916666666666667
0.36666666666666664
0.35
0.3
0.4
0.5083333333333333
0.39166666666666666
0.3
0.48333333333333334
0.375
0.375
0.4583333333333333
0.39166666666666666
0.6166666666666667
0.44166666666666665
0.4083333333333333
0.35
0.3333333333333333
0.45
0.4583333333333333
0.38333333333333336
0.4666666666666667
0.38333333333333336
0.5166666666666667
0.325
0.2833333333333333
0.31666666666666665
0.4666666666666667
0.48333333333333334
0.5166666666666667
0.5166666666666667
0.425
0.375
0.375
0.38333333333333336
0.39166666666666666
0.36666666666666664
0.43333333333333335
0.49166666666666664
0.4666666666666667
0.6
0.4583333333333333
0.375
0.38333333333333336
0.39166666666666666
0.35833333333333334
0.45
0.20833333333333334
0.4
0.4583333333333333
0.4583333333333333
0.45
0.39166666666666666
0.425
0.4
0.325
0.475
0.55
0.4666666666666667
0.3333333333333333
0.35
0.48333333333333334
0.36666666666666664
0.5083333333333333
0.38333333333333336
0.39166666666666666
0.325
0.6333333333333333
0.325
0.35833333333333334
0.425
0.475
0.4
0.30833333333333335
0.4083333333333333
0.475
0.30833333333333335
0.4166666666666667
0.3333333333333333
0.36666666666666664
0.35
0.575
0.3416666666666667
0.31666666666666665
0.35
0.49166666666666664
0.3416666666666667
0.49166666666666664
0.30833333333333335
0.5
0.3333333333333333
0.39166666666666666
0.4083333333333333
0.26666666666666666
0.4583333333333333
0.45
0.5333333333333333
0.45
0.4166666666666667
0.5416666666666666
0.35833333333333334
0.39166666666666666
0.425
0.4583333333333333
0.475
0.275
0.325
0.31666666666666665
0.475
0.325
0.375
0.275
0.43333333333333335
0.575
0.35833333333333334
0.25
0.4
0.31666666666666665
0.4583333333333333
0.5333333333333333
0.6333333333333333
0.25833333333333336
0.30833333333333335
0.4166666666666667
0.5
0.4166666666666667
0.2916666666666667
0.38333333333333336
0.4166666666666667
