0.44067796610169496
0.4482758620689655
0.3703703703703704
0.4166666666666667
0.45833333333333326
0.5161290322580646
0.4897959183673469
0.4081632653061224
0.3829787234042553
0.43999999999999995
0.4642857142857143
0.4651162790697674
0.5199999999999999
0.3555555555555555
0.33962264150943394
0.5217391304347827
0.5
0.5
0.5
0.4814814814814815
0.4
0.3793103448275862
0.5416666666666666
0.5217391304347827
0.4363636363636364
0.35
0.30188679245283023
0.3636363636363636
0.4912280701754386
0.4285714285714285
0.4444444444444445
0.2916666666666667
0.509090909090909
0.44897959183673464
0.3829787234042553
0.326530612244898
0.5357142857142857
0.5245901639344263
0.5555555555555556
0.41509433962264153
0.4166666666666667
0.43999999999999995
0.47058823529411764
0.3846153846153846
0.5
0.43333333333333335
0.43478260869565216
0.4137931034482759
0.4
0.4912280701754386
0.4897959183673469
0.4814814814814815
0.42553191489361697
0.5
0.5
0.43478260869565216
0.40625
0.5283018867924527
0.3913043478260869
0.49056603773584906
0.4166666666666667
0.4313725490196078
0.5416666666666666
0.4444444444444444
0.423076923076923
0.3673469387755102
0.5263157894736842
0.4313725490196078
0.32
0.5098039215686274
0.4642857142857143
0.33333333333333337
0.5490196078431373
0.4411764705882353
0.48
0.5
0.5199999999999999
0.4313725490196078
0.3478260869565218
0.4081632653061224
0.47058823529411764
0.423076923076923
0.4363636363636364
0.5614035087719299
0.3913043478260869
0.3829787234042553
0.5283018867924527
0.4615384615384615
0.3829787234042553
0.5306122448979592
0.5084745762711865
0.47058823529411764
0.423076923076923
0.43478260869565216
0.5098039215686274
0.28
0.4444444444444444
0.4814814814814815
0.6
0.42553191489361697
0.42857142857142855
0.5199999999999999
0.5660377358490566
0.41509433962264153
0.4
0.5185185185185186
0.4
0.4528301886792453
0.4897959183673469
0.42553191489361697
0.33333333333333337
0.44067796610169496
0.4166666666666667
0.5098039215686274
0.4727272727272728
0.509090909090909
0.4814814814814815
0.423076923076923
0.4210526315789474
0.43999999999999995
0.4363636363636364
0.5
0.4313725490196078
0.5555555555555556
0.4897959183673469
0.5531914893617021
0.4528301886792453
0.5106382978723405
0.43333333333333335
0.5185185185185186
0.33333333333333326
0.4444444444444444
0.47457627118644075
0.4313725490196078
0.39215686274509803
0.5416666666666666
0.44897959183673464
0.4727272727272728
0.44067796610169496
0.5283018867924527
0.4897959183673469
0.5199999999999999
0.3913043478260869
0.5925925925925926
0.4615384615384615
0.4285714285714285
0.3846153846153846
0.5238095238095238
0.4210526315789474
0.5384615384615385
0.35
0.4090909090909091
0.31111111111111117
0.43999999999999995
0.5
0.5
0.3773584905660377
0.40625
0.4444444444444445
0.48
0.5333333333333333
0.5333333333333333
0.4444444444444445
0.5199999999999999
0.27906976744186046
0.3137254901960784
0.5199999999999999
0.5531914893617021
0.4727272727272728
0.5357142857142857
0.5098039215686274
0.39215686274509803
0.3846153846153846
0.34615384615384615
0.42857142857142855
0.6296296296296297
0.4074074074074074
0.33333333333333337
0.4615384615384615
0.4067796610169491
0.3703703703703704
0.5357142857142857
0.5185185185185186
0.5306122448979592
0.46808510638297873
0.42553191489361697
0.56
0.6071428571428571
0.47058823529411764
0.43749999999999994
0.32
0.37499999999999994
0.4615384615384615
0.3181818181818182
0.3829787234042553
0.39344262295081966
0.44897959183673464
0.5199999999999999
0.4814814814814815
0.5217391304347827
0.5098039215686274
0.5
0.4545454545454545
0.5199999999999999
0.37499999999999994
0.5084745762711865
0.49056603773584906
0.41509433962264153
0.37499999999999994
0.5714285714285714
0.4666666666666667
0.36363636363636365
0.44067796610169496
0.4
0.5416666666666666
0.3846153846153846
0.5283018867924527
0.4888888888888889
0.48
0.423076923076923
0.4615384615384615
0.48
0.41509433962264153
0.5172413793103449
0.5
0.4074074074074074
0.4067796610169491
0.41509433962264153
0.32
0.5714285714285714
0.46808510638297873
0.3703703703703704
0.4897959183673469
0.36363636363636365
0.4615384615384615
0.4363636363636364
0.43999999999999995
0.4727272727272728
0.4727272727272728
0.5
0.47058823529411764
0.5714285714285714
0.4166666666666667
0.456140350877193
0.33333333333333326
0.5217391304347827
0.588235294117647
0.46808510638297873
0.4067796610169491
0.5199999999999999
0.3913043478260869
0.3137254901960784
0.3571428571428571
0.5306122448979592
0.30769230769230765
0.576923076923077
0.5531914893617021
0.4444444444444445
0.48
0.4307692307692308
0.42857142857142855
0.47058823529411764
0.47826086956521735
0.3673469387755102
0.5185185185185186
0.4642857142857143
0.3703703703703704
0.5199999999999999
0.4545454545454545
0.4363636363636364
0.456140350877193
0.5185185185185186
0.5098039215686274
0.41509433962264153
0.4615384615384615
0.3928571428571428
0.47619047619047616
0.4444444444444445
0.4918032786885246
0.5185185185185186
0.56
0.4313725490196078
0.5185185185185186
0.24489795918367346
0.4000000000000001
0.47058823529411764
0.3043478260869565
0.423076923076923
0.4313725490196078
0.3448275862068965
0.5
0.4
0.48
0.5098039215686274
0.42553191489361697
0.39215686274509803
0.3809523809523809
0.46808510638297873
0.47058823529411764
0.43999999999999995
0.42553191489361697
0.4615384615384615
0.4313725490196078
0.4137931034482759
0.4482758620689655
0.4166666666666667
0.45833333333333326
0.41509433962264153
0.47058823529411764
0.5490196078431373
0.5098039215686274
0.5283018867924527
0.4482758620689655
0.380952380952381
0.43999999999999995
0.45833333333333326
0.33898305084745767
0.39215686274509803
0.5660377358490566
0.4897959183673469
0.43478260869565216
0.5925925925925926
0.4067796610169491
0.4074074074074074
0.4
0.4
0.5660377358490566
0.5106382978723405
0.39215686274509803
0.4313725490196078
0.5
0.5531914893617021
0.5172413793103449
0.5652173913043479
0.5306122448979592
0.4090909090909091
0.37499999999999994
0.5
0.5
0.5185185185185186
0.5106382978723405
0.4285714285714285
0.4814814814814815
0.4651162790697674
0.5172413793103449
0.4814814814814815
0.48
0.41509433962264153
0.4166666666666667
0.5185185185185186
0.42553191489361697
0.4615384615384615
0.49056603773584906
0.47058823529411764
0.49056603773584906
0.43478260869565216
0.4081632653061224
0.5818181818181818
0.423076923076923
0.49056603773584906
0.4074074074074074
0.3703703703703704
0.4528301886792453
0.3703703703703704
0.4482758620689655
0.42857142857142855
0.4313725490196078
0.33333333333333337
0.44897959183673464
0.5
0.3636363636363636
0.5
0.5
0.3404255319148936
0.4482758620689655
0.4727272727272728
0.4
0.43478260869565216
0.4
0.4615384615384615
0.423076923076923
0.4727272727272728
0.4363636363636364
0.576923076923077
0.44897959183673464
0.48
0.4814814814814815
0.5384615384615385
0.4444444444444444
0.4444444444444445
0.4090909090909091
0.3773584905660377
0.4081632653061224
0.4081632653061224
0.3478260869565218
0.43999999999999995
0.44067796610169496
0.5
0.4
0.3846153846153846
0.43478260869565216
0.34615384615384615
0.4528301886792453
0.4615384615384615
0.509090909090909
0.41509433962264153
0.4528301886792453
0.5098039215686274
0.5306122448979592
0.5
0.4444444444444444
0.5098039215686274
0.4074074074074074
0.4615384615384615
0.4814814814814815
0.47058823529411764
0.5531914893617021
0.3793103448275862
0.3272727272727273
0.4482758620689655
0.4444444444444445
0.5283018867924527
0.42857142857142855
0.4888888888888889
0.5084745762711865
0.5217391304347827
0.4897959183673469
0.4
0.43749999999999994
0.47058823529411764
0.4615384615384615
0.2758620689655172
0.41509433962264153
0.4528301886792453
0.4897959183673469
0.3478260869565218
0.5818181818181818
0.45833333333333326
0.4363636363636364
0.46808510638297873
0.44897959183673464
0.43999999999999995
0.32558139534883723
0.423076923076923
0.3793103448275862
0.5
0.4642857142857143
0.5098039215686274
0.48
0.5106382978723405
0.49056603773584906
0.4
0.49056603773584906
0.4827586206896552
0.423076923076923
0.4363636363636364
0.4210526315789474
0.2916666666666667
0.5
0.4363636363636364
0.4545454545454545
0.4090909090909091
0.5
0.4897959183673469
0.5306122448979592
0.3809523809523809
0.4
0.3913043478260869
0.4897959183673469
0.4
0.4166666666666667
0.33962264150943394
0.4528301886792453
0.5384615384615385
0.5
0.33333333333333326
0.49056603773584906
0.48
0.4528301886792453
0.47058823529411764
0.4528301886792453
0.5490196078431373
0.4666666666666667
0.5199999999999999
0.4074074074074074
0.4137931034482759
0.4363636363636364
0.35897435897435903
0.5098039215686274
0.5185185185185186
0.48
0.4444444444444445
0.3928571428571428
0.5454545454545455
0.31111111111111117
0.4897959183673469
0.5
0.3529411764705882
0.4897959183673469
0.45833333333333326
