0.7233333333333334
0.7388888888888889
0.7238888888888889
0.7380555555555556
0.7705555555555554
0.6952777777777778
0.6713888888888889
0.7041666666666666
0.6755555555555556
0.7752777777777778
0.6927777777777778
0.6216666666666666
0.7516666666666667
0.7225
0.8069444444444445
0.7763888888888888
0.6775000000000001
0.6808333333333334
0.7330555555555556
0.7294444444444445
0.7380555555555556
0.7444444444444445
0.7158333333333332
0.6858333333333333
0.7038888888888889
0.7611111111111112
0.7369444444444444
0.7324999999999999
0.7780555555555555
0.7169444444444444
0.6588888888888889
0.7222222222222223
0.6919444444444445
0.7838888888888889
0.6772222222222223
0.6569444444444444
0.6977777777777778
0.7394444444444445
0.7822222222222223
0.7091666666666666
0.7133333333333334
0.6938888888888889
0.7351388888888889
0.8041666666666667
0.7291666666666667
0.7080555555555554
0.7266666666666667
0.6897222222222221
0.7708333333333333
0.7231944444444445
0.7072222222222222
0.7419444444444444
0.7255555555555556
0.6986111111111112
0.7452777777777777
0.7672222222222222
0.7044444444444444
0.7072222222222222
0.8166666666666667
0.7244444444444444
0.7141666666666667
0.7902777777777777
0.7575000000000001
0.7077777777777778
0.6833333333333333
0.7152777777777778
0.8072222222222222
0.7211111111111111
0.7158333333333333
0.6627777777777778
0.7075
0.7316666666666667
0.7944444444444444
0.7583333333333334
0.7322222222222222
0.6766666666666666
0.7175
0.7569444444444444
0.7161111111111111
0.7633333333333333
0.7452777777777778
0.6774999999999999
0.7741666666666668
0.6969444444444444
0.7447222222222223
0.7274999999999999
0.7625
0.7658333333333334
0.7072222222222222
0.6827777777777778
0.6802777777777778
0.7180555555555556
0.7327777777777779
0.7041666666666667
0.6875000000000001
0.7638888888888888
0.7272222222222222
0.7124999999999999
0.7077777777777778
0.7855555555555556
0.7077777777777777
0.6347222222222223
0.7841666666666667
0.6605555555555555
0.6669444444444446
0.7105555555555556
0.6691666666666667
0.76
0.7223611111111111
0.7766666666666666
0.7472222222222222
0.73
0.7374999999999999
0.7483333333333334
0.758611111111111
0.6799999999999999
0.7161111111111111
0.7277777777777777
0.6866666666666666
0.6775
0.7202777777777778
0.7536111111111111
0.7374999999999999
0.7247222222222223
0.7255555555555556
0.7352777777777778
0.7194444444444444
0.7675
0.7552777777777778
0.6941666666666667
0.7208333333333334
0.7488888888888888
0.7058333333333333
0.6575
0.7297222222222223
0.7336111111111112
0.6677777777777778
0.7408333333333333
0.7197222222222223
0.7386111111111111
0.6813888888888889
0.7822222222222223
0.7775
0.6816666666666666
0.7208333333333334
0.6647222222222222
0.6900000000000002
0.6936111111111112
0.7447222222222222
0.7697222222222223
0.7566666666666666
0.6922222222222222
0.7033333333333334
0.73
0.6922222222222223
0.7230555555555556
0.7234722222222223
0.7305555555555556
0.7244444444444444
0.7269444444444444
0.7711111111111112
0.7441666666666668
0.6783333333333333
0.7380555555555556
0.7111111111111111
0.7329166666666667
0.6797222222222222
0.7008333333333334
0.7605555555555555
0.7447222222222223
0.7669444444444444
0.7344444444444445
0.795
0.6888888888888889
0.7036111111111111
0.6883333333333334
0.7374999999999999
0.77
0.7627777777777777
0.7077777777777777
0.7813888888888889
0.7141666666666666
0.7102777777777778
0.7572222222222222
0.7141666666666666
0.7108333333333334
0.6988888888888889
0.7769444444444444
0.7452777777777778
0.6961111111111111
0.7655555555555557
0.7297222222222223
0.7816666666666667
0.7172222222222222
0.6422222222222222
0.7005555555555556
0.7455555555555555
0.7405555555555555
0.7327777777777778
0.7002777777777778
0.6958333333333333
0.7127777777777778
0.7455555555555555
0.7147222222222223
0.7030555555555555
0.7
0.76
0.7491666666666666
0.6808333333333334
0.6986111111111111
0.7486111111111111
0.7488888888888888
0.7024999999999999
0.7405555555555555
0.7602777777777777
0.7172222222222222
0.6986111111111111
0.7100000000000001
0.7252777777777778
0.7619444444444445
0.7569444444444444
0.7494444444444445
0.6902777777777778
0.7247222222222223
0.6847222222222222
0.6980555555555555
0.7244444444444444
0.7422222222222222
0.7686111111111111
0.6594444444444445
0.7319444444444444
0.7255555555555555
0.736111111111111
0.7383333333333333
0.7180555555555556
0.8122222222222222
0.7097222222222223
0.6886111111111112
0.7102777777777778
0.7450000000000001
0.7997222222222222
0.7272222222222222
0.6958333333333333
0.6955555555555555
0.6680555555555555
0.7566666666666666
0.7430555555555556
0.7891666666666667
0.72
0.6650000000000001
0.8013888888888889
0.7205555555555555
0.7225000000000001
0.7691666666666668
0.7011111111111111
0.7933333333333333
0.673888888888889
0.7372222222222222
0.7336111111111111
0.7477777777777777
0.7581944444444444
0.8130555555555556
0.7355555555555555
0.7958333333333334
0.706388888888889
0.7372222222222222
0.7205555555555556
0.6730555555555555
0.7338888888888888
0.7186111111111111
0.6547222222222222
0.793611111111111
0.7208333333333333
0.68
0.7016666666666667
0.7288888888888889
0.7455555555555556
0.6611111111111111
0.7733333333333333
0.7019444444444445
0.7572222222222222
0.7511111111111112
0.7230555555555556
0.7322222222222221
0.7288888888888889
0.6955555555555556
0.7808333333333334
0.7455555555555556
0.7591666666666667
0.7480555555555556
0.7727777777777778
0.7386111111111111
0.7677777777777779
0.7344444444444445
0.7275
0.7584722222222223
0.7016666666666668
0.7197222222222223
0.7161111111111111
0.7258333333333332
0.6847222222222222
0.7077777777777778
0.7427777777777778
0.7355555555555555
0.7311111111111112
0.6858333333333333
0.7113888888888888
0.7113888888888888
0.6849999999999999
0.7097222222222223
0.7763888888888889
0.7169444444444446
0.7186111111111111
0.7066666666666666
0.7324999999999999
0.7072222222222223
0.6955555555555556
0.7152777777777778
0.6933333333333334
0.7163888888888889
0.7519444444444445
0.7119444444444445
0.7558333333333334
0.6372222222222221
0.7355555555555555
0.7280555555555556
0.6866666666666668
0.745
0.7755555555555556
0.7466666666666667
0.7027777777777778
0.6880555555555555
0.6633333333333333
0.726111111111111
0.725
0.7480555555555556
0.7197222222222222
0.6858333333333333
0.7480555555555555
0.6905555555555556
0.7383333333333334
0.7347222222222223
0.6838888888888889
0.8044444444444444
0.6941666666666667
0.6791666666666666
0.6644444444444444
0.7576388888888889
0.7305555555555555
0.7750000000000001
0.7175
0.6606944444444445
0.7883333333333334
0.7100000000000001
0.7358333333333333
0.675
0.7469444444444444
0.7350000000000001
0.7913888888888888
0.7497222222222223
0.6494444444444444
0.7388888888888888
0.7402777777777778
0.7075
0.7383333333333333
0.675
0.7144444444444445
0.6902777777777778
0.7219444444444445
0.7041666666666666
0.7136111111111112
0.721388888888889
0.7916666666666667
0.6583333333333334
0.7194444444444444
0.7402777777777778
0.7347222222222222
0.7186111111111111
0.7341666666666666
0.7202777777777778
0.8047222222222222
0.7147222222222223
0.7927777777777778
0.6838888888888889
0.7136111111111111
0.6072222222222222
0.7630555555555556
0.7461111111111111
0.7375
0.7291666666666666
0.7011111111111112
0.7433333333333334
0.7033333333333334
0.7738888888888888
0.7427777777777778
0.7647222222222222
0.8052777777777779
0.7716666666666667
0.7541666666666667
0.6900000000000001
0.7180555555555556
0.6836111111111112
0.6933333333333335
0.6966666666666665
0.6819444444444445
0.7005555555555556
0.721111111111111
0.7641666666666667
0.7030555555555555
0.7308333333333333
0.7286111111111111
0.7775
0.7666666666666666
0.7097222222222221
0.7675000000000001
0.8033333333333333
0.7347222222222222
0.7486111111111111
0.6969444444444444
0.7408333333333333
0.6713888888888888
0.706388888888889
0.7566666666666667
0.7308333333333333
0.745
0.7109722222222223
0.6847222222222222
0.7144444444444445
0.7449999999999999
0.755
0.7216666666666667
0.7508333333333334
0.6770833333333333
0.695
0.6699999999999999
0.7675000000000001
0.7129166666666666
0.7327777777777779
0.6713888888888889
0.6811111111111111
0.7680555555555556
0.6663888888888889
0.7197222222222222
0.6516666666666667
0.678611111111111
0.7661111111111112
0.7758333333333333
0.7424999999999999
0.7338888888888889
0.6755555555555556
0.7725
0.7116666666666667
0.7441666666666666
0.6755555555555555
0.6986111111111111
0.7183333333333333
0.7333333333333332
0.7422222222222222
0.6933333333333334
0.7586111111111111
0.755
0.7480555555555556
0.7827777777777778
0.6344444444444445
0.7388888888888889
0.6969444444444444
0.6261111111111111
0.7666666666666667
0.7841666666666667
0.8416666666666667
0.7127777777777777
0.6872222222222222
0.7975
0.7197222222222222
0.668611111111111
0.7538888888888888
0.7380555555555556
0.7336111111111111
0.6883333333333334
0.745
0.7094444444444444
0.7563888888888889
0.726388888888889
0.6919444444444445
0.7355555555555555
0.731111111111111
0.7791666666666667
0.7183333333333334
0.6930555555555555
0.7155555555555555
0.7405555555555556
0.6902777777777778
0.6902777777777778
0.7583333333333333
0.7019444444444444
0.7388888888888888
0.6799999999999999
0.7222222222222222
0.7386111111111111
0.7047222222222222
