0.3
0.3333333333333333
0.4
0.23333333333333334
0.43333333333333335
0.23333333333333334
0.3
0.3
0.3
0.36666666666666664
0.4
0.3333333333333333
0.3333333333333333
0.13333333333333333
0.4
0.3
0.26666666666666666
0.43333333333333335
0.3333333333333333
0.26666666666666666
0.2
0.36666666666666664
0.5333333333333333
0.36666666666666664
0.43333333333333335
0.3333333333333333
0.3
0.43333333333333335
0.3333333333333333
0.4
0.4666666666666667
0.3
0.3
0.36666666666666664
0.26666666666666666
0.36666666666666664
0.43333333333333335
0.3
0.2
0.36666666666666664
0.26666666666666666
0.3
0.4
0.36666666666666664
0.3
0.3
0.4666666666666667
0.36666666666666664
0.3333333333333333
0.3
0.26666666666666666
0.3333333333333333
0.36666666666666664
0.3
0.36666666666666664
0.4
0.36666666666666664
0.36666666666666664
0.3
0.4
0.43333333333333335
0.3333333333333333
0.36666666666666664
0.3333333333333333
0.3333333333333333
0.3
0.3333333333333333
0.43333333333333335
0.36666666666666664
0.4
0.43333333333333335
0.36666666666666664
0.3
0.36666666666666664
0.3
0.3333333333333333
0.23333333333333334
0.43333333333333335
0.3333333333333333
0.3
0.36666666666666664
0.3
0.3
0.3333333333333333
0.3
0.43333333333333335
0.4666666666666667
0.3333333333333333
0.26666666666666666
0.36666666666666664
0.4
0.4
0.3
0.43333333333333335
0.23333333333333334
0.3
0.3
0.43333333333333335
0.3333333333333333
0.16666666666666666
0.2
0.43333333333333335
0.3333333333333333
0.2
0.4
0.26666666666666666
0.4
0.3333333333333333
0.36666666666666664
0.26666666666666666
0.36666666666666664
0.36666666666666664
0.3333333333333333
0.4
0.36666666666666664
0.43333333333333335
0.3333333333333333
0.4
0.36666666666666664
0.3
0.3333333333333333
0.4
0.3333333333333333
0.4
0.23333333333333334
0.4
0.36666666666666664
0.3
0.4666666666666667
0.5
0.26666666666666666
0.26666666666666666
0.3333333333333333
0.3
0.4
0.3333333333333333
0.43333333333333335
0.36666666666666664
0.36666666666666664
0.36666666666666664
0.2
0.4
0.3333333333333333
0.36666666666666664
0.3333333333333333
0.3
0.43333333333333335
0.2
0.3
0.3333333333333333
0.2
0.26666666666666666
0.3
0.3
0.3333333333333333
0.26666666666666666
0.3333333333333333
0.36666666666666664
0.3
0.23333333333333334
0.3
0.4
0.3333333333333333
0.4
0.5
0.26666666666666666
0.23333333333333334
0.36666666666666664
0.36666666666666664
0.3333333333333333
0.16666666666666666
0.3
0.3
0.26666666666666666
0.3333333333333333
0.36666666666666664
0.4
0.3333333333333333
0.26666666666666666
0.3333333333333333
0.26666666666666666
0.26666666666666666
0.26666666666666666
0.26666666666666666
0.36666666666666664
0.36666666666666664
0.36666666666666664
0.3333333333333333
0.3
0.43333333333333335
0.3
0.36666666666666664
0.4
0.3333333333333333
0.4
0.23333333333333334
0.43333333333333335
0.4
0.4
0.36666666666666664
0.3
0.3
0.4
0.4
0.3
0.23333333333333334
0.36666666666666664
0.3333333333333333
0.26666666666666666
0.3
0.43333333333333335
0.26666666666666666
0.3
0.3333333333333333
0.4
0.4
0.36666666666666664
0.36666666666666664
0.4
0.3
0.3
0.16666666666666666
0.3333333333333333
0.3333333333333333
0.4
0.23333333333333334
0.26666666666666666
0.4
0.36666666666666664
0.36666666666666664
0.23333333333333334
0.36666666666666664
0.2
0.23333333333333334
0.3333333333333333
0.2
0.3
0.43333333333333335
0.43333333333333335
0.2
0.36666666666666664
0.23333333333333334
0.43333333333333335
0.36666666666666664
0.43333333333333335
0.3333333333333333
0.36666666666666664
0.3
0.3333333333333333
0.4
0.3333333333333333
0.26666666666666666
0.43333333333333335
0.3
0.3333333333333333
0.36666666666666664
0.4
0.36666666666666664
0.26666666666666666
0.4
0.43333333333333335
0.3
0.36666666666666664
0.26666666666666666
0.36666666666666664
0.3333333333333333
0.36666666666666664
0.36666666666666664
0.4
0.3333333333333333
0.3333333333333333
0.4
0.26666666666666666
0.23333333333333334
0.23333333333333334
0.4
0.36666666666666664
0.43333333333333335
0.3333333333333333
0.36666666666666664
0.4666666666666667
0.3333333333333333
0.3333333333333333
0.43333333333333335
0.26666666666666666
0.3
0.3333333333333333
0.36666666666666664
0.3333333333333333
0.23333333333333334
0.43333333333333335
0.4
0.3
0.36666666666666664
0.4
0.3
0.26666666666666666
0.36666666666666664
0.36666666666666664
0.23333333333333334
0.4
0.3333333333333333
0.26666666666666666
0.36666666666666664
0.3333333333333333
0.36666666666666664
0.36666666666666664
0.4
0.23333333333333334
0.4
0.43333333333333335
0.3333333333333333
0.26666666666666666
0.26666666666666666
0.36666666666666664
0.3333333333333333
0.3
0.3
0.4
0.26666666666666666
0.3333333333333333
0.3
0.4
0.3
0.3333333333333333
0.36666666666666664
0.36666666666666664
0.3333333333333333
0.26666666666666666
0.26666666666666666
0.26666666666666666
0.4
0.4666666666666667
0.36666666666666664
0.36666666666666664
0.3333333333333333
0.23333333333333334
0.23333333333333334
0.26666666666666666
0.36666666666666664
0.3
0.3
0.3333333333333333
0.26666666666666666
0.4
0.36666666666666664
0.3333333333333333
0.3333333333333333
0.2
0.43333333333333335
0.3333333333333333
0.36666666666666664
0.36666666666666664
0.3333333333333333
0.36666666666666664
0.26666666666666666
0.3333333333333333
0.26666666666666666
0.36666666666666664
0.4
0.3333333333333333
0.3333333333333333
0.36666666666666664
0.3
0.4666666666666667
0.4
0.43333333333333335
0.3333333333333333
0.36666666666666664
0.43333333333333335
0.36666666666666664
0.4
0.43333333333333335
0.3333333333333333
0.43333333333333335
0.3333333333333333
0.36666666666666664
0.3333333333333333
0.36666666666666664
0.3333333333333333
0.4
0.4
0.36666666666666664
0.3333333333333333
0.3
0.36666666666666664
0.3333333333333333
0.26666666666666666
0.5
0.26666666666666666
0.36666666666666664
0.36666666666666664
0.4
0.36666666666666664
0.3
0.3333333333333333
0.36666666666666664
0.3333333333333333
0.3333333333333333
0.4
0.26666666666666666
0.26666666666666666
0.3333333333333333
0.36666666666666664
0.36666666666666664
0.26666666666666666
0.3
0.43333333333333335
0.3
0.3333333333333333
0.36666666666666664
0.3333333333333333
0.3
0.43333333333333335
0.3333333333333333
0.3
0.36666666666666664
0.26666666666666666
0.3
0.26666666666666666
0.4666666666666667
0.36666666666666664
0.43333333333333335
0.4
0.36666666666666664
0.3
0.36666666666666664
0.43333333333333335
0.4
0.36666666666666664
0.26666666666666666
0.2
0.4
0.3333333333333333
0.4
0.3
0.3
0.4
0.3333333333333333
0.36666666666666664
0.26666666666666666
0.36666666666666664
0.3
0.2
0.43333333333333335
0.4
0.4
0.26666666666666666
0.36666666666666664
0.3
0.3
0.4
0.3
0.3333333333333333
0.23333333333333334
0.23333333333333334
0.3
0.43333333333333335
0.3
0.23333333333333334
0.26666666666666666
0.26666666666666666
0.4
0.3333333333333333
0.3333333333333333
0.4666666666666667
0.36666666666666664
0.4
0.3
0.3333333333333333
0.26666666666666666
0.4
0.36666666666666664
0.3
0.26666666666666666
0.4
0.4666666666666667
0.23333333333333334
0.36666666666666664
0.26666666666666666
0.36666666666666664
0.4
0.23333333333333334
0.36666666666666664
0.36666666666666664
0.3
0.36666666666666664
0.4
0.43333333333333335
0.3333333333333333
0.2
0.43333333333333335
0.36666666666666664
0.3333333333333333
0.4
0.3333333333333333
0.36666666666666664
0.4
0.3333333333333333
0.23333333333333334
