0.7213888888888889
0.73875
0.6794444444444445
0.7452777777777778
0.7448611111111112
0.777638888888889
0.7606944444444445
0.6794444444444444
0.71625
0.6729166666666667
0.7877777777777777
0.5998611111111111
0.7861111111111111
0.7429166666666667
0.7006944444444443
0.6461111111111111
0.7237499999999999
0.71125
0.788888888888889
0.7875
0.6904166666666668
0.6758333333333333
0.761388888888889
0.6681944444444445
0.7544444444444445
0.6734722222222221
0.788611111111111
0.7261111111111112
0.6754166666666667
0.7254166666666667
0.7566666666666667
0.5863888888888888
0.7184722222222222
0.6898611111111111
0.7616666666666666
0.6408333333333334
0.7161111111111111
0.7493055555555557
0.7004166666666667
0.8143055555555556
0.7872222222222222
0.7159722222222222
0.7583333333333333
0.6991666666666667
0.7366666666666666
0.7577777777777779
0.7134722222222223
0.665
0.7304166666666666
0.6655555555555555
0.6363888888888889
0.7529166666666668
0.7484722222222223
0.7872222222222222
0.7430555555555557
0.6648611111111111
0.7533333333333334
0.6688888888888889
0.7295833333333335
0.7516666666666667
0.6508333333333334
0.7304166666666666
0.7047222222222222
0.7204166666666667
0.7422222222222222
0.6615277777777778
0.7333333333333333
0.7586111111111111
0.8483333333333334
0.7295833333333333
0.7697222222222222
0.6797222222222222
0.7825000000000001
0.7615277777777777
0.8094444444444444
0.7911111111111111
0.6376388888888889
0.7923611111111111
0.5893055555555556
0.7351388888888889
0.7648611111111111
0.7918055555555557
0.6793055555555556
0.6463888888888889
0.6527777777777778
0.7169444444444444
0.6530555555555555
0.7615277777777777
0.6616666666666666
0.7277777777777779
0.649861111111111
0.6851388888888889
0.76
0.7388888888888889
0.6820833333333334
0.6449999999999999
0.7315277777777778
0.7551388888888888
0.7109722222222222
0.6847222222222222
0.7095833333333335
0.7134722222222223
0.7420833333333333
0.711111111111111
0.7615277777777778
0.6709722222222223
0.81125
0.6930555555555555
0.6670833333333334
0.7708333333333333
0.7319444444444444
0.7315277777777778
0.7655555555555557
0.6766666666666667
0.7813888888888889
0.715
0.7411111111111112
0.6670833333333334
0.6224999999999999
0.6972222222222221
0.7068055555555556
0.683888888888889
0.8051388888888888
0.7141666666666666
0.7977777777777778
0.7091666666666667
0.7184722222222223
0.747361111111111
0.6813888888888888
0.7073611111111111
0.6640277777777778
0.7751388888888888
0.7655555555555557
0.6884722222222222
0.6520833333333333
0.7826388888888889
0.6680555555555555
0.7109722222222222
0.7295833333333334
0.6319444444444444
0.7163888888888889
0.7172222222222223
0.7545833333333334
0.5776388888888888
0.7126388888888888
0.7480555555555556
0.7268055555555556
0.6127777777777778
0.7813888888888889
0.7198611111111112
0.6331944444444444
0.7876388888888889
0.7277777777777777
0.7330555555555556
0.6923611111111111
0.7537500000000001
0.7059722222222222
0.6795833333333334
0.7386111111111111
0.6223611111111111
0.7841666666666667
0.7280555555555556
0.638888888888889
0.7124999999999999
0.6627777777777779
0.5491666666666666
0.7438888888888889
0.7455555555555555
0.6938888888888889
0.5977777777777777
0.6359722222222222
0.75875
0.8033333333333333
0.7026388888888888
0.7427777777777778
0.7006944444444444
0.7297222222222223
0.7002777777777778
0.7054166666666667
0.6669444444444445
0.6868055555555556
0.7237500000000001
0.762638888888889
0.7213888888888889
0.7552777777777777
0.7922222222222224
0.7097222222222223
0.7077777777777776
0.8004166666666667
0.6927777777777777
0.7452777777777778
0.5875
0.7397222222222222
0.655
0.6900000000000001
0.70875
0.7729166666666667
0.7495833333333335
0.6723611111111112
0.767361111111111
0.6330555555555555
0.694861111111111
0.8141666666666667
0.7086111111111111
0.6808333333333333
0.6915277777777777
0.7393055555555554
0.7545833333333334
0.7880555555555555
0.6556944444444445
0.7166666666666667
0.7044444444444444
0.7370833333333333
0.7775
0.7333333333333333
0.765
0.7168055555555556
0.7222222222222222
0.6411111111111112
0.7204166666666667
0.7672222222222222
0.7488888888888889
0.7273611111111111
0.6801388888888888
0.7047222222222222
0.7
0.6829166666666666
0.7976388888888889
0.6809722222222222
0.7394444444444446
0.6597222222222222
0.6275
0.731388888888889
0.7576388888888889
0.7258333333333333
0.6355555555555554
0.6749999999999999
0.6416666666666666
0.6590277777777778
0.8277777777777777
0.7102777777777778
0.7048611111111112
0.8075
0.7608333333333335
0.7008333333333333
0.7108333333333333
0.7019444444444444
0.7397222222222222
0.7675
0.7615277777777777
0.7012499999999999
0.69
0.5891666666666666
0.74375
0.5920833333333333
0.7445833333333333
0.7513888888888889
0.7866666666666666
0.5820833333333333
0.7613888888888889
0.7209722222222222
0.7594444444444445
0.7197222222222223
0.7058333333333333
0.7379166666666668
0.766111111111111
0.6573611111111111
0.7058333333333333
0.64125
0.8041666666666667
0.6490277777777778
0.7433333333333334
0.8147222222222223
0.7284722222222222
0.8330555555555557
0.6909722222222222
0.7445833333333333
0.5808333333333333
0.8281944444444445
0.7015277777777778
0.7334722222222223
0.7313888888888889
0.7204166666666667
0.7605555555555555
0.7118055555555555
0.7919444444444445
0.7036111111111112
0.752361111111111
0.737638888888889
0.7377777777777776
0.6794444444444444
0.7205555555555555
0.8029166666666666
0.763888888888889
0.8080555555555556
0.7459722222222223
0.669861111111111
0.7401388888888889
0.6723611111111111
0.6633333333333333
0.7108333333333332
0.7265277777777778
0.8352777777777778
0.7438888888888889
0.7211111111111111
0.6701388888888888
0.7516666666666665
0.659861111111111
0.7279166666666665
0.6638888888888889
0.7231944444444445
0.6741666666666667
0.722361111111111
0.6784722222222223
0.7700000000000001
0.7330555555555556
0.7277777777777779
0.5905555555555555
0.7706944444444445
0.6176388888888888
0.7516666666666666
0.7943055555555555
0.6363888888888889
0.8247222222222221
0.6961111111111111
0.6752777777777779
0.7473611111111111
0.6944444444444444
0.7645833333333334
0.7711111111111111
0.5894444444444444
0.6168055555555556
0.6863888888888888
0.8043055555555555
0.7486111111111111
0.7106944444444444
0.7565277777777778
0.7733333333333334
0.7441666666666666
0.7640277777777778
0.7752777777777778
0.6220833333333333
0.6552777777777777
0.7125
0.8195833333333333
0.8102777777777779
0.8136111111111111
0.8040277777777778
0.8588888888888888
0.7490277777777777
0.6722222222222223
0.7322222222222222
0.6275
0.7226388888888889
0.7143055555555555
0.7143055555555556
0.7894444444444444
0.7616666666666667
0.79
0.7365277777777777
0.6830555555555555
0.7502777777777778
0.7411111111111112
0.7740277777777779
0.7013888888888888
0.6841666666666668
0.6363888888888889
0.7172222222222222
0.8190277777777779
0.7697222222222222
0.8080555555555555
0.7729166666666667
0.72
0.5891666666666666
0.6870833333333334
0.7430555555555556
0.8031944444444443
0.7515277777777778
0.6656944444444444
0.6805555555555556
0.7645833333333332
0.7562500000000001
0.6922222222222223
0.6359722222222223
0.7344444444444445
0.6834722222222223
0.6654166666666667
0.7251388888888889
0.8233333333333334
0.7995833333333334
0.7698611111111111
0.7241666666666666
0.736388888888889
0.7920833333333333
0.7322222222222222
0.6463888888888889
0.6908333333333333
0.7916666666666667
0.6536111111111111
0.6491666666666667
0.6558333333333334
0.7902777777777779
0.7374999999999999
0.726111111111111
0.7744444444444445
0.6805555555555556
0.6827777777777777
0.7894444444444444
0.735138888888889
0.7249999999999999
0.6811111111111111
0.7591666666666667
0.7536111111111111
0.6863888888888888
0.6852777777777778
0.7395833333333333
0.6276388888888889
0.7698611111111112
0.7306944444444444
0.7541666666666667
0.6308333333333334
0.7283333333333333
0.7233333333333333
0.7866666666666666
0.7888888888888889
0.7341666666666666
0.66125
0.6475
0.7073611111111112
0.7112499999999999
0.6795833333333332
0.7206944444444444
0.59875
0.7906944444444444
0.8150000000000001
0.715
0.7548611111111111
0.7644444444444445
0.7291666666666666
0.6166666666666667
0.7505555555555555
0.6812499999999999
0.7626388888888889
0.6898611111111111
0.7825
0.7481944444444445
0.6894444444444445
0.721111111111111
0.7230555555555556
0.7229166666666667
0.7972222222222223
0.7408333333333333
0.7359722222222222
0.8433333333333334
0.7059722222222223
0.8072222222222222
0.6941666666666667
0.7213888888888889
0.7559722222222222
0.7175000000000001
0.7277777777777779
0.7030555555555555
0.6877777777777778
0.6809722222222222
0.7059722222222222
0.8056944444444445
0.6294444444444445
0.7726388888888889
0.795
0.7118055555555556
0.7297222222222222
0.7495833333333334
0.6825
0.7068055555555555
0.7351388888888888
0.7995833333333334
0.6545833333333333
0.7630555555555556
0.6973611111111111
0.7093055555555554
0.632361111111111
0.6826388888888888
0.6819444444444445
0.6913888888888888
0.7334722222222223
0.7316666666666667
0.6733333333333333
0.691111111111111
0.7558333333333334
0.6950000000000001
0.7466666666666667
0.6841666666666667
0.71
0.7301388888888889
0.6504166666666666
0.7036111111111112
0.6797222222222222
0.7688888888888888
0.76
0.7665277777777778
