0.451321068228083
0.5260249241214783
0.48061085489417954
0.46198950806225186
0.549179710828006
0.5630966626853954
0.5609621046195231
0.4172035144574635
0.4649545755697492
0.5558824665231535
0.503973352179382
0.48454286938164814
0.5291896910011402
0.39077206487850924
0.6048264564166032
0.44167166931405194
0.4854420443209647
0.6089509045800843
0.5039371338989773
0.6068384491220502
0.4500127850795308
0.5344181470288647
0.544584029732218
0.4605035754131107
0.5160559696464122
0.521497032906978
0.4930615515335367
0.5162012359956667
0.4852064820614336
0.4709389700456329
0.5147519101891818
0.4996639078859303
0.48859148596664864
0.4594550633859675
0.4683257808523922
0.42395409489991337
0.6347423821707632
0.5199999183207245
0.4863681383041294
0.4311531427586425
0.44378427865491354
0.47712480999588375
0.5270461504995939
0.4775986686412327
0.44090007613657234
0.5181001950469524
0.5204277060942686
0.5207428496810743
0.5327552371589789
0.5190028038414105
0.5012496985476579
0.5445085540304687
0.47768331832489974
0.4496925456567776
0.5594300577001665
0.48105841227780705
0.5475498630619897
0.5579952163093216
0.48530971911532717
0.5424904571273198
0.49834152446556845
0.4925628066413813
0.5870885584328658
0.5130608617003714
0.5226716140586113
0.519682269781696
0.6370991264384898
0.6252919791062976
0.6100058256173123
0.5432631915821333
0.5194700202860453
0.5271189952291859
0.5052965908760061
0.5842787820519451
0.4319146852249271
0.46254792992037735
0.570890894551966
0.5637170246277384
0.3831830185388143
0.5143069041016668
0.46930601007207196
0.5247586830763487
0.4096769416689276
0.5265476208828737
0.6071409645707221
0.5822544363515325
0.6474878841580463
0.5175139895206635
0.4792828728144636
0.460354509973966
0.5201639203984654
0.5340263818467476
0.4958723883310445
0.5369712555632188
0.4848619289651368
0.41838288510991006
0.48881902149754103
0.4997994489741662
0.44668956139192534
0.5029933344095222
0.4439019558655974
0.42545383068279224
0.5038203821481958
0.40189761518196365
0.489102240524123
0.3837254596705652
0.5741621377976133
0.5044774137111452
0.4508173075594795
0.6091384946146131
0.5441798204644857
0.5293483045578036
0.501930892137004
0.5557820006358631
0.4923869685411718
0.5416174221921559
0.5665070096728698
0.5636816495768993
0.5691469336957279
0.5554942122077506
0.5168826581709157
0.46893099827462126
0.4646167869164057
0.5109230525034022
0.511461621970435
0.5147942711181405
0.5446977645800518
0.5342250795648892
0.6041729212180106
0.4728161616972101
0.5344229840531213
0.5640305412357064
0.44427600076645646
0.5258226257343821
0.48115384524897653
0.5414809583840628
0.5767433674281753
0.5349332256464776
0.5240509753813047
0.5144232053568857
0.5086263774614944
0.5099076412196926
0.5301252249901368
0.5279898797329327
0.5471919182652839
0.5109738390274506
0.5792247874609828
0.5512411414906362
0.3724124691226452
0.5098295327001018
0.44207918255754997
0.6090971608728857
0.49367663154469765
0.5504344105778575
0.5707908757432789
0.6003565063452532
0.46309320366764567
0.5429938951490196
0.5251459089369653
0.5228573302823416
0.4267918952279608
0.4103257648646694
0.5279616843292361
0.6474422789974571
0.5822552281942084
0.5158573109065034
0.5376006303184044
0.6455198788289254
0.5112410047392935
0.516912871420827
0.5288909158665227
0.4766884713245084
0.4292150790694894
0.4960486892785746
0.4749434853729887
0.5642255251253906
0.5048576721377899
0.526602800759172
0.4473536682063058
0.532874877620649
0.41989329654257057
0.46500265747875286
0.49700865462067
0.5113407418657798
0.4249355630188498
0.44706075491140107
0.5372075300810255
0.5511220993024499
0.4314051401700154
0.5513458930283497
0.42590578907766163
0.5613670894393716
0.49272859046413353
0.4692180966164438
0.5154169644882244
0.4791938593897923
0.5146432563701498
0.5093195861859209
0.5052600646093325
0.5499223380225134
0.5204828062007291
0.5167287937627588
0.5269663203744971
0.5141846469917778
0.5923309362531392
0.42971620924778076
0.4716295811930594
0.5422680237439088
0.47789438730004047
0.5312772787858268
0.5230280255017327
0.42375081425385486
0.5097142351405504
0.5515408162589784
0.46089079774868397
0.46970712197256653
0.5011486853375239
0.5098109872740825
0.5723222248220919
0.4731664624170303
0.5428291505027136
0.5589151962465718
0.4512847929227544
0.4974169110371353
0.5298806327803132
0.5032084324031441
0.5266721750253083
0.6270114081245067
0.5620164785494929
0.5703455229424369
0.5911794670861986
0.5150376548319214
0.43477356981929716
0.5485683514716563
0.6321978321340467
0.44984503104783263
0.5128164172821286
0.5985094744812849
0.5166603590156262
0.5214552592788549
0.5562564759735209
0.5002225327521951
0.5304514563131365
0.5806064877371939
0.5754062102196753
0.5375866504495256
0.4524495890580129
0.6078973835651948
0.5551493976023546
0.4864411022436282
0.496245323330027
0.5547513885368422
0.5782874377735485
0.5670742703625098
0.45289545726252584
0.45173327105915073
0.4416018803230194
0.4450307868685946
0.528544223751444
0.5936453019097399
0.4653784661133796
0.5549334087424729
0.5202518101937942
0.6175990412300221
0.6192506122609934
0.5595511592658242
0.4919382972264509
0.5798097007373136
0.5904526106412613
0.5777951063484427
0.5380375453753009
0.5011069210622222
0.520083699492282
0.48695170560918577
0.5334968554794707
0.48081649701614315
0.5073122617981484
0.6588572114634239
0.5691738867858969
0.5718938803342316
0.5076255404265364
0.5693314670317385
0.5139463489282
0.5926701993694414
0.530785114516082
0.4894825616851869
0.4495384026199135
0.46161655608795976
0.5340903130917968
0.4957022751833791
0.5543287345315486
0.469033766624206
0.3834695573380623
0.5438804092984593
0.5462042206036951
0.5676835585694
0.5024890975860964
0.5523731374238833
0.562570673323812
0.47125427634536876
0.5013343385588453
0.5128376398841734
0.40391755769829063
0.5565380887392046
0.5134208075437597
0.5431020174874165
0.47439707796556857
0.526903417545081
0.5203537043465108
0.5257777472588214
0.538483207482545
0.5282416491135015
0.533556966536033
0.5188129335598107
0.5137998469425975
0.4426547018284502
0.5306570809217269
0.5366562037554823
0.5450345983135486
0.44879244205991126
0.5426962228078218
0.4486907314289119
0.6025379681248673
0.5173804671345869
0.496028334901646
0.47977322020077295
0.5545783675110763
0.4432410731374061
0.45161981884945046
0.47749823911872036
0.4871127808148487
0.476581618004409
0.4681628329605055
0.5833198252000645
0.5542890440219896
0.5174406794698329
0.452669119041726
0.5064431772184979
0.537547433552188
0.5736657698171653
0.5071156890073238
0.5090773615052008
0.5640343729814624
0.47678207212959983
0.48610121294199327
0.4238518623509594
0.44930800901566403
0.41816002114770723
0.5689144026206072
0.540495638192505
0.5584032207532548
0.5423829884248879
0.4827855759800846
0.5213858756836097
0.46186748715010856
0.42278836034433465
0.4018278253042309
0.4487734276453372
0.5439555423867288
0.5950424342388182
0.4697659938313985
0.514801261412404
0.47908225091696544
0.5036706223654805
0.47348569241425814
0.5919297233772667
0.54503672913973
0.5077126423733204
0.5710864244261183
0.44022372243011354
0.5870719832923477
0.6393808361243499
0.5185942809287333
0.5707478376512782
0.442029465691246
0.5526594124492377
0.47789143255147065
0.5032456352502604
0.5018073571069379
0.5042569292602942
0.5495865268894671
0.5520708953268559
0.590445826314648
0.5687570796398567
0.6072415563149091
0.5024920543874019
0.5302066689418508
0.43269945482522776
0.5790676001564146
0.5115431284183388
0.48739778816890045
0.5295316026623437
0.47065344457681296
0.476495143198061
0.5091267305747851
0.48529514574640464
0.5461257971207205
0.49704277562154375
0.49762203473007094
0.6054764370212962
0.6026718734037512
0.5537319444579392
0.5181665596954509
0.5004355893244853
0.5168492766301758
0.5073488710036227
0.43383599030389686
0.48562169144991263
0.4616673939074382
0.4794547956596588
0.515802370339336
0.6103179993656794
0.4126915587006959
0.49669464940353564
0.4512779052117132
0.5376967796706141
0.5050477332052545
0.5314134767064735
0.45320933260261403
0.4216622736378154
0.5639550491524197
0.5303006235473761
0.4780032018190318
0.5336809114604298
0.5636858711194493
0.5249960217823506
0.468624987377689
0.582711311914352
0.531111682951917
0.5197226251013096
0.44433808490488513
0.4840595454375956
0.4950199168660874
0.5495193654394657
0.5712080799466431
0.5017780409664777
0.43155067050476803
0.583462557972511
0.5088365142346785
0.5417885463616795
0.479759040676602
0.5339366977998569
0.5534634127805286
0.3974222238024935
0.5644195684511794
0.5176103405384364
0.5381389552264826
0.47622150117472656
0.5131597004669012
0.4468320896870179
0.47387673698247723
0.504471655913202
0.5512523036038446
0.5866541098755071
0.39569428696764586
0.3619506554158806
0.5366835424940914
0.5041429951748182
0.5145526077738639
0.5237107460367679
0.5066772291623614
0.5029592223581166
0.5044271337176367
0.5838094406965745
0.4108490638136066
0.4801027821939399
0.5632385600556504
0.5124377091866128
0.5174406881302978
0.39428748000866964
0.4899932360264336
0.5823699203876241
0.412357019148354
0.46665591258992645
0.5049782914097416
0.6061278087316213
0.5640325594161125
0.5292178433983823
0.5982515087886489
0.5541215065865241
0.5534280209116333
0.5629763677274832
0.542157415537385
0.49821314349041057
0.44984696373125416
0.6039203638099725
0.4430933753018526
0.5786669067606244
0.5065063243666553
0.43845497016746865
0.4796487907530043
0.5033337551879575
0.49406893605677116
0.45202344285288676
0.5092012694086944
0.5248724729792297
0.48776096199659685
0.569083394332472
0.5350188231089711
0.5626391037583143
