0.4552946127946128
0.3773969271469272
0.4894575346036346
0.4539908673701777
0.547809469047034
0.4772246272246272
0.5082125925010801
0.424834274135186
0.5609239368966873
0.5220212801247284
0.447231240981241
0.5632375913328295
0.4369179353260486
0.4157274962908766
0.5969498853955162
0.5038120252803785
0.5042700110347169
0.5645074616899
0.5376953713587377
0.47414335472956165
0.51448914905321
0.46770515613652863
0.649606341339447
0.48374542876997295
0.5444711637031325
0.5441850436018792
0.5804843304843305
0.5030469336969614
0.5445071010860484
0.5020901739265813
0.5915471967645881
0.5522447653030177
0.47848838457534115
0.47125822561992775
0.4663412798166984
0.516044283024878
0.5317421998502372
0.526496561280039
0.4915243490359769
0.538471203081132
0.4425877306999206
0.484009410527496
0.6024316838832967
0.47229560200148435
0.5485478358436616
0.4592781290888708
0.5762778456111789
0.49751051630361975
0.39623474402640346
0.5128201175518249
0.5839226942725337
0.49836895920672697
0.45050296681875623
0.4831130299619749
0.5768216833375789
0.5285757513150188
0.5394833420633746
0.4779635024586755
0.5366792859503857
0.5153725370877474
0.56489975379671
0.47322714086769263
0.48418582038130326
0.5604179550608123
0.47970860773714474
0.5418554498837296
0.5113489083576693
0.4880655689066904
0.5845088713559418
0.6042521994134897
0.5593790849673203
0.5296629648547807
0.40367398706134333
0.5323456884875205
0.5155640077979354
0.48710400972210777
0.4220836644828835
0.4704801347519795
0.5200844709817882
0.44364976651828575
0.4769493526069817
0.5011127330266054
0.5169771342880587
0.47510607778464925
0.4927326208451809
0.5747361124894069
0.5478731025203728
0.5649548708372237
0.4565680506856977
0.5099719987614724
0.6087818752897213
0.46877852806424236
0.5289433900408248
0.4648035948737121
0.4627551103866894
0.551401768166474
0.5123879032231435
0.45577707675750057
0.4776629141228642
0.43661961062340565
0.5205415867965323
0.5144570346149293
0.5135585382301069
0.42244585974622273
0.4574624087382598
0.49690662186145296
0.5000659055690929
0.5376930176930177
0.5476973944023995
0.4404087526665986
0.5902699630576869
0.4597984959542594
0.5323666350333017
0.47202439452439454
0.4006724050459323
0.5433888253548337
0.47503560998867633
0.5250464105611166
0.4683532194079827
0.5092907507193221
0.4594179894179894
0.5585966810966811
0.5013351611831173
0.5814887149755571
0.39927417974164825
0.5795160248158748
0.49668694110659817
0.47510522398731725
0.5574238003747717
0.4118624580693547
0.4726138026707286
0.5886552814674256
0.5644047619047619
0.49173480710322814
0.4778839648610164
0.5874944929783887
0.5860448132884667
0.43943220966547536
0.46527719592235717
0.530751802342154
0.5097779519331244
0.5654389058646133
0.4754975006240829
0.4709806587747764
0.4708984642808173
0.46498178506375226
0.5263686037240279
0.4775326101741196
0.4773707170869642
0.4786530940878767
0.40058203098132367
0.5308624220935204
0.5535751764767902
0.598670857121944
0.4476777902166669
0.43204243815545185
0.44658909717733253
0.5746373362308929
0.47072816748608126
0.44030128195129054
0.4905955105037673
0.526468006657651
0.5186776881777478
0.5924237646502868
0.6477581456385804
0.45600352691683965
0.3887835427232612
0.4971879825827194
0.5746887128466076
0.5177543290043289
0.4290151687077698
0.4289746606113049
0.48329995634689915
0.4334115465372011
0.5359789860186865
0.4986156274330402
0.45561495243969474
0.5345143613540608
0.47735833589064225
0.5813435288352048
0.3970997085375045
0.49419609688382315
0.41069252874656004
0.3931718807508281
0.5902125953899003
0.4820821449792038
0.5286672727097748
0.5268427294289363
0.5047313381492948
0.5525778642220691
0.47538891420470364
0.5369191493567634
0.5685438064411992
0.5251882689762873
0.5374065845546041
0.38811145862475466
0.5943961207280879
0.4900007640693915
0.5805247576419054
0.48491569814131036
0.46753863224561315
0.5509457233433042
0.4611831395372643
0.46327766817679433
0.40037702265372166
0.46882609372182726
0.3639167450930269
0.5451203764080923
0.4278384908130069
0.36038413671403363
0.5139404631342878
0.5356440213970052
0.4532111928128741
0.5037415117562176
0.47192103718957945
0.5683226915690882
0.5810873584402996
0.5384731936083024
0.5321794581869209
0.5068125321350279
0.5213448078444451
0.5204374201787995
0.4968137340149863
0.5185641669343112
0.5117491577914335
0.47661838161838155
0.4216408929144778
0.464400068271036
0.5350191903654855
0.5048177513476021
0.4569533891495107
0.4298748473748474
0.39237585010694254
0.4539866482299241
0.44225295050641666
0.4302969360185791
0.4568804678065279
0.49737097537329705
0.5544487414088891
0.4326013908820395
0.51723139768728
0.4478183678183678
0.5575694972841275
0.5262210327470276
0.5372086954145489
0.5008477633477634
0.4669175748001954
0.38885893877342637
0.5147556801303332
0.4758119982755607
0.5114908836560573
0.40605209136315124
0.560098277890334
0.546512346336221
0.4630348148126939
0.5128471233009005
0.5344737695525719
0.5063895410798491
0.4573964525436351
0.4978955257780543
0.5252008759991954
0.4831216931216932
0.4813798119437259
0.503578156078156
0.6042623716153128
0.5386645166787931
0.532382269146975
0.4538837297970781
0.5607482299654718
0.4668766923048149
0.657012675231624
0.5148192200698744
0.5614668269899299
0.43906761495547547
0.45880499028201466
0.5648787878787879
0.5499179174484052
0.5301868877197028
0.5223072562358276
0.48125740386244586
0.4852996557720288
0.4813387577253123
0.438077731092437
0.553192156154795
0.4544682840633545
0.46840022629071865
0.4542877743231628
0.4399089089089089
0.4967482708862019
0.40015871542191134
0.5035173544409998
0.49009365492608525
0.5219022785362551
0.4492462834049194
0.4173444798909924
0.5212563534656558
0.5178172910000106
0.42608839681357014
0.48475035816450834
0.4327227342549923
0.513562490114605
0.48970581035136485
0.4818068732869492
0.5199155670053286
0.45923499239666
0.4935151818094249
0.44936507936507936
0.4718874104738645
0.46847923808186454
0.5084329004329005
0.5849027436527436
0.5493422644294204
0.3954391987559455
0.4538426430515858
0.5760754583124835
0.4468663213676001
0.4628600045639687
0.5682182191944292
0.5223443454693455
0.45590341671458695
0.5804961993248887
0.4779068074144539
0.5974129138835022
0.41859935362158757
0.476663594470046
0.5278123261601523
0.5306999398432674
0.5066219794769944
0.5306646228946369
0.55301775060547
0.44900969652070166
0.5592068508114857
0.5909335821999424
0.5383218557525076
0.47367657755196463
0.5094728604145041
0.45182864483424395
0.4371837669775814
0.5491569589414417
0.49124124124124124
0.5489750263756764
0.4909366590021105
0.47296607903824117
0.4132168484098594
0.5505698758605736
0.6113947503166518
0.4672826835912737
0.48266965550911534
0.34929502397244333
0.5321376577305629
0.5127902175315604
0.506493169137095
0.4844216170303126
0.4978250188964475
0.5214931364931364
0.4933100637951384
0.5353585668717248
0.467562882921684
0.45202915709085006
0.5715405980207542
0.5296912793997534
0.5360006346909436
0.5424655541591026
0.5035328902348363
0.5597464201729174
0.5219933299266408
0.4837993676245295
0.5463753688753689
0.4632236725237027
0.528805977392316
0.5027450926690057
0.5569469305586395
0.6160405457140431
0.45379075031248944
0.49479156510487204
0.45932168894934844
0.46483903291046147
0.45232278023198735
0.43606927892139163
0.46005752936916894
0.4484514881500687
0.5128909090909091
0.5594070257228152
0.5624652530995814
0.5262226592764765
0.4864037058606788
0.5449677544677545
0.5378752577895343
0.591818851942691
0.47206695587043573
0.4379652253909229
0.4772261738048574
0.4716645841625853
0.576396783293335
0.5071396738608884
0.45724838506392856
0.5476862308384047
0.4536871567436316
0.5240829026046417
0.5221482801874959
0.5090533688823979
0.43468277264304017
0.4149899626119138
0.574454938418135
0.5297875468991892
0.428624633431085
0.3825993142659809
0.5046933133166859
0.5148012818200796
0.38528536709739714
0.5807149660375467
0.5160788875103391
0.4825568181818181
0.475242256322819
0.44644215963787826
0.5683624015643993
0.47242848421419853
0.4991845612913225
0.4535702465977206
0.4948092270289829
0.48948115803419395
0.46348081307539474
0.5089275758092963
0.5662308505479662
0.5313889688465959
0.5310095897049056
0.430535454883281
0.513436086396833
0.5645214132336193
0.43665641376167696
0.4579234732824681
0.45674881648565857
0.5169763909456048
0.4292660644899451
0.48405825963903126
0.5139587678403468
0.509426406926407
0.5722478153180776
0.5003183144058656
0.5793487788005488
0.5155818796165331
0.3945960438817581
0.4174626704536017
0.33928609986504726
0.5090054886319743
0.5548749763879377
0.6020513553895286
0.45587099933877884
0.40053023907074964
0.412792831892608
0.500663034764484
0.44632465213485933
0.5088193421472991
0.4432166643893777
0.376740446486363
0.45161809891961546
0.5019518001216114
0.5263607174049542
0.43885253797534496
0.4716624323013775
0.479271425742014
0.4683917680264692
0.5437106072816305
0.5051824081685262
0.4407424644525101
0.503761337084231
0.46407009507815955
0.555879290575555
0.3423668133408896
0.5226176633444075
0.474335326953748
0.5159583307211917
0.48443321662307176
0.4462240776216437
0.5281192508865465
0.5173814525810324
0.6177051893729778
0.45243969195056155
0.5169932246402835
0.5358524623524623
0.5154651764739484
0.5414368899294135
0.4614660623128365
0.5656962737813801
0.4687711703501177
0.44586716394245557
0.5147915370792729
0.5956677188552189
0.5628582202111614
0.546978402955385
0.5154289928143918
0.6022152736764119
0.5862699680983321
0.49972928764390173
0.44837502471159424
0.4876669007996269
0.5501490203972087
0.4598340658718017
0.49845459413388227
0.5476967565572217
