0.13333333333333333
0.15625
0.22535211267605634
0.21874999999999997
0.25
0.20338983050847456
0.2580645161290323
0.13333333333333333
0.26229508196721313
0.2105263157894737
0.18461538461538463
0.16949152542372883
0.17857142857142855
0.03448275862068965
0.10344827586206898
0.11111111111111112
0.21874999999999997
0.1379310344827586
0.2424242424242424
0.19354838709677422
0.2413793103448276
0.18461538461538463
0.14814814814814814
0.1904761904761905
0.16129032258064516
0.25
0.23333333333333334
0.2777777777777778
0.253968253968254
0.20338983050847456
0.1090909090909091
0.2105263157894737
0.16666666666666666
0.16129032258064516
0.1818181818181818
0.2580645161290323
0.22222222222222224
0.17241379310344826
0.1568627450980392
0.15094339622641512
0.15873015873015872
0.2424242424242424
0.23728813559322037
0.09677419354838711
0.11111111111111112
0.17857142857142855
0.11111111111111112
0.18461538461538463
0.20689655172413796
0.2105263157894737
0.1379310344827586
0.0689655172413793
0.08333333333333334
0.22222222222222224
0.2647058823529412
0.14545454545454545
0.14545454545454545
0.14035087719298248
0.16393442622950818
0.15384615384615383
0.10714285714285714
0.18750000000000003
0.3880597014925374
0.26229508196721313
0.208955223880597
0.22950819672131148
0.24615384615384614
0.31746031746031744
0.03636363636363636
0.14814814814814814
0.22222222222222224
0.32786885245901637
0.2545454545454545
0.15094339622641512
0.07017543859649124
0.14545454545454545
0.27450980392156865
0.16129032258064516
0.1379310344827586
0.21428571428571427
0.2711864406779661
0.28571428571428564
0.26666666666666666
0.303030303030303
0.13114754098360656
0.13114754098360656
0.2153846153846154
0.14035087719298248
0.21428571428571427
0.14492753623188406
0.28571428571428575
0.15384615384615383
0.2711864406779661
0.22222222222222224
0.16393442622950818
0.26666666666666666
0.10344827586206898
0.41935483870967744
0.1904761904761905
0.2545454545454545
0.2105263157894737
0.23333333333333334
0.3582089552238806
0.11320754716981132
0.13114754098360656
0.2
0.13114754098360656
0.1904761904761905
0.06779661016949153
0.2424242424242424
0.3728813559322034
0.125
0.21428571428571427
0.07547169811320756
0.2592592592592593
0.1851851851851852
0.16949152542372883
0.19672131147540983
0.20689655172413796
0.16129032258064516
0.21874999999999997
0.15873015873015872
0.17857142857142855
0.2545454545454545
0.16666666666666666
0.35294117647058826
0.10344827586206898
0.15384615384615383
0.2424242424242424
0.11538461538461538
0.11538461538461538
0.12
0.21874999999999997
0.1818181818181818
0.1904761904761905
0.2318840579710145
0.2545454545454545
0.09230769230769231
0.29032258064516125
0.2580645161290323
0.16949152542372883
0.16666666666666669
0.16393442622950818
0.20338983050847456
0.19672131147540983
0.2285714285714286
0.16949152542372883
0.16
0.14545454545454545
0.14035087719298248
0.2727272727272727
0.2413793103448276
0.2153846153846154
0.18750000000000003
0.22580645161290322
0.09523809523809525
0.15384615384615383
0.10526315789473685
0.18750000000000003
0.23333333333333334
0.2647058823529412
0.2545454545454545
0.20689655172413796
0.04081632653061225
0.28
0.1515151515151515
0.10169491525423728
0.26865671641791045
0.22580645161290322
0.20000000000000004
0.23076923076923075
0.16393442622950818
0.2413793103448276
0.2191780821917808
0.1090909090909091
0.28571428571428575
0.13559322033898305
0.2181818181818182
0.24489795918367346
0.13114754098360656
0.14285714285714288
0.14545454545454545
0.16216216216216214
0.125
0.12903225806451615
0.2153846153846154
0.2769230769230769
0.19672131147540983
0.11538461538461538
0.1515151515151515
0.13114754098360656
0.14545454545454545
0.2608695652173913
0.23728813559322037
0.1379310344827586
0.14035087719298248
0.20338983050847456
0.23333333333333334
0.16129032258064516
0.22580645161290322
0.23333333333333334
0.07547169811320756
0.2580645161290323
0.3508771929824561
0.17647058823529413
0.1904761904761905
0.32352941176470584
0.2105263157894737
0.24657534246575347
0.15873015873015872
0.26666666666666666
0.1379310344827586
0.07017543859649124
0.07692307692307691
0.26229508196721313
0.2692307692307693
0.14035087719298248
0.1818181818181818
0.15384615384615383
0.10344827586206898
0.26229508196721313
0.15625
0.20338983050847456
0.2181818181818182
0.10000000000000002
0.13333333333333333
0.18461538461538463
0.17241379310344826
0.18750000000000003
0.26865671641791045
0.2962962962962963
0.28070175438596495
0.2758620689655172
0.26229508196721313
0.28
0.16666666666666666
0.3050847457627119
0.22580645161290322
0.16949152542372883
0.39344262295081966
0.09523809523809525
0.22950819672131148
0.1904761904761905
0.11320754716981132
0.2105263157894737
0.22535211267605634
0.25
0.2105263157894737
0.17241379310344826
0.25
0.06451612903225808
0.2105263157894737
0.20000000000000004
0.17543859649122806
0.3125
0.09836065573770492
0.3225806451612903
0.11111111111111112
0.3548387096774193
0.07407407407407407
0.16393442622950818
0.2456140350877193
0.23333333333333334
0.15625
0.28571428571428575
0.14814814814814814
0.07407407407407407
0.23880597014925373
0.23728813559322037
0.09836065573770492
0.09375000000000001
0.14035087719298248
0.13333333333333333
0.21874999999999997
0.14285714285714288
0.26229508196721313
0.22641509433962265
0.14035087719298248
0.23333333333333334
0.15873015873015872
0.20689655172413796
0.07017543859649124
0.16949152542372883
0.07142857142857144
0.18867924528301885
0.2647058823529412
0.20833333333333334
0.2181818181818182
0.28571428571428575
0.23728813559322037
0.18461538461538463
0.19354838709677422
0.22222222222222224
0.22580645161290322
0.14285714285714288
0.17857142857142855
0.21874999999999997
0.1851851851851852
0.1515151515151515
0.2105263157894737
0.2647058823529412
0.3055555555555555
0.18750000000000003
0.17543859649122806
0.17543859649122806
0.28169014084507044
0.16949152542372883
0.21428571428571427
0.09677419354838711
0.3
0.2153846153846154
0.3125
0.16393442622950818
0.17241379310344826
0.208955223880597
0.14545454545454545
0.21874999999999997
0.13559322033898305
0.09677419354838711
0.20000000000000004
0.17857142857142855
0.2456140350877193
0.0689655172413793
0.32142857142857145
0.20689655172413796
0.17241379310344826
0.14285714285714288
0.21428571428571427
0.06779661016949153
0.15625
0.2711864406779661
0.20000000000000004
0.2105263157894737
0.2727272727272727
0.1851851851851852
0.20000000000000004
0.14035087719298248
0.13114754098360656
0.18750000000000003
0.22222222222222224
0.23333333333333334
0.22222222222222224
0.1568627450980392
0.30985915492957744
0.19672131147540983
0.11111111111111112
0.2413793103448276
0.16666666666666666
0.22222222222222224
0.125
0.24
0.22222222222222224
0.18461538461538463
0.16949152542372883
0.2758620689655172
0.28125
0.16666666666666666
0.2711864406779661
0.1851851851851852
0.058823529411764705
0.19672131147540983
0.2769230769230769
0.14814814814814814
0.28571428571428575
0.2777777777777778
0.28571428571428575
0.20689655172413796
0.3
0.17241379310344826
0.16
0.21212121212121213
0.2592592592592593
0.1904761904761905
0.23333333333333334
0.16393442622950818
0.2711864406779661
0.20689655172413796
0.3103448275862069
0.20338983050847456
0.14285714285714288
0.29850746268656714
0.22580645161290322
0.2181818181818182
0.07272727272727272
0.28571428571428575
0.14545454545454545
0.18750000000000003
0.10000000000000002
0.16393442622950818
0.2413793103448276
0.3225806451612903
0.15873015873015872
0.2181818181818182
0.16666666666666666
0.33898305084745767
0.24615384615384614
0.23728813559322037
0.28571428571428564
0.10344827586206898
0.09836065573770492
0.23333333333333334
0.13333333333333333
0.25
0.16666666666666666
0.24
0.3116883116883116
0.1904761904761905
0.23333333333333334
0.14545454545454545
0.2456140350877193
0.23333333333333334
0.2580645161290323
0.16949152542372883
0.22222222222222224
0.2181818181818182
0.10344827586206898
0.2318840579710145
0.18867924528301885
0.2181818181818182
0.2580645161290323
0.2105263157894737
0.22222222222222224
0.1971830985915493
0.2456140350877193
0.2318840579710145
0.20689655172413796
0.13114754098360656
0.2592592592592593
0.2413793103448276
0.21874999999999997
0.19354838709677422
0.25
0.22641509433962265
0.24615384615384614
0.07407407407407407
0.2424242424242424
0.10526315789473685
0.13114754098360656
0.4848484848484848
0.2105263157894737
0.32786885245901637
0.2105263157894737
0.3125
0.126984126984127
0.20289855072463772
0.126984126984127
0.253968253968254
0.23529411764705882
0.12903225806451615
0.09375000000000001
0.23333333333333334
0.22641509433962265
0.3050847457627119
0.13114754098360656
0.26229508196721313
0.10526315789473685
0.10714285714285714
0.22222222222222224
0.2424242424242424
0.3
0.19607843137254902
0.20338983050847456
0.21428571428571427
0.13333333333333333
0.28070175438596495
0.17391304347826086
0.20689655172413796
0.28125
0.28125
0.21428571428571427
0.12903225806451615
0.26229508196721313
0.06557377049180328
0.31746031746031744
0.23076923076923075
0.25
0.26865671641791045
0.1212121212121212
0.2181818181818182
0.20689655172413796
0.11538461538461538
0.28125
0.16129032258064516
0.14035087719298248
0.15873015873015872
0.10526315789473685
0.20689655172413796
0.22950819672131148
0.16393442622950818
0.2222222222222222
0.125
0.20000000000000004
0.22222222222222224
0.22580645161290322
0.1904761904761905
0.2318840579710145
0.2153846153846154
0.125
0.1851851851851852
0.253968253968254
