0.38113558896829813
0.3348698465709749
0.3742900007275586
0.3905382025481557
0.44466726191254546
0.4160567601118376
0.25797538668933273
0.39181795260494645
0.4110219205042705
0.41218518449225267
0.28939323387672705
0.4198223236407408
0.3859346278393323
0.35232462671325493
0.41763517889289115
0.2969825296006432
0.403474341068604
0.3749160489596388
0.3251182001461584
0.28246750301787404
0.38659635189983976
0.3955728482071919
0.34237477421889406
0.41497683587728706
0.4183623212052514
0.3318547777277344
0.47588519710620103
0.3975189281040309
0.3714989419916508
0.31693258177222666
0.27261893581591373
0.305069308771458
0.4261588178683684
0.36443718269110303
0.2381934343851971
0.3441834561648053
0.2845064647603691
0.3680094256200039
0.44493629239197147
0.3370298563017048
0.3840324674593176
0.49756844117387033
0.4111938762099786
0.32146812323645013
0.29191346132881857
0.34709433987905985
0.4353563032260782
0.41049416335144484
0.38091807962280755
0.385060928597336
0.3687757643380299
0.4393865343903018
0.26792905226876274
0.3584980469978478
0.3872198289301774
0.25682116511655007
0.3611355719828617
0.2228262387598508
0.3165072147211651
0.31129541160055985
0.3703923206348881
0.33439177105870027
0.3119748223706408
0.26489388889863663
0.3433066587036679
0.42729514315248274
0.32213065027419946
0.37707476053120187
0.3173246204040977
0.32286727254757275
0.35567532493830806
0.2694102255173103
0.48181779709621264
0.294944368793718
0.3448537420285691
0.29081283997642227
0.33123650725948983
0.38015622207645583
0.3944669617403018
0.353771477270701
0.26140377309636587
0.26438027735875946
0.41507437600254626
0.259150514658321
0.36264232563231547
0.42390072320570205
0.25397204606203294
0.48628632451866177
0.3136936731287392
0.42056856189330083
0.3635193618806212
0.32572321574246504
0.30690489294848144
0.3291875596423305
0.35687383780305404
0.39719036186884654
0.25131816412257246
0.24518208823627943
0.34636191994139853
0.34506722162650916
0.26244964488950845
0.3851564038726293
0.28634248425736303
0.3800781480545497
0.3712130605894931
0.44572548876723644
0.27490033593258845
0.3689696455888973
0.37498293046891606
0.2519794513052432
0.3030037131810671
0.37827341321302904
0.34458070389932705
0.441019067399223
0.313522162700197
0.3090954983533511
0.3087164365497619
0.34041119400449427
0.31489095614720275
0.3803711565892419
0.33467150821450253
0.34947921547613564
0.35220555942398607
0.30975944848308745
0.3981189976720953
0.35410961951918946
0.33084391012733694
0.2875111697103363
0.35546746122616857
0.3376664197950449
0.36122056024931093
0.4286810237208665
0.3358438200498624
0.2454312138743997
0.2983730109749273
0.2695611022646359
0.2991391610549188
0.33304035359505857
0.461242028894742
0.3336306237614568
0.3330714044206668
0.28806388492427726
0.2764353298813791
0.3262572823848968
0.2598753291415331
0.36664653251526635
0.3579100893085133
0.23765495014480345
0.41280265620783657
0.4014813207226418
0.29489728708494223
0.3582060760473097
0.36761579533057226
0.25600482262786906
0.30731675207253667
0.3020396663329578
0.3202091446883084
0.33880773879057324
0.40526101776382195
0.36039111417217734
0.3719763498296602
0.4741108776735187
0.3851222639193895
0.3178619739299979
0.3219192061000236
0.27923877656646234
0.32267324589474977
0.30712083716563154
0.26786036593653395
0.3329898130222503
0.3315040331024933
0.36440551350686656
0.37346657266139155
0.33682475747388085
0.4412887749369072
0.3487176842941532
0.4319389892503269
0.2987010962726278
0.5180479642978383
0.30925062184042884
0.3461984775921727
0.320250973414191
0.31032407363585657
0.41820876613504443
0.34189686959217935
0.25253966016271245
0.3688122581244355
0.4545320722350721
0.3750020398949866
0.33178274996286833
0.44397150856627654
0.34826331649801534
0.39840941340426866
0.41699827239429865
0.3056658984998525
0.2974395488985893
0.3482501957692494
0.37675702968491404
0.4439150298398338
0.3841506586595063
0.2629969932223101
0.35111350539943126
0.4140683002636071
0.24881918355534843
0.32436912428815384
0.3735352988591869
0.30738856665505476
0.4018187093177485
0.30330312998436165
0.3351855387497449
0.36188204073922076
0.401745156388497
0.22258611859728375
0.2735067034949976
0.4662669332053368
0.32348621406860734
0.3531362301338637
0.3714153238566799
0.47590976190880663
0.3779595615017462
0.3179992501164459
0.28774488606868254
0.367341086501066
0.4743432407011408
0.31098401305586665
0.3622244357674873
0.2294050781091878
0.2855528950861603
0.3865001533255997
0.36074461530190693
0.44241020958811683
0.3844726749816794
0.46099987276386345
0.4241378921824227
0.41362231484328327
0.4540292076506763
0.29665905249570046
0.2737188840643497
0.40557521837796395
0.3756237902956829
0.39430156054116006
0.4400059662392445
0.31826559752202965
0.430049168855745
0.35864107337135354
0.4172034086574623
0.29076060796381953
0.2762850673007171
0.3963096752499723
0.2697238651232149
0.34223722741072404
0.3919344294869337
0.34730970817869866
0.378430636062408
0.2345860836389102
0.31803309865029983
0.27398535472737034
0.2868463270369871
0.3843619345915257
0.48450586715526434
0.37919988073581423
0.5072649656628956
0.3768882629242287
0.31257866889965746
0.3251206635870496
0.43549683849306325
0.38285754379860465
0.32861166626280497
0.21194469237497854
0.3969987998751859
0.23530508190376576
0.32965028988023637
0.29494799431861624
0.46492655860597504
0.2978454078559387
0.2711627367332162
0.3143897145641019
0.3532398521197918
0.3022026186966249
0.23214040203821473
0.4000474505647019
0.3424353302369125
0.35010202979129584
0.4323987197427847
0.37941620421432115
0.43117181025689233
0.37308176558824774
0.38470241008728423
0.34374963769314737
0.3515564822792311
0.3364193611114556
0.35019513985002915
0.4582256462671783
0.2940560319237904
0.434390086005269
0.4378687525873546
0.3912954187828898
0.3741742648992526
0.37377581486677297
0.3118848704812569
0.31341045626246916
0.21607776765476178
0.3454691712889637
0.36134418352657616
0.2914172500765347
0.3085636988097804
0.33829185558620845
0.2966163293391807
0.3042489106283236
0.33542317857182025
0.4393816028446847
0.39079974093607917
0.26645315964293154
0.4020632263567824
0.32509899956844973
0.3338981103000431
0.23199871870999755
0.4800529603830945
0.37872265838188646
0.4457419396328821
0.2505043289061019
0.34226694623393755
0.2455602688457768
0.31160984452158585
0.37366527725777765
0.3367825975306231
0.3028447994314444
0.5042325963037937
0.363780416096944
0.3672933506855357
0.4416916712273077
0.26331130595632757
0.2929013199633108
0.41832234011203256
0.39320221230416025
0.3811870681276832
0.29118124003292684
0.4558873761445491
0.5026139085514196
0.35218878778744933
0.37872386290655835
0.33828090262761235
0.28219336219199387
0.2838352972020573
0.35719494228115994
0.2930462439352302
0.33985490400334006
0.31057979730201
0.37738114514407806
0.358182848955293
0.3474584135135089
0.2929651328453627
0.3497454156973897
0.2887084824846513
0.41271502139458727
0.2935626481326578
0.35981785586234594
0.3447147126237786
0.3930421608448251
0.3330324019705643
0.2242816414819836
0.33372784899404145
0.38374891798479827
0.2517342512134727
0.37241740198259277
0.3253256128491224
0.42068020905563075
0.28448908764111747
0.24492157474007806
0.2883574269914296
0.329885173207386
0.4280807731125586
0.3488525974663771
0.3246413009023381
0.30420630685247896
0.29917090855688305
0.313482004832882
0.4178833410203679
0.28228874342711385
0.4413315990276854
0.2630792351385989
0.35192182862010124
0.3960541783055485
0.2986378833507888
0.3136857949181345
0.34866872623967043
0.28319139608709976
0.32327002241818514
0.412937360310645
0.3617770337473929
0.32631977898411
0.3855595424696168
0.37836458118230076
0.35196123532145235
0.23693389763389688
0.26053077878061315
0.3641064698525907
0.35072833152767535
0.43925802517525325
0.37908069418861634
0.3265615491866938
0.2554608827681045
0.34559939348941526
0.28604066746358736
0.2957198560024919
0.4030514775304478
0.27535947158324686
0.34710828499564844
0.39537902890966936
0.27927493902598305
0.3254324033808669
0.30705295474828365
0.30757623509176457
0.3867678604314255
0.3606313074108748
0.29267233470704473
0.4068467370008204
0.4345547660202345
0.44180021272907044
0.34045295841848816
0.32376921355400795
0.25079338078002733
0.41811786327455225
0.4062610350150835
0.3060073213145452
0.273579144391557
0.38802082092967355
0.32799942152900186
0.27763048790657957
0.4428023598970835
0.35534927717520726
0.2847819161753226
0.4895954977803902
0.39656750306372
0.35201618329605233
0.3232356919274889
0.41366849114563226
0.2977917933030608
0.21176707442083775
0.34576268904498286
0.36145470207169456
0.3414830654402678
0.40670800956065406
0.30445437607823456
0.36409219349041416
0.3128285588760544
0.3371208711557008
0.3396768868481721
0.2833455878858611
0.3979049163825416
0.37976307261288933
0.3252874875251796
0.3541263878378527
0.3941566052785707
0.4513755153528045
0.38958142408985763
0.36611279990107787
0.31403869397980094
0.24823815224801235
0.413068607227858
0.46873506632975714
0.35528000985990704
0.41754655548500097
0.27749191986258204
0.29132047905443437
0.39485571350519144
0.3427223903726586
0.44772593603988453
0.32827600430025844
0.2819437834507783
0.32240471514098623
0.3456762294166637
0.248311542517689
0.37731859123890077
0.4149001251226566
0.2829643780547484
0.27336467653600327
0.33019000368679396
0.2979560325057541
0.3848299614925754
0.40885783490822397
0.45364426615288744
0.47022233206386577
0.25379547408962616
0.40643855952201957
0.369415844562887
0.3448451119527446
0.29726531213776347
0.3633953863742665
0.3312731976186757
0.346444350498946
0.2708017317205967
0.39183016134190735
0.28944768230188367
0.3455066572299484
0.3373556213448844
0.3057283104853573
0.33260430522601014
0.4510736590914596
0.3393640563303111
