0.611111111111111
0.6319444444444444
0.6041666666666666
0.6025
0.5963888888888889
0.5575
0.5213888888888889
0.5455555555555555
0.63
0.5805555555555555
0.6066666666666667
0.5211111111111112
0.5913888888888889
0.5413888888888888
0.7055555555555556
0.5752777777777779
0.6213888888888889
0.6052777777777778
0.5408333333333333
0.5886111111111112
0.5647222222222222
0.6008333333333332
0.5669444444444445
0.5977777777777777
0.5572222222222222
0.6333333333333333
0.6083333333333334
0.6147222222222222
0.6033333333333334
0.5472222222222223
0.4202777777777778
0.5758333333333334
0.6177777777777778
0.611111111111111
0.5391666666666666
0.5166666666666666
0.5527777777777777
0.5980555555555556
0.5472222222222223
0.5469444444444445
0.6036111111111111
0.6097222222222223
0.5794444444444444
0.5747222222222221
0.6144444444444443
0.5263888888888889
0.6077777777777778
0.5647222222222221
0.6999999999999998
0.6223611111111111
0.6352777777777778
0.6716666666666666
0.6030555555555556
0.5941666666666666
0.6394444444444445
0.6275000000000001
0.5330555555555555
0.5694444444444444
0.6388888888888888
0.5944444444444443
0.5766666666666667
0.6102777777777778
0.5552777777777778
0.5297222222222222
0.5325
0.5866666666666668
0.6552777777777777
0.6436111111111111
0.5772222222222222
0.5480555555555555
0.6105555555555556
0.5802777777777777
0.5983333333333333
0.6325
0.6294444444444444
0.5625000000000001
0.6086111111111111
0.6261111111111112
0.5630555555555556
0.5841666666666666
0.5286111111111111
0.5405555555555555
0.5948611111111111
0.5144444444444445
0.6411111111111111
0.6505555555555557
0.6016666666666667
0.6436111111111111
0.5722222222222222
0.5852777777777778
0.6136111111111111
0.5613888888888889
0.5227777777777778
0.5902777777777778
0.5758333333333333
0.6219444444444445
0.4938888888888888
0.5605555555555556
0.6194444444444445
0.6480555555555555
0.5340277777777779
0.5908333333333333
0.6497222222222222
0.5654166666666667
0.5658333333333333
0.5838888888888889
0.5188888888888888
0.6225
0.5890277777777777
0.5580555555555555
0.6227777777777778
0.5677777777777777
0.5313888888888889
0.6169444444444444
0.5516666666666666
0.5330555555555556
0.6158333333333332
0.5916666666666667
0.5863888888888888
0.535
0.5838888888888889
0.6022222222222222
0.5397222222222222
0.6230555555555556
0.4872222222222222
0.5325
0.5886111111111111
0.6494444444444444
0.6699999999999999
0.5725
0.535
0.673611111111111
0.5552777777777778
0.5072222222222222
0.5908333333333333
0.5575000000000001
0.5730555555555555
0.621388888888889
0.5802777777777778
0.63
0.576388888888889
0.6169444444444445
0.6163888888888889
0.5205555555555555
0.5783333333333334
0.5800000000000001
0.5466666666666667
0.485
0.6713888888888889
0.6633333333333333
0.5477777777777777
0.6683333333333333
0.5383333333333333
0.6044444444444445
0.5191666666666667
0.5366666666666666
0.5586111111111112
0.6269444444444445
0.6369444444444444
0.528888888888889
0.5955555555555556
0.6280555555555556
0.5602777777777778
0.643888888888889
0.5301388888888888
0.5349999999999999
0.5622222222222222
0.5797222222222221
0.5822222222222222
0.5997222222222223
0.5852777777777778
0.6038888888888889
0.6558333333333333
0.5658333333333333
0.6136111111111111
0.5191666666666667
0.6608333333333334
0.5969444444444445
0.6499999999999999
0.5900000000000001
0.6497222222222223
0.6133333333333333
0.6291666666666665
0.5986111111111111
0.6138888888888889
0.5897222222222223
0.5788888888888889
0.6113888888888889
0.6127777777777779
0.5730555555555555
0.63
0.6016666666666667
0.5683333333333334
0.5852777777777777
0.5019444444444444
0.5669444444444445
0.5966666666666667
0.6169444444444444
0.64
0.6327777777777778
0.5113888888888889
0.6008333333333333
0.6194444444444445
0.5238888888888888
0.5563888888888889
0.5916666666666667
0.5544444444444445
0.5888888888888889
0.5347222222222223
0.6086111111111111
0.5575000000000001
0.5919444444444445
0.5880555555555556
0.5058333333333334
0.6530555555555556
0.5311111111111111
0.5138888888888888
0.5816666666666666
0.6341666666666667
0.6116666666666666
0.5219444444444443
0.6106944444444444
0.5516666666666666
0.5938888888888889
0.5630555555555556
0.6083333333333334
0.5794444444444445
0.6202777777777777
0.5658333333333333
0.5977777777777777
0.6158333333333333
0.6058333333333333
0.6286111111111111
0.5866666666666667
0.6163888888888889
0.6497222222222223
0.5991666666666666
0.5183333333333333
0.6297222222222222
0.5863888888888888
0.6822222222222223
0.5966666666666667
0.5147222222222222
0.5936111111111111
0.5399999999999999
0.6780555555555556
0.6230555555555555
0.6305555555555555
0.5358333333333334
0.5466666666666666
0.6236111111111111
0.5469444444444445
0.5745833333333334
0.66
0.4891666666666667
0.6813888888888889
0.4972222222222222
0.5488888888888889
0.6172222222222221
0.6216666666666667
0.65
0.6333333333333333
0.5458333333333333
0.6038888888888889
0.5544444444444444
0.6136111111111111
0.6430555555555556
0.5691666666666667
0.5469444444444445
0.5947222222222222
0.5238888888888888
0.5908333333333332
0.5211111111111111
0.5861111111111111
0.5544444444444444
0.5113888888888889
0.5647222222222222
0.5669444444444445
0.5819444444444445
0.5255555555555556
0.6788888888888889
0.5447222222222222
0.5880555555555556
0.5833333333333334
0.5950000000000001
0.6313888888888889
0.5869444444444444
0.6024999999999999
0.6094444444444445
0.6008333333333333
0.6252777777777777
0.5633333333333332
0.6211111111111112
0.59
0.6169444444444444
0.5466666666666666
0.5566666666666666
0.6186111111111111
0.5652777777777778
0.5716666666666668
0.5688888888888889
0.495
0.548611111111111
0.5716666666666668
0.5916666666666667
0.5180555555555556
0.5488888888888888
0.57
0.5708333333333334
0.5908333333333333
0.6080555555555556
0.6061111111111112
0.6611111111111111
0.5572222222222222
0.6038888888888889
0.47777777777777775
0.5030555555555556
0.6174999999999999
0.6074999999999999
0.5938888888888888
0.5249999999999999
0.5147222222222222
0.553611111111111
0.5172222222222221
0.5888888888888889
0.6166666666666666
0.6000000000000001
0.5916666666666667
0.5955555555555556
0.5619444444444445
0.638888888888889
0.5275
0.5725
0.6352777777777777
0.6533333333333333
0.5772222222222222
0.5302777777777778
0.5658333333333334
0.7008333333333334
0.49416666666666664
0.5869444444444445
0.6011111111111112
0.5502777777777779
0.6072222222222222
0.5766666666666667
0.48277777777777775
0.5772222222222223
0.6030555555555556
0.6513888888888889
0.6433333333333334
0.5425
0.5672222222222222
0.5755555555555556
0.5686111111111112
0.5975
0.4944444444444444
0.5444444444444444
0.5599999999999999
0.6105555555555555
0.6169444444444444
0.48750000000000004
0.6194444444444445
0.601111111111111
0.6
0.5838888888888889
0.5438888888888889
0.6330555555555555
0.5297222222222222
0.6194444444444445
0.5836111111111112
0.5880555555555556
0.606388888888889
0.6336111111111112
0.5933333333333333
0.5694444444444444
0.6295833333333333
0.5636111111111111
0.5741666666666667
0.5927777777777777
0.6483333333333333
0.5502777777777778
0.518888888888889
0.5691666666666667
0.5527777777777777
0.5438888888888889
0.4816666666666667
0.6630555555555555
0.5841666666666667
0.6502777777777778
0.6002777777777777
0.5583333333333333
0.6090277777777777
0.5697222222222222
0.5861111111111111
0.5938888888888889
0.6320833333333333
0.6144444444444445
0.5800000000000001
0.6322222222222222
0.5375
0.5716666666666667
0.5730555555555557
0.5205555555555555
0.495
0.4777777777777778
0.518611111111111
0.5802777777777778
0.6244444444444444
0.5616666666666666
0.5655555555555556
0.5758333333333333
0.7002777777777778
0.591388888888889
0.5697222222222221
0.6097222222222223
0.5891666666666667
0.6458333333333334
0.63
0.6097222222222223
0.5669444444444444
0.5872222222222222
0.5222222222222223
0.6466666666666667
0.62
0.5791666666666666
0.5819444444444444
0.5058333333333334
0.593888888888889
0.5911111111111111
0.5366666666666667
0.5244444444444444
0.5827777777777778
0.6036111111111111
0.5893055555555555
0.5602777777777778
0.6375
0.5758333333333333
0.5830555555555555
0.4522222222222223
0.57
0.6027777777777779
0.5566666666666666
0.6436111111111111
0.5247222222222222
0.5852777777777779
0.5686111111111111
0.5994444444444444
0.6449999999999999
0.5800000000000001
0.5411111111111111
0.6472222222222221
0.5608333333333333
0.5191666666666667
0.5638888888888888
0.6241666666666668
0.548611111111111
0.605
0.6347222222222223
0.5558333333333334
0.6552777777777778
0.5505555555555556
0.6380555555555556
0.6152777777777778
0.5352777777777777
0.5427777777777777
0.5780555555555554
0.5380555555555556
0.5747222222222222
0.6088888888888889
0.5866666666666667
0.5102777777777778
0.5708333333333333
0.6319444444444444
0.5572222222222223
0.5958333333333333
0.5730555555555555
0.5569444444444445
0.5369444444444444
0.5969444444444445
0.6263888888888889
0.5711111111111111
0.5974999999999999
0.6305555555555555
0.5252777777777778
0.5566666666666666
0.5733333333333334
0.6491666666666667
0.5736111111111112
0.5175
0.5227777777777778
0.5705555555555555
0.5147222222222223
0.49777777777777776
0.59
0.5905555555555555
0.6074999999999999
0.5413888888888889
0.6641666666666667
0.6252777777777778
0.5697222222222221
