0.5730555555555557
0.5625
0.6030555555555556
0.5833333333333333
0.6183333333333333
0.5038888888888889
0.5086111111111111
0.5658333333333333
0.5297222222222222
0.6041666666666666
0.5552777777777778
0.5711111111111111
0.5722222222222222
0.5605555555555555
0.6316666666666667
0.5091666666666667
0.5549999999999998
0.5405555555555556
0.5005555555555556
0.5572222222222222
0.533888888888889
0.5722222222222222
0.5255555555555556
0.5741666666666667
0.5549999999999999
0.5663888888888889
0.6030555555555556
0.5894444444444444
0.5680555555555555
0.5249999999999999
0.4463888888888889
0.5102777777777777
0.5824999999999999
0.5741666666666667
0.49222222222222217
0.5086111111111111
0.5002777777777778
0.5627777777777778
0.6172222222222222
0.5333333333333334
0.56625
0.5786111111111111
0.5677777777777779
0.5663888888888889
0.5355555555555556
0.4916666666666667
0.5544444444444444
0.5655555555555556
0.5813888888888888
0.5456944444444445
0.5749999999999998
0.6166666666666667
0.5172222222222221
0.49944444444444447
0.5444444444444444
0.5425
0.4830555555555555
0.48361111111111116
0.543888888888889
0.54
0.5558333333333334
0.5652777777777778
0.5122222222222222
0.49638888888888894
0.5247222222222222
0.5786111111111111
0.5991666666666666
0.5594444444444444
0.585
0.4880555555555556
0.5974999999999999
0.49166666666666664
0.6297222222222223
0.5302777777777778
0.6119444444444445
0.5111111111111112
0.5152777777777778
0.5622222222222222
0.6008333333333333
0.5783333333333334
0.4961111111111111
0.5227777777777778
0.5944444444444443
0.5038888888888888
0.5688888888888889
0.5730555555555554
0.5025
0.6033333333333334
0.5275
0.5569444444444446
0.5486111111111112
0.49916666666666665
0.4911111111111111
0.5741666666666667
0.5547222222222222
0.5627777777777777
0.5205555555555555
0.5075000000000001
0.5513888888888889
0.605
0.5577777777777778
0.5305555555555556
0.5841666666666667
0.5655555555555555
0.521111111111111
0.5527777777777778
0.513611111111111
0.6133333333333333
0.5797222222222221
0.5361111111111111
0.5661111111111111
0.5547222222222222
0.5588888888888889
0.5533333333333333
0.5050000000000001
0.5349999999999999
0.5527777777777777
0.5513888888888888
0.5152777777777777
0.5669444444444445
0.5586111111111111
0.6072222222222222
0.5208333333333334
0.5286111111111111
0.4961111111111111
0.5413888888888889
0.5838888888888889
0.5572222222222222
0.5708333333333333
0.5405555555555556
0.586388888888889
0.6174999999999999
0.5075
0.42166666666666663
0.5275000000000001
0.5191666666666667
0.48500000000000004
0.5461111111111111
0.5991666666666666
0.59
0.5627777777777778
0.565
0.5511111111111112
0.5211111111111111
0.4955555555555556
0.5647222222222222
0.49722222222222223
0.5011111111111111
0.6044444444444445
0.6194444444444445
0.5361111111111111
0.5688888888888889
0.5186111111111111
0.5
0.47611111111111115
0.535
0.5636111111111111
0.5752777777777778
0.585
0.5161111111111111
0.5527777777777777
0.6219444444444445
0.5277777777777778
0.5383333333333333
0.5418055555555555
0.5030555555555556
0.49194444444444446
0.5211111111111112
0.5519444444444443
0.5825
0.5297222222222222
0.5741666666666666
0.6208333333333333
0.5591666666666666
0.5569444444444446
0.4994444444444444
0.5963888888888889
0.5741666666666667
0.6302777777777777
0.5911111111111111
0.5641666666666667
0.5288888888888889
0.5444444444444445
0.6158333333333333
0.5658333333333334
0.4608333333333333
0.5327777777777778
0.6208333333333333
0.5883333333333333
0.5211111111111111
0.5763888888888888
0.5530555555555556
0.5797222222222222
0.5966666666666667
0.44583333333333336
0.47638888888888886
0.5666666666666668
0.5294444444444444
0.6383333333333333
0.5291666666666667
0.4955555555555556
0.5322222222222222
0.5686111111111111
0.5170833333333333
0.5172222222222222
0.5827777777777778
0.5522222222222222
0.596388888888889
0.49666666666666665
0.5327777777777778
0.5527777777777778
0.5866666666666667
0.47444444444444445
0.5308333333333334
0.59
0.5341666666666667
0.5636111111111111
0.6047222222222223
0.5888888888888889
0.5947222222222223
0.5725
0.5419444444444446
0.5630555555555555
0.5772222222222222
0.5375
0.5655555555555555
0.47305555555555556
0.5230555555555556
0.5766666666666667
0.5152777777777777
0.5955555555555555
0.585
0.5788888888888889
0.535
0.5738888888888889
0.6375
0.5463888888888889
0.46138888888888885
0.5538888888888889
0.5469444444444445
0.5441666666666668
0.5569444444444445
0.5394444444444444
0.5488888888888889
0.5788888888888889
0.6041666666666666
0.5716666666666667
0.54
0.555
0.51
0.6341666666666668
0.5375000000000001
0.5780555555555557
0.6116666666666666
0.503611111111111
0.5761111111111111
0.5402777777777779
0.5336111111111111
0.5825
0.6044444444444445
0.6138888888888888
0.64
0.5358333333333334
0.5877777777777777
0.5641666666666667
0.6075
0.583888888888889
0.5244444444444445
0.5058333333333334
0.5788888888888888
0.4786111111111111
0.5577777777777777
0.5108333333333333
0.59
0.5630555555555555
0.4802777777777778
0.5294444444444444
0.5394444444444445
0.5411111111111111
0.5186111111111111
0.6030555555555555
0.5630555555555555
0.5383333333333333
0.5836111111111112
0.5475
0.5955555555555555
0.5330555555555555
0.5833333333333334
0.5788888888888889
0.5538888888888889
0.5741666666666666
0.5408333333333333
0.5991666666666666
0.585
0.5991666666666667
0.5811111111111111
0.5833333333333334
0.5522222222222223
0.5230555555555556
0.48777777777777775
0.5575
0.48138888888888887
0.5191666666666667
0.5372222222222223
0.5674999999999999
0.4591666666666667
0.5122222222222221
0.5141666666666667
0.5461111111111111
0.5341666666666667
0.5566666666666666
0.5483333333333333
0.5586111111111111
0.5508333333333333
0.5669444444444445
0.48944444444444446
0.48527777777777775
0.5974999999999999
0.5525
0.6008333333333334
0.5075000000000001
0.5491666666666667
0.48750000000000004
0.5505555555555555
0.5233333333333334
0.55
0.5613888888888888
0.6027777777777779
0.5847222222222223
0.5825
0.5680555555555556
0.5005555555555555
0.4872222222222222
0.5886111111111111
0.5594444444444445
0.5391666666666666
0.485
0.5355555555555556
0.6727777777777778
0.5127777777777778
0.5452777777777776
0.5658333333333334
0.5038888888888888
0.5477777777777778
0.5638888888888889
0.5363888888888889
0.5158333333333334
0.5297222222222222
0.5325
0.6094444444444446
0.5525000000000001
0.4330555555555556
0.6063888888888889
0.4938888888888888
0.5708333333333333
0.5461111111111111
0.5888888888888889
0.5608333333333334
0.5775
0.5516666666666666
0.4752777777777778
0.5436111111111112
0.6036111111111111
0.5180555555555555
0.5347222222222222
0.5430555555555555
0.5388888888888889
0.5230555555555555
0.4933333333333333
0.5334722222222222
0.5397222222222222
0.5975
0.5558333333333334
0.5381944444444444
0.47861111111111115
0.6044444444444445
0.5305555555555554
0.5874999999999999
0.5472222222222222
0.6180555555555556
0.5538888888888889
0.5766666666666667
0.5761111111111111
0.5338888888888889
0.5036111111111111
0.5116666666666667
0.495
0.5588888888888889
0.6263888888888889
0.5680555555555556
0.5227777777777777
0.6061111111111112
0.5336111111111111
0.5741666666666667
0.5091666666666668
0.5613888888888889
0.5861111111111111
0.5558333333333334
0.6133333333333333
0.5377777777777778
0.5138888888888888
0.4575
0.545
0.533611111111111
0.48500000000000004
0.6005555555555555
0.5375000000000001
0.5752777777777779
0.5311111111111111
0.5319444444444444
0.5125
0.5986111111111111
0.5438888888888889
0.5916666666666667
0.5866666666666667
0.5747222222222224
0.5736111111111111
0.5955555555555556
0.5708333333333333
0.5643055555555555
0.5263888888888888
0.4855555555555555
0.5702777777777779
0.5756944444444445
0.581388888888889
0.5266666666666666
0.4988888888888889
0.4997222222222222
0.5455555555555556
0.5797222222222221
0.5375
0.5752777777777778
0.60125
0.5259722222222223
0.5305555555555554
0.6138888888888889
0.5163888888888889
0.5141666666666667
0.4583333333333333
0.5551388888888888
0.5402777777777777
0.5036111111111111
0.5411111111111112
0.45777777777777784
0.5544444444444444
0.5413888888888889
0.563888888888889
0.6047222222222222
0.5697222222222221
0.5522222222222223
0.6091666666666666
0.5325000000000001
0.5061111111111112
0.5205555555555557
0.6063888888888889
0.5094444444444445
0.5705555555555556
0.5338888888888889
0.4852777777777778
0.5686111111111111
0.6011111111111112
0.5644444444444445
0.6363888888888889
0.4952777777777778
0.5266666666666667
0.5830555555555555
0.5288888888888889
0.6097222222222223
0.5172222222222222
0.5730555555555555
0.535
0.5247222222222222
0.5768055555555556
0.5566666666666666
0.5602777777777778
0.5738888888888888
0.5736111111111111
0.5216666666666666
0.5244444444444444
0.5797222222222221
0.6008333333333334
0.5241666666666667
0.5783333333333334
0.49333333333333335
0.5700000000000001
0.5469444444444445
0.5800000000000001
0.49777777777777776
0.5211111111111111
0.5152777777777777
0.5433333333333332
0.5091666666666667
0.5266666666666666
0.53
0.5747222222222222
0.5619444444444445
0.5147222222222222
0.6027777777777779
0.6408333333333334
0.5494444444444444
