0.6206944444444444
0.6994444444444444
0.5580555555555556
0.6891666666666667
0.6361111111111112
0.5887500000000001
0.5481944444444444
0.5194444444444445
0.695138888888889
0.6133333333333334
0.5888888888888889
0.6259722222222223
0.5866666666666667
0.5555555555555556
0.6901388888888889
0.4569444444444444
0.6241666666666666
0.5613888888888888
0.6652777777777777
0.5198611111111111
0.5562499999999999
0.5549999999999999
0.7694444444444444
0.6431944444444444
0.5652777777777778
0.6643055555555555
0.5941666666666666
0.6106944444444443
0.7244444444444444
0.6293055555555557
0.5872222222222222
0.6330555555555556
0.5383333333333333
0.5880555555555556
0.5716666666666667
0.622638888888889
0.6116666666666667
0.6286111111111111
0.5865277777777776
0.6520833333333333
0.6587500000000001
0.6494444444444444
0.5044444444444445
0.5997222222222223
0.6423611111111112
0.5643055555555556
0.6630555555555555
0.6027777777777779
0.6669444444444446
0.6877777777777778
0.6080555555555556
0.595
0.5547222222222223
0.6881944444444444
0.5658333333333333
0.5831944444444443
0.7231944444444445
0.5258333333333333
0.6120833333333333
0.5954166666666666
0.6016666666666667
0.5481944444444444
0.4533333333333333
0.6788888888888889
0.6097222222222223
0.5709722222222222
0.59625
0.54375
0.6868055555555557
0.6809722222222223
0.49194444444444446
0.5218055555555556
0.6461111111111111
0.49624999999999997
0.66625
0.5190277777777778
0.6238888888888889
0.6233333333333333
0.5661111111111111
0.6693055555555555
0.6337499999999999
0.5929166666666666
0.648888888888889
0.5683333333333332
0.5388888888888889
0.8143055555555555
0.6813888888888888
0.5323611111111112
0.6456944444444443
0.49430555555555555
0.7008333333333334
0.6001388888888889
0.5943055555555556
0.6497222222222222
0.6522222222222223
0.653888888888889
0.5298611111111111
0.5330555555555556
0.6816666666666666
0.71
0.6177777777777778
0.5725
0.72375
0.6080555555555556
0.7598611111111111
0.7511111111111111
0.5465277777777777
0.57375
0.6320833333333332
0.6472222222222224
0.5951388888888889
0.6544444444444444
0.6541666666666667
0.6309722222222222
0.5781944444444445
0.6698611111111111
0.6890277777777778
0.5783333333333334
0.6083333333333334
0.5251388888888888
0.6547222222222222
0.6318055555555555
0.5990277777777778
0.5148611111111112
0.5691666666666666
0.6224999999999999
0.6693055555555556
0.6309722222222223
0.6618055555555556
0.7418055555555556
0.6051388888888889
0.6723611111111111
0.7363888888888889
0.4619444444444445
0.6541666666666667
0.6115277777777777
0.5844444444444443
0.6683333333333333
0.6938888888888889
0.5927777777777777
0.6052777777777777
0.5340277777777778
0.72875
0.5604166666666666
0.5484722222222222
0.5287499999999999
0.53
0.5595833333333333
0.73625
0.564861111111111
0.5993055555555555
0.6234722222222222
0.5656944444444445
0.6365277777777779
0.6031944444444446
0.6070833333333332
0.6740277777777778
0.6545833333333333
0.5931944444444445
0.6006944444444444
0.6584722222222221
0.6355555555555555
0.5752777777777778
0.6690277777777778
0.46305555555555555
0.5304166666666666
0.5663888888888888
0.545138888888889
0.6041666666666667
0.5625
0.6588888888888889
0.6343055555555555
0.6145833333333333
0.6258333333333334
0.5598611111111111
0.6077777777777778
0.5844444444444445
0.6377777777777777
0.6484722222222222
0.627361111111111
0.6845833333333334
0.5708333333333334
0.5398611111111112
0.5918055555555556
0.663611111111111
0.5984722222222223
0.733611111111111
0.6194444444444445
0.6520833333333333
0.6365277777777778
0.7434722222222223
0.758888888888889
0.5280555555555556
0.6691666666666667
0.6238888888888889
0.5740277777777777
0.5883333333333334
0.7080555555555555
0.6776388888888889
0.617361111111111
0.6956944444444444
0.66
0.6554166666666666
0.5472222222222222
0.5573611111111111
0.6193055555555556
0.5994444444444444
0.5729166666666667
0.5456944444444445
0.4648611111111111
0.7227777777777777
0.6518055555555555
0.5159722222222223
0.5876388888888888
0.6084722222222222
0.49111111111111116
0.46236111111111106
0.6637500000000001
0.6466666666666667
0.6513888888888889
0.6230555555555555
0.5859722222222223
0.6355555555555554
0.5702777777777778
0.6598611111111111
0.6147222222222222
0.5744444444444443
0.6284722222222222
0.48624999999999996
0.5645833333333333
0.6193055555555554
0.6052777777777778
0.6681944444444443
0.5838888888888889
0.6408333333333334
0.6666666666666667
0.6844444444444445
0.642361111111111
0.5329166666666668
0.5077777777777779
0.6219444444444444
0.7322222222222222
0.61
0.5715277777777777
0.5245833333333333
0.6091666666666666
0.7233333333333335
0.5573611111111111
0.6138888888888889
0.4944444444444445
0.6126388888888888
0.6080555555555556
0.50125
0.6375
0.47750000000000004
0.6595833333333334
0.6426388888888889
0.5736111111111112
0.5691666666666667
0.42625
0.7595833333333333
0.58
0.6477777777777778
0.6315277777777778
0.6577777777777777
0.6497222222222222
0.65125
0.5125
0.578888888888889
0.5433333333333333
0.5370833333333334
0.7244444444444444
0.5498611111111111
0.584861111111111
0.612638888888889
0.7431944444444445
0.5109722222222222
0.5694444444444444
0.6312500000000001
0.6847222222222221
0.6105555555555555
0.6980555555555555
0.625
0.638888888888889
0.5404166666666668
0.5968055555555555
0.6583333333333333
0.5248611111111111
0.5922222222222222
0.5765277777777776
0.6466666666666667
0.5413888888888888
0.5959722222222222
0.5859722222222222
0.69875
0.5434722222222221
0.59625
0.44277777777777777
0.5566666666666666
0.6072222222222222
0.6772222222222222
0.5122222222222222
0.6365277777777778
0.5676388888888889
0.6381944444444444
0.5429166666666666
0.6988888888888889
0.5158333333333334
0.6166666666666667
0.5325000000000001
0.5475
0.7258333333333333
0.6330555555555556
0.5681944444444444
0.6301388888888889
0.6425
0.54125
0.5612499999999999
0.6294444444444445
0.7581944444444444
0.6505555555555556
0.5758333333333333
0.5163888888888889
0.575
0.5904166666666666
0.6777777777777778
0.6008333333333333
0.6622222222222223
0.6719444444444443
0.55625
0.6354166666666667
0.5058333333333334
0.6868055555555556
0.6184722222222223
0.5869444444444444
0.6079166666666668
0.5672222222222222
0.7001388888888889
0.6991666666666666
0.5545833333333334
0.6661111111111111
0.6195833333333334
0.6074999999999999
0.5011111111111111
0.5380555555555555
0.6275000000000001
0.5972222222222222
0.6533333333333333
0.6075
0.5044444444444444
0.6136111111111111
0.6384722222222223
0.5940277777777778
0.49361111111111106
0.5794444444444444
0.5444444444444445
0.5473611111111112
0.5697222222222221
0.6804166666666667
0.6379166666666667
0.6411111111111112
0.6637500000000001
0.6348611111111111
0.6020833333333333
0.6986111111111111
0.5625
0.6063888888888889
0.5298611111111111
0.6622222222222222
0.5897222222222224
0.5856944444444445
0.6354166666666666
0.6965277777777779
0.6833333333333333
0.67
0.5726388888888889
0.5495833333333333
0.6734722222222222
0.6527777777777779
0.6493055555555556
0.5475
0.5820833333333333
0.5238888888888888
0.6548611111111111
0.6547222222222222
0.5044444444444445
0.5983333333333333
0.7172222222222223
0.6268055555555555
0.5855555555555556
0.5820833333333334
0.6183333333333333
0.5536111111111112
0.6531944444444445
0.6093055555555555
0.7133333333333334
0.5609722222222222
0.6126388888888888
0.6379166666666667
0.5805555555555555
0.6112500000000001
0.5452777777777778
0.581388888888889
0.5952777777777777
0.6272222222222222
0.6402777777777778
0.7120833333333333
0.7440277777777777
0.5576388888888889
0.5690277777777777
0.5797222222222222
0.7218055555555556
0.5204166666666667
0.6275
0.5690277777777777
0.6862499999999999
0.7238888888888889
0.6406944444444445
0.5166666666666666
0.6097222222222222
0.6022222222222222
0.5904166666666667
0.6269444444444444
0.5365277777777778
0.565
0.6262500000000001
0.6875
0.5824999999999999
0.44027777777777777
0.7247222222222223
0.4790277777777778
0.5495833333333333
0.4931944444444445
0.6143055555555555
0.6445833333333333
0.6725
0.5965277777777779
0.5397222222222222
0.57875
0.5956944444444444
0.5651388888888889
0.5631944444444444
0.6291666666666668
0.5808333333333333
0.6177777777777778
0.68375
0.6091666666666666
0.6409722222222223
0.6419444444444444
0.4461111111111111
0.6336111111111111
0.638888888888889
0.5647222222222222
0.4740277777777777
0.5881944444444445
0.5998611111111111
0.7083333333333333
0.6587500000000001
0.5556944444444445
0.6254166666666667
0.6748611111111111
0.6145833333333334
0.6072222222222221
0.4661111111111111
0.5783333333333334
0.6456944444444445
0.6427777777777778
0.6466666666666667
0.7031944444444445
0.5429166666666667
0.48402777777777783
0.6472222222222224
0.6331944444444444
0.5819444444444445
0.6698611111111111
0.6741666666666667
0.6390277777777778
0.5223611111111112
0.5426388888888889
0.6269444444444444
0.5902777777777779
0.725138888888889
0.64125
0.7372222222222222
0.5594444444444445
0.5872222222222223
0.6159722222222221
0.5887500000000001
0.6551388888888888
0.5256944444444445
0.5834722222222223
0.6506944444444445
0.6959722222222222
0.5129166666666667
0.5768055555555556
0.4494444444444445
0.6702777777777779
0.63625
0.6519444444444444
0.5834722222222222
