0.24489795918367346
0.43478260869565216
0.3829787234042553
0.3846153846153846
0.3636363636363636
0.3673469387755102
0.3492063492063492
0.3902439024390244
0.4651162790697674
0.326530612244898
0.36000000000000004
0.34615384615384615
0.32142857142857145
0.26229508196721313
0.36363636363636365
0.3157894736842105
0.3829787234042553
0.3571428571428571
0.30769230769230765
0.47058823529411764
0.4
0.32
0.3673469387755102
0.33333333333333326
0.3529411764705882
0.3478260869565218
0.3829787234042553
0.31111111111111117
0.3272727272727273
0.28125
0.1891891891891892
0.32
0.43478260869565216
0.3703703703703704
0.3508771929824561
0.28571428571428575
0.33898305084745767
0.3555555555555555
0.30188679245283023
0.2545454545454545
0.3846153846153846
0.43478260869565216
0.3636363636363636
0.33898305084745767
0.34615384615384615
0.2592592592592593
0.34615384615384615
0.30188679245283023
0.4651162790697674
0.43478260869565216
0.3404255319148936
0.36000000000000004
0.3703703703703704
0.3404255319148936
0.3703703703703704
0.32
0.2857142857142857
0.33333333333333337
0.36363636363636365
0.3137254901960784
0.30769230769230765
0.3571428571428571
0.2758620689655172
0.26415094339622636
0.30769230769230765
0.37500000000000006
0.3913043478260869
0.37209302325581395
0.30188679245283023
0.2857142857142857
0.33962264150943394
0.3272727272727273
0.4081632653061224
0.33333333333333337
0.3673469387755102
0.3043478260869565
0.33333333333333337
0.27906976744186046
0.3529411764705882
0.22641509433962265
0.27450980392156865
0.3125
0.3773584905660377
0.31884057971014496
0.3829787234042553
0.47826086956521735
0.34615384615384615
0.42553191489361697
0.3703703703703704
0.4
0.3703703703703704
0.3157894736842105
0.28571428571428564
0.3448275862068965
0.3636363636363636
0.3673469387755102
0.2424242424242424
0.2909090909090909
0.30188679245283023
0.43478260869565216
0.2222222222222222
0.4313725490196078
0.44897959183673464
0.3478260869565218
0.3703703703703704
0.3636363636363636
0.2040816326530612
0.3928571428571428
0.3478260869565218
0.25
0.43999999999999995
0.303030303030303
0.23728813559322037
0.3555555555555555
0.2711864406779661
0.3157894736842105
0.36363636363636365
0.326530612244898
0.2916666666666667
0.2711864406779661
0.3492063492063492
0.32
0.36000000000000004
0.423076923076923
0.33333333333333326
0.3125
0.3703703703703704
0.41509433962264153
0.3
0.29268292682926833
0.2769230769230769
0.4444444444444444
0.33333333333333326
0.22641509433962265
0.2916666666666667
0.3823529411764707
0.3043478260869565
0.4
0.4313725490196078
0.3829787234042553
0.33333333333333337
0.3913043478260869
0.30188679245283023
0.23333333333333334
0.3829787234042553
0.29508196721311475
0.27906976744186046
0.21212121212121213
0.32558139534883723
0.37499999999999994
0.23728813559322037
0.4
0.3103448275862069
0.24489795918367346
0.30188679245283023
0.28
0.26086956521739135
0.48
0.4363636363636364
0.28
0.37499999999999994
0.45833333333333326
0.30769230769230765
0.3673469387755102
0.2758620689655172
0.20689655172413796
0.3478260869565218
0.3404255319148936
0.34615384615384615
0.3928571428571428
0.3913043478260869
0.4081632653061224
0.43478260869565216
0.3272727272727273
0.42553191489361697
0.30769230769230765
0.4285714285714285
0.26666666666666666
0.43999999999999995
0.21428571428571427
0.3555555555555555
0.36065573770491804
0.3137254901960784
0.30188679245283023
0.3529411764705882
0.37209302325581395
0.43478260869565216
0.32142857142857145
0.326530612244898
0.33333333333333337
0.4
0.33962264150943394
0.4
0.30188679245283023
0.2222222222222222
0.28571428571428575
0.3157894736842105
0.423076923076923
0.37499999999999994
0.3913043478260869
0.22222222222222224
0.30188679245283023
0.3404255319148936
0.28
0.29850746268656714
0.3137254901960784
0.3448275862068965
0.4081632653061224
0.3
0.3181818181818182
0.3571428571428571
0.4166666666666667
0.2222222222222222
0.23529411764705882
0.45833333333333326
0.33333333333333337
0.31746031746031744
0.3272727272727273
0.3703703703703704
0.3773584905660377
0.28169014084507044
0.31111111111111117
0.27450980392156865
0.43478260869565216
0.37499999999999994
0.38596491228070173
0.30769230769230765
0.4166666666666667
0.33333333333333337
0.3555555555555555
0.4313725490196078
0.2916666666666667
0.39215686274509803
0.4
0.43999999999999995
0.36000000000000004
0.4074074074074074
0.25
0.36363636363636365
0.30769230769230765
0.4090909090909091
0.39215686274509803
0.26666666666666666
0.43999999999999995
0.3492063492063492
0.4
0.3333333333333333
0.326530612244898
0.36666666666666664
0.23529411764705882
0.3846153846153846
0.3478260869565218
0.32
0.42857142857142855
0.25
0.4
0.2181818181818182
0.253968253968254
0.3478260869565218
0.423076923076923
0.33333333333333337
0.4081632653061224
0.326530612244898
0.22641509433962265
0.23529411764705882
0.3809523809523809
0.4166666666666667
0.3181818181818182
0.2105263157894737
0.32
0.2758620689655172
0.326530612244898
0.2692307692307693
0.3928571428571428
0.3448275862068965
0.20689655172413796
0.3137254901960784
0.33962264150943394
0.3571428571428571
0.34375
0.4090909090909091
0.3050847457627119
0.30188679245283023
0.3846153846153846
0.42553191489361697
0.3846153846153846
0.4
0.42553191489361697
0.28
0.37499999999999994
0.4081632653061224
0.3
0.33333333333333337
0.34615384615384615
0.37499999999999994
0.3548387096774193
0.3137254901960784
0.30769230769230765
0.33333333333333337
0.44897959183673464
0.24
0.2456140350877193
0.4307692307692308
0.4067796610169491
0.3571428571428571
0.3157894736842105
0.30769230769230765
0.33333333333333326
0.3050847457627119
0.3928571428571428
0.36000000000000004
0.3773584905660377
0.3478260869565218
0.31746031746031744
0.36363636363636365
0.28571428571428564
0.3333333333333333
0.4642857142857143
0.3478260869565218
0.3773584905660377
0.33962264150943394
0.3125
0.2962962962962963
0.2909090909090909
0.423076923076923
0.4090909090909091
0.3478260869565218
0.4166666666666667
0.2592592592592593
0.3703703703703704
0.3478260869565218
0.3555555555555555
0.28
0.36666666666666664
0.4090909090909091
0.34615384615384615
0.30188679245283023
0.4
0.5
0.31746031746031744
0.2545454545454545
0.3272727272727273
0.21874999999999997
0.2692307692307693
0.3043478260869565
0.2962962962962963
0.36000000000000004
0.37499999999999994
0.4
0.31111111111111117
0.3272727272727273
0.26666666666666666
0.33962264150943394
0.3181818181818182
0.4210526315789474
0.18750000000000003
0.3157894736842105
0.33962264150943394
0.32
0.44897959183673464
0.25
0.39215686274509803
0.37499999999999994
0.33898305084745767
0.41860465116279066
0.3571428571428571
0.4090909090909091
0.3157894736842105
0.28571428571428575
0.33333333333333326
0.2962962962962963
0.3846153846153846
0.42553191489361697
0.3846153846153846
0.2758620689655172
0.33333333333333326
0.22641509433962265
0.29032258064516125
0.3157894736842105
0.43999999999999995
0.2711864406779661
0.25
0.3
0.30769230769230765
0.3829787234042553
0.3793103448275862
0.37209302325581395
0.3050847457627119
0.3555555555555555
0.33333333333333337
0.36000000000000004
0.3529411764705882
0.37209302325581395
0.2545454545454545
0.3478260869565218
0.3636363636363636
0.3829787234042553
0.33333333333333326
0.43902439024390244
0.2909090909090909
0.28
0.3043478260869565
0.2456140350877193
0.3050847457627119
0.2857142857142857
0.2711864406779661
0.42553191489361697
0.3478260869565218
0.3846153846153846
0.3636363636363636
0.3508771929824561
0.3043478260869565
0.31111111111111117
0.3050847457627119
0.2909090909090909
0.3272727272727273
0.43478260869565216
0.3928571428571428
0.44897959183673464
0.3673469387755102
0.43478260869565216
0.23728813559322037
0.4528301886792453
0.3555555555555555
0.3157894736842105
0.38596491228070173
0.326530612244898
0.3272727272727273
0.37499999999999994
0.39215686274509803
0.3636363636363636
0.31746031746031744
0.4166666666666667
0.3773584905660377
0.34615384615384615
0.37209302325581395
0.3333333333333333
0.27272727272727276
0.25
0.4081632653061224
0.34146341463414637
0.30188679245283023
0.3555555555555555
0.2692307692307693
0.33333333333333337
0.326530612244898
0.33962264150943394
0.33333333333333337
0.3548387096774193
0.3272727272727273
0.3673469387755102
0.3571428571428571
0.36000000000000004
0.36000000000000004
0.3913043478260869
0.30769230769230765
0.3636363636363636
0.2916666666666667
0.29032258064516125
0.4878048780487804
0.30188679245283023
0.3043478260869565
0.2592592592592593
0.2962962962962963
0.3636363636363636
0.3636363636363636
0.28571428571428575
0.41509433962264153
0.43478260869565216
0.33898305084745767
0.23333333333333334
0.25
0.4827586206896552
0.28070175438596495
0.42553191489361697
0.2758620689655172
0.2413793103448276
0.26229508196721313
0.3555555555555555
0.2916666666666667
0.3809523809523809
0.4313725490196078
0.4081632653061224
0.2692307692307693
0.36065573770491804
0.33333333333333337
0.33333333333333337
0.36363636363636365
0.20338983050847456
0.3
0.2962962962962963
0.22222222222222224
0.3157894736842105
0.3050847457627119
0.3773584905660377
0.2962962962962963
0.33333333333333337
0.3846153846153846
0.30188679245283023
0.3571428571428571
