0.3888888888888889
0.5263157894736842
0.3333333333333333
0.6666666666666666
0.6666666666666666
0.5217391304347826
0.6875
0.3333333333333333
0.5
0.4583333333333333
0.5555555555555556
0.5882352941176471
0.7058823529411765
0.36363636363636365
0.40625
0.5294117647058824
0.5555555555555556
0.65
0.45
0.48
0.36363636363636365
0.5
0.5217391304347826
0.48
0.3611111111111111
0.5294117647058824
0.5294117647058824
0.5
0.5
0.5238095238095238
0.4583333333333333
0.5294117647058824
0.5263157894736842
0.5294117647058824
0.5
0.5
0.4782608695652174
0.5333333333333333
0.4444444444444444
0.4
0.4583333333333333
0.5238095238095238
0.5238095238095238
0.36666666666666664
0.5
0.5555555555555556
0.55
0.6111111111111112
0.5
0.5882352941176471
0.631578947368421
0.4090909090909091
0.45454545454545453
0.5333333333333333
0.6
0.5263157894736842
0.5238095238095238
0.5882352941176471
0.47368421052631576
0.45
0.5185185185185185
0.6875
0.5882352941176471
0.7058823529411765
0.47368421052631576
0.25
0.6666666666666666
0.42857142857142855
0.5
0.43478260869565216
0.6
0.42857142857142855
0.46153846153846156
0.6666666666666666
0.5
0.5
0.43478260869565216
0.45
0.3793103448275862
0.7692307692307693
0.47619047619047616
0.45
0.3684210526315789
0.7692307692307693
0.75
0.5
0.4375
0.4
0.2857142857142857
0.631578947368421
0.5714285714285714
0.4375
0.3333333333333333
0.5652173913043478
0.4117647058823529
0.3
0.6
0.4583333333333333
0.6363636363636364
0.4117647058823529
0.3333333333333333
0.45454545454545453
0.4482758620689655
0.42857142857142855
0.4782608695652174
0.7
0.5238095238095238
0.6153846153846154
0.6
0.5714285714285714
0.47368421052631576
0.5789473684210527
0.6363636363636364
0.55
0.6428571428571429
0.6666666666666666
0.5
0.4444444444444444
0.4444444444444444
0.6666666666666666
0.37037037037037035
0.6666666666666666
0.55
0.46153846153846156
0.391304347826087
0.6666666666666666
0.6666666666666666
0.5
0.42424242424242425
0.47368421052631576
0.45
0.55
0.5263157894736842
0.42857142857142855
0.45
0.5263157894736842
0.5
0.45454545454545453
0.47619047619047616
0.6111111111111112
0.38461538461538464
0.5
0.55
0.5
0.47619047619047616
0.6428571428571429
0.45454545454545453
0.46153846153846156
0.375
0.5294117647058824
0.47368421052631576
0.6842105263157895
0.391304347826087
0.55
0.3888888888888889
0.6470588235294118
0.5333333333333333
0.37037037037037035
0.5625
0.5294117647058824
0.5
0.47058823529411764
0.47619047619047616
0.4782608695652174
0.56
0.38095238095238093
0.47619047619047616
0.5416666666666666
0.4074074074074074
0.6428571428571429
0.5
0.45454545454545453
0.5
0.375
0.47058823529411764
0.48
0.3448275862068966
0.42105263157894735
0.5
0.5714285714285714
0.5625
0.5238095238095238
0.4583333333333333
0.5714285714285714
0.47368421052631576
0.5217391304347826
0.7272727272727273
0.4375
0.5263157894736842
0.6875
0.375
0.5
0.6
0.5555555555555556
0.55
0.42857142857142855
0.5
0.5
0.5238095238095238
0.5882352941176471
0.5
0.6875
0.5
0.6
0.5
0.47058823529411764
0.4166666666666667
0.6111111111111112
0.42105263157894735
0.47368421052631576
0.625
0.5333333333333333
0.47619047619047616
0.5333333333333333
0.5652173913043478
0.5555555555555556
0.45454545454545453
0.47368421052631576
0.6842105263157895
0.6923076923076923
0.47368421052631576
0.6111111111111112
0.4
0.4090909090909091
0.631578947368421
0.5263157894736842
0.5
0.5
0.5263157894736842
0.4583333333333333
0.4444444444444444
0.7058823529411765
0.4090909090909091
0.35
0.5909090909090909
0.625
0.43478260869565216
0.5
0.5714285714285714
0.5
0.39285714285714285
0.5238095238095238
0.48
0.5454545454545454
0.4166666666666667
0.8333333333333334
0.2857142857142857
0.5555555555555556
0.4583333333333333
0.5
0.36363636363636365
0.5882352941176471
0.4583333333333333
0.6
0.7333333333333333
0.8333333333333334
0.4
0.6
0.631578947368421
0.46153846153846156
0.5555555555555556
0.5
0.47058823529411764
0.6875
0.6666666666666666
0.5714285714285714
0.4090909090909091
0.5
0.43478260869565216
0.7692307692307693
0.4782608695652174
0.44
0.5454545454545454
0.5
0.625
0.5
0.5714285714285714
0.5
0.5
0.4444444444444444
0.5384615384615384
0.6470588235294118
0.4
0.55
0.42857142857142855
0.42857142857142855
0.6
0.3055555555555556
0.5714285714285714
0.5294117647058824
0.6470588235294118
0.3793103448275862
0.34615384615384615
0.4642857142857143
0.4482758620689655
0.47619047619047616
0.625
0.5789473684210527
0.5217391304347826
0.43478260869565216
0.6875
0.43478260869565216
0.47058823529411764
0.55
0.39285714285714285
0.4444444444444444
0.5
0.5454545454545454
0.5
0.6666666666666666
0.5714285714285714
0.75
0.7272727272727273
0.4583333333333333
0.5555555555555556
0.5
0.3548387096774194
0.38461538461538464
0.5333333333333333
0.5882352941176471
0.5263157894736842
0.42857142857142855
0.4074074074074074
0.45
0.34615384615384615
0.55
0.5625
0.5714285714285714
0.47058823529411764
0.45454545454545453
0.5238095238095238
0.6153846153846154
0.3548387096774194
0.6
0.6875
0.42857142857142855
0.4444444444444444
0.5882352941176471
0.6470588235294118
0.4782608695652174
0.4166666666666667
0.5294117647058824
0.38095238095238093
0.3888888888888889
0.5
0.37037037037037035
0.4444444444444444
0.5
0.6
0.5185185185185185
0.8
0.4090909090909091
0.55
0.4074074074074074
0.4583333333333333
0.47368421052631576
0.42105263157894735
0.6153846153846154
0.6470588235294118
0.42857142857142855
0.7692307692307693
0.5555555555555556
0.6470588235294118
0.48
0.5789473684210527
0.5263157894736842
0.4090909090909091
0.5714285714285714
0.4782608695652174
0.4166666666666667
0.5
0.5238095238095238
0.6190476190476191
0.9166666666666666
0.4375
0.52
0.3793103448275862
0.5294117647058824
0.4166666666666667
0.37037037037037035
0.43333333333333335
0.625
0.5
0.6470588235294118
0.6190476190476191
0.5
0.7857142857142857
0.42857142857142855
0.5
0.5789473684210527
0.625
0.4583333333333333
0.47368421052631576
0.5
0.6923076923076923
0.4583333333333333
0.6666666666666666
0.6428571428571429
0.5625
0.631578947368421
0.5217391304347826
0.5
0.4782608695652174
0.36666666666666664
0.4
0.4
0.5
0.4230769230769231
0.6
0.5882352941176471
0.75
0.625
0.4666666666666667
0.48
0.5238095238095238
0.625
0.625
0.5555555555555556
0.30434782608695654
0.47058823529411764
0.5
0.75
0.4782608695652174
0.8
0.6875
0.5882352941176471
0.5882352941176471
0.7222222222222222
0.46153846153846156
0.5
0.4
0.36363636363636365
0.55
0.65
0.46153846153846156
0.43478260869565216
0.35
0.36
0.5294117647058824
0.7058823529411765
0.47058823529411764
0.3793103448275862
0.5882352941176471
0.375
0.75
0.5263157894736842
0.4782608695652174
0.45454545454545453
0.4166666666666667
0.5714285714285714
0.375
0.4583333333333333
0.4090909090909091
0.5882352941176471
0.47619047619047616
0.3103448275862069
0.36363636363636365
0.4230769230769231
0.46153846153846156
0.45
0.5714285714285714
0.4090909090909091
0.5416666666666666
0.4482758620689655
0.5789473684210527
0.43478260869565216
0.4090909090909091
0.8333333333333334
0.5789473684210527
0.5333333333333333
0.5714285714285714
0.42857142857142855
0.391304347826087
0.6153846153846154
0.4583333333333333
0.4482758620689655
0.625
0.5714285714285714
0.4583333333333333
0.625
0.4782608695652174
0.5714285714285714
0.34782608695652173
0.5789473684210527
0.4
0.44
0.4074074074074074
0.5789473684210527
0.5217391304347826
0.6153846153846154
0.5
0.5
0.625
0.5555555555555556
0.4444444444444444
0.45454545454545453
0.55
0.46153846153846156
0.36
0.6923076923076923
