0.5535261024859776
0.5735711021960803
0.5018926617485184
0.522250203518693
0.6180550306781603
0.5842022211955737
0.39936423836471824
0.5387744714493907
0.5318415232467607
0.5187374471762848
0.4960643865273976
0.42399628629232633
0.542734204982718
0.4914716139273633
0.6199454561005839
0.5865505008101737
0.49514638801258115
0.5519603424605691
0.5338602614310928
0.46611104079863297
0.571178647447654
0.522225407122989
0.5367798936434315
0.4718590346314011
0.5325176888593249
0.6052863412058286
0.5595890354937024
0.5241474783488204
0.6262432105726792
0.4524351688670514
0.39199832139758023
0.4836644857322859
0.567200793988145
0.5916884724607213
0.45412503635402024
0.48483619017236074
0.48460568777797997
0.5373076315783185
0.5744145666697766
0.4970366964683065
0.5389660075040692
0.5427850330268376
0.5868851584314583
0.589740250271926
0.5339401165480206
0.5165615451229038
0.586678310573429
0.534583526343292
0.6147474160185904
0.5333399617165505
0.5245118088731593
0.5954330606616927
0.5230768945350684
0.5151552054466226
0.5774797404468887
0.5828045463544361
0.5024309985205971
0.5367281969694877
0.6461461548313806
0.5371228260494411
0.5080002176800731
0.6498921908424955
0.5628912137829488
0.5167479403013603
0.5323709758984859
0.5737565753114025
0.583159596793422
0.511013999900807
0.5359006540391227
0.45293728544206696
0.5183630090207354
0.500694916901681
0.6210239370064217
0.5663594284804792
0.5657014127635581
0.5456493116068527
0.5035522867316733
0.596305750637662
0.5212133234308663
0.4741836398411891
0.5144671108338292
0.36701647584434877
0.5586764638125001
0.45535428288088664
0.5527176558675841
0.5577538792153839
0.49663440798858716
0.651183146685902
0.48934909534952015
0.5482446896177751
0.49357911250728703
0.5038801247600746
0.539255163638115
0.5005042991224836
0.4769742101847728
0.5839169804174997
0.5494440108886154
0.44841965405362805
0.5141895055700998
0.5801971330500779
0.3957418181210908
0.529891374806749
0.59145983156664
0.5360403699507932
0.4755297405720231
0.5614134281091417
0.4195076149686659
0.6027162459133001
0.5032235264591519
0.5982447749814216
0.5438444842495646
0.5653585089267716
0.48963376609132636
0.5615307536985193
0.542810520988123
0.4975227951858855
0.5118144753626742
0.5655240555260147
0.450775732763771
0.391557295143277
0.4296250751477056
0.5653974235254196
0.5575213228573355
0.5265654215039871
0.4990675968152056
0.5403844627798731
0.49778584762049377
0.5159804225272804
0.5732828978480837
0.43926654274780286
0.5294437901213831
0.5827681704721781
0.5142301514338103
0.3824389923709346
0.544616980705813
0.5813123551983003
0.40684511295632586
0.5850621320696028
0.542470955432997
0.4832060032630374
0.46941880939062847
0.6001957971886461
0.5581984442829708
0.4632836831769857
0.49595969146521407
0.4788170373448467
0.4988052785858217
0.4905839061615042
0.5223766535013855
0.4832087957197997
0.40020954065517095
0.4703333581594289
0.4951031451156028
0.44953102845036297
0.5015543814817149
0.524561978058457
0.5560961998384992
0.5515457626006475
0.5211455571118111
0.5048542215944508
0.5803690439226228
0.5712869713530538
0.48536693226777505
0.5518086510066003
0.401421164324118
0.43816655114253156
0.5034521816366655
0.4745482184284448
0.5271941049338924
0.5586808582276762
0.5560799807909329
0.626073729504912
0.6132438277747067
0.48170692607777055
0.5562046469687258
0.5159953298983826
0.5596089686095302
0.5213996266682154
0.6188349564034384
0.523830766467939
0.5662280478137162
0.5090044398621913
0.4509576764900567
0.5881952956799542
0.44315824245469304
0.5203488552139912
0.5159861393047647
0.627794970130662
0.5536182956855601
0.5274405723748637
0.6310246201613607
0.5108824031915465
0.5880307477033893
0.5191840824316922
0.36964562020121494
0.4614579572927998
0.5492833152554981
0.520729363467854
0.596078389772302
0.5531586078512786
0.4430285150041251
0.507815286081637
0.5512487206026204
0.47849813797391383
0.38127293833674886
0.5052619506449187
0.501616667742171
0.5997903687715398
0.4483111028841846
0.518932048160157
0.5290242665613523
0.5929775013225693
0.4769983287803278
0.530637115839986
0.620299267126609
0.4823162890575785
0.49984889743226313
0.4648317867317567
0.5840693298648659
0.5682119237375425
0.5416078148566983
0.4805029775317883
0.4712812673644415
0.5694481342292708
0.5220601009837549
0.49824487687950314
0.46048272195428425
0.4888997922140741
0.5790872208205597
0.4402900533742984
0.5220142748305243
0.4836678801173938
0.5806125401829338
0.5881512063485772
0.5084608810839324
0.6445986852251995
0.4471600608361304
0.48184708691000516
0.5160654553736843
0.525798632224387
0.5584137225035763
0.5752081360785625
0.4843452873593323
0.5400845875583987
0.43301925648033773
0.530244153757974
0.49390952879178607
0.5310905944687592
0.5120845644683787
0.4097590800492364
0.6431569333834501
0.5090559295028669
0.550899980550197
0.5804248962359617
0.45593954397896536
0.6407093751139317
0.42528953273170694
0.4537552417969291
0.5588949066035522
0.6066307105668203
0.5444412279381425
0.6305418856690997
0.4995051421650294
0.6014299064899531
0.514391549139755
0.5898431430508619
0.5666929714262111
0.44724881990504983
0.41964930685996416
0.5375081037510883
0.40739118306026956
0.6699850231240715
0.5060505314461294
0.48301825758938394
0.47587660738314636
0.43906761150791235
0.5594252829165642
0.43256599447051336
0.6581640681177502
0.4417025625375347
0.5795890621913236
0.551914150412642
0.5001079088144833
0.5359095183483752
0.548839780170249
0.5132194450514679
0.612489188185067
0.5687368136967385
0.5410349104456803
0.5793736706398711
0.6052924749400903
0.5066067896412945
0.5816466479640039
0.4711317156219062
0.4840879411628304
0.5373493641699483
0.49274916976006616
0.4645556333225825
0.48179923434056166
0.5679942039547143
0.47553336326850487
0.3926701107961255
0.6094933011813473
0.5559751800311782
0.4977526797906082
0.5049392990911876
0.5395409824440479
0.5236268264013507
0.4721136868240601
0.48329313667415963
0.6008214022794482
0.518790230983006
0.40330313708872023
0.4742580883826087
0.5755438495382733
0.5015288255701464
0.4729081348677261
0.5589056993651239
0.5222831153734409
0.6105903664588133
0.5704719359612465
0.530877691250728
0.5713802624186027
0.44175887925486934
0.5137281151367931
0.5144544698863225
0.4828035998853036
0.5898885817974483
0.5613146720322748
0.5841684208278384
0.5180478705245245
0.4335751327796915
0.4597436506069321
0.5586694773577647
0.546056973356454
0.5501489225901449
0.503605590377857
0.5292719920456147
0.6032201686192649
0.5249701418985532
0.5380024155446753
0.5718058601050058
0.36727686673501914
0.5510535678948988
0.42609652094818656
0.4076776379636488
0.47996565868903
0.5449572127735102
0.5168395582675911
0.5032624583351051
0.5291893044912487
0.47974306374248965
0.5724707214756901
0.48195960909026325
0.5670631087071245
0.45474579854013686
0.5271564587990867
0.5487205135249371
0.5140565625870661
0.560147741477931
0.4322834679141765
0.5629068233233697
0.4814573448009114
0.4778255599374894
0.516060091047894
0.4741136905067952
0.5289079911573605
0.4686088782298523
0.49915194759161907
0.470909913041047
0.5107460108448763
0.5720576643248318
0.5710819924488124
0.39793002499735664
0.5317577185035138
0.4018406663496033
0.4779240772926219
0.46805304782668317
0.4197840797900327
0.5792207847738886
0.5446295264186511
0.4764849074391796
0.5817574581909294
0.5186444442840696
0.48505563744094055
0.4784467030643964
0.4958861436036318
0.49874590740290325
0.5878157746809624
0.5527219451430314
0.5442569861535016
0.46658399338405604
0.5408888865944876
0.4984896677590195
0.4610131176291496
0.45657088428865455
0.6307931828151918
0.5688957371253509
0.5669267773382107
0.5449201354852553
0.47193105065124563
0.4829534391938733
0.45023291587254
0.5206894818807212
0.5375465693192124
0.46571921492334317
0.4956444472468459
0.5886026921496662
0.5662284970881193
0.5504330379680356
0.5123279337913453
0.5764352115428173
0.5532013748377069
0.4639438891065598
0.5489486734691155
0.5971682549466832
0.5522656689362586
0.5090934886471081
0.5812596067051308
0.5602092384732972
0.5144579114020849
0.5205112447938562
0.5255591109404322
0.5509477076896645
0.5486441866877322
0.5277916735344498
0.4968419901141174
0.5260839732553598
0.4854063182190907
0.6067268108186251
0.541179646292233
0.5106725296542098
0.5268140765832442
0.5341539776292485
0.4565657078283756
0.553213642430441
0.4940977338612183
0.5406110797380569
0.3827271226486647
0.48750515416441115
0.5915170050438123
0.4707019272926196
0.5560885016153337
0.4782091733454088
0.48195123596633094
0.5680792837996153
0.5524450057547304
0.5216956168212157
0.43922097137561794
0.5115563446814313
0.6119398315959056
0.5324267209122194
0.5332205357595877
0.5270116348381482
0.42734595335624875
0.5513955606923928
0.5976627487016297
0.5469065318029557
0.4749892749263215
0.6083534355593575
0.6048376569360014
0.5334165270928183
0.5416982619228651
0.40619242908313435
0.4592901751311274
0.5119839535492424
0.4269185020421898
0.6346638721278344
0.6111631963027961
0.6091466984727114
0.49246486903170894
0.5063563259906168
0.6306375151705338
0.5387802751940599
0.5517862533932966
0.544894019231888
0.4676476787070116
0.49028645086725586
0.5378095184742194
0.4757835427721783
0.5202933779251422
0.616531085009112
0.608845390425194
0.49296191630694036
0.5826113610051528
0.5093323363922104
0.5892208462069303
0.4955027907765809
0.47418609592238825
0.43973655073940177
0.516366126749434
0.4574834744936084
0.4784271636454901
0.4520210983591057
0.47859215606991934
0.4992742740880474
0.46520804133256466
0.43774483349712345
0.5622399684568422
0.5198846468589757
