0.4166666666666667
0.44897959183673464
0.3773584905660377
0.36363636363636365
0.4545454545454545
0.2857142857142857
0.5652173913043479
0.31111111111111117
0.4888888888888889
0.47058823529411764
0.47058823529411764
0.3555555555555555
0.5199999999999999
0.34615384615384615
0.40625
0.43478260869565216
0.4
0.4827586206896552
0.41860465116279066
0.41509433962264153
0.34615384615384615
0.46808510638297873
0.41509433962264153
0.4
0.26229508196721313
0.4545454545454545
0.4074074074074074
0.3529411764705882
0.33333333333333326
0.423076923076923
0.423076923076923
0.4545454545454545
0.4814814814814815
0.34146341463414637
0.3829787234042553
0.4
0.3728813559322034
0.28571428571428575
0.3478260869565218
0.3703703703703704
0.4313725490196078
0.4090909090909091
0.4
0.43333333333333335
0.4545454545454545
0.44897959183673464
0.423076923076923
0.42553191489361697
0.39215686274509803
0.3529411764705882
0.5283018867924527
0.3043478260869565
0.4313725490196078
0.423076923076923
0.43999999999999995
0.4912280701754386
0.3529411764705882
0.5333333333333333
0.3555555555555555
0.43478260869565216
0.5
0.33333333333333337
0.4
0.4545454545454545
0.46808510638297873
0.28571428571428564
0.4897959183673469
0.42857142857142855
0.456140350877193
0.4081632653061224
0.4363636363636364
0.4313725490196078
0.3902439024390244
0.3829787234042553
0.41509433962264153
0.3555555555555555
0.44897959183673464
0.326530612244898
0.37499999999999994
0.4444444444444444
0.5098039215686274
0.3404255319148936
0.43999999999999995
0.45833333333333326
0.47619047619047616
0.5199999999999999
0.5384615384615385
0.43999999999999995
0.32
0.4642857142857143
0.4137931034482759
0.3448275862068965
0.2692307692307693
0.5306122448979592
0.4081632653061224
0.3773584905660377
0.4
0.44897959183673464
0.4444444444444444
0.3902439024390244
0.3673469387755102
0.4166666666666667
0.39344262295081966
0.31111111111111117
0.43478260869565216
0.4285714285714285
0.3478260869565218
0.4
0.47826086956521735
0.4
0.48
0.47457627118644075
0.33333333333333337
0.42553191489361697
0.4090909090909091
0.5199999999999999
0.47058823529411764
0.4
0.3272727272727273
0.36363636363636365
0.3508771929824561
0.5333333333333333
0.39215686274509803
0.3137254901960784
0.4166666666666667
0.5416666666666666
0.4313725490196078
0.4081632653061224
0.4727272727272728
0.4615384615384615
0.43478260869565216
0.44897959183673464
0.4081632653061224
0.31111111111111117
0.4
0.36000000000000004
0.44897959183673464
0.27272727272727276
0.4545454545454545
0.39215686274509803
0.48
0.37499999999999994
0.4
0.4444444444444445
0.43478260869565216
0.5106382978723405
0.34615384615384615
0.49056603773584906
0.42553191489361697
0.3829787234042553
0.2978723404255319
0.42553191489361697
0.3829787234042553
0.5098039215686274
0.3902439024390244
0.4444444444444444
0.31111111111111117
0.4074074074074074
0.4615384615384615
0.4444444444444444
0.4081632653061224
0.46808510638297873
0.4090909090909091
0.45833333333333326
0.3829787234042553
0.3529411764705882
0.4
0.4642857142857143
0.3636363636363636
0.4545454545454545
0.31111111111111117
0.36363636363636365
0.4090909090909091
0.30769230769230765
0.46808510638297873
0.4081632653061224
0.34615384615384615
0.326530612244898
0.45833333333333326
0.3529411764705882
0.42553191489361697
0.46808510638297873
0.3829787234042553
0.33333333333333337
0.47058823529411764
0.4814814814814815
0.43478260869565216
0.326530612244898
0.5199999999999999
0.5106382978723405
0.3529411764705882
0.509090909090909
0.46808510638297873
0.4651162790697674
0.36000000000000004
0.3043478260869565
0.4444444444444444
0.4912280701754386
0.4
0.5106382978723405
0.3846153846153846
0.3809523809523809
0.46808510638297873
0.4444444444444444
0.4897959183673469
0.27906976744186046
0.4727272727272728
0.37499999999999994
0.4
0.42553191489361697
0.37499999999999994
0.36000000000000004
0.5106382978723405
0.4166666666666667
0.4313725490196078
0.4313725490196078
0.39215686274509803
0.48
0.4545454545454545
0.35897435897435903
0.2978723404255319
0.48
0.3793103448275862
0.3928571428571428
0.5833333333333334
0.3181818181818182
0.30188679245283023
0.49056603773584906
0.4313725490196078
0.45833333333333326
0.3673469387755102
0.4528301886792453
0.27450980392156865
0.3846153846153846
0.4313725490196078
0.41860465116279066
0.4363636363636364
0.4615384615384615
0.36000000000000004
0.4
0.4081632653061224
0.4
0.4313725490196078
0.47826086956521735
0.38596491228070173
0.4090909090909091
0.4137931034482759
0.4615384615384615
0.3571428571428571
0.509090909090909
0.39215686274509803
0.4615384615384615
0.5
0.5106382978723405
0.6046511627906976
0.4651162790697674
0.3928571428571428
0.42553191489361697
0.4615384615384615
0.33333333333333326
0.4615384615384615
0.4313725490196078
0.3829787234042553
0.2916666666666667
0.47826086956521735
0.5
0.36000000000000004
0.37209302325581395
0.41860465116279066
0.3809523809523809
0.5384615384615385
0.5098039215686274
0.25531914893617025
0.39215686274509803
0.4285714285714285
0.41509433962264153
0.3829787234042553
0.48
0.4727272727272728
0.43999999999999995
0.4363636363636364
0.43478260869565216
0.36363636363636365
0.4615384615384615
0.3508771929824561
0.423076923076923
0.3478260869565218
0.32
0.4528301886792453
0.3829787234042553
0.5106382978723405
0.3508771929824561
0.423076923076923
0.4363636363636364
0.43999999999999995
0.3928571428571428
0.44897959183673464
0.4090909090909091
0.4081632653061224
0.42553191489361697
0.47826086956521735
0.4313725490196078
0.3829787234042553
0.47457627118644075
0.3529411764705882
0.3703703703703704
0.4081632653061224
0.45833333333333326
0.3673469387755102
0.4727272727272728
0.32
0.37209302325581395
0.32558139534883723
0.49056603773584906
0.47826086956521735
0.4090909090909091
0.38596491228070173
0.3846153846153846
0.4081632653061224
0.4166666666666667
0.47826086956521735
0.43999999999999995
0.4838709677419355
0.3829787234042553
0.3703703703703704
0.5106382978723405
0.46808510638297873
0.4090909090909091
0.3673469387755102
0.37499999999999994
0.32558139534883723
0.4
0.4615384615384615
0.4545454545454545
0.42553191489361697
0.36000000000000004
0.46808510638297873
0.3529411764705882
0.48
0.41509433962264153
0.39215686274509803
0.37209302325581395
0.5416666666666666
0.3913043478260869
0.5185185185185186
0.3928571428571428
0.3773584905660377
0.4
0.34146341463414637
0.4090909090909091
0.4444444444444444
0.4081632653061224
0.4081632653061224
0.33333333333333337
0.3333333333333333
0.4081632653061224
0.47058823529411764
0.45833333333333326
0.45833333333333326
0.34615384615384615
0.44897959183673464
0.5217391304347827
0.34146341463414637
0.3703703703703704
0.46808510638297873
0.4313725490196078
0.4528301886792453
0.44897959183673464
0.4313725490196078
0.42553191489361697
0.38596491228070173
0.4444444444444444
0.36000000000000004
0.46808510638297873
0.3548387096774193
0.5
0.32142857142857145
0.4166666666666667
0.3529411764705882
0.47058823529411764
0.4528301886792453
0.31111111111111117
0.4528301886792453
0.44897959183673464
0.3529411764705882
0.45833333333333326
0.47619047619047616
0.4074074074074074
0.3846153846153846
0.3913043478260869
0.27272727272727276
0.4814814814814815
0.39215686274509803
0.5
0.32558139534883723
0.3846153846153846
0.4
0.3829787234042553
0.3555555555555555
0.4444444444444444
0.4615384615384615
0.3913043478260869
0.3773584905660377
0.32142857142857145
0.3928571428571428
0.33333333333333326
0.3809523809523809
0.49056603773584906
0.37209302325581395
0.4545454545454545
0.4090909090909091
0.43478260869565216
0.3673469387755102
0.49056603773584906
0.32
0.4528301886792453
0.4166666666666667
0.5714285714285714
0.2692307692307693
0.43999999999999995
0.3846153846153846
0.4615384615384615
0.37499999999999994
0.5777777777777778
0.5
0.3
0.43478260869565216
0.5306122448979592
0.5
0.4081632653061224
0.41509433962264153
0.3137254901960784
0.4
0.3846153846153846
0.5199999999999999
0.34615384615384615
0.37499999999999994
0.39215686274509803
0.43478260869565216
0.4545454545454545
0.36000000000000004
0.4210526315789474
0.37499999999999994
0.5306122448979592
0.5106382978723405
0.4090909090909091
0.3773584905660377
0.3673469387755102
0.5283018867924527
0.41860465116279066
0.326530612244898
0.42857142857142855
0.5
0.36363636363636365
0.4
0.2758620689655172
0.3928571428571428
0.3846153846153846
0.45833333333333326
0.36363636363636365
0.3913043478260869
0.4166666666666667
0.47619047619047616
0.423076923076923
0.44897959183673464
0.3636363636363636
0.4166666666666667
0.43999999999999995
0.5531914893617021
0.4444444444444444
0.4651162790697674
0.2916666666666667
0.29268292682926833
0.36363636363636365
0.4528301886792453
0.33333333333333326
0.4444444444444444
0.4166666666666667
0.3846153846153846
0.3829787234042553
0.3404255319148936
0.4727272727272728
0.32
0.5
0.2439024390243902
0.4727272727272728
0.3793103448275862
0.4090909090909091
0.5098039215686274
0.4
0.3829787234042553
0.4528301886792453
0.5
0.47058823529411764
0.5106382978723405
0.3773584905660377
0.4615384615384615
0.4074074074074074
0.47058823529411764
0.26086956521739135
