0.2181818181818182
0.2153846153846154
0.2692307692307693
0.10526315789473685
0.18461538461538463
0.10526315789473685
0.23529411764705882
0.16949152542372883
0.2413793103448276
0.15625
0.19354838709677422
0.22950819672131148
0.2962962962962963
0.28571428571428564
0.24615384615384614
0.17543859649122806
0.26666666666666666
0.18750000000000003
0.2413793103448276
0.08
0.2580645161290323
0.17543859649122806
0.2647058823529412
0.18867924528301885
0.19354838709677422
0.31746031746031744
0.1818181818181818
0.1851851851851852
0.1851851851851852
0.25
0.16393442622950818
0.17543859649122806
0.17391304347826086
0.09230769230769231
0.14814814814814814
0.2456140350877193
0.28125
0.13114754098360656
0.14035087719298248
0.3492063492063492
0.20000000000000004
0.13559322033898305
0.3157894736842105
0.19607843137254902
0.3272727272727273
0.15384615384615383
0.13559322033898305
0.16129032258064516
0.14285714285714288
0.09836065573770492
0.16949152542372883
0.21874999999999997
0.26229508196721313
0.37500000000000006
0.33898305084745767
0.10344827586206898
0.19672131147540983
0.20000000000000004
0.30136986301369856
0.1818181818181818
0.16666666666666666
0.20289855072463772
0.12903225806451615
0.2424242424242424
0.18867924528301885
0.09523809523809525
0.09375000000000001
0.11538461538461538
0.2580645161290323
0.1904761904761905
0.10169491525423728
0.20689655172413796
0.16949152542372883
0.12
0.25
0.1379310344827586
0.2535211267605634
0.36065573770491804
0.14084507042253522
0.26415094339622636
0.23333333333333334
0.12307692307692307
0.10526315789473685
0.19607843137254902
0.3142857142857143
0.14035087719298248
0.28070175438596495
0.17241379310344826
0.2105263157894737
0.22222222222222224
0.3125
0.1923076923076923
0.38709677419354843
0.16949152542372883
0.26415094339622636
0.2413793103448276
0.18750000000000003
0.17543859649122806
0.2545454545454545
0.10169491525423728
0.13114754098360656
0.23333333333333334
0.3333333333333333
0.23333333333333334
0.19354838709677422
0.17857142857142855
0.126984126984127
0.13559322033898305
0.11111111111111112
0.30769230769230765
0.2181818181818182
0.10526315789473685
0.1212121212121212
0.20689655172413796
0.13333333333333333
0.20000000000000004
0.17543859649122806
0.26865671641791045
0.3492063492063492
0.17241379310344826
0.20289855072463772
0.1904761904761905
0.17647058823529413
0.18750000000000003
0.15625
0.303030303030303
0.2153846153846154
0.208955223880597
0.1904761904761905
0.22950819672131148
0.26415094339622636
0.10169491525423728
0.20689655172413796
0.20000000000000004
0.15625
0.22222222222222224
0.12
0.3880597014925374
0.3125
0.2545454545454545
0.19354838709677422
0.1791044776119403
0.21874999999999997
0.22641509433962265
0.17543859649122806
0.10169491525423728
0.21428571428571427
0.19354838709677422
0.27450980392156865
0.21212121212121213
0.19354838709677422
0.19672131147540983
0.18461538461538463
0.16666666666666666
0.21874999999999997
0.28125
0.17543859649122806
0.12903225806451615
0.2456140350877193
0.22222222222222224
0.2413793103448276
0.17647058823529413
0.17241379310344826
0.2580645161290323
0.16666666666666666
0.0689655172413793
0.11940298507462686
0.19672131147540983
0.09523809523809525
0.1212121212121212
0.19444444444444445
0.17543859649122806
0.19672131147540983
0.14545454545454545
0.2597402597402597
0.32
0.09523809523809525
0.2105263157894737
0.0851063829787234
0.14285714285714288
0.23333333333333334
0.17543859649122806
0.1379310344827586
0.16393442622950818
0.3508771929824561
0.13333333333333333
0.25
0.2181818181818182
0.3492063492063492
0.25
0.36923076923076925
0.2456140350877193
0.208955223880597
0.14545454545454545
0.20000000000000004
0.16666666666666666
0.2769230769230769
0.2456140350877193
0.2
0.23333333333333334
0.07142857142857144
0.0
0.3548387096774193
0.15094339622641512
0.28571428571428564
0.2758620689655172
0.16129032258064516
0.29032258064516125
0.19354838709677422
0.14814814814814814
0.2580645161290323
0.23728813559322037
0.26415094339622636
0.1851851851851852
0.09375000000000001
0.20689655172413796
0.30188679245283023
0.15873015873015872
0.18461538461538463
0.1851851851851852
0.1818181818181818
0.29850746268656714
0.16666666666666666
0.2909090909090909
0.16949152542372883
0.15625
0.19672131147540983
0.22641509433962265
0.18867924528301885
0.14545454545454545
0.2545454545454545
0.17543859649122806
0.36923076923076925
0.1904761904761905
0.26666666666666666
0.13559322033898305
0.4067796610169491
0.15094339622641512
0.2456140350877193
0.29032258064516125
0.126984126984127
0.14035087719298248
0.2105263157894737
0.17543859649122806
0.1568627450980392
0.31884057971014496
0.2413793103448276
0.23684210526315788
0.14285714285714288
0.2545454545454545
0.10169491525423728
0.23076923076923075
0.16393442622950818
0.21621621621621623
0.20338983050847456
0.16949152542372883
0.11320754716981132
0.04
0.16949152542372883
0.18461538461538463
0.26229508196721313
0.03571428571428572
0.17543859649122806
0.2424242424242424
0.2456140350877193
0.208955223880597
0.2040816326530612
0.20000000000000004
0.2608695652173913
0.16949152542372883
0.23728813559322037
0.253968253968254
0.09836065573770492
0.1818181818181818
0.21874999999999997
0.24615384615384614
0.1818181818181818
0.17543859649122806
0.1818181818181818
0.22950819672131148
0.03571428571428572
0.20338983050847456
0.09302325581395349
0.2413793103448276
0.2153846153846154
0.11111111111111112
0.04
0.3125
0.03508771929824562
0.16666666666666666
0.09375000000000001
0.28070175438596495
0.163265306122449
0.2105263157894737
0.3823529411764707
0.25
0.21212121212121213
0.13333333333333333
0.29508196721311475
0.19354838709677422
0.23728813559322037
0.22222222222222224
0.3548387096774193
0.33962264150943394
0.18461538461538463
0.14035087719298248
0.16129032258064516
0.15384615384615383
0.17857142857142855
0.17241379310344826
0.11111111111111112
0.3333333333333333
0.22950819672131148
0.27450980392156865
0.2181818181818182
0.22222222222222224
0.14814814814814814
0.18867924528301885
0.22222222222222224
0.22580645161290322
0.3157894736842105
0.2153846153846154
0.1904761904761905
0.2592592592592593
0.16393442622950818
0.16129032258064516
0.19354838709677422
0.22641509433962265
0.20689655172413796
0.20689655172413796
0.1971830985915493
0.2424242424242424
0.16393442622950818
0.1791044776119403
0.17241379310344826
0.17857142857142855
0.23076923076923075
0.1851851851851852
0.26666666666666666
0.16949152542372883
0.2769230769230769
0.12903225806451615
0.07142857142857144
0.1090909090909091
0.0
0.14285714285714288
0.29508196721311475
0.21428571428571427
0.20588235294117646
0.1702127659574468
0.2692307692307693
0.25
0.16666666666666666
0.14035087719298248
0.2545454545454545
0.2608695652173913
0.16949152542372883
0.3636363636363636
0.10526315789473685
0.16666666666666666
0.26865671641791045
0.20689655172413796
0.20338983050847456
0.30769230769230765
0.253968253968254
0.1142857142857143
0.22580645161290322
0.14285714285714288
0.1379310344827586
0.16129032258064516
0.16129032258064516
0.14035087719298248
0.18461538461538463
0.18867924528301885
0.16129032258064516
0.11538461538461538
0.1818181818181818
0.2181818181818182
0.2580645161290323
0.2711864406779661
0.23333333333333334
0.16949152542372883
0.22222222222222224
0.1851851851851852
0.19672131147540983
0.2413793103448276
0.11111111111111112
0.2580645161290323
0.09836065573770492
0.11111111111111112
0.22950819672131148
0.2105263157894737
0.20588235294117646
0.36065573770491804
0.17142857142857143
0.14545454545454545
0.1379310344827586
0.31884057971014496
0.2181818181818182
0.10714285714285714
0.3548387096774193
0.4262295081967213
0.2456140350877193
0.2909090909090909
0.14035087719298248
0.28571428571428564
0.16666666666666666
0.1379310344827586
0.25
0.16666666666666666
0.19672131147540983
0.23333333333333334
0.1818181818181818
0.2
0.21874999999999997
0.25
0.20338983050847456
0.15789473684210528
0.10000000000000002
0.16393442622950818
0.17857142857142855
0.17543859649122806
0.2424242424242424
0.18867924528301885
0.17857142857142855
0.23529411764705882
0.28125
0.25
0.1791044776119403
0.16666666666666666
0.0689655172413793
0.16393442622950818
0.1904761904761905
0.1379310344827586
0.14035087719298248
0.3333333333333333
0.28571428571428575
0.1379310344827586
0.20000000000000004
0.2711864406779661
0.21428571428571427
0.14814814814814814
0.20689655172413796
0.2456140350877193
0.3125
0.1904761904761905
0.18750000000000003
0.15625
0.1379310344827586
0.22222222222222224
0.28571428571428564
0.2608695652173913
0.253968253968254
0.28070175438596495
0.16949152542372883
0.03448275862068965
0.1904761904761905
0.2413793103448276
0.15384615384615383
0.07017543859649124
0.25
0.2456140350877193
0.13333333333333333
0.20779220779220778
0.24
0.18461538461538463
0.19354838709677422
0.16666666666666666
0.2711864406779661
0.10344827586206898
0.1818181818181818
0.2580645161290323
0.22222222222222224
0.23728813559322037
0.3103448275862069
0.14814814814814814
0.26666666666666666
0.2535211267605634
0.14545454545454545
0.10169491525423728
0.22950819672131148
0.15873015873015872
0.26666666666666666
0.14035087719298248
0.17241379310344826
0.16129032258064516
0.17543859649122806
0.21212121212121213
0.07272727272727272
0.15094339622641512
0.2
0.2
0.07017543859649124
0.16901408450704225
0.17543859649122806
0.25
0.2909090909090909
0.23529411764705882
0.10714285714285714
0.13333333333333333
