0.716388888888889
0.6986111111111111
0.7336111111111111
0.7268055555555556
0.7775
0.7466666666666667
0.73375
0.6941666666666667
0.7309722222222222
0.7263888888888889
0.716111111111111
0.7534722222222221
0.7554166666666666
0.6636111111111112
0.7283333333333333
0.6765277777777777
0.7373611111111111
0.7952777777777779
0.7252777777777777
0.7324999999999999
0.7295833333333334
0.7138888888888889
0.7672222222222222
0.6863888888888889
0.721111111111111
0.7333333333333333
0.7155555555555556
0.7433333333333334
0.6866666666666666
0.6788888888888889
0.72
0.7209722222222222
0.6872222222222222
0.6666666666666666
0.6920833333333334
0.7412500000000001
0.7963888888888889
0.7193055555555555
0.6752777777777778
0.7001388888888889
0.7004166666666667
0.6868055555555556
0.7488888888888889
0.7598611111111111
0.6769444444444445
0.7526388888888889
0.6763888888888889
0.7079166666666666
0.7194444444444444
0.6933333333333334
0.76
0.7263888888888889
0.6636111111111112
0.7241666666666667
0.7736111111111111
0.7386111111111112
0.7451388888888889
0.7770833333333332
0.7000000000000001
0.7538888888888889
0.7309722222222222
0.7413888888888888
0.758888888888889
0.7079166666666666
0.7347222222222223
0.7758333333333334
0.7388888888888889
0.8118055555555556
0.7931944444444445
0.7463888888888889
0.6884722222222223
0.7236111111111111
0.7113888888888888
0.7797222222222222
0.6922222222222222
0.7102777777777778
0.7472222222222223
0.7740277777777778
0.6602777777777779
0.7216666666666667
0.7166666666666667
0.6945833333333333
0.653611111111111
0.7119444444444446
0.7551388888888888
0.7522222222222222
0.8047222222222221
0.7422222222222222
0.7030555555555555
0.7269444444444445
0.7355555555555555
0.7433333333333334
0.7541666666666667
0.6819444444444445
0.6848611111111111
0.6045833333333334
0.7461111111111112
0.7393055555555555
0.7181944444444445
0.7455555555555556
0.6969444444444445
0.6856944444444445
0.7663888888888889
0.6972222222222222
0.6666666666666667
0.6736111111111112
0.7708333333333334
0.7208333333333333
0.7229166666666667
0.7686111111111111
0.7466666666666666
0.7602777777777778
0.7477777777777778
0.7208333333333333
0.7033333333333334
0.7115277777777778
0.7513888888888889
0.741111111111111
0.7572222222222222
0.7363888888888889
0.7006944444444444
0.7191666666666667
0.7098611111111112
0.6905555555555556
0.7369444444444444
0.7273611111111111
0.7380555555555556
0.7908333333333334
0.7872222222222223
0.7129166666666666
0.7431944444444445
0.7594444444444445
0.7475
0.7372222222222222
0.6866666666666666
0.7581944444444444
0.6880555555555555
0.7827777777777777
0.711388888888889
0.7027777777777778
0.7422222222222221
0.7309722222222224
0.7375
0.7063888888888888
0.73
0.6959722222222222
0.7352777777777778
0.7466666666666666
0.6831944444444445
0.746111111111111
0.7034722222222223
0.7491666666666668
0.7147222222222223
0.7333333333333334
0.7726388888888889
0.7525
0.6380555555555555
0.7447222222222223
0.6950000000000001
0.7300000000000001
0.6916666666666667
0.7306944444444444
0.7344444444444446
0.8147222222222223
0.7483333333333334
0.71375
0.74875
0.7938888888888889
0.7522222222222223
0.6676388888888889
0.7463888888888889
0.7633333333333333
0.6565277777777778
0.7361111111111112
0.6693055555555556
0.7169444444444445
0.7177777777777778
0.7322222222222222
0.7058333333333334
0.7331944444444445
0.7011111111111111
0.7133333333333334
0.7288888888888888
0.7206944444444444
0.711388888888889
0.6669444444444445
0.7241666666666667
0.7427777777777778
0.6811111111111111
0.7369444444444444
0.6594444444444445
0.7116666666666667
0.7279166666666667
0.7059722222222222
0.6955555555555556
0.7305555555555556
0.7091666666666665
0.7424999999999999
0.7458333333333333
0.7541666666666667
0.7208333333333332
0.6966666666666665
0.7055555555555555
0.6833333333333333
0.7216666666666667
0.7388888888888889
0.7325
0.7277777777777777
0.7294444444444445
0.7370833333333334
0.6884722222222223
0.7366666666666667
0.7322222222222222
0.7777777777777778
0.7052777777777777
0.7172222222222223
0.706388888888889
0.7130555555555556
0.7340277777777777
0.7283333333333333
0.7225
0.7325
0.7475
0.7122222222222223
0.7144444444444443
0.7466666666666667
0.7338888888888888
0.7658333333333334
0.7363888888888889
0.7433333333333334
0.7916666666666666
0.7330555555555556
0.7097222222222223
0.7586111111111112
0.7270833333333332
0.6590277777777777
0.7675000000000001
0.76
0.7311111111111112
0.74
0.7586111111111111
0.6883333333333332
0.736111111111111
0.7194444444444444
0.7687499999999999
0.7433333333333334
0.7197222222222223
0.7602777777777778
0.7577777777777778
0.726111111111111
0.7188888888888889
0.7488888888888889
0.7247222222222223
0.7047222222222221
0.7191666666666667
0.704861111111111
0.6769444444444443
0.6769444444444446
0.7644444444444445
0.7627777777777778
0.6908333333333334
0.7722222222222223
0.7056944444444444
0.7827777777777778
0.7891666666666667
0.72
0.6926388888888889
0.7347222222222222
0.8122222222222222
0.7666666666666666
0.7523611111111111
0.6994444444444444
0.7313888888888889
0.6894444444444444
0.7144444444444444
0.7419444444444445
0.7351388888888889
0.7927777777777778
0.7827777777777778
0.7069444444444445
0.7047222222222222
0.7136111111111111
0.7043055555555556
0.7430555555555556
0.7374999999999999
0.7086111111111111
0.7169444444444444
0.7202777777777778
0.6927777777777777
0.7
0.7413888888888889
0.7183333333333333
0.6875
0.7394444444444446
0.7409722222222221
0.7265277777777778
0.72125
0.7333333333333333
0.7113888888888888
0.7111111111111112
0.7236111111111111
0.7413888888888889
0.6855555555555556
0.7449999999999999
0.7352777777777778
0.7538888888888889
0.7405555555555556
0.7519444444444444
0.7219444444444444
0.7258333333333333
0.7408333333333332
0.713611111111111
0.7538888888888888
0.6583333333333334
0.7506944444444444
0.7063888888888888
0.6809722222222222
0.7205555555555556
0.7524999999999998
0.7420833333333333
0.7365277777777778
0.7148611111111111
0.7830555555555556
0.6841666666666667
0.6863888888888888
0.7181944444444444
0.7605555555555555
0.7283333333333334
0.6705555555555556
0.6881944444444446
0.7380555555555556
0.6930555555555555
0.7325
0.758888888888889
0.7475
0.7209722222222223
0.7108333333333333
0.7341666666666666
0.7365277777777778
0.783611111111111
0.7430555555555556
0.705
0.7706944444444445
0.7152777777777778
0.6854166666666667
0.7077777777777778
0.6880555555555555
0.6776388888888889
0.7527777777777778
0.7449999999999999
0.7252777777777778
0.7263888888888889
0.7048611111111112
0.7243055555555555
0.6591666666666667
0.6961111111111111
0.6836111111111111
0.6433333333333334
0.7608333333333333
0.7508333333333332
0.6795833333333334
0.77125
0.7127777777777777
0.7056944444444445
0.7474999999999999
0.7830555555555556
0.7450000000000001
0.7297222222222222
0.73
0.705
0.7419444444444445
0.7580555555555556
0.7133333333333333
0.7419444444444445
0.7161111111111111
0.7344444444444446
0.6830555555555555
0.7004166666666667
0.7093055555555557
0.7291666666666666
0.7395833333333333
0.7187500000000001
0.7716666666666666
0.7483333333333333
0.7947222222222222
0.6733333333333333
0.7005555555555555
0.7094444444444444
0.7500000000000001
0.6825000000000001
0.6900000000000001
0.737638888888889
0.7530555555555555
0.7111111111111111
0.6977777777777777
0.6875
0.7405555555555555
0.73375
0.7250000000000001
0.7669444444444444
0.7566666666666666
0.731388888888889
0.7255555555555555
0.7151388888888889
0.6597222222222222
0.7844444444444445
0.6697222222222222
0.7213888888888889
0.7193055555555556
0.7338888888888888
0.7544444444444445
0.7833333333333334
0.6644444444444444
0.7211111111111111
0.7573611111111113
0.7388888888888889
0.7172222222222223
0.71875
0.7094444444444444
0.6777777777777779
0.7470833333333333
0.7194444444444444
0.7194444444444444
0.705
0.7419444444444444
0.7193055555555556
0.6836111111111112
0.7936111111111113
0.7690277777777778
0.7227777777777777
0.6608333333333334
0.7043055555555556
0.7426388888888888
0.7322222222222222
0.7502777777777778
0.7833333333333333
0.6627777777777779
0.7905555555555556
0.7105555555555556
0.6963888888888888
0.7280555555555556
0.7505555555555555
0.7152777777777778
0.6290277777777777
0.7211111111111111
0.7283333333333333
0.7518055555555555
0.7473611111111111
0.7356944444444444
0.6644444444444445
0.6724999999999999
0.75
0.7133333333333333
0.7730555555555556
0.6691666666666667
0.6475000000000001
0.7177777777777777
0.6938888888888889
0.7158333333333334
0.7200000000000001
0.711111111111111
0.6794444444444444
0.7161111111111111
0.748611111111111
0.6483333333333333
0.7091666666666667
0.7966666666666665
0.6827777777777777
0.7145833333333333
0.7054166666666667
0.7011111111111111
0.7961111111111111
0.7173611111111111
0.7536111111111111
0.7127777777777778
0.7491666666666666
0.7155555555555557
0.7102777777777778
0.7566666666666666
0.7323611111111111
0.7652777777777777
0.71625
0.7495833333333334
0.7358333333333333
0.7086111111111111
0.7636111111111111
0.6722222222222223
0.7529166666666667
0.7291666666666666
0.6883333333333334
0.7036111111111111
0.7387499999999999
0.7075
0.7388888888888888
0.7626388888888889
0.7283333333333334
0.736388888888889
0.7938888888888889
0.7322222222222222
0.7608333333333334
