0.41068474048984327
0.4929099414713638
0.3972515362311678
0.5219325609031491
0.4335204081632653
0.516307650204202
0.5013951062100424
0.41529261703174747
0.44564905776953967
0.40517540925108164
0.4925532150622516
0.2661290632961335
0.47714825226453134
0.5149135859877547
0.4612212506258542
0.4376397361312704
0.4256659957544913
0.42735015296813045
0.4590054164182071
0.5245390955560447
0.37260544129479867
0.4188116306974085
0.4633793540564374
0.3783137227759321
0.3910138432799748
0.3198370640057533
0.526356328888294
0.4329595248995549
0.37599692211118874
0.3882866779034846
0.4603045885159706
0.25303771539319425
0.47101285478418115
0.5273019067495812
0.4791116051452655
0.27203789301362613
0.3591405032584624
0.4444751207602833
0.47330368804061235
0.529592072526044
0.5304937398784084
0.4243925050848339
0.4219547120650062
0.40369093231162195
0.48192512845172264
0.4024355281039773
0.39004981062952077
0.3405969166569449
0.5132890368305387
0.3092203149156416
0.3445509725394369
0.5209209876543209
0.5017620356488423
0.43968457468457467
0.3787605301756245
0.37153797865662275
0.3874327956989247
0.364530907213834
0.4593534807490972
0.513632318501171
0.4120663252126707
0.4702139280977403
0.3691741741741742
0.5042766890660461
0.5215527570969261
0.37045594681554733
0.4908972388562585
0.44481274490194866
0.5758921587726138
0.4388801269652334
0.4739633129596717
0.4416200662785103
0.4663414710567878
0.437567186060834
0.5719055355120929
0.6306369050839299
0.3144497607655502
0.4482081716089635
0.3499088178545543
0.4355509953504606
0.4305855306217859
0.6171091488377604
0.36506944444444445
0.33126188785671545
0.3843103846743505
0.4533751436863296
0.38030383591608685
0.4488427325084108
0.36158550209586293
0.43542201544174863
0.3538964411883997
0.3401820728291316
0.3621009738623969
0.3992984601390981
0.3577122398358767
0.327631515553993
0.4557093588672536
0.477582769533989
0.39795636807208645
0.316540404040404
0.38540920626825254
0.3994652067488416
0.39249311612634435
0.4156306715063521
0.5182768060003833
0.4834178832863043
0.5401517365404069
0.3348720560076819
0.3754036729865376
0.49041104575617567
0.44829445408392776
0.5269133361170762
0.4873251062106711
0.3265627449370949
0.595603734712042
0.38771654925713783
0.5079155941655942
0.4144163711317032
0.2904895104895105
0.4563459514754612
0.37572443530765554
0.369236646206883
0.5733489076655857
0.39242882767937315
0.5381793981119282
0.3712525075779669
0.3626119045286838
0.44359545031201303
0.41491518645896786
0.5404942736588306
0.2981173436492585
0.5130622907924698
0.49190154532950936
0.36286582712180915
0.29827005938943396
0.5080692457163046
0.34881771336553946
0.3390936685027519
0.4660460955026172
0.3276041133299198
0.4376585631915225
0.44622327059941924
0.4222657097575098
0.3250760350760351
0.47993469938150035
0.40487557319108125
0.4270136651151689
0.3209727251938383
0.5369252004034613
0.3968761205124841
0.2980091706623544
0.586199381108217
0.3661344537815127
0.37486330569285764
0.3307422402159244
0.4173006351446719
0.44867815969560154
0.397773373582873
0.4536677199805542
0.41083628217002716
0.5160601812914681
0.4444746166336825
0.26291771019677995
0.3711612730690381
0.4401843025611499
0.2643059829059829
0.4614162229173465
0.46647140700082135
0.359790039167304
0.36205771778379037
0.3711609046603716
0.4611688697380073
0.5701767954267953
0.40564265716289016
0.46897931102265467
0.3895466507652554
0.5026787262872628
0.4206965362123257
0.369949043125648
0.4215669603515845
0.38876652352183505
0.38161742986959957
0.49327956027588504
0.5109399921711824
0.3951155652134271
0.5402928287138814
0.3872288929939792
0.3332961414915438
0.502482531520472
0.43920927431496537
0.45413484692122463
0.30127508757891786
0.44012684471936925
0.32409150326797387
0.32110245759356326
0.36480821067864827
0.5143532851737186
0.3930529771258949
0.44876758924543797
0.48450678463836355
0.31083251530525646
0.4078574542747608
0.5667203795326325
0.473107761689322
0.439329674796748
0.4127905308464849
0.44213599431129147
0.4304025189105993
0.5818157472443066
0.361277651739308
0.4319812271062271
0.4157526256133335
0.4459681971620354
0.501694759995639
0.40706781251910107
0.466214192964434
0.49883862728134143
0.40577996293796925
0.29753292822960875
0.35186605356912837
0.5473062353692275
0.4520716564137617
0.3787226946598968
0.44046225614927903
0.30440294583878524
0.34984950761228484
0.3948406389123288
0.5418111790170613
0.42813725490196075
0.48365157505990564
0.36293491956925217
0.318910897314972
0.42005156831472623
0.37003876744496245
0.4933042834625305
0.3803869749172575
0.31522004998785186
0.3619685943827165
0.41278516876077853
0.5516152670081907
0.4767060524139193
0.44354314906039044
0.6021310971348707
0.4555997914686939
0.4020220841959972
0.3961858500837695
0.3780957184892523
0.4475568516554731
0.43147674685888515
0.38976003801378
0.37102490102490104
0.38691033701288235
0.35705852233366464
0.47561563127583156
0.3004585268557539
0.4624521572764436
0.4290046870692032
0.4841938509414137
0.24551948327056997
0.464192575822314
0.5165659398217538
0.4189759233939536
0.3409860417092819
0.4097661782661783
0.4383699691501042
0.4969005847953216
0.3975370862878517
0.4484445360096818
0.29132164404223226
0.6170941535090572
0.3073609608718915
0.47729045683313975
0.4949516576789304
0.49203598392887893
0.613435065442811
0.3746289090896717
0.4816660793986376
0.33168277160608783
0.5997013763596992
0.3594683678894205
0.44473015873015875
0.3708318661000367
0.4136342418938068
0.4879634581105169
0.47768052698331787
0.5520116959064327
0.4126595626595627
0.4727555760003578
0.40385140209518716
0.4636332137217093
0.36705515245116604
0.4543434343434343
0.5303609567644125
0.4355385554746227
0.6013533839531618
0.45619493676573
0.29040090733639123
0.48302669402405596
0.3475796871802994
0.3546396467743581
0.3752025530243676
0.39811763123522664
0.6035534460172142
0.4398273273273274
0.37704268915615113
0.33713000919897473
0.413895167886276
0.3775347430920186
0.4284436874600809
0.30885949917528865
0.4443771787695783
0.3920828551277688
0.3794942258035947
0.389374797119158
0.42829993213176787
0.449023368606702
0.4521626016260163
0.27137432809846607
0.4367592178475728
0.31828177703465577
0.4394167964227253
0.573140077443483
0.3274580085247367
0.5650752545856607
0.3556286065126341
0.3715279178338002
0.5336969747248492
0.3888623640990053
0.6139232899591822
0.44851762746289353
0.3686102143305533
0.2456956115779645
0.346798411755842
0.5248793471853817
0.4311305688842739
0.3506201014450618
0.5127020472133023
0.4510462130937099
0.5558677107206519
0.5008245533454125
0.42822425703781636
0.35983010805702775
0.33496051670807314
0.4720158591590281
0.6139395892680154
0.5821765312874605
0.5266103318530376
0.5360450526149356
0.5732136401610086
0.5320828903437599
0.3431141697808364
0.4871070990047173
0.32526819312067834
0.4050705992487541
0.42685448538389714
0.4090313376218487
0.5374018703088471
0.4853400812577283
0.4790550432331741
0.4580878832623019
0.3456332081768878
0.4145154582949859
0.46699252041242034
0.5503361524990849
0.4344364623739587
0.4366694999352807
0.38717491441020857
0.4298373983739837
0.4809498862504567
0.5460001283608321
0.46101417552637064
0.43885002113466937
0.42588835882849185
0.2927267523150585
0.4119037960658676
0.38526949241234953
0.5494738254989344
0.4525143831637338
0.2913853742649912
0.4406132224444678
0.4552352702297085
0.4523889224978155
0.41586116353147207
0.33339067518503
0.4424011826953004
0.3485121762035649
0.33717737343940507
0.4017089917543638
0.5951524179838071
0.4616723680898011
0.5441274623649165
0.495920509894167
0.4434724268762324
0.4746082446082446
0.43773242802047
0.39380045166250244
0.3803438162030102
0.5002921418142657
0.4155551101078855
0.37855508336057536
0.31696769716142054
0.5577854552091286
0.3979989180191428
0.4881713200379867
0.46525215504299733
0.4793484878334169
0.4437891737891737
0.4983039813721632
0.3859669901612791
0.4368400508995591
0.4422710044760862
0.5112163299663299
0.4319730324320489
0.3185992153271565
0.3988641845506834
0.3720171366675294
0.3944164055198197
0.4360927960927961
0.43623222520713345
0.38976911976911977
0.2987941948432916
0.4098697777645146
0.4129983905211122
0.532374114474972
0.4632745689982532
0.44638485308369064
0.3961333325246518
0.2860790809816707
0.3744769984290612
0.49949912510936134
0.3532507067343066
0.49326267214651376
0.2709504146230633
0.594595971556187
0.5361965187549641
0.4367761475299502
0.47598000915074085
0.5093533249927112
0.3904579311250219
0.3308957360722067
0.4892533659730722
0.40639831011104727
0.512845394174412
0.4638525393230574
0.4936697465055674
0.49419536019536026
0.3400906666507689
0.4393094831971751
0.45138315639416154
0.4099121447028423
0.5590092194440021
0.4697380307136405
0.5345218810626976
0.5210550340761086
0.47639009647075714
0.49282014044530087
0.4248069792026271
0.4037538427323374
0.47976020392862495
0.4891492225553485
0.40650996698271447
0.33912951497838967
0.4563951328154873
0.46771906635994215
0.4332651072124757
0.5641874859123611
0.39235158603579656
0.5270627847098435
0.42306188328459227
0.4052694298422487
0.4200682748606983
0.5475893859227192
0.3477453898676309
0.5041182252760888
0.46212058972264364
0.48771716350496835
0.3317447360859573
0.42087147857511414
0.3712550756736803
0.44438276136901045
0.3815976198605082
0.38527843300571935
0.4153696492146995
0.34355733813163747
0.46551319336331665
0.3812928084783626
0.3286614599324691
0.3488457694345869
0.4554620786270904
0.40107802942195725
0.5323532016448579
0.4500323828505345
0.3547391132228845
0.38201577736139947
0.43982205158675747
0.36420973662352973
0.36709343798040706
0.4702519732847602
0.49055424373606193
0.4217301037004427
