0.7208333333333333
0.6925
0.7333333333333333
0.7388888888888888
0.7873611111111111
0.7311111111111112
0.7379166666666666
0.7083333333333333
0.7026388888888889
0.7234722222222222
0.6983333333333334
0.7397222222222223
0.7631944444444444
0.6827777777777778
0.7188888888888888
0.732638888888889
0.7525
0.7305555555555555
0.6702777777777779
0.6991666666666667
0.6955555555555557
0.6797222222222222
0.7630555555555555
0.7333333333333333
0.6784722222222221
0.7213888888888889
0.6880555555555556
0.7875
0.6919444444444444
0.7284722222222222
0.7052777777777778
0.7204166666666665
0.7208333333333333
0.7025
0.7119444444444444
0.7073611111111111
0.7488888888888889
0.6888888888888889
0.6783333333333333
0.6723611111111112
0.6972222222222223
0.7293055555555555
0.7788888888888889
0.7436111111111111
0.7454166666666667
0.7495833333333334
0.6995833333333332
0.738611111111111
0.7255555555555555
0.6876388888888889
0.7627777777777778
0.7166666666666666
0.6752777777777776
0.6877777777777777
0.7197222222222223
0.7513888888888889
0.7169444444444445
0.7441666666666666
0.76
0.7191666666666666
0.7458333333333333
0.7665277777777778
0.7169444444444445
0.7330555555555555
0.7230555555555556
0.7180555555555557
0.7309722222222225
0.7666666666666667
0.7127777777777778
0.7234722222222222
0.7268055555555555
0.6813888888888888
0.675
0.7716666666666666
0.721111111111111
0.7505555555555556
0.7048611111111112
0.7652777777777778
0.6845833333333333
0.7325
0.7330555555555556
0.6976388888888889
0.6377777777777778
0.7363888888888889
0.7586111111111111
0.7163888888888889
0.7716666666666667
0.7245833333333334
0.7274999999999999
0.7205555555555556
0.7584722222222222
0.7248611111111111
0.7397222222222222
0.6781944444444445
0.6797222222222222
0.5826388888888889
0.7429166666666666
0.7277777777777777
0.7376388888888888
0.7173611111111111
0.635
0.6922222222222222
0.7288888888888889
0.7154166666666667
0.6900000000000001
0.7394444444444445
0.7263888888888889
0.7372222222222222
0.8080555555555555
0.73875
0.7380555555555556
0.7369444444444445
0.7236111111111111
0.7094444444444444
0.7327777777777779
0.7405555555555556
0.7400000000000001
0.7211111111111111
0.6983333333333333
0.72
0.67
0.7686111111111111
0.6834722222222223
0.7098611111111112
0.7238888888888889
0.7868055555555555
0.7666666666666668
0.7577777777777779
0.7118055555555556
0.7512500000000001
0.6994444444444444
0.7563888888888888
0.7269444444444444
0.7259722222222222
0.6680555555555555
0.7794444444444444
0.6844444444444444
0.75
0.6902777777777778
0.7077777777777778
0.7279166666666667
0.7511111111111111
0.7427777777777778
0.6811111111111111
0.7118055555555555
0.6969444444444445
0.7008333333333333
0.7616666666666667
0.6980555555555555
0.7308333333333333
0.7080555555555557
0.7588888888888888
0.7130555555555556
0.7216666666666667
0.738888888888889
0.7229166666666667
0.6809722222222223
0.7027777777777777
0.716388888888889
0.7270833333333333
0.7155555555555556
0.7552777777777777
0.7138888888888889
0.8033333333333333
0.7191666666666667
0.6911111111111111
0.7629166666666667
0.765
0.7127777777777777
0.7180555555555556
0.7241666666666667
0.7319444444444443
0.7055555555555556
0.6895833333333332
0.6579166666666666
0.6644444444444444
0.7152777777777778
0.7254166666666667
0.7154166666666667
0.7583333333333333
0.6791666666666667
0.7477777777777778
0.71
0.7255555555555555
0.741111111111111
0.6827777777777777
0.7358333333333335
0.7148611111111111
0.7193055555555555
0.7218055555555556
0.6680555555555555
0.7105555555555555
0.7172222222222222
0.7430555555555556
0.7327777777777778
0.6938888888888889
0.7293055555555555
0.7291666666666666
0.7436111111111111
0.7343055555555555
0.7319444444444444
0.721388888888889
0.7359722222222222
0.6891666666666668
0.7115277777777778
0.7274999999999999
0.7373611111111111
0.72625
0.7473611111111111
0.7120833333333333
0.6791666666666667
0.7972222222222223
0.7068055555555557
0.7801388888888889
0.7302777777777778
0.7272222222222223
0.7013888888888888
0.7376388888888888
0.7409722222222221
0.72
0.7138888888888888
0.7619444444444444
0.7363888888888889
0.6677777777777778
0.7052777777777778
0.7272222222222222
0.6523611111111111
0.7402777777777779
0.7061111111111111
0.696388888888889
0.7395833333333333
0.7308333333333334
0.721111111111111
0.7281944444444445
0.7143055555555555
0.7036111111111111
0.7366666666666667
0.7458333333333333
0.7358333333333333
0.7595833333333334
0.7186111111111111
0.7091666666666667
0.7194444444444446
0.7091666666666666
0.7779166666666666
0.7858333333333334
0.7126388888888889
0.7427777777777778
0.7038888888888889
0.7408333333333332
0.6823611111111112
0.7172222222222222
0.7122222222222223
0.7266666666666666
0.7444444444444444
0.7586111111111111
0.6515277777777778
0.7287500000000001
0.7675000000000001
0.7638888888888888
0.6444444444444446
0.7525000000000001
0.7066666666666668
0.7591666666666667
0.7561111111111112
0.7422222222222222
0.7111111111111111
0.6977777777777778
0.7538888888888889
0.7547222222222222
0.7347222222222223
0.6924999999999999
0.7150000000000001
0.6683333333333333
0.7202777777777777
0.7058333333333333
0.6761111111111112
0.7286111111111111
0.7752777777777778
0.6755555555555556
0.7222222222222222
0.7441666666666666
0.6672222222222222
0.7388888888888889
0.7147222222222223
0.7009722222222222
0.7241666666666666
0.68875
0.70625
0.6977777777777778
0.7505555555555554
0.6858333333333334
0.6694444444444444
0.7377777777777778
0.7584722222222221
0.6920833333333334
0.7449999999999999
0.7161111111111111
0.7095833333333332
0.6849999999999999
0.7288888888888889
0.7577777777777779
0.7222222222222222
0.7191666666666666
0.7345833333333334
0.7358333333333333
0.7447222222222223
0.7565277777777778
0.7344444444444445
0.7201388888888889
0.7458333333333333
0.735
0.7419444444444444
0.6516666666666667
0.7534722222222223
0.7247222222222223
0.6704166666666665
0.7243055555555556
0.73
0.7469444444444444
0.7477777777777779
0.6936111111111112
0.7115277777777779
0.6258333333333332
0.6933333333333334
0.7438888888888888
0.7616666666666667
0.7623611111111112
0.715
0.6983333333333334
0.7522222222222222
0.7450000000000001
0.7380555555555555
0.7761111111111112
0.7102777777777778
0.6941666666666667
0.7330555555555556
0.7241666666666666
0.7311111111111112
0.7609722222222223
0.7222222222222222
0.7108333333333333
0.7511111111111111
0.6833333333333333
0.6920833333333333
0.7222222222222222
0.7218055555555556
0.7125
0.7219444444444445
0.7331944444444445
0.7336111111111112
0.7272222222222222
0.7436111111111111
0.7125
0.69625
0.7227777777777777
0.6820833333333334
0.6883333333333334
0.7741666666666667
0.7043055555555555
0.7263888888888891
0.7516666666666666
0.69375
0.6815277777777777
0.7575000000000001
0.7519444444444444
0.7384722222222222
0.7677777777777778
0.7186111111111111
0.727361111111111
0.72625
0.7388888888888889
0.7461111111111112
0.7513888888888889
0.6944444444444444
0.7165277777777779
0.6855555555555555
0.7195833333333334
0.6651388888888888
0.7120833333333333
0.7377777777777778
0.7205555555555556
0.7551388888888889
0.711388888888889
0.7397222222222223
0.6894444444444444
0.7163888888888891
0.6825000000000001
0.7516666666666668
0.6913888888888888
0.7255555555555555
0.7368055555555556
0.7591666666666667
0.7158333333333333
0.7047222222222222
0.6661111111111111
0.7480555555555556
0.7083333333333334
0.7386111111111111
0.7456944444444445
0.7319444444444444
0.7122222222222222
0.7343055555555557
0.6815277777777778
0.6936111111111111
0.7306944444444444
0.7033333333333333
0.6959722222222222
0.7288888888888889
0.7344444444444445
0.7397222222222222
0.7336111111111111
0.6915277777777777
0.7177777777777778
0.7633333333333333
0.7361111111111112
0.7661111111111112
0.6893055555555556
0.6594444444444444
0.6611111111111111
0.7420833333333333
0.7380555555555556
0.7258333333333333
0.7405555555555555
0.7333333333333333
0.7020833333333333
0.6702777777777778
0.7713888888888889
0.7319444444444444
0.7124999999999999
0.6455555555555555
0.6611111111111112
0.7519444444444445
0.7302777777777778
0.6944444444444444
0.7422222222222222
0.6713888888888889
0.7052777777777778
0.7458333333333333
0.7115277777777778
0.7344444444444445
0.7077777777777778
0.6988888888888889
0.6463888888888888
0.6893055555555555
0.7161111111111111
0.7368055555555556
0.7570833333333333
0.6630555555555555
0.7015277777777778
0.7055555555555555
0.7631944444444444
0.755
0.7280555555555555
0.653888888888889
0.6308333333333334
0.6968055555555556
0.7093055555555554
0.7058333333333333
0.7233333333333333
0.6922222222222222
0.6209722222222223
0.7444444444444444
0.7295833333333334
0.7030555555555555
0.7052777777777778
0.7136111111111111
0.7122222222222222
0.7369444444444445
0.7484722222222223
0.7065277777777778
0.7697222222222222
0.7154166666666666
0.7230555555555556
0.7094444444444444
0.6938888888888889
0.7381944444444445
0.6766666666666666
0.72
0.7455555555555555
0.7408333333333333
0.6905555555555556
0.7272222222222222
0.7516666666666667
0.6829166666666666
0.6961111111111111
0.6502777777777777
0.7398611111111111
0.7679166666666667
0.7230555555555555
0.7083333333333333
0.7286111111111111
0.7413888888888889
0.7619444444444444
0.7688888888888888
0.7044444444444444
0.7608333333333335
0.7284722222222222
0.7186111111111111
0.7420833333333333
