0.16666666666666666
0.18867924528301885
0.12903225806451615
0.38709677419354843
0.15094339622641512
0.24615384615384614
0.17857142857142855
0.1904761904761905
0.25
0.2413793103448276
0.10344827586206898
0.23728813559322037
0.1568627450980392
0.21212121212121213
0.10344827586206898
0.26229508196721313
0.18867924528301885
0.22641509433962265
0.24615384615384614
0.23333333333333334
0.15384615384615383
0.20588235294117646
0.16393442622950818
0.1971830985915493
0.22222222222222224
0.2711864406779661
0.18461538461538463
0.126984126984127
0.13559322033898305
0.29411764705882354
0.25
0.35294117647058826
0.16949152542372883
0.28571428571428575
0.29032258064516125
0.2181818181818182
0.18750000000000003
0.20338983050847456
0.22641509433962265
0.16129032258064516
0.18750000000000003
0.20000000000000004
0.07272727272727272
0.2580645161290323
0.10000000000000002
0.1818181818181818
0.20000000000000004
0.14035087719298248
0.14285714285714288
0.19354838709677422
0.3103448275862069
0.10526315789473685
0.2777777777777778
0.3384615384615384
0.1818181818181818
0.22222222222222224
0.20289855072463772
0.17857142857142855
0.23728813559322037
0.26666666666666666
0.17857142857142855
0.12903225806451615
0.23333333333333334
0.25
0.13333333333333333
0.25
0.1818181818181818
0.208955223880597
0.19354838709677422
0.09836065573770492
0.29850746268656714
0.34782608695652173
0.18867924528301885
0.2456140350877193
0.2898550724637681
0.11764705882352941
0.16666666666666666
0.13559322033898305
0.3333333333333333
0.11594202898550725
0.23728813559322037
0.16129032258064516
0.19354838709677422
0.2424242424242424
0.1818181818181818
0.17543859649122806
0.22950819672131148
0.13114754098360656
0.1090909090909091
0.21874999999999997
0.1791044776119403
0.25
0.07547169811320756
0.07272727272727272
0.22535211267605634
0.21212121212121213
0.28571428571428564
0.19607843137254902
0.20338983050847456
0.16949152542372883
0.2692307692307693
0.17543859649122806
0.34285714285714286
0.18867924528301885
0.21874999999999997
0.19354838709677422
0.32786885245901637
0.28571428571428575
0.16393442622950818
0.25
0.14035087719298248
0.13333333333333333
0.2580645161290323
0.2413793103448276
0.24615384615384614
0.25
0.20689655172413796
0.16666666666666666
0.20000000000000004
0.03508771929824562
0.19354838709677422
0.31746031746031744
0.2727272727272727
0.11111111111111112
0.1904761904761905
0.22950819672131148
0.11764705882352941
0.19672131147540983
0.40579710144927544
0.3380281690140845
0.2105263157894737
0.2580645161290323
0.17391304347826086
0.14035087719298248
0.2769230769230769
0.21212121212121213
0.125
0.16949152542372883
0.2413793103448276
0.1818181818181818
0.23529411764705882
0.15384615384615383
0.2692307692307693
0.2105263157894737
0.16393442622950818
0.11538461538461538
0.26229508196721313
0.23333333333333334
0.21212121212121213
0.17647058823529413
0.16666666666666666
0.20338983050847456
0.20000000000000004
0.14925373134328357
0.1818181818181818
0.14035087719298248
0.14814814814814814
0.26229508196721313
0.20000000000000004
0.2181818181818182
0.2758620689655172
0.16129032258064516
0.26415094339622636
0.1379310344827586
0.15625
0.14285714285714288
0.3157894736842105
0.19354838709677422
0.19672131147540983
0.1818181818181818
0.10000000000000002
0.15384615384615383
0.19354838709677422
0.17857142857142855
0.14925373134328357
0.20338983050847456
0.18750000000000003
0.18461538461538463
0.30769230769230765
0.14545454545454545
0.11320754716981132
0.13333333333333333
0.3448275862068965
0.1791044776119403
0.2545454545454545
0.1515151515151515
0.16949152542372883
0.1904761904761905
0.23333333333333334
0.21428571428571427
0.1379310344827586
0.26666666666666666
0.18867924528301885
0.21428571428571427
0.14814814814814814
0.22580645161290322
0.3448275862068965
0.21212121212121213
0.16393442622950818
0.25
0.303030303030303
0.10714285714285714
0.1379310344827586
0.23333333333333334
0.25
0.29508196721311475
0.13333333333333333
0.1818181818181818
0.2413793103448276
0.28125
0.19354838709677422
0.10526315789473685
0.3055555555555555
0.16666666666666666
0.21874999999999997
0.25
0.2105263157894737
0.23076923076923075
0.10000000000000002
0.11940298507462686
0.21428571428571427
0.25
0.06557377049180328
0.13513513513513511
0.17857142857142855
0.14285714285714288
0.3880597014925374
0.06557377049180328
0.2153846153846154
0.1568627450980392
0.2711864406779661
0.1090909090909091
0.13333333333333333
0.2608695652173913
0.15384615384615383
0.17241379310344826
0.38709677419354843
0.11111111111111112
0.16666666666666666
0.1904761904761905
0.1818181818181818
0.22222222222222224
0.303030303030303
0.21212121212121213
0.1090909090909091
0.1851851851851852
0.2962962962962963
0.14035087719298248
0.1904761904761905
0.380952380952381
0.18867924528301885
0.2153846153846154
0.2711864406779661
0.10526315789473685
0.29032258064516125
0.16393442622950818
0.21428571428571427
0.18750000000000003
0.21874999999999997
0.22222222222222224
0.2285714285714286
0.2592592592592593
0.29508196721311475
0.21212121212121213
0.16949152542372883
0.24615384615384614
0.3333333333333333
0.14545454545454545
0.17857142857142855
0.22580645161290322
0.22222222222222224
0.33898305084745767
0.14285714285714288
0.2711864406779661
0.2181818181818182
0.20338983050847456
0.17241379310344826
0.1791044776119403
0.126984126984127
0.20338983050847456
0.21874999999999997
0.4210526315789474
0.22580645161290322
0.14545454545454545
0.09677419354838711
0.13559322033898305
0.126984126984127
0.3384615384615384
0.2456140350877193
0.16393442622950818
0.26666666666666666
0.28571428571428575
0.13559322033898305
0.10344827586206898
0.20000000000000004
0.07407407407407407
0.14814814814814814
0.20338983050847456
0.2580645161290323
0.17241379310344826
0.2424242424242424
0.26666666666666666
0.28125
0.2545454545454545
0.12307692307692307
0.17241379310344826
0.2769230769230769
0.2456140350877193
0.3283582089552239
0.23529411764705882
0.2105263157894737
0.25
0.22222222222222224
0.22222222222222224
0.15625
0.17857142857142855
0.17857142857142855
0.17241379310344826
0.23880597014925373
0.12307692307692307
0.11764705882352941
0.09230769230769231
0.19354838709677422
0.13114754098360656
0.26415094339622636
0.26315789473684204
0.14925373134328357
0.2580645161290323
0.14814814814814814
0.1818181818181818
0.25
0.25
0.19354838709677422
0.19354838709677422
0.16949152542372883
0.1818181818181818
0.28571428571428564
0.1923076923076923
0.2962962962962963
0.20338983050847456
0.2898550724637681
0.0784313725490196
0.22950819672131148
0.19672131147540983
0.2153846153846154
0.16393442622950818
0.3125
0.26666666666666666
0.11320754716981132
0.25
0.14925373134328357
0.125
0.2758620689655172
0.14545454545454545
0.2413793103448276
0.2153846153846154
0.21212121212121213
0.3050847457627119
0.14814814814814814
0.2592592592592593
0.21874999999999997
0.23728813559322037
0.3055555555555555
0.12903225806451615
0.21428571428571427
0.22535211267605634
0.26666666666666666
0.2692307692307693
0.17241379310344826
0.2413793103448276
0.20000000000000004
0.14035087719298248
0.16949152542372883
0.11538461538461538
0.14814814814814814
0.15384615384615383
0.11538461538461538
0.1818181818181818
0.29411764705882354
0.07407407407407407
0.15625
0.17241379310344826
0.1379310344827586
0.1791044776119403
0.2153846153846154
0.14285714285714288
0.125
0.06666666666666667
0.1379310344827586
0.23728813559322037
0.18750000000000003
0.14285714285714288
0.34375
0.4067796610169491
0.20000000000000004
0.30985915492957744
0.12307692307692307
0.20689655172413796
0.23333333333333334
0.17241379310344826
0.09836065573770492
0.1851851851851852
0.28571428571428564
0.22580645161290322
0.208955223880597
0.2413793103448276
0.17241379310344826
0.1818181818181818
0.15625
0.2105263157894737
0.14035087719298248
0.10714285714285714
0.1904761904761905
0.12903225806451615
0.16949152542372883
0.16393442622950818
0.3333333333333333
0.21428571428571427
0.13114754098360656
0.126984126984127
0.18750000000000003
0.07142857142857144
0.2758620689655172
0.2424242424242424
0.28571428571428564
0.17241379310344826
0.14545454545454545
0.2456140350877193
0.20000000000000004
0.2456140350877193
0.1904761904761905
0.16393442622950818
0.19672131147540983
0.2153846153846154
0.23728813559322037
0.13333333333333333
0.2285714285714286
0.24615384615384614
0.3272727272727273
0.09836065573770492
0.23333333333333334
0.1090909090909091
0.15094339622641512
0.24615384615384614
0.1568627450980392
0.1515151515151515
0.23728813559322037
0.2105263157894737
0.21212121212121213
0.1904761904761905
0.26666666666666666
0.14035087719298248
0.26666666666666666
0.19354838709677422
0.2181818181818182
0.19354838709677422
0.17391304347826086
0.15625
0.0689655172413793
0.3333333333333333
0.15094339622641512
0.16666666666666666
0.10526315789473685
0.25
0.2580645161290323
0.21428571428571427
0.11320754716981132
0.29032258064516125
0.2181818181818182
0.2857142857142857
0.3448275862068965
0.11594202898550725
0.25
0.21212121212121213
0.2711864406779661
0.22580645161290322
0.11320754716981132
0.20338983050847456
0.2153846153846154
0.14705882352941177
0.06779661016949153
0.3
0.030769230769230767
0.2456140350877193
0.16666666666666666
0.2758620689655172
0.17543859649122806
0.17241379310344826
0.03508771929824562
0.07407407407407407
0.10714285714285714
0.3384615384615384
0.19354838709677422
0.25
0.10714285714285714
0.303030303030303
0.16666666666666666
0.3333333333333333
0.15384615384615383
0.17241379310344826
