0.3103875984804926
0.21713150728614644
0.23570568403720385
0.29363906496259434
0.2758034083219592
0.33498999351166536
0.19306312868812867
0.25981624771098455
0.24004289559990832
0.27431283235865506
0.2108640888732422
0.23164588794801405
0.3307806831382444
0.23065767327787523
0.37391164189944676
0.2076253277173238
0.2864093096257957
0.22677691610021017
0.32909700734107306
0.2689928394340159
0.33053144790785044
0.2418915018915019
0.3234156038135499
0.2586564930250297
0.32439015222836537
0.2047244695354147
0.31967239862472624
0.30363541286259743
0.27335468477976244
0.2617065229188396
0.303559485654709
0.23690350136607216
0.21077129577129577
0.2672230866478654
0.23406302600180828
0.20660240235903318
0.23857001196669925
0.3224662940508405
0.3021572325915698
0.19532712191931234
0.25344907829793417
0.26322900410892824
0.34779579841834224
0.244215274718793
0.21586169260891708
0.3048032287792228
0.2421946818206932
0.27062532403165007
0.2900943256090315
0.4062694510001777
0.29392225740765887
0.3850721540938932
0.26306914697973405
0.25775416245547145
0.3072195576871836
0.3927765614103375
0.22311471411825476
0.27300390812674485
0.2070151657911217
0.19612018968825937
0.24807493540051678
0.18223447067374962
0.23342051063207808
0.2464686043613467
0.3190213452962006
0.24473942504671214
0.33947170563103723
0.2898182204749369
0.2988868126469453
0.17768969969969906
0.2685598141695703
0.27996655719061936
0.3584596730430064
0.21333279044889605
0.3481575693340399
0.23530339318014337
0.27485924208146434
0.22470595362827067
0.2993191332477047
0.31514144797015053
0.1889814814814815
0.2074940064440331
0.29196210215019386
0.23251977626386072
0.19599530121643438
0.1803239626002518
0.3127253924842729
0.2801428875057814
0.2526166426436736
0.24429213392258092
0.2314390657455952
0.21884466057997715
0.20454817947983614
0.2720222122032803
0.2602261747913922
0.25393756328733097
0.2258997145277825
0.2798025578375065
0.37684396335515874
0.24122293237178405
0.28092982456140353
0.18165671612200168
0.26477706334447904
0.21986138044961576
0.2706965097709199
0.27329791500567757
0.34932318825504505
0.23749816128877202
0.4872149274378499
0.21150129678154786
0.26032806544336873
0.26021665834591556
0.36001538110741277
0.21664895355036198
0.29529512587853957
0.22694591408659154
0.19239807696329436
0.3301428571428571
0.3161592202789722
0.2272519210892613
0.21368410767197393
0.3128847990975555
0.2314239138714842
0.18571099657554435
0.2797910460130991
0.2126915193231987
0.2498558857465819
0.2527716967632594
0.3019928337466707
0.22309013170403136
0.22146029335051703
0.38962711957327967
0.27470321198391373
0.2269417030833115
0.21786808345404704
0.32951630198317017
0.28958071242414013
0.22339494893842718
0.22554582795717548
0.2233624393417555
0.3523426501035196
0.22664854652768812
0.2150995371299319
0.1856084664722186
0.2634641464058519
0.20155574295778306
0.28847881448838925
0.2839564902136571
0.30114811309501577
0.2511943935294289
0.21604784837668317
0.27963138489682987
0.20821644264152286
0.27088270872868336
0.25851282149477395
0.31078688524590165
0.314055080865973
0.28699799842362256
0.35692575151027
0.22410505715096982
0.26989492101570856
0.259720660348618
0.34754420700072874
0.33303340681406374
0.40585407760188524
0.24935018856005559
0.21656676561287275
0.2541729991075811
0.2841227917018889
0.31820942281075826
0.3125524181154536
0.2774144428048418
0.3759241914519459
0.23302945689539253
0.30887131927472616
0.1793538532174896
0.23306133553979885
0.24954579684065292
0.33284323529107457
0.2640171257722559
0.3511999603007821
0.3326406331058487
0.3475089416892333
0.33442595281407145
0.18303350469411622
0.276609476657114
0.2795379197838686
0.2740442924579431
0.37523497358196256
0.2295242020947888
0.3457649552981019
0.20829397531764607
0.3083716331287077
0.37690440138257975
0.19242156311121827
0.17187432802302433
0.22114843433117742
0.4103371376098649
0.26740691225985347
0.23788117410434484
0.3067398672096246
0.2144000597643023
0.20598062916054177
0.18015567892914577
0.1853280368621278
0.3260611103187055
0.2674627312401035
0.30732304518448395
0.30737620467658483
0.21496115592889783
0.33070670688128967
0.3038134942789146
0.22850824774354186
0.41661310787777805
0.2902521726816364
0.22859048822780192
0.31302261747913923
0.22389259349170704
0.3081976781469983
0.20557710313519648
0.4430860810155871
0.2204114927372817
0.254459503901318
0.3034985434985435
0.1765765681622894
0.2746988196988197
0.1721492080741986
0.19339695963652154
0.22694875546988225
0.2941152573794926
0.40645021645021645
0.3702790280209635
0.2243174174753122
0.28312676170110856
0.20447352729502932
0.18839809248568373
0.24166977607194998
0.34334278435549226
0.32616285997011185
0.26631032194105586
0.28652341198852826
0.29449214728626494
0.2248701910142588
0.2236079119202689
0.23872959431615903
0.2545860456730022
0.29151398251066024
0.21821449383949382
0.274358638832662
0.26817159587827394
0.39056415370296504
0.2866650100465991
0.2229421968552403
0.2176247452462286
0.2564473658391542
0.21566348083589465
0.20319433103730278
0.35513502425572774
0.31046555867690273
0.3122738264920299
0.3557779924148083
0.24993316382934072
0.23571348887613947
0.2599452378032936
0.25249410766098834
0.21547437569980826
0.31076909176708123
0.20840347384143632
0.218503806148256
0.2126280633085788
0.2101562423763307
0.31607293169793166
0.21624642605662792
0.2979278211949895
0.2934389994502905
0.29912315562926495
0.2816983208141759
0.27099025520132936
0.2500713614974182
0.28288005032886643
0.21409731991883021
0.25583568559313186
0.4663797148196125
0.26283182489299506
0.20751788750219374
0.27132315601391804
0.3345717398272143
0.34455265169714056
0.24948805559867895
0.2762397618417872
0.2136889362401635
0.3329692821798085
0.25528396065945475
0.28120965182060964
0.33445477712616145
0.36083266291230887
0.28690469588258194
0.29366787239326714
0.2953232916213173
0.20226281689010345
0.22035328636625565
0.2297528328300129
0.4287941336429579
0.22534984708492173
0.23666299866607982
0.3415247593508463
0.27457788237124175
0.22024910542858822
0.2769608806209165
0.24055139131057715
0.3448297896306226
0.27496920782296713
0.2631550974396071
0.3150675990606935
0.24388591903216522
0.2830184672414699
0.23213852557984954
0.23417760996468498
0.2520446094439902
0.20507034965650034
0.2620344162587153
0.339383644295925
0.20419879870175206
0.2279598237898413
0.20235944976758288
0.23792709174065108
0.30175582198268225
0.2773153861389156
0.2248114051731151
0.30375849154568024
0.3071228592808013
0.29723783904069645
0.30084434739302
0.25046335521815616
0.2655767658748244
0.26755174051468583
0.25272832520856187
0.2841134223623376
0.25130247154011487
0.22945189562210838
0.26036809771872665
0.23663357257124343
0.26357487922705314
0.3366429769061348
0.36477740863223074
0.22928227129456208
0.21653331071286086
0.3133754354008884
0.2644538264217179
0.3078929765886288
0.30007835941648553
0.3003470730143244
0.27586034587681385
0.18465310679862898
0.2771493261640744
0.18319378355433497
0.20708564524678258
0.2435071930695949
0.36856464555885127
0.3112635813898692
0.2771426707842845
0.24922305764411026
0.3886581142549389
0.37298453687737443
0.29726430800846737
0.27787871567523165
0.2021174223859164
0.23343008273927948
0.2327059684309063
0.20718015327318168
0.1871940955394193
0.32136929256799546
0.33182523768644445
0.21098329711111558
0.25093033201926124
0.23639164140698407
0.35298373738205713
0.3193287037037037
0.33126505302975895
0.3090246224419134
0.22706086059534336
0.2311896413775016
0.29527359457701474
0.22116555487523232
0.3053235020000318
0.21302306214489486
0.2744714367757846
0.2705627982326569
0.2377115533143902
0.1969249513367043
0.2271952590137198
0.2501704519522309
0.2840305733798213
0.2572458034704397
0.25018143942875126
0.21855329381645172
0.2736741428957534
0.21718818155797354
0.23905370391055308
0.2168058977849735
0.2214907058626571
0.3140914753459628
0.20999520456609613
0.3086751573708095
0.24749866488488625
0.29348390456119594
0.20161448862887713
0.29919527934058293
0.3292199004922327
0.2862725893032798
0.2869334454093687
0.22041948426052183
0.2625579979874699
0.2615757293414026
0.251362120635208
0.2637547387184205
0.28169005672198666
0.2952921481870066
0.2639362344167522
0.27361436377829823
0.2794400295686658
0.224466832576091
0.22444476736161567
0.2619335573730086
0.20159223754968436
0.24857141997550286
0.20874932181230715
0.31393990397860366
0.21771117905117215
0.2658330281849172
0.23487321821076673
0.3240308337733967
0.3287145143238821
0.3158619835022588
0.25801926157065885
0.32227361439300994
0.19752255208217112
0.2090695271866974
0.2145803132881986
0.25887094266874655
0.2758223282130193
0.20383669465736334
0.2779127933874517
0.3517888624654103
0.2709434801113932
0.27369099076192893
0.20975428178348193
0.2654510921177588
0.22878904084981716
0.21883690773164455
0.2524465148378192
0.3773820280914102
0.3333143602549439
0.25063774700735575
0.21468064502547263
0.3197431687675303
0.20424978485094902
0.30155908115978064
0.25760401239998765
0.2465824915824916
0.1977915582386826
0.3109588299578188
0.1849533301886243
0.1722432579053165
0.25623977828647787
0.3242383719478795
0.17887098773696714
0.30543502474174483
0.2578925275080482
0.1912613149753109
0.2323096275547256
0.19708869593642697
0.3030268378562394
0.22720414550923024
0.41044587691972234
0.21998568676290037
0.2629508289782262
0.3187913846941891
0.23178009390595022
0.20846468302547236
0.3067309894122208
0.23114300310694996
0.19544528652750265
0.3061308462779051
0.2055618170881349
0.33100337742752606
0.22861656861656862
0.22118233318352803
0.29724995467204157
0.2422075830771483
0.2504137649789824
0.19853202066062375
0.23698719595751971
0.1849874788966026
0.42370605742535566
0.2341496625265282
0.2693925244410804
0.27523621646616847
0.27942527332368217
0.20809112750822076
