0.3157894736842105
0.4
0.47368421052631576
0.38461538461538464
0.5555555555555556
0.42857142857142855
0.3235294117647059
0.4444444444444444
0.45454545454545453
0.5333333333333333
0.375
0.5294117647058824
0.32142857142857145
0.3076923076923077
0.6153846153846154
0.3103448275862069
0.391304347826087
0.3225806451612903
0.34782608695652173
0.3157894736842105
0.36666666666666664
0.34782608695652173
0.47368421052631576
0.42857142857142855
0.45
0.36363636363636365
0.6428571428571429
0.4117647058823529
0.3333333333333333
0.3333333333333333
0.20588235294117646
0.32
0.4
0.5
0.2857142857142857
0.2857142857142857
0.3333333333333333
0.38095238095238093
0.5333333333333333
0.30434782608695654
0.38461538461538464
0.7692307692307693
0.37037037037037035
0.3333333333333333
0.2903225806451613
0.28
0.4090909090909091
0.38095238095238093
0.4166666666666667
0.4
0.4444444444444444
0.42857142857142855
0.3125
0.38095238095238093
0.35714285714285715
0.2962962962962963
0.3181818181818182
0.24242424242424243
0.4
0.4
0.36363636363636365
0.3333333333333333
0.2857142857142857
0.3684210526315789
0.5
0.4444444444444444
0.375
0.42105263157894735
0.36363636363636365
0.21875
0.45
0.225
0.625
0.26666666666666666
0.42857142857142855
0.35
0.32
0.3333333333333333
0.5
0.375
0.3333333333333333
0.30303030303030304
0.35714285714285715
0.2619047619047619
0.375
0.5
0.2727272727272727
0.5
0.30303030303030304
0.5263157894736842
0.37037037037037035
0.34615384615384615
0.3
0.3225806451612903
0.45454545454545453
0.375
0.3333333333333333
0.4
0.3333333333333333
0.47619047619047616
0.27586206896551724
0.4074074074074074
0.4230769230769231
0.47058823529411764
0.3448275862068966
0.47619047619047616
0.2631578947368421
0.44
0.5714285714285714
0.28
0.3055555555555556
0.3333333333333333
0.3888888888888889
0.7272727272727273
0.3076923076923077
0.42857142857142855
0.38095238095238093
0.47058823529411764
0.35
0.3076923076923077
0.3333333333333333
0.5333333333333333
0.375
0.3235294117647059
0.42857142857142855
0.4
0.38461538461538464
0.4074074074074074
0.5
0.3333333333333333
0.3103448275862069
0.5263157894736842
0.36
0.2222222222222222
0.28
0.325
0.30434782608695654
0.4166666666666667
0.55
0.47368421052631576
0.36363636363636365
0.4090909090909091
0.34782608695652173
0.3181818181818182
0.36
0.45
0.42857142857142855
0.28
0.4666666666666667
0.5625
0.2916666666666667
0.47368421052631576
0.32142857142857145
0.3157894736842105
0.21621621621621623
0.4117647058823529
0.35294117647058826
0.4444444444444444
0.4444444444444444
0.2916666666666667
0.391304347826087
0.6875
0.38095238095238093
0.45
0.3333333333333333
0.23076923076923078
0.3076923076923077
0.3076923076923077
0.34615384615384615
0.39285714285714285
0.391304347826087
0.4166666666666667
0.4166666666666667
0.34615384615384615
0.5263157894736842
0.32
0.6
0.3
0.6111111111111112
0.4
0.36363636363636365
0.3548387096774194
0.3333333333333333
0.5714285714285714
0.34615384615384615
0.27586206896551724
0.5
0.5
0.42105263157894735
0.4117647058823529
0.4583333333333333
0.36
0.55
0.6153846153846154
0.29411764705882354
0.27586206896551724
0.34615384615384615
0.39285714285714285
0.6428571428571429
0.47368421052631576
0.23076923076923078
0.3333333333333333
0.3333333333333333
0.3181818181818182
0.37037037037037035
0.4
0.45454545454545453
0.5555555555555556
0.3
0.25
0.47619047619047616
0.47619047619047616
0.21739130434782608
0.38095238095238093
0.5
0.42105263157894735
0.45454545454545453
0.47368421052631576
0.45454545454545453
0.4166666666666667
0.38461538461538464
0.3888888888888889
0.4117647058823529
0.6666666666666666
0.391304347826087
0.36666666666666664
0.21621621621621623
0.35714285714285715
0.42105263157894735
0.3333333333333333
0.5238095238095238
0.35
0.5882352941176471
0.4166666666666667
0.5789473684210527
0.391304347826087
0.3333333333333333
0.21621621621621623
0.4444444444444444
0.47058823529411764
0.47368421052631576
0.43478260869565216
0.34782608695652173
0.4583333333333333
0.4583333333333333
0.5294117647058824
0.3125
0.22857142857142856
0.44
0.2727272727272727
0.37037037037037035
0.5
0.38095238095238093
0.46153846153846156
0.2647058823529412
0.47058823529411764
0.3157894736842105
0.32
0.34782608695652173
0.6111111111111112
0.4666666666666667
0.5263157894736842
0.34782608695652173
0.35294117647058826
0.42857142857142855
0.47058823529411764
0.5
0.4117647058823529
0.17647058823529413
0.5333333333333333
0.2962962962962963
0.32
0.25925925925925924
0.5
0.37037037037037035
0.2222222222222222
0.26666666666666666
0.36
0.3125
0.28205128205128205
0.47368421052631576
0.34615384615384615
0.38095238095238093
0.5
0.47619047619047616
0.43478260869565216
0.45
0.4166666666666667
0.3684210526315789
0.4090909090909091
0.45454545454545453
0.2647058823529412
0.5
0.34615384615384615
0.6
0.5
0.5333333333333333
0.36363636363636365
0.3333333333333333
0.39285714285714285
0.3333333333333333
0.21875
0.35
0.3333333333333333
0.35714285714285715
0.2727272727272727
0.2857142857142857
0.3333333333333333
0.375
0.44
0.375
0.4
0.3076923076923077
0.37037037037037035
0.42105263157894735
0.2571428571428571
0.30303030303030304
0.52
0.4
0.5263157894736842
0.32142857142857145
0.35714285714285715
0.25
0.47058823529411764
0.36666666666666664
0.32142857142857145
0.38095238095238093
0.5882352941176471
0.3333333333333333
0.43478260869565216
0.4444444444444444
0.3076923076923077
0.28
0.4782608695652174
0.42857142857142855
0.391304347826087
0.3333333333333333
0.55
0.6470588235294118
0.4166666666666667
0.3684210526315789
0.47368421052631576
0.2692307692307692
0.23333333333333334
0.35
0.36363636363636365
0.375
0.34615384615384615
0.4090909090909091
0.4117647058823529
0.5294117647058824
0.2
0.4090909090909091
0.3888888888888889
0.5
0.3157894736842105
0.42857142857142855
0.34615384615384615
0.3333333333333333
0.34375
0.25
0.3225806451612903
0.5294117647058824
0.2857142857142857
0.45
0.45454545454545453
0.5
0.34615384615384615
0.2727272727272727
0.3103448275862069
0.36363636363636365
0.45454545454545453
0.35714285714285715
0.37037037037037035
0.23529411764705882
0.36
0.3
0.45
0.28125
0.5
0.32
0.34782608695652173
0.45
0.34782608695652173
0.3333333333333333
0.5
0.32
0.36
0.47058823529411764
0.38095238095238093
0.47368421052631576
0.4090909090909091
0.6666666666666666
0.3888888888888889
0.3333333333333333
0.30303030303030304
0.45
0.32142857142857145
0.5625
0.3333333333333333
0.3888888888888889
0.35
0.3888888888888889
0.375
0.3888888888888889
0.5
0.3125
0.42105263157894735
0.43478260869565216
0.2564102564102564
0.37037037037037035
0.3181818181818182
0.3684210526315789
0.4090909090909091
0.38095238095238093
0.34615384615384615
0.43478260869565216
0.6111111111111112
0.4782608695652174
0.45
0.45454545454545453
0.23333333333333334
0.4
0.36363636363636365
0.34615384615384615
0.3235294117647059
0.5333333333333333
0.2727272727272727
0.3
0.47619047619047616
0.3448275862068966
0.35714285714285715
0.5555555555555556
0.3448275862068966
0.45
0.36363636363636365
0.35714285714285715
0.3157894736842105
0.23529411764705882
0.45454545454545453
0.35
0.25806451612903225
0.4
0.25925925925925924
0.4117647058823529
0.38095238095238093
0.375
0.47058823529411764
0.3333333333333333
0.34615384615384615
0.4090909090909091
0.3125
0.45
0.47368421052631576
0.6923076923076923
0.47058823529411764
0.43478260869565216
0.3181818181818182
0.2571428571428571
0.47619047619047616
0.47058823529411764
0.3684210526315789
0.5
0.25
0.35714285714285715
0.37037037037037035
0.3333333333333333
0.5789473684210527
0.43478260869565216
0.2777777777777778
0.4117647058823529
0.3
0.34146341463414637
0.47058823529411764
0.4
0.36363636363636365
0.28
0.34782608695652173
0.4444444444444444
0.4375
0.5333333333333333
0.4074074074074074
0.625
0.28
0.39285714285714285
0.5833333333333334
0.34782608695652173
0.32
0.3157894736842105
0.3
0.2962962962962963
0.30434782608695654
0.47368421052631576
0.2571428571428571
0.4
0.4444444444444444
0.3684210526315789
0.47619047619047616
0.5714285714285714
0.30303030303030304
