0.2777777777777778
0.2285714285714286
0.16216216216216217
0.29268292682926833
0.2702702702702703
0.20512820512820512
0.26666666666666666
0.15789473684210528
0.2857142857142857
0.1142857142857143
0.1142857142857143
0.11764705882352941
0.1142857142857143
0.10256410256410256
0.05714285714285715
0.15384615384615383
0.17142857142857143
0.29268292682926833
0.1142857142857143
0.19047619047619044
0.1111111111111111
0.17142857142857143
0.2857142857142857
0.30769230769230765
0.10526315789473685
0.17142857142857143
0.21621621621621623
0.32432432432432434
0.3
0.25
0.18181818181818182
0.2105263157894737
0.04878048780487805
0.10526315789473685
0.3
0.0625
0.16216216216216217
0.2631578947368421
0.2222222222222222
0.1212121212121212
0.2631578947368421
0.2285714285714286
0.10526315789473685
0.14634146341463417
0.14634146341463417
0.05405405405405406
0.14634146341463417
0.2777777777777778
0.2222222222222222
0.3
0.2564102564102564
0.2439024390243902
0.125
0.0625
0.10810810810810811
0.058823529411764705
0.2222222222222222
0.058823529411764705
0.1142857142857143
0.15789473684210528
0.2105263157894737
0.20512820512820512
0.15
0.21621621621621623
0.2222222222222222
0.05555555555555555
0.052631578947368425
0.0606060606060606
0.16666666666666669
0.1111111111111111
0.15789473684210528
0.16666666666666669
0.1142857142857143
0.10526315789473685
0.0606060606060606
0.29268292682926833
0.2105263157894737
0.2439024390243902
0.14285714285714288
0.2777777777777778
0.2439024390243902
0.17142857142857143
0.29268292682926833
0.125
0.1951219512195122
0.35897435897435903
0.2222222222222222
0.16666666666666669
0.2631578947368421
0.2
0.16666666666666669
0.10526315789473685
0.18604651162790697
0.2631578947368421
0.32432432432432434
0.2
0.09523809523809522
0.26086956521739135
0.2702702702702703
0.2222222222222222
0.21621621621621623
0.28571428571428575
0.28571428571428575
0.0
0.10810810810810811
0.30769230769230765
0.05128205128205128
0.0625
0.16666666666666669
0.2631578947368421
0.11764705882352941
0.16666666666666669
0.33333333333333337
0.15384615384615383
0.10526315789473685
0.05555555555555555
0.23809523809523808
0.0
0.0625
0.18604651162790697
0.20512820512820512
0.1212121212121212
0.2564102564102564
0.14285714285714288
0.18604651162790697
0.2564102564102564
0.2105263157894737
0.25
0.2222222222222222
0.2105263157894737
0.15789473684210528
0.21621621621621623
0.20512820512820512
0.08695652173913045
0.2439024390243902
0.22727272727272724
0.1142857142857143
0.1111111111111111
0.0606060606060606
0.1111111111111111
0.1951219512195122
0.1111111111111111
0.2564102564102564
0.2439024390243902
0.15384615384615383
0.0606060606060606
0.16216216216216217
0.1142857142857143
0.20512820512820512
0.25
0.05555555555555555
0.25
0.1
0.1951219512195122
0.15384615384615383
0.21621621621621623
0.1212121212121212
0.1212121212121212
0.1212121212121212
0.15789473684210528
0.21621621621621623
0.35
0.0975609756097561
0.16666666666666669
0.16216216216216217
0.16216216216216217
0.09090909090909091
0.15384615384615383
0.2777777777777778
0.25
0.06451612903225806
0.36363636363636365
0.33333333333333337
0.1212121212121212
0.15789473684210528
0.05555555555555555
0.05714285714285715
0.125
0.3
0.15789473684210528
0.21621621621621623
0.0
0.2105263157894737
0.17142857142857143
0.1142857142857143
0.2222222222222222
0.32432432432432434
0.18604651162790697
0.32432432432432434
0.23529411764705882
0.3478260869565218
0.2777777777777778
0.2222222222222222
0.2631578947368421
0.32432432432432434
0.13953488372093023
0.05
0.1
0.1212121212121212
0.10526315789473685
0.29268292682926833
0.18181818181818182
0.1951219512195122
0.1111111111111111
0.10526315789473685
0.2702702702702703
0.16666666666666669
0.1
0.15384615384615383
0.11764705882352941
0.4
0.17142857142857143
0.0
0.2105263157894737
0.0975609756097561
0.05128205128205128
0.052631578947368425
0.2222222222222222
0.3809523809523809
0.3
0.11764705882352941
0.10810810810810811
0.2564102564102564
0.1951219512195122
0.2285714285714286
0.30769230769230765
0.10810810810810811
0.17142857142857143
0.22727272727272724
0.16666666666666669
0.0625
0.2631578947368421
0.2777777777777778
0.1951219512195122
0.35
0.31578947368421056
0.0625
0.19047619047619044
0.125
0.17777777777777776
0.2
0.35
0.0606060606060606
0.1212121212121212
0.0
0.1212121212121212
0.17647058823529416
0.1212121212121212
0.10256410256410256
0.13636363636363638
0.2325581395348837
0.2702702702702703
0.1142857142857143
0.16216216216216217
0.21276595744680848
0.2222222222222222
0.10810810810810811
0.10810810810810811
0.1111111111111111
0.08333333333333334
0.1212121212121212
0.11764705882352941
0.17142857142857143
0.17142857142857143
0.2702702702702703
0.3684210526315789
0.21621621621621623
0.2285714285714286
0.11764705882352941
0.10526315789473685
0.11764705882352941
0.1212121212121212
0.0975609756097561
0.2105263157894737
0.0625
0.1142857142857143
0.15789473684210528
0.0975609756097561
0.20512820512820512
0.05555555555555555
0.36363636363636365
0.2777777777777778
0.2
0.16666666666666669
0.15789473684210528
0.4
0.2702702702702703
0.10526315789473685
0.15789473684210528
0.15384615384615383
0.11764705882352941
0.05714285714285715
0.20512820512820512
0.1142857142857143
0.2222222222222222
0.16216216216216217
0.30769230769230765
0.06451612903225806
0.15789473684210528
0.1111111111111111
0.2285714285714286
0.10526315789473685
0.2222222222222222
0.13953488372093023
0.0
0.1111111111111111
0.1212121212121212
0.15789473684210528
0.15384615384615383
0.15384615384615383
0.052631578947368425
0.37837837837837834
0.2222222222222222
0.21621621621621623
0.16216216216216217
0.16216216216216217
0.13953488372093023
0.3137254901960784
0.1212121212121212
0.4
0.20512820512820512
0.15384615384615383
0.1111111111111111
0.17647058823529416
0.15789473684210528
0.2777777777777778
0.11764705882352941
0.1142857142857143
0.25
0.0
0.17142857142857143
0.16216216216216217
0.10256410256410256
0.21621621621621623
0.125
0.2631578947368421
0.3
0.2777777777777778
0.2285714285714286
0.1739130434782609
0.2439024390243902
0.2
0.17647058823529416
0.15384615384615383
0.05714285714285715
0.2105263157894737
0.23809523809523808
0.2631578947368421
0.27906976744186046
0.15
0.0
0.10526315789473685
0.2439024390243902
0.052631578947368425
0.27272727272727276
0.10256410256410256
0.058823529411764705
0.052631578947368425
0.1142857142857143
0.2631578947368421
0.2439024390243902
0.17647058823529416
0.11764705882352941
0.05714285714285715
0.2702702702702703
0.15789473684210528
0.26086956521739135
0.1111111111111111
0.2857142857142857
0.1212121212121212
0.29268292682926833
0.2285714285714286
0.2285714285714286
0.11764705882352941
0.34146341463414637
0.21739130434782608
0.17142857142857143
0.0606060606060606
0.15
0.10810810810810811
0.23809523809523808
0.15
0.1111111111111111
0.1951219512195122
0.2222222222222222
0.15789473684210528
0.1142857142857143
0.31578947368421056
0.23809523809523808
0.1212121212121212
0.11764705882352941
0.10526315789473685
0.1111111111111111
0.35897435897435903
0.27272727272727276
0.125
0.16666666666666669
0.2631578947368421
0.2222222222222222
0.2
0.1142857142857143
0.0625
0.2702702702702703
0.28571428571428575
0.125
0.10810810810810811
0.17647058823529416
0.2222222222222222
0.0625
0.16666666666666669
0.20512820512820512
0.11764705882352941
0.10256410256410256
0.21739130434782608
0.2105263157894737
0.2702702702702703
0.34146341463414637
0.16216216216216217
0.15384615384615383
0.15
0.17647058823529416
0.23809523809523808
0.1142857142857143
0.2222222222222222
0.21621621621621623
0.17777777777777776
0.18181818181818182
0.10810810810810811
0.15789473684210528
0.2222222222222222
0.10810810810810811
0.23809523809523808
0.3
0.0
0.2564102564102564
0.1212121212121212
0.22727272727272724
0.17142857142857143
0.1142857142857143
0.10810810810810811
0.0606060606060606
0.16666666666666669
0.0
0.17142857142857143
0.0606060606060606
0.3684210526315789
0.1212121212121212
0.2105263157894737
0.1951219512195122
0.0
0.10810810810810811
0.0606060606060606
0.1142857142857143
0.17142857142857143
0.20512820512820512
0.058823529411764705
0.1212121212121212
0.17142857142857143
0.05405405405405406
0.16666666666666669
0.41025641025641024
0.17647058823529416
0.2105263157894737
0.0975609756097561
0.20512820512820512
0.17647058823529416
0.17647058823529416
0.2564102564102564
0.2564102564102564
0.10256410256410256
0.05405405405405406
0.1142857142857143
0.3684210526315789
0.16216216216216217
0.16666666666666669
0.17647058823529416
0.2285714285714286
0.17647058823529416
0.1951219512195122
0.2564102564102564
0.2222222222222222
0.0625
0.31578947368421056
0.21621621621621623
0.058823529411764705
0.16216216216216217
0.1111111111111111
0.23809523809523808
0.32432432432432434
0.0606060606060606
0.11764705882352941
0.0625
0.25
0.058823529411764705
0.10810810810810811
0.10256410256410256
0.0625
0.2702702702702703
0.2777777777777778
0.2631578947368421
