0.8333333333333334
0.8
0.42857142857142855
0.5454545454545454
0.7142857142857143
0.4444444444444444
0.4
0.375
1.0
0.4
0.4
0.5
0.4
0.2222222222222222
0.2
0.3333333333333333
0.6
0.5454545454545454
0.4
0.3333333333333333
0.3333333333333333
0.6
1.0
0.6666666666666666
0.25
0.6
0.5714285714285714
0.8571428571428571
0.6
0.5
0.2857142857142857
0.5
0.09090909090909091
0.25
0.6
0.5
0.42857142857142855
0.625
0.6666666666666666
0.6666666666666666
0.625
0.8
0.25
0.2727272727272727
0.2727272727272727
0.14285714285714285
0.2727272727272727
0.8333333333333334
0.6666666666666666
0.6
0.5555555555555556
0.45454545454545453
1.0
0.5
0.2857142857142857
0.25
0.6666666666666666
0.25
0.4
0.375
0.5
0.4444444444444444
0.3
0.5714285714285714
0.6666666666666666
0.16666666666666666
0.125
0.3333333333333333
0.5
0.3333333333333333
0.375
0.5
0.4
0.25
0.3333333333333333
0.5454545454545454
0.5
0.45454545454545453
0.25
0.8333333333333334
0.45454545454545453
0.6
0.5454545454545454
1.0
0.36363636363636365
0.7777777777777778
0.6666666666666666
0.5
0.625
0.4
0.5
0.25
0.3076923076923077
0.625
0.8571428571428571
0.4
0.16666666666666666
0.375
0.7142857142857143
0.6666666666666666
0.5714285714285714
0.5
0.5
0.0
0.2857142857142857
0.6666666666666666
0.1111111111111111
0.5
0.5
0.625
0.5
0.5
1.0
0.3333333333333333
0.25
0.16666666666666666
0.4166666666666667
0.0
0.5
0.3076923076923077
0.4444444444444444
0.6666666666666666
0.5555555555555556
0.25
0.3076923076923077
0.5555555555555556
0.5
0.5
0.6666666666666666
0.5
0.375
0.5714285714285714
0.4444444444444444
0.125
0.45454545454545453
0.35714285714285715
0.4
0.3333333333333333
0.3333333333333333
0.3333333333333333
0.36363636363636365
0.3333333333333333
0.5555555555555556
0.45454545454545453
0.3333333333333333
0.3333333333333333
0.42857142857142855
0.4
0.4444444444444444
0.5
0.16666666666666666
0.5
0.2
0.36363636363636365
0.3333333333333333
0.5714285714285714
0.6666666666666666
0.6666666666666666
0.6666666666666666
0.375
0.5714285714285714
0.7
0.18181818181818182
0.5
0.42857142857142855
0.42857142857142855
0.14285714285714285
0.3333333333333333
0.8333333333333334
0.3333333333333333
1.0
0.5714285714285714
0.5833333333333334
0.6666666666666666
0.375
0.16666666666666666
0.2
1.0
0.6
0.375
0.5714285714285714
0.0
0.5
0.6
0.4
0.6666666666666666
0.8571428571428571
0.3076923076923077
0.8571428571428571
1.0
0.5
0.8333333333333334
0.3333333333333333
0.625
0.8571428571428571
0.23076923076923078
0.1
0.2
0.6666666666666666
0.25
0.5454545454545454
1.0
0.36363636363636365
0.3333333333333333
0.25
0.7142857142857143
0.5
0.2
0.3333333333333333
0.5
0.8
0.6
0.0
0.5
0.18181818181818182
0.1111111111111111
0.125
0.6666666666666666
0.6666666666666666
0.6
0.5
0.2857142857142857
0.5555555555555556
0.36363636363636365
0.8
0.6666666666666666
0.2857142857142857
0.6
0.35714285714285715
0.5
0.5
0.625
0.8333333333333334
0.36363636363636365
0.7
0.75
0.5
0.3333333333333333
1.0
0.26666666666666666
0.4
0.7
0.3333333333333333
0.6666666666666666
0.0
0.6666666666666666
0.75
0.6666666666666666
0.2222222222222222
0.21428571428571427
0.38461538461538464
0.7142857142857143
0.4
0.42857142857142855
0.29411764705882354
0.6666666666666666
0.2857142857142857
0.2857142857142857
0.3333333333333333
0.1111111111111111
0.6666666666666666
0.5
0.6
0.6
0.7142857142857143
0.875
0.5714285714285714
0.8
0.5
0.25
0.14285714285714285
0.6666666666666666
0.18181818181818182
0.5
0.5
0.4
0.375
0.18181818181818182
0.4444444444444444
0.16666666666666666
0.5714285714285714
0.8333333333333334
0.4
0.5
0.375
0.6
0.7142857142857143
0.25
0.375
0.3333333333333333
0.5
0.2
0.4444444444444444
0.4
0.6666666666666666
0.42857142857142855
0.6666666666666666
1.0
0.375
0.3333333333333333
0.8
0.25
0.6666666666666666
0.23076923076923078
0.0
0.3333333333333333
0.6666666666666666
0.375
0.3333333333333333
0.3333333333333333
0.125
1.0
0.6666666666666666
0.5714285714285714
0.42857142857142855
0.42857142857142855
0.23076923076923078
0.38095238095238093
0.6666666666666666
0.8
0.4444444444444444
0.3333333333333333
0.3333333333333333
0.75
0.375
0.8333333333333334
0.5
0.4
0.5
0.0
0.6
0.42857142857142855
0.2222222222222222
0.5714285714285714
1.0
0.625
0.6
0.8333333333333334
0.8
0.25
0.45454545454545453
0.4
0.75
0.3333333333333333
0.2
0.5
0.4166666666666667
0.625
0.46153846153846156
0.3
0.0
0.25
0.45454545454545453
0.125
0.42857142857142855
0.2222222222222222
0.25
0.125
0.4
0.625
0.45454545454545453
0.75
0.5
0.2
0.7142857142857143
0.375
0.375
0.3333333333333333
1.0
0.6666666666666666
0.5454545454545454
0.8
0.8
0.5
0.6363636363636364
0.3125
0.6
0.3333333333333333
0.3
0.2857142857142857
0.4166666666666667
0.3
0.3333333333333333
0.36363636363636365
0.6666666666666666
0.375
0.4
0.75
0.4166666666666667
0.6666666666666666
0.5
0.25
0.3333333333333333
0.7777777777777778
0.42857142857142855
1.0
0.5
0.625
0.6666666666666666
0.25
0.4
0.5
0.7142857142857143
0.5
1.0
0.2857142857142857
0.75
0.6666666666666666
0.5
0.5
0.4444444444444444
0.5
0.2222222222222222
0.3125
0.5
0.7142857142857143
0.6363636363636364
0.42857142857142855
0.3333333333333333
0.3
0.75
0.4166666666666667
0.4
0.6666666666666666
0.5714285714285714
0.26666666666666666
1.0
0.2857142857142857
0.375
0.6666666666666666
0.2857142857142857
0.4166666666666667
0.6
0.0
0.5555555555555556
0.6666666666666666
0.35714285714285715
0.6
0.4
0.2857142857142857
0.3333333333333333
0.5
0.0
0.6
0.3333333333333333
0.875
0.6666666666666666
0.5
0.36363636363636365
0.0
0.2857142857142857
0.3333333333333333
0.4
0.6
0.4444444444444444
0.25
0.6666666666666666
0.6
0.14285714285714285
0.5
0.8888888888888888
0.75
0.5
0.18181818181818182
0.4444444444444444
0.75
0.75
0.5555555555555556
0.5555555555555556
0.2222222222222222
0.14285714285714285
0.4
0.875
0.42857142857142855
0.5
0.75
0.8
0.75
0.36363636363636365
0.5555555555555556
0.3333333333333333
0.5
0.75
0.5714285714285714
0.25
0.42857142857142855
0.3333333333333333
0.4166666666666667
0.8571428571428571
0.3333333333333333
0.5
0.5
0.5
0.25
0.2857142857142857
0.2222222222222222
0.5
0.7142857142857143
0.8333333333333334
0.625
