0.14814814814814814
0.36
0.2631578947368421
0.2
0.25
0.03571428571428571
0.14814814814814814
0.125
0.20833333333333334
0.3142857142857143
0.16129032258064516
0.15789473684210525
0.1935483870967742
0.28125
0.3333333333333333
0.2631578947368421
0.34375
0.15625
0.19230769230769232
0.08823529411764706
0.175
0.27586206896551724
0.23076923076923078
0.27586206896551724
0.14285714285714285
0.25806451612903225
0.25
0.23809523809523808
0.22857142857142856
0.32142857142857145
0.21875
0.30303030303030304
0.25
0.22580645161290322
0.23529411764705882
0.21428571428571427
0.11538461538461539
0.14814814814814814
0.18421052631578946
0.2857142857142857
0.21739130434782608
0.15384615384615385
0.14285714285714285
0.1724137931034483
0.17647058823529413
0.23333333333333334
0.2
0.3076923076923077
0.20588235294117646
0.22580645161290322
0.1875
0.21212121212121213
0.12903225806451613
0.2413793103448276
0.15789473684210525
0.21875
0.1724137931034483
0.24
0.32142857142857145
0.18181818181818182
0.16216216216216217
0.15384615384615385
0.13333333333333333
0.14705882352941177
0.15384615384615385
0.2413793103448276
0.21428571428571427
0.17647058823529413
0.20689655172413793
0.14814814814814814
0.13043478260869565
0.2222222222222222
0.25
0.25
0.2857142857142857
0.15384615384615385
0.21428571428571427
0.21428571428571427
0.17857142857142858
0.18518518518518517
0.25925925925925924
0.28
0.12195121951219512
0.13333333333333333
0.15151515151515152
0.26666666666666666
0.1794871794871795
0.23333333333333334
0.17857142857142858
0.21428571428571427
0.2
0.3225806451612903
0.15625
0.35714285714285715
0.2
0.1
0.2727272727272727
0.12121212121212122
0.23529411764705882
0.3076923076923077
0.2777777777777778
0.24
0.34782608695652173
0.1282051282051282
0.13513513513513514
0.22580645161290322
0.14285714285714285
0.3333333333333333
0.17073170731707318
0.11627906976744186
0.2222222222222222
0.0625
0.2727272727272727
0.16
0.25806451612903225
0.22727272727272727
0.16129032258064516
0.17857142857142858
0.1724137931034483
0.2
0.20588235294117646
0.19230769230769232
0.1111111111111111
0.09523809523809523
0.2
0.14285714285714285
0.2
0.14285714285714285
0.2
0.15625
0.07142857142857142
0.27586206896551724
0.25
0.23684210526315788
0.23076923076923078
0.14285714285714285
0.23076923076923078
0.25
0.24
0.2222222222222222
0.20833333333333334
0.18421052631578946
0.10344827586206896
0.3103448275862069
0.26666666666666666
0.32
0.175
0.19230769230769232
0.3076923076923077
0.22580645161290322
0.11538461538461539
0.03225806451612903
0.19444444444444445
0.18518518518518517
0.25
0.2692307692307692
0.08571428571428572
0.15
0.20588235294117646
0.1
0.2777777777777778
0.21621621621621623
0.23529411764705882
0.18181818181818182
0.17391304347826086
0.1935483870967742
0.23809523809523808
0.0967741935483871
0.18181818181818182
0.19444444444444445
0.24242424242424243
0.358974358974359
0.25
0.23684210526315788
0.2857142857142857
0.23684210526315788
0.14285714285714285
0.20689655172413793
0.1875
0.20833333333333334
0.2692307692307692
0.125
0.2222222222222222
0.14285714285714285
0.14814814814814814
0.16666666666666666
0.10810810810810811
0.2413793103448276
0.16129032258064516
0.14285714285714285
0.125
0.3
0.12903225806451613
0.2222222222222222
0.3076923076923077
0.14285714285714285
0.09090909090909091
0.28125
0.16129032258064516
0.23076923076923078
0.2857142857142857
0.17647058823529413
0.3333333333333333
0.2962962962962963
0.2413793103448276
0.14705882352941177
0.20833333333333334
0.2
0.16129032258064516
0.2222222222222222
0.14285714285714285
0.15
0.16666666666666666
0.2962962962962963
0.2
0.2777777777777778
0.2608695652173913
0.25
0.10714285714285714
0.3
0.16666666666666666
0.25925925925925924
0.22857142857142856
0.2222222222222222
0.18181818181818182
0.16666666666666666
0.21875
0.3181818181818182
0.16129032258064516
0.17857142857142858
0.20512820512820512
0.3448275862068966
0.16666666666666666
0.15789473684210525
0.2777777777777778
0.2
0.0967741935483871
0.16
0.3076923076923077
0.14285714285714285
0.21428571428571427
0.12
0.24242424242424243
0.2413793103448276
0.12121212121212122
0.23333333333333334
0.3235294117647059
0.1891891891891892
0.1111111111111111
0.12903225806451613
0.15151515151515152
0.26666666666666666
0.13333333333333333
0.2571428571428571
0.03571428571428571
0.22727272727272727
0.17391304347826086
0.08
0.21875
0.17391304347826086
0.10810810810810811
0.2
0.08
0.13043478260869565
0.11428571428571428
0.16666666666666666
0.06896551724137931
0.26666666666666666
0.21621621621621623
0.16129032258064516
0.18421052631578946
0.12121212121212122
0.25925925925925924
0.24
0.15384615384615385
0.15789473684210525
0.19047619047619047
0.25
0.17857142857142858
0.06896551724137931
0.14285714285714285
0.3142857142857143
0.24242424242424243
0.3181818181818182
0.2222222222222222
0.08333333333333333
0.1794871794871795
0.10344827586206896
0.21212121212121213
0.2692307692307692
0.27586206896551724
0.15384615384615385
0.1724137931034483
0.1875
0.21951219512195122
0.3
0.20512820512820512
0.15384615384615385
0.15789473684210525
0.16666666666666666
0.17142857142857143
0.3333333333333333
0.28
0.15789473684210525
0.225
0.1891891891891892
0.18518518518518517
0.16666666666666666
0.13793103448275862
0.34285714285714286
0.21052631578947367
0.13793103448275862
0.19230769230769232
0.2571428571428571
0.13157894736842105
0.15625
0.12903225806451613
0.14285714285714285
0.28125
0.25
0.30303030303030304
0.29411764705882354
0.1875
0.2777777777777778
0.2692307692307692
0.2926829268292683
0.25
0.26666666666666666
0.20512820512820512
0.14285714285714285
0.1891891891891892
0.27586206896551724
0.20588235294117646
0.16666666666666666
0.36363636363636365
0.21428571428571427
0.23529411764705882
0.2903225806451613
0.125
0.23529411764705882
0.36666666666666664
0.18518518518518517
0.15151515151515152
0.20588235294117646
0.30303030303030304
0.24
0.20689655172413793
0.14814814814814814
0.1875
0.18181818181818182
0.15789473684210525
0.21212121212121213
0.1
0.3055555555555556
0.27586206896551724
0.1875
0.21428571428571427
0.19444444444444445
0.25
0.21212121212121213
0.20689655172413793
0.2916666666666667
0.13793103448275862
0.12903225806451613
0.21212121212121213
0.2222222222222222
0.19230769230769232
0.125
0.06896551724137931
0.09375
0.1724137931034483
0.21428571428571427
0.20833333333333334
0.06451612903225806
0.24242424242424243
0.2564102564102564
0.12
0.35714285714285715
0.16666666666666666
0.21212121212121213
0.2222222222222222
0.16
0.1111111111111111
0.26666666666666666
0.15151515151515152
0.2
0.2
0.24
0.2727272727272727
0.19047619047619047
0.17647058823529413
0.13636363636363635
0.1388888888888889
0.16666666666666666
0.12121212121212122
0.4
0.21739130434782608
0.17857142857142858
0.25
0.17647058823529413
0.08
0.3
0.26666666666666666
0.19444444444444445
0.17142857142857143
0.1875
0.125
0.13333333333333333
0.2
0.2413793103448276
0.19444444444444445
0.20833333333333334
0.25
0.21621621621621623
0.3333333333333333
0.25
0.15384615384615385
0.2
0.15151515151515152
0.20588235294117646
0.2222222222222222
0.13043478260869565
0.2
0.25
0.22857142857142856
0.2413793103448276
0.22580645161290322
0.15384615384615385
0.25
0.21212121212121213
0.2
0.2647058823529412
0.10714285714285714
0.14814814814814814
0.32432432432432434
0.1111111111111111
0.28
0.12903225806451613
0.14705882352941177
0.21621621621621623
0.15
0.2222222222222222
0.2682926829268293
0.12
0.11538461538461539
0.20833333333333334
0.2903225806451613
0.32
0.3
0.14285714285714285
0.1111111111111111
0.2962962962962963
0.23076923076923078
0.2222222222222222
0.25
0.29411764705882354
0.08695652173913043
0.17391304347826086
0.23076923076923078
0.3333333333333333
0.3055555555555556
0.21428571428571427
0.07692307692307693
0.18518518518518517
0.20689655172413793
0.15625
0.1935483870967742
0.30434782608695654
0.18181818181818182
0.17857142857142858
0.11538461538461539
0.125
0.19230769230769232
0.1724137931034483
0.16129032258064516
0.18518518518518517
0.25806451612903225
0.16129032258064516
0.21875
0.18604651162790697
0.17391304347826086
0.1875
0.20689655172413793
0.09090909090909091
0.20689655172413793
0.1111111111111111
0.21875
0.2222222222222222
0.2
0.13793103448275862
0.1724137931034483
0.08333333333333333
0.1388888888888889
0.15151515151515152
0.2702702702702703
0.23529411764705882
0.26666666666666666
0.08333333333333333
0.21875
0.1111111111111111
