0.4565839243498818
0.4350700555271494
0.5134760312151616
0.36345317526510185
0.46142745159010085
0.4065825431342673
0.5271504095212053
0.3119693777215901
0.5245967426207848
0.5035720351765176
0.4739603174603174
0.45117854279618985
0.41014658728206294
0.33683216619981327
0.47910235618424124
0.3605374261392479
0.4113673563673564
0.5800709003396015
0.46265797887466326
0.5961552624408063
0.37199809272161677
0.5089533987606221
0.3915311867321186
0.43395521925170766
0.4091103132580201
0.44003669209046786
0.41256292203660627
0.5058285634118967
0.40965341675567446
0.41601062075895145
0.41399979401442083
0.4124472747050224
0.3946894448592817
0.41617282877173317
0.4498961832149668
0.4790952968600028
0.47187626755141054
0.5458133623819899
0.5475911215717041
0.4209184443007972
0.40012023639667516
0.4644833579822262
0.44063982595440954
0.3743391981701151
0.38714734944575224
0.4454208281967167
0.4873490672604386
0.5248169501080894
0.48913875605169077
0.4817375255226918
0.5521395299398854
0.4026472364992779
0.4115930736656866
0.4652377112223659
0.41385032502509184
0.4696546222363832
0.5395485221115472
0.5144573371564521
0.37300715503090565
0.4991342660438419
0.5312349936001439
0.46389808582175673
0.5476074337208073
0.5420422654981478
0.5377583459751362
0.47121765845603636
0.557788253183936
0.527233854259998
0.5530230633784635
0.5287518477746582
0.5653710570317059
0.3706174546891781
0.45846943905767434
0.5049765863456983
0.38614966139159684
0.3044455775503332
0.46183449249486985
0.47446682233147874
0.4877145406703524
0.4278817949020868
0.4234296684406765
0.4861615293890835
0.43873119517195014
0.5074971412287046
0.5187051058046981
0.49530751947524554
0.5646337970509951
0.4468666987021418
0.4431752865548648
0.38588681271203396
0.5274758636938837
0.36995967564216053
0.4458482645874251
0.4664925814925815
0.46351765883664564
0.36346915922669487
0.4403833309320035
0.4713252045457559
0.4249238415905082
0.512909310496267
0.4308455978808465
0.43388463116753534
0.46723197242322123
0.42472003021448884
0.5465812015828705
0.35064613143472206
0.5347545381683855
0.49372585209794506
0.41840694862302785
0.4195316095804952
0.5532396384479717
0.5477507150847718
0.48631217536936844
0.5263468768928481
0.41585421611421775
0.5161916319399834
0.5345893834622628
0.5529382246048913
0.5485487932546755
0.4994915102695423
0.5140787334736069
0.49437506087195526
0.4629496813518692
0.48495303482792174
0.4531294668507886
0.3964810529141207
0.475518267466083
0.4212919323445639
0.504916672476075
0.45478172529896665
0.5186269721563839
0.5310577670557156
0.4818888426445769
0.4593593097932124
0.4632988918837975
0.5494511618521116
0.4583725517497448
0.4413960445594109
0.4475230228755096
0.432669668580436
0.46722477642313287
0.4837733426704014
0.37025192427861553
0.4452986493742796
0.5797085269814453
0.43737465242090334
0.5172527699720683
0.5204898530091292
0.4782596978185214
0.5405056871233341
0.3936254022111751
0.49817369731162836
0.5000887662473028
0.45305072345291064
0.555310637075343
0.4602553485162181
0.41139737199839066
0.5189857083974732
0.47778841137058387
0.5754566034532738
0.40207441274884353
0.3563584693886551
0.5253707075033911
0.5525955919663014
0.5881142587473273
0.45318932780352095
0.3985323006890513
0.5269749694749695
0.5177995443567862
0.4503505837596746
0.45210534644155337
0.4513437756676688
0.41447457770987184
0.42340682139977914
0.4526647560468261
0.5539020595768971
0.4455505695749598
0.44849327111652126
0.422101977206916
0.5329855352329778
0.38489642633265847
0.5235991785991786
0.41934376034425686
0.4176806156998765
0.3652854502334743
0.4950022788589483
0.4864063019843953
0.5568972115824151
0.4504482561449873
0.46729253505115576
0.2692035757550538
0.4889399501846937
0.4567844886003454
0.36814491645826314
0.4857769598484327
0.4362714383527817
0.4360811739899157
0.5718325834554298
0.43840971460947414
0.48734367484367486
0.4385613136622565
0.47320492506767015
0.4008160607881575
0.48204846332472384
0.47405927644606494
0.5008212920712921
0.3966418752300982
0.5260135925952981
0.424511885558515
0.5485825045267769
0.524231078904992
0.3879584752165397
0.5057419922303299
0.5115803695215461
0.4994973812736971
0.4914628376556294
0.4664782897887515
0.4885792612543286
0.5387734777341094
0.40671601764341414
0.4931365711486193
0.4766007113661798
0.4505071029548651
0.4537383140390659
0.4848313962990455
0.4448799056040104
0.51203018707483
0.5810836385836387
0.456876451435275
0.4941151274902582
0.4338923551091258
0.4831683594183594
0.46404401154401154
0.4715125718162053
0.5690082823878422
0.46086838307890937
0.4993167309743397
0.3835685602772647
0.433253367003367
0.47372158565118583
0.5329047361051121
0.4560966708611765
0.5050152840430542
0.5495335606015496
0.5455627209903939
0.47113524451695316
0.39700221317912476
0.5845038200533557
0.4370820843139684
0.4789083383623614
0.5438048217214884
0.5401679227871414
0.49590621273251845
0.5462696542016523
0.4635766956555869
0.37271552644578293
0.3861694899579008
0.39349761349761353
0.4675422478249362
0.4939117317114019
0.5205924378651652
0.4858360610799829
0.44956911043867565
0.5586537413768535
0.5726484300013712
0.5555450665976981
0.5147809635089498
0.5398388030253518
0.5171941986234021
0.5512997749723999
0.5395026745125349
0.5071573232218338
0.4511449285828897
0.4218451690911584
0.540487012987013
0.4955269756131825
0.4931086349507402
0.5899784101670894
0.4665385837053093
0.47023963763741844
0.3843235546130283
0.5252125033006264
0.46306289581538707
0.4953284703890004
0.3788095527467185
0.49110044784325074
0.443085223532937
0.40194789332691483
0.5242844728318734
0.47945553853448586
0.4836420270291238
0.3753472282238163
0.4154323946171545
0.514489982247868
0.5073397201607515
0.4426704188465195
0.532053285278909
0.5065689879681546
0.5580937484844075
0.4585391295896081
0.46198663059672235
0.5089725831537331
0.3821242944404515
0.5233028474516678
0.4075741521826246
0.560662256515838
0.4433874208442734
0.4997848075473236
0.5352876570523629
0.42811580436704566
0.48672567882988427
0.4460105717067742
0.4817931483720957
0.4785082035082035
0.4328052202559996
0.4314541506324029
0.4180350337564823
0.4794644097419538
0.504994350068884
0.3580506797843269
0.48005562112380096
0.48326455874569685
0.48937395530056077
0.37535669230385477
0.5190360285366378
0.5719708212475152
0.4626482008353353
0.3834627380197507
0.5032427503933856
0.45571276032553587
0.43389069264069263
0.4955518147932989
0.4311642902501089
0.5464240913209691
0.5952670945194681
0.5144488626316427
0.39356863025560684
0.5140667052879285
0.5069066789356644
0.5200120503278398
0.43866888110028923
0.4530518501137192
0.5582127019322141
0.5111165447478665
0.45697305962011847
0.3541646173512553
0.42376996928080524
0.4188477384684281
0.44833587873787595
0.47083023214602154
0.5948408840775984
0.457128052812637
0.49919513448459985
0.4055733699813463
0.40214448627773436
0.39013942461620477
0.48119474562135117
0.4410251441099726
0.4609849405501579
0.5145276380620198
0.4483960387112653
0.41785619528256274
0.4539276817732102
0.5137918443115606
0.5078181661189222
0.523803761488667
0.5731154080989065
0.496877743717431
0.4446880141574167
0.49038960749921057
0.5660069560986982
0.5779163254163254
0.44115354194183753
0.4038814118620955
0.32991934965619174
0.437944304203895
0.42964286163765963
0.4122430421834592
0.4839254294093004
0.48880441177516537
0.5378678348570896
0.4674045002192104
0.5451678691179217
0.5411039797561537
0.4718804026225345
0.3736511800938069
0.48120118214426477
0.3802711981146456
0.5283430455733339
0.5113522063496264
0.37650770957973984
0.5046073517126148
0.40590952963075727
0.4854684532022735
0.5938436292962278
0.46614223106987296
0.5601968710930975
0.4057798078205228
0.4728148148148148
0.5585658766605963
0.4109195402298851
0.49250439279421243
0.36859106435055805
0.4378554707608602
0.45167537263108076
0.4271868747499
0.4278940220737504
0.5224186924186924
0.4836862566944653
0.3344304151081368
0.5149242709703326
0.47900457592966766
0.46550512991011284
0.522238128279795
0.4148713194175989
0.3960071548224478
0.36111446981648126
0.5134804167411045
0.44512061019478344
0.4583925190241658
0.43827564819927906
0.4526358579375267
0.47044119765436554
0.4523415435139573
0.5040875848859174
0.4312495229191772
0.3900014775027333
0.534266911961368
0.48144878678159914
0.5016452700900593
0.45091270046966253
0.4164493429189584
0.43762798085913057
0.49019107241290083
0.5581177033999296
0.41245365289621366
0.3968562259646031
0.4965477927956512
0.41114020296682835
0.5600396715075613
0.4465753968253968
0.476953044375645
0.4676271364645183
0.3350380178793405
0.5146973426890993
0.46387231263813544
0.5401416922577392
0.41602067708139673
0.4157638316211648
0.430995013946762
0.49607575189796116
0.3612428373108775
0.5178431907814618
0.5877973445143256
0.3487300209312491
0.44262100091349427
0.48007519010655364
0.4717618181462575
0.5046500730053362
0.4662893040041608
0.4669914258722171
0.40351878785702316
0.39131551968840383
0.5509362114338779
0.44743887552711076
0.4269572857704258
0.44653846153846155
0.45168990632467293
0.4548656232866759
0.45175394239290717
0.5157831686133573
0.4810242316443163
0.4535130521474614
0.4331384905693966
0.46641562571795125
0.5662054330947085
0.5692784593724859
0.5262256004116469
0.5293047656773147
0.5410881015009456
0.44480543640424475
0.5247975059658816
0.4653995282744383
0.4193166065202377
0.4583916083916084
0.5746732041665721
0.3747622328346627
0.5862831904937168
0.46600373843562903
0.45484996401413197
0.4607727391937918
0.32732028072937164
0.3994317694317694
0.4577614522856034
0.46436170175809327
0.4661581584200632
0.4023472605825547
0.4499076087311381
0.44192505536257287
0.6007003734637336
