0.11764705882352941
0.2
0.09523809523809522
0.15789473684210528
0.16216216216216217
0.23809523809523808
0.14634146341463417
0.16666666666666669
0.16666666666666669
0.23809523809523808
0.04761904761904761
0.0
0.15384615384615383
0.1
0.2631578947368421
0.17777777777777776
0.19047619047619044
0.14634146341463417
0.3
0.2
0.2222222222222222
0.2
0.1111111111111111
0.21276595744680848
0.25
0.05
0.27272727272727276
0.2222222222222222
0.25531914893617025
0.16216216216216217
0.16216216216216217
0.0
0.10256410256410256
0.16216216216216217
0.1739130434782609
0.1702127659574468
0.1
0.2631578947368421
0.11764705882352941
0.0975609756097561
0.13953488372093023
0.16666666666666669
0.2222222222222222
0.19047619047619044
0.15384615384615383
0.16666666666666669
0.2545454545454545
0.25
0.2631578947368421
0.4
0.19047619047619044
0.30769230769230765
0.05128205128205128
0.20512820512820512
0.125
0.2222222222222222
0.125
0.16666666666666669
0.15384615384615383
0.13043478260869568
0.1111111111111111
0.046511627906976744
0.0606060606060606
0.2
0.2702702702702703
0.05714285714285715
0.3703703703703704
0.20512820512820512
0.11764705882352941
0.12765957446808512
0.1212121212121212
0.1951219512195122
0.1142857142857143
0.08695652173913045
0.125
0.14634146341463417
0.2325581395348837
0.1111111111111111
0.2325581395348837
0.3555555555555555
0.05
0.05405405405405406
0.21621621621621623
0.1111111111111111
0.0975609756097561
0.15094339622641512
0.33962264150943394
0.2
0.14634146341463417
0.10256410256410256
0.05555555555555555
0.15384615384615383
0.13333333333333333
0.2857142857142857
0.15384615384615383
0.25531914893617025
0.18604651162790697
0.2439024390243902
0.3478260869565218
0.163265306122449
0.05405405405405406
0.12244897959183673
0.2222222222222222
0.0
0.27272727272727276
0.05128205128205128
0.125
0.19047619047619044
0.45000000000000007
0.2040816326530612
0.16216216216216217
0.13953488372093023
0.29268292682926833
0.10526315789473685
0.25
0.05405405405405406
0.13636363636363638
0.2222222222222222
0.23809523809523808
0.1
0.13953488372093023
0.21621621621621623
0.16666666666666669
0.1568627450980392
0.21621621621621623
0.0
0.1951219512195122
0.15
0.11764705882352941
0.15384615384615383
0.15789473684210528
0.35
0.2
0.1702127659574468
0.08333333333333334
0.2564102564102564
0.2325581395348837
0.15789473684210528
0.13953488372093023
0.10526315789473685
0.16216216216216217
0.1739130434782609
0.15789473684210528
0.08695652173913045
0.20512820512820512
0.052631578947368425
0.20512820512820512
0.1212121212121212
0.27906976744186046
0.11764705882352941
0.11764705882352941
0.1702127659574468
0.14285714285714288
0.1142857142857143
0.2
0.25
0.1111111111111111
0.1
0.37209302325581395
0.10810810810810811
0.14634146341463417
0.09090909090909091
0.2631578947368421
0.2105263157894737
0.3684210526315789
0.20512820512820512
0.13333333333333333
0.10810810810810811
0.22727272727272724
0.2631578947368421
0.2325581395348837
0.1
0.29268292682926833
0.15384615384615383
0.20512820512820512
0.08888888888888888
0.14634146341463417
0.058823529411764705
0.2439024390243902
0.10810810810810811
0.2631578947368421
0.1951219512195122
0.32558139534883723
0.2631578947368421
0.12765957446808512
0.15789473684210528
0.20512820512820512
0.20512820512820512
0.2702702702702703
0.05128205128205128
0.17142857142857143
0.09090909090909091
0.20512820512820512
0.17647058823529416
0.1739130434782609
0.08888888888888888
0.14634146341463417
0.35897435897435903
0.16666666666666669
0.0
0.27906976744186046
0.1111111111111111
0.09302325581395349
0.0
0.09090909090909091
0.25
0.20512820512820512
0.27906976744186046
0.21621621621621623
0.09523809523809522
0.28571428571428575
0.16666666666666669
0.11764705882352941
0.36363636363636365
0.29268292682926833
0.05128205128205128
0.2564102564102564
0.10810810810810811
0.1951219512195122
0.0
0.2857142857142857
0.10810810810810811
0.0
0.14634146341463417
0.046511627906976744
0.16216216216216217
0.09523809523809522
0.09523809523809522
0.05
0.15384615384615383
0.23529411764705882
0.05555555555555555
0.16216216216216217
0.2
0.052631578947368425
0.13333333333333333
0.16666666666666669
0.21621621621621623
0.17647058823529416
0.14285714285714288
0.16666666666666669
0.18181818181818182
0.1739130434782609
0.052631578947368425
0.13953488372093023
0.10810810810810811
0.2325581395348837
0.18181818181818182
0.1142857142857143
0.0606060606060606
0.31578947368421056
0.21739130434782608
0.10810810810810811
0.05405405405405406
0.1951219512195122
0.05128205128205128
0.0
0.25
0.2439024390243902
0.21621621621621623
0.32558139534883723
0.19047619047619044
0.15789473684210528
0.15384615384615383
0.058823529411764705
0.10810810810810811
0.29268292682926833
0.09302325581395349
0.10810810810810811
0.10526315789473685
0.09090909090909091
0.2222222222222222
0.13636363636363638
0.2105263157894737
0.2105263157894737
0.10526315789473685
0.27906976744186046
0.058823529411764705
0.18181818181818182
0.052631578947368425
0.1
0.1142857142857143
0.32432432432432434
0.10810810810810811
0.05405405405405406
0.1142857142857143
0.2325581395348837
0.2564102564102564
0.11764705882352941
0.2105263157894737
0.10256410256410256
0.21621621621621623
0.15
0.1951219512195122
0.2222222222222222
0.29268292682926833
0.1951219512195122
0.15
0.10526315789473685
0.09523809523809522
0.10810810810810811
0.1111111111111111
0.3902439024390244
0.0606060606060606
0.0
0.16216216216216217
0.09523809523809522
0.0975609756097561
0.11764705882352941
0.18181818181818182
0.27906976744186046
0.16666666666666669
0.3043478260869565
0.27272727272727276
0.1
0.2
0.1
0.10256410256410256
0.1111111111111111
0.19607843137254902
0.15384615384615383
0.15789473684210528
0.058823529411764705
0.05405405405405406
0.0851063829787234
0.1
0.11764705882352941
0.14634146341463417
0.1090909090909091
0.1951219512195122
0.2564102564102564
0.14634146341463417
0.1212121212121212
0.05555555555555555
0.16216216216216217
0.20512820512820512
0.12765957446808512
0.21621621621621623
0.13333333333333333
0.0975609756097561
0.1111111111111111
0.22727272727272724
0.11764705882352941
0.2105263157894737
0.29268292682926833
0.18181818181818182
0.10256410256410256
0.25
0.22727272727272724
0.17142857142857143
0.2325581395348837
0.16666666666666669
0.2222222222222222
0.12765957446808512
0.27906976744186046
0.09523809523809522
0.04878048780487805
0.2
0.3
0.2916666666666667
0.27272727272727276
0.20512820512820512
0.3809523809523809
0.16216216216216217
0.2
0.22727272727272724
0.14285714285714288
0.14285714285714288
0.1
0.13333333333333333
0.05128205128205128
0.2325581395348837
0.17647058823529416
0.04878048780487805
0.0975609756097561
0.16666666666666669
0.20512820512820512
0.20512820512820512
0.16216216216216217
0.23809523809523808
0.05714285714285715
0.15384615384615383
0.2325581395348837
0.14634146341463417
0.14634146341463417
0.10526315789473685
0.15
0.17777777777777776
0.05405405405405406
0.1
0.052631578947368425
0.18604651162790697
0.23809523809523808
0.1111111111111111
0.1739130434782609
0.05405405405405406
0.1212121212121212
0.14634146341463417
0.15
0.14285714285714288
0.0
0.2105263157894737
0.18181818181818182
0.20512820512820512
0.20833333333333334
0.28571428571428575
0.15
0.26666666666666666
0.25
0.2325581395348837
0.2439024390243902
0.052631578947368425
0.15384615384615383
0.15
0.11764705882352941
0.14285714285714288
0.1951219512195122
0.16216216216216217
0.18604651162790697
0.23809523809523808
0.2
0.18181818181818182
0.05128205128205128
0.2439024390243902
0.05405405405405406
0.1951219512195122
0.13953488372093023
0.20512820512820512
0.19607843137254902
0.10810810810810811
0.09523809523809522
0.16216216216216217
0.29268292682926833
0.17142857142857143
0.15789473684210528
0.32558139534883723
0.04761904761904761
0.10526315789473685
0.1
0.0
0.14285714285714288
0.11538461538461538
0.06451612903225806
0.2702702702702703
0.2105263157894737
0.2222222222222222
0.14634146341463417
0.1212121212121212
0.18604651162790697
0.15789473684210528
0.10526315789473685
0.17647058823529416
0.20512820512820512
0.25
0.13953488372093023
0.20512820512820512
0.10526315789473685
0.2439024390243902
0.23809523809523808
0.058823529411764705
0.04444444444444444
0.2
0.045454545454545456
0.0
0.2105263157894737
0.15789473684210528
0.07692307692307691
0.31111111111111117
0.10526315789473685
0.17777777777777776
0.15789473684210528
0.05128205128205128
0.1951219512195122
0.1951219512195122
0.35
0.05
0.19047619047619044
0.1111111111111111
0.25531914893617025
0.0
0.15
0.15
0.0816326530612245
0.125
0.10526315789473685
0.16666666666666669
0.0975609756097561
0.1702127659574468
0.14285714285714288
0.14634146341463417
0.14285714285714288
0.0975609756097561
0.1212121212121212
0.04878048780487805
0.41860465116279066
0.18604651162790697
0.2325581395348837
0.15384615384615383
0.2105263157894737
0.10256410256410256
