0.3043478260869565
0.4166666666666667
0.33333333333333337
0.3809523809523809
0.5106382978723405
0.5106382978723405
0.4888888888888889
0.2916666666666667
0.4
0.43999999999999995
0.43478260869565216
0.4081632653061224
0.48
0.326530612244898
0.4642857142857143
0.3529411764705882
0.42553191489361697
0.5652173913043479
0.3913043478260869
0.5106382978723405
0.3404255319148936
0.4074074074074074
0.4210526315789474
0.4363636363636364
0.49056603773584906
0.3673469387755102
0.3913043478260869
0.4918032786885246
0.44897959183673464
0.38596491228070173
0.45833333333333326
0.4090909090909091
0.3703703703703704
0.3673469387755102
0.36363636363636365
0.4444444444444445
0.5
0.36363636363636365
0.3555555555555555
0.4081632653061224
0.44897959183673464
0.41509433962264153
0.4074074074074074
0.44897959183673464
0.3636363636363636
0.2564102564102564
0.4313725490196078
0.46808510638297873
0.47058823529411764
0.4444444444444444
0.47058823529411764
0.41860465116279066
0.3846153846153846
0.3555555555555555
0.3829787234042553
0.42553191489361697
0.5
0.43478260869565216
0.3913043478260869
0.4090909090909091
0.5283018867924527
0.43999999999999995
0.4545454545454545
0.4897959183673469
0.3829787234042553
0.3181818181818182
0.5217391304347827
0.4897959183673469
0.5106382978723405
0.4081632653061224
0.4528301886792453
0.4528301886792453
0.48
0.4444444444444444
0.4528301886792453
0.37499999999999994
0.43478260869565216
0.4285714285714285
0.3928571428571428
0.4444444444444444
0.4081632653061224
0.41860465116279066
0.3043478260869565
0.4545454545454545
0.5333333333333333
0.47826086956521735
0.5384615384615385
0.3902439024390244
0.27906976744186046
0.48
0.4363636363636364
0.4827586206896552
0.3043478260869565
0.5
0.2978723404255319
0.33333333333333326
0.48
0.46808510638297873
0.31111111111111117
0.34146341463414637
0.3
0.3703703703703704
0.5199999999999999
0.28571428571428575
0.43999999999999995
0.31111111111111117
0.45833333333333326
0.3809523809523809
0.27906976744186046
0.5217391304347827
0.4090909090909091
0.44897959183673464
0.32558139534883723
0.45833333333333326
0.3829787234042553
0.48
0.41860465116279066
0.48
0.5
0.37209302325581395
0.43478260869565216
0.4615384615384615
0.45833333333333326
0.4363636363636364
0.4090909090909091
0.43478260869565216
0.5106382978723405
0.45833333333333326
0.5384615384615385
0.3673469387755102
0.41860465116279066
0.45833333333333326
0.3773584905660377
0.37499999999999994
0.3829787234042553
0.4444444444444444
0.47619047619047616
0.43478260869565216
0.4444444444444444
0.43999999999999995
0.4
0.37499999999999994
0.46808510638297873
0.4313725490196078
0.43478260869565216
0.41860465116279066
0.4545454545454545
0.47058823529411764
0.3673469387755102
0.4
0.3829787234042553
0.5531914893617021
0.3529411764705882
0.46808510638297873
0.34146341463414637
0.5
0.3478260869565218
0.4081632653061224
0.4
0.3829787234042553
0.36000000000000004
0.326530612244898
0.43478260869565216
0.46808510638297873
0.5490196078431373
0.3809523809523809
0.43478260869565216
0.5777777777777778
0.47826086956521735
0.41860465116279066
0.43478260869565216
0.2564102564102564
0.39215686274509803
0.37499999999999994
0.3555555555555555
0.5106382978723405
0.4
0.36363636363636365
0.3913043478260869
0.4
0.3673469387755102
0.423076923076923
0.4313725490196078
0.48
0.3913043478260869
0.4444444444444445
0.3809523809523809
0.35897435897435903
0.3773584905660377
0.47826086956521735
0.4
0.47058823529411764
0.5
0.4166666666666667
0.46808510638297873
0.4090909090909091
0.4
0.5
0.43999999999999995
0.42553191489361697
0.48
0.46808510638297873
0.4090909090909091
0.4897959183673469
0.5416666666666666
0.37209302325581395
0.3773584905660377
0.44897959183673464
0.3404255319148936
0.4090909090909091
0.4545454545454545
0.3404255319148936
0.42553191489361697
0.36363636363636365
0.4814814814814815
0.39215686274509803
0.4
0.4090909090909091
0.5098039215686274
0.4090909090909091
0.41860465116279066
0.44897959183673464
0.3404255319148936
0.3913043478260869
0.5
0.4166666666666667
0.37209302325581395
0.5306122448979592
0.42553191489361697
0.4888888888888889
0.5217391304347827
0.5
0.3829787234042553
0.35
0.5777777777777778
0.39215686274509803
0.43478260869565216
0.5217391304347827
0.4897959183673469
0.37209302325581395
0.45833333333333326
0.44897959183673464
0.4897959183673469
0.5217391304347827
0.42553191489361697
0.4444444444444444
0.3478260869565218
0.4444444444444444
0.45833333333333326
0.37499999999999994
0.36363636363636365
0.42553191489361697
0.46808510638297873
0.5217391304347827
0.4313725490196078
0.42553191489361697
0.4444444444444445
0.4615384615384615
0.4615384615384615
0.5106382978723405
0.42553191489361697
0.4
0.37209302325581395
0.5116279069767441
0.4545454545454545
0.4897959183673469
0.3673469387755102
0.4888888888888889
0.4651162790697674
0.4545454545454545
0.4888888888888889
0.47826086956521735
0.48
0.4081632653061224
0.42553191489361697
0.42553191489361697
0.36363636363636365
0.5116279069767441
0.45833333333333326
0.48
0.5283018867924527
0.47826086956521735
0.36363636363636365
0.45833333333333326
0.4897959183673469
0.48
0.36000000000000004
0.4313725490196078
0.47058823529411764
0.4090909090909091
0.46808510638297873
0.423076923076923
0.34615384615384615
0.5098039215686274
0.49056603773584906
0.4545454545454545
0.3773584905660377
0.46808510638297873
0.4615384615384615
0.43478260869565216
0.45833333333333326
0.4081632653061224
0.32
0.4888888888888889
0.423076923076923
0.48
0.4166666666666667
0.4897959183673469
0.4166666666666667
0.47058823529411764
0.4897959183673469
0.4285714285714285
0.3902439024390244
0.47826086956521735
0.4081632653061224
0.37499999999999994
0.4313725490196078
0.4444444444444444
0.36363636363636365
0.3703703703703704
0.4166666666666667
0.3829787234042553
0.45833333333333326
0.4090909090909091
0.3829787234042553
0.44897959183673464
0.43902439024390244
0.3404255319148936
0.3478260869565218
0.4
0.4313725490196078
0.3555555555555555
0.4
0.5106382978723405
0.46808510638297873
0.4
0.326530612244898
0.43478260869565216
0.4888888888888889
0.47826086956521735
0.4
0.3829787234042553
0.3902439024390244
0.34146341463414637
0.4444444444444445
0.3703703703703704
0.3404255319148936
0.4081632653061224
0.31578947368421056
0.509090909090909
0.37209302325581395
0.4285714285714285
0.47826086956521735
0.44897959183673464
0.423076923076923
0.37499999999999994
0.326530612244898
0.36363636363636365
0.45833333333333326
0.48
0.4081632653061224
0.4166666666666667
0.45833333333333326
0.4528301886792453
0.41509433962264153
0.4545454545454545
0.37499999999999994
0.3404255319148936
0.45833333333333326
0.3773584905660377
0.5098039215686274
0.5238095238095238
0.5
0.5238095238095238
0.47457627118644075
0.5098039215686274
0.44897959183673464
0.3673469387755102
0.43478260869565216
0.39215686274509803
0.4727272727272728
0.4651162790697674
0.5
0.4888888888888889
0.5199999999999999
0.4313725490196078
0.46808510638297873
0.37499999999999994
0.48
0.4313725490196078
0.4166666666666667
0.43999999999999995
0.3673469387755102
0.4074074074074074
0.4090909090909091
0.45833333333333326
0.37209302325581395
0.4
0.34615384615384615
0.48
0.5217391304347827
0.4651162790697674
0.3928571428571428
0.43999999999999995
0.4
0.42553191489361697
0.3809523809523809
0.44897959183673464
0.3
0.42553191489361697
0.5106382978723405
0.4651162790697674
0.33333333333333337
0.4363636363636364
0.43999999999999995
0.43478260869565216
0.42553191489361697
0.4545454545454545
0.31111111111111117
0.37209302325581395
0.423076923076923
0.47058823529411764
0.4313725490196078
0.4528301886792453
0.5
0.4545454545454545
0.3773584905660377
0.5199999999999999
0.5217391304347827
0.43478260869565216
0.3555555555555555
0.36363636363636365
0.423076923076923
0.5199999999999999
0.5106382978723405
0.4081632653061224
0.2978723404255319
0.4285714285714285
0.4
0.5106382978723405
0.36363636363636365
0.45833333333333326
0.4444444444444444
0.26086956521739135
0.5
0.42553191489361697
0.41509433962264153
0.4
0.4081632653061224
0.3404255319148936
0.37499999999999994
0.44897959183673464
0.3913043478260869
0.4651162790697674
0.4
0.36000000000000004
0.4615384615384615
0.43999999999999995
0.48
0.41860465116279066
0.3555555555555555
0.3913043478260869
0.4727272727272728
0.5098039215686274
0.41509433962264153
0.4081632653061224
0.4
0.4166666666666667
0.46808510638297873
0.326530612244898
0.37209302325581395
0.5333333333333333
0.3529411764705882
0.37209302325581395
0.41509433962264153
0.5199999999999999
0.47619047619047616
0.3902439024390244
0.4888888888888889
0.43478260869565216
0.47826086956521735
0.48
0.3555555555555555
0.3928571428571428
0.33333333333333337
0.5116279069767441
0.423076923076923
0.5
0.4528301886792453
0.3902439024390244
0.37209302325581395
0.5
0.4166666666666667
0.4166666666666667
0.4210526315789474
0.4166666666666667
0.44897959183673464
0.47058823529411764
0.3829787234042553
0.4090909090909091
