0.0625
0.32432432432432434
0.18181818181818182
0.23529411764705882
0.2285714285714286
0.17647058823529416
0.37837837837837834
0.18181818181818182
0.18181818181818182
0.18181818181818182
0.125
0.058823529411764705
0.17647058823529416
0.06451612903225806
0.32432432432432434
0.2777777777777778
0.2702702702702703
0.2702702702702703
0.1212121212121212
0.23529411764705882
0.17142857142857143
0.3
0.32432432432432434
0.125
0.16666666666666669
0.2105263157894737
0.2857142857142857
0.2777777777777778
0.1212121212121212
0.1212121212121212
0.125
0.1111111111111111
0.18181818181818182
0.2857142857142857
0.125
0.058823529411764705
0.1212121212121212
0.2777777777777778
0.2857142857142857
0.17647058823529416
0.2285714285714286
0.17142857142857143
0.06451612903225806
0.2564102564102564
0.23529411764705882
0.0
0.125
0.17142857142857143
0.33333333333333337
0.058823529411764705
0.18181818181818182
0.33333333333333337
0.18181818181818182
0.16666666666666669
0.0
0.18181818181818182
0.0625
0.17647058823529416
0.23529411764705882
0.32432432432432434
0.18181818181818182
0.2702702702702703
0.1212121212121212
0.32432432432432434
0.32432432432432434
0.1212121212121212
0.2857142857142857
0.16666666666666669
0.31578947368421056
0.125
0.18181818181818182
0.35897435897435903
0.17142857142857143
0.17647058823529416
0.06451612903225806
0.2857142857142857
0.0625
0.1212121212121212
0.2285714285714286
0.17142857142857143
0.2222222222222222
0.3684210526315789
0.1212121212121212
0.0
0.2222222222222222
0.0625
0.17647058823529416
0.2285714285714286
0.2222222222222222
0.2631578947368421
0.0
0.0
0.05714285714285715
0.0606060606060606
0.1212121212121212
0.16216216216216217
0.2702702702702703
0.35897435897435903
0.1212121212121212
0.11764705882352941
0.21621621621621623
0.06451612903225806
0.1212121212121212
0.125
0.2857142857142857
0.41860465116279066
0.23529411764705882
0.11764705882352941
0.2285714285714286
0.2857142857142857
0.125
0.37837837837837834
0.17647058823529416
0.17142857142857143
0.2857142857142857
0.125
0.37837837837837834
0.2777777777777778
0.0
0.17142857142857143
0.17647058823529416
0.18181818181818182
0.33333333333333337
0.2564102564102564
0.2285714285714286
0.17142857142857143
0.0
0.17647058823529416
0.2285714285714286
0.125
0.0
0.32432432432432434
0.17647058823529416
0.1212121212121212
0.15789473684210528
0.2777777777777778
0.17647058823529416
0.10810810810810811
0.125
0.2631578947368421
0.1212121212121212
0.2285714285714286
0.11764705882352941
0.18181818181818182
0.2857142857142857
0.06451612903225806
0.18181818181818182
0.11764705882352941
0.2702702702702703
0.17142857142857143
0.1142857142857143
0.37837837837837834
0.0
0.0625
0.11764705882352941
0.1212121212121212
0.32432432432432434
0.2222222222222222
0.2857142857142857
0.18181818181818182
0.23529411764705882
0.2777777777777778
0.058823529411764705
0.0
0.18181818181818182
0.11764705882352941
0.2777777777777778
0.2285714285714286
0.0625
0.18181818181818182
0.21621621621621623
0.2631578947368421
0.32432432432432434
0.2702702702702703
0.0
0.1212121212121212
0.23529411764705882
0.18181818181818182
0.1212121212121212
0.2777777777777778
0.17142857142857143
0.2105263157894737
0.2285714285714286
0.2857142857142857
0.16666666666666669
0.23529411764705882
0.18181818181818182
0.0606060606060606
0.2222222222222222
0.18181818181818182
0.23529411764705882
0.2105263157894737
0.125
0.1212121212121212
0.0
0.1212121212121212
0.18181818181818182
0.0625
0.32432432432432434
0.32432432432432434
0.11764705882352941
0.2285714285714286
0.2857142857142857
0.2285714285714286
0.2857142857142857
0.125
0.23529411764705882
0.16666666666666669
0.23529411764705882
0.2702702702702703
0.2777777777777778
0.18181818181818182
0.17647058823529416
0.17647058823529416
0.1212121212121212
0.2777777777777778
0.2777777777777778
0.16666666666666669
0.20512820512820512
0.1111111111111111
0.2857142857142857
0.2702702702702703
0.1142857142857143
0.2857142857142857
0.05555555555555555
0.11764705882352941
0.17647058823529416
0.06451612903225806
0.2857142857142857
0.2222222222222222
0.17647058823529416
0.11764705882352941
0.17647058823529416
0.0
0.2702702702702703
0.1212121212121212
0.0975609756097561
0.125
0.31578947368421056
0.2777777777777778
0.32432432432432434
0.06451612903225806
0.23529411764705882
0.35897435897435903
0.1212121212121212
0.2631578947368421
0.05714285714285715
0.2777777777777778
0.17142857142857143
0.17142857142857143
0.17142857142857143
0.17142857142857143
0.2702702702702703
0.17647058823529416
0.15789473684210528
0.2285714285714286
0.18181818181818182
0.2777777777777778
0.0
0.125
0.2857142857142857
0.2564102564102564
0.058823529411764705
0.1212121212121212
0.2285714285714286
0.23529411764705882
0.0625
0.18181818181818182
0.11764705882352941
0.2857142857142857
0.0625
0.1212121212121212
0.17647058823529416
0.23529411764705882
0.2777777777777778
0.17647058823529416
0.23529411764705882
0.21621621621621623
0.23529411764705882
0.17647058823529416
0.23529411764705882
0.058823529411764705
0.2285714285714286
0.17647058823529416
0.32432432432432434
0.2857142857142857
0.2285714285714286
0.31578947368421056
0.1212121212121212
0.06451612903225806
0.11764705882352941
0.2777777777777778
0.18181818181818182
0.11764705882352941
0.18181818181818182
0.2285714285714286
0.058823529411764705
0.35
0.06451612903225806
0.16666666666666669
0.11764705882352941
0.17647058823529416
0.18181818181818182
0.1212121212121212
0.1212121212121212
0.0
0.2285714285714286
0.125
0.0625
0.1212121212121212
0.06451612903225806
0.2285714285714286
0.21621621621621623
0.2222222222222222
0.2702702702702703
0.2285714285714286
0.18181818181818182
0.20512820512820512
0.2285714285714286
0.2222222222222222
0.31578947368421056
0.31578947368421056
0.0625
0.2777777777777778
0.0606060606060606
0.06451612903225806
0.2857142857142857
0.17647058823529416
0.4210526315789474
0.17647058823529416
0.2285714285714286
0.0
0.1212121212121212
0.2222222222222222
0.23529411764705882
0.0625
0.2857142857142857
0.1212121212121212
0.37837837837837834
0.1212121212121212
0.2222222222222222
0.18181818181818182
0.16216216216216217
0.2285714285714286
0.18181818181818182
0.45000000000000007
0.125
0.3684210526315789
0.23529411764705882
0.31578947368421056
0.2564102564102564
0.37837837837837834
0.1212121212121212
0.17647058823529416
0.32432432432432434
0.16666666666666669
0.06451612903225806
0.17647058823529416
0.32432432432432434
0.2285714285714286
0.1212121212121212
0.125
0.2777777777777778
0.4210526315789474
0.2631578947368421
0.2857142857142857
0.23529411764705882
0.125
0.0625
0.3684210526315789
0.1212121212121212
0.16666666666666669
0.2222222222222222
0.1212121212121212
0.2702702702702703
0.11764705882352941
0.18181818181818182
0.06451612903225806
0.05714285714285715
0.32432432432432434
0.21621621621621623
0.06451612903225806
0.17647058823529416
0.1212121212121212
0.2564102564102564
0.2631578947368421
0.1142857142857143
0.17142857142857143
0.2857142857142857
0.30769230769230765
0.37837837837837834
0.23529411764705882
0.2777777777777778
0.17142857142857143
0.2631578947368421
0.2222222222222222
0.1212121212121212
0.32432432432432434
0.17647058823529416
0.125
0.11764705882352941
0.18181818181818182
0.17142857142857143
0.31578947368421056
0.06451612903225806
0.33333333333333337
0.23529411764705882
0.06451612903225806
0.0625
0.2702702702702703
0.18181818181818182
0.125
0.2285714285714286
0.1142857142857143
0.23529411764705882
0.16666666666666669
0.2857142857142857
0.11764705882352941
0.2285714285714286
0.0
0.0606060606060606
0.1212121212121212
0.17647058823529416
0.2777777777777778
0.2222222222222222
0.17647058823529416
0.17647058823529416
0.0625
0.21621621621621623
0.33333333333333337
0.0
0.2857142857142857
0.15384615384615383
0.23529411764705882
0.06451612903225806
0.2285714285714286
0.18181818181818182
0.2777777777777778
0.11764705882352941
0.1212121212121212
0.23529411764705882
0.2777777777777778
0.06451612903225806
0.32432432432432434
0.35897435897435903
0.2222222222222222
0.11764705882352941
0.17647058823529416
0.2857142857142857
0.17142857142857143
0.32432432432432434
0.2857142857142857
0.4210526315789474
0.2631578947368421
0.2222222222222222
0.23529411764705882
0.2631578947368421
0.17647058823529416
0.18181818181818182
0.32432432432432434
0.0
0.1142857142857143
0.2857142857142857
0.23529411764705882
0.18181818181818182
0.2857142857142857
0.23529411764705882
0.2777777777777778
0.2105263157894737
0.31578947368421056
0.1212121212121212
0.23529411764705882
0.1142857142857143
0.32432432432432434
0.2857142857142857
0.1212121212121212
0.0
0.2285714285714286
0.17647058823529416
0.125
0.16666666666666669
0.125
0.1212121212121212
0.1212121212121212
0.23529411764705882
0.06451612903225806
0.16666666666666669
0.1212121212121212
0.06451612903225806
0.18181818181818182
0.2857142857142857
0.125
0.058823529411764705
0.16666666666666669
0.1212121212121212
0.0625
0.0
0.17647058823529416
0.23529411764705882
0.11764705882352941
