0.7613888888888889
0.71375
0.7484722222222222
0.7570833333333333
0.7765277777777778
0.7547222222222223
0.7574999999999998
0.7883333333333333
0.7522222222222222
0.7502777777777777
0.7019444444444445
0.7522222222222222
0.7420833333333333
0.7234722222222222
0.7769444444444444
0.7091666666666666
0.7697222222222223
0.8086111111111112
0.7219444444444446
0.7330555555555555
0.7811111111111111
0.70125
0.8190277777777778
0.7256944444444444
0.7627777777777778
0.7369444444444444
0.7594444444444445
0.7583333333333333
0.73375
0.7359722222222224
0.7429166666666667
0.7691666666666668
0.7355555555555555
0.6955555555555555
0.6994444444444445
0.7565277777777778
0.7691666666666668
0.7495833333333335
0.7363888888888888
0.7426388888888888
0.6944444444444444
0.7122222222222222
0.7947222222222221
0.7730555555555555
0.7944444444444445
0.736111111111111
0.7023611111111111
0.7461111111111112
0.7305555555555555
0.6781944444444444
0.7836111111111111
0.7333333333333333
0.6894444444444444
0.7379166666666667
0.77
0.7747222222222223
0.7600000000000001
0.74
0.7708333333333334
0.7472222222222223
0.76625
0.7295833333333334
0.731388888888889
0.7722222222222223
0.7354166666666667
0.8086111111111112
0.7644444444444445
0.8238888888888889
0.7633333333333333
0.7984722222222222
0.7491666666666666
0.7529166666666668
0.7136111111111111
0.7838888888888889
0.7097222222222223
0.7372222222222222
0.695
0.7537499999999999
0.7394444444444446
0.7234722222222222
0.74875
0.7619444444444445
0.6752777777777778
0.7274999999999999
0.7498611111111111
0.777638888888889
0.7938888888888889
0.7880555555555555
0.7458333333333333
0.7219444444444444
0.7661111111111112
0.763611111111111
0.8208333333333333
0.6766666666666666
0.7116666666666668
0.7469444444444445
0.7654166666666667
0.7444444444444444
0.7055555555555556
0.7809722222222222
0.6777777777777777
0.69875
0.7455555555555556
0.7427777777777779
0.6777777777777778
0.7594444444444445
0.7538888888888888
0.7497222222222223
0.803611111111111
0.7615277777777778
0.7205555555555555
0.7672222222222221
0.767638888888889
0.7386111111111111
0.7538888888888888
0.7297222222222222
0.7655555555555555
0.7569444444444445
0.7405555555555555
0.7366666666666667
0.7152777777777779
0.7627777777777777
0.7480555555555556
0.7423611111111112
0.7738888888888888
0.7375
0.7502777777777777
0.7808333333333334
0.7847222222222223
0.7616666666666667
0.7444444444444446
0.765
0.7466666666666667
0.7708333333333334
0.6997222222222222
0.7701388888888889
0.7211111111111111
0.7880555555555555
0.7150000000000001
0.7405555555555555
0.8108333333333334
0.7699999999999999
0.73125
0.6577777777777778
0.6977777777777778
0.68875
0.7502777777777778
0.7854166666666667
0.7497222222222223
0.7469444444444444
0.701111111111111
0.7502777777777778
0.7030555555555557
0.7956944444444445
0.7458333333333333
0.7288888888888889
0.6797222222222223
0.7458333333333333
0.7286111111111111
0.7266666666666667
0.6906944444444445
0.7580555555555556
0.7265277777777778
0.8086111111111112
0.7633333333333333
0.6975
0.7701388888888889
0.7958333333333334
0.7612500000000001
0.7391666666666667
0.7145833333333333
0.7365277777777778
0.7305555555555556
0.7813888888888889
0.7269444444444444
0.6944444444444445
0.7355555555555556
0.7633333333333333
0.7388888888888889
0.8022222222222222
0.7430555555555556
0.7597222222222222
0.7348611111111111
0.7391666666666667
0.7511111111111111
0.6855555555555556
0.7552777777777777
0.7265277777777779
0.7616666666666667
0.7484722222222222
0.7241666666666666
0.7127777777777777
0.7422222222222223
0.7633333333333333
0.7236111111111111
0.7587499999999999
0.7677777777777778
0.7552777777777778
0.7558333333333334
0.7194444444444446
0.7390277777777778
0.7663888888888889
0.7041666666666666
0.7094444444444444
0.7411111111111112
0.7397222222222223
0.6815277777777777
0.7541666666666667
0.7422222222222222
0.71375
0.7124999999999999
0.7913888888888889
0.743611111111111
0.7715277777777778
0.7230555555555555
0.736388888888889
0.7438888888888889
0.7675000000000001
0.7538888888888888
0.73
0.7563888888888889
0.7391666666666666
0.7666666666666667
0.7427777777777778
0.6918055555555556
0.7408333333333333
0.71
0.7433333333333334
0.7015277777777778
0.7427777777777779
0.7731944444444445
0.678611111111111
0.7558333333333334
0.7466666666666666
0.7272222222222222
0.6897222222222223
0.7955555555555556
0.7569444444444444
0.7752777777777778
0.7533333333333333
0.7547222222222222
0.6877777777777777
0.7420833333333332
0.727361111111111
0.7813888888888889
0.7980555555555555
0.7394444444444445
0.7516666666666666
0.7436111111111111
0.7666666666666665
0.7275
0.7233333333333333
0.7336111111111112
0.7336111111111111
0.7208333333333334
0.7702777777777777
0.7152777777777778
0.7438888888888889
0.7794444444444445
0.7819444444444446
0.7166666666666667
0.7948611111111112
0.7180555555555554
0.7577777777777779
0.7859722222222222
0.7694444444444444
0.6948611111111112
0.6955555555555556
0.7913888888888889
0.734861111111111
0.7891666666666668
0.7294444444444445
0.7497222222222222
0.7586111111111111
0.7180555555555556
0.7747222222222223
0.7497222222222223
0.7755555555555554
0.7866666666666667
0.7091666666666667
0.7265277777777778
0.7315277777777778
0.6902777777777778
0.7768055555555556
0.8062499999999999
0.7398611111111112
0.7463888888888889
0.745
0.7005555555555556
0.7394444444444445
0.741111111111111
0.7380555555555556
0.715
0.7338888888888889
0.7541666666666668
0.7338888888888889
0.7533333333333334
0.6944444444444444
0.7152777777777778
0.7498611111111111
0.7294444444444445
0.7344444444444445
0.7195833333333334
0.7394444444444445
0.7625000000000001
0.7719444444444444
0.7722222222222223
0.7536111111111111
0.741111111111111
0.7280555555555556
0.7816666666666667
0.7212500000000001
0.7569444444444445
0.6777777777777777
0.8091666666666667
0.6920833333333334
0.7480555555555556
0.7756944444444445
0.708888888888889
0.7661111111111112
0.8108333333333333
0.7129166666666666
0.793611111111111
0.6580555555555555
0.7127777777777777
0.7395833333333334
0.7730555555555555
0.7427777777777778
0.6931944444444446
0.7320833333333333
0.7338888888888889
0.7241666666666666
0.7297222222222223
0.7183333333333335
0.6716666666666666
0.7302777777777779
0.7477777777777778
0.7448611111111111
0.7663888888888889
0.765
0.7551388888888889
0.6944444444444444
0.7165277777777778
0.7073611111111112
0.7445833333333333
0.7947222222222222
0.7205555555555556
0.7530555555555556
0.7265277777777777
0.7629166666666667
0.7305555555555555
0.7355555555555555
0.7366666666666668
0.7263888888888889
0.7508333333333335
0.7452777777777778
0.7566666666666667
0.6786111111111112
0.7645833333333334
0.7768055555555556
0.7605555555555557
0.7844444444444444
0.7131944444444445
0.7286111111111111
0.8183333333333334
0.7763888888888888
0.735
0.7838888888888889
0.7283333333333334
0.7379166666666667
0.7651388888888889
0.74
0.7913888888888889
0.7555555555555556
0.7038888888888888
0.7833333333333333
0.7155555555555555
0.7155555555555556
0.7270833333333333
0.7640277777777776
0.7669444444444445
0.7273611111111111
0.7897222222222222
0.7469444444444446
0.73375
0.7159722222222221
0.7620833333333333
0.7561111111111111
0.7725000000000001
0.7072222222222223
0.7486111111111111
0.7552777777777778
0.7348611111111111
0.7386111111111111
0.6938888888888889
0.7222222222222222
0.7765277777777777
0.7031944444444445
0.7313888888888889
0.7934722222222222
0.7869444444444443
0.7366666666666667
0.7516666666666666
0.7176388888888889
0.7341666666666666
0.77875
0.7008333333333333
0.7204166666666667
0.7604166666666667
0.7554166666666667
0.7366666666666667
0.8075
0.7002777777777778
0.761388888888889
0.7306944444444445
0.7852777777777777
0.7658333333333334
0.7144444444444444
0.7394444444444445
0.6755555555555556
0.7593055555555555
0.7405555555555555
0.7772222222222223
0.7477777777777778
0.7491666666666666
0.741111111111111
0.7284722222222223
0.7808333333333334
0.7777777777777779
0.7518055555555555
0.6711111111111112
0.74
0.793611111111111
0.7472222222222222
0.73
0.7472222222222222
0.7200000000000001
0.7572222222222222
0.7495833333333333
0.72
0.7993055555555556
0.6861111111111111
0.6866666666666666
0.6975
0.7222222222222222
0.7827777777777778
0.759861111111111
0.7413888888888889
0.678888888888889
0.6958333333333334
0.6984722222222222
0.783611111111111
0.7544444444444445
0.7202777777777778
0.6640277777777779
0.7658333333333334
0.7311111111111112
0.7686111111111111
0.7309722222222222
0.7488888888888889
0.7161111111111111
0.7131944444444445
0.7626388888888888
0.75625
0.7458333333333333
0.74375
0.771388888888889
0.7266666666666668
0.7116666666666666
0.7655555555555555
0.7113888888888888
0.7845833333333333
0.7301388888888889
0.7483333333333334
0.7140277777777778
0.773888888888889
0.7695833333333334
0.6627777777777778
0.7573611111111112
0.7330555555555556
0.7633333333333333
0.7308333333333333
0.7604166666666667
0.7802777777777777
0.7066666666666668
0.7222222222222222
0.6943055555555555
0.7591666666666667
0.7877777777777777
0.7227777777777777
0.7322222222222222
0.7704166666666667
0.7472222222222222
0.8045833333333334
0.7591666666666667
0.7644444444444445
0.7475
0.7658333333333334
0.7586111111111111
0.7772222222222223
