0.4869565217391304
0.46031746031746035
0.4732824427480916
0.492063492063492
0.43795620437956206
0.49572649572649574
0.44274809160305345
0.4732824427480916
0.43661971830985913
0.46874999999999994
0.4525547445255474
0.45454545454545453
0.5039370078740156
0.4477611940298507
0.49586776859504134
0.5196850393700787
0.4525547445255474
0.460431654676259
0.4592592592592592
0.4732824427480916
0.4552845528455284
0.4444444444444444
0.4566929133858268
0.47540983606557374
0.4878048780487805
0.49230769230769234
0.47933884297520657
0.4496124031007752
0.467741935483871
0.40983606557377045
0.49624060150375937
0.4444444444444444
0.45588235294117646
0.4525547445255474
0.42975206611570255
0.4833333333333334
0.4769230769230769
0.5
0.48120300751879697
0.4507042253521127
0.5040650406504065
0.4615384615384615
0.5037037037037037
0.4881889763779527
0.4769230769230769
0.4516129032258064
0.4117647058823529
0.4496124031007752
0.4307692307692308
0.425531914893617
0.4444444444444444
0.4525547445255474
0.4705882352941176
0.4142857142857143
0.49599999999999994
0.43283582089552236
0.4461538461538462
0.4715447154471545
0.4496124031007752
0.464
0.4566929133858268
0.4776119402985074
0.48062015503875966
0.4566929133858268
0.4307692307692308
0.5333333333333333
0.47619047619047616
0.4516129032258064
0.4857142857142857
0.5409836065573771
0.48062015503875966
0.46874999999999994
0.49253731343283585
0.46616541353383456
0.4566929133858268
0.4525547445255474
0.43661971830985913
0.44799999999999995
0.47244094488188976
0.46511627906976744
0.46511627906976744
0.44799999999999995
0.4626865671641791
0.4878048780487805
0.4881889763779527
0.4615384615384615
0.46511627906976744
0.45112781954887216
0.49599999999999994
0.460431654676259
0.47058823529411764
0.4615384615384615
0.5196850393700787
0.4615384615384615
0.515625
0.4274809160305343
0.46874999999999994
0.48
0.4666666666666667
0.46031746031746035
0.47863247863247865
0.4516129032258064
0.4274809160305343
0.5081967213114753
0.4225352112676056
0.48
0.48437499999999994
0.4715447154471545
0.4626865671641791
0.48
0.49572649572649574
0.47244094488188976
0.47244094488188976
0.47244094488188976
0.4592592592592592
0.4580152671755725
0.417910447761194
0.47619047619047616
0.4413793103448276
0.47540983606557374
0.5161290322580645
0.5038167938931297
0.47540983606557374
0.4626865671641791
0.48387096774193544
0.4878048780487805
0.45588235294117646
0.48120300751879697
0.48387096774193544
0.4732824427480916
0.5039370078740156
0.4833333333333334
0.5
0.4492753623188406
0.4142857142857143
0.46031746031746035
0.4393939393939394
0.4580152671755725
0.41481481481481486
0.4496124031007752
0.4592592592592592
0.4307692307692308
0.4393939393939394
0.4580152671755725
0.4881889763779527
0.4769230769230769
0.5039370078740156
0.46511627906976744
0.48
0.5245901639344263
0.48437499999999994
0.4715447154471545
0.4461538461538462
0.47244094488188976
0.48387096774193544
0.46511627906976744
0.46969696969696967
0.4615384615384615
0.42519685039370075
0.4915254237288136
0.512396694214876
0.4375
0.4615384615384615
0.4878048780487805
0.4580152671755725
0.48
0.4225352112676056
0.4592592592592592
0.4580152671755725
0.45454545454545453
0.5166666666666667
0.48
0.47244094488188976
0.4647887323943662
0.46031746031746035
0.5079365079365079
0.44274809160305345
0.48062015503875966
0.45454545454545453
0.48437499999999994
0.463768115942029
0.43283582089552236
0.4776119402985074
0.4705882352941176
0.46874999999999994
0.5322580645161291
0.49599999999999994
0.4615384615384615
0.49586776859504134
0.42105263157894735
0.48
0.49624060150375937
0.48062015503875966
0.4769230769230769
0.43795620437956206
0.46031746031746035
0.43902439024390244
0.48062015503875966
0.4715447154471545
0.4715447154471545
0.48437499999999994
0.5116279069767443
0.464
0.4084507042253521
0.4444444444444444
0.47244094488188976
0.4411764705882353
0.4444444444444444
0.4113475177304965
0.463768115942029
0.48
0.4193548387096774
0.4360902255639098
0.48437499999999994
0.48437499999999994
0.47619047619047616
0.464
0.4566929133858268
0.4580152671755725
0.4444444444444444
0.515625
0.417910447761194
0.48437499999999994
0.4833333333333334
0.45112781954887216
0.4274809160305343
0.48437499999999994
0.4552845528455284
0.4496124031007752
0.4776119402985074
0.5322580645161291
0.47619047619047616
0.4878048780487805
0.46874999999999994
0.4461538461538462
0.4885496183206107
0.40601503759398494
0.44628099173553726
0.453125
0.48062015503875966
0.43795620437956206
0.4233576642335767
0.44274809160305345
0.48437499999999994
0.48484848484848486
0.4615384615384615
0.4769230769230769
0.4525547445255474
0.43478260869565216
0.4626865671641791
0.46874999999999994
0.4264705882352941
0.453125
0.5
0.47244094488188976
0.48437499999999994
0.5172413793103448
0.4769230769230769
0.47244094488188976
0.46874999999999994
0.4409448818897638
0.464
0.48437499999999994
0.42424242424242425
0.5079365079365079
0.4525547445255474
0.43902439024390244
0.467741935483871
0.48437499999999994
0.43971631205673756
0.4411764705882353
0.4885496183206107
0.44628099173553726
0.48062015503875966
0.49599999999999994
0.46031746031746035
0.4592592592592592
0.512
0.47244094488188976
0.48484848484848486
0.41221374045801523
0.4592592592592592
0.48062015503875966
0.4715447154471545
0.4477611940298507
0.4496124031007752
0.48120300751879697
0.49230769230769234
0.46874999999999994
0.4274809160305343
0.46715328467153283
0.48484848484848486
0.46031746031746035
0.5076923076923078
0.4492753623188406
0.49599999999999994
0.4426229508196721
0.4963503649635036
0.4172661870503597
0.4307692307692308
0.4626865671641791
0.43283582089552236
0.45112781954887216
0.46031746031746035
0.4715447154471545
0.47619047619047616
0.4360902255639098
0.393939393939394
0.4375
0.43902439024390244
0.49572649572649574
0.45454545454545453
0.4307692307692308
0.46511627906976744
0.49253731343283585
0.43548387096774194
0.42519685039370075
0.4626865671641791
0.4881889763779527
0.47933884297520657
0.45454545454545453
0.46969696969696967
0.49624060150375937
0.5081967213114753
0.4961240310077519
0.47933884297520657
0.4496124031007752
0.46715328467153283
0.56
0.46616541353383456
0.4516129032258064
0.4492753623188406
0.416
0.4626865671641791
0.46969696969696967
0.44285714285714284
0.4615384615384615
0.4360902255639098
0.5040650406504065
0.4732824427480916
0.48120300751879697
0.4580152671755725
0.4566929133858268
0.4202898550724637
0.467741935483871
0.48387096774193544
0.4552845528455284
0.48484848484848486
0.4769230769230769
0.4496124031007752
0.48529411764705876
0.4492753623188406
0.4444444444444444
0.463768115942029
0.48387096774193544
0.463768115942029
0.492063492063492
0.5079365079365079
0.492063492063492
0.47244094488188976
0.5238095238095237
0.48062015503875966
0.4705882352941176
0.46031746031746035
0.4927536231884058
0.4628099173553719
0.453125
0.44799999999999995
0.45901639344262296
0.4626865671641791
0.4833333333333334
0.4375
0.4769230769230769
0.4172661870503597
0.4477611940298507
0.4592592592592592
0.4274809160305343
0.5279999999999999
0.4233576642335767
0.44799999999999995
0.4881889763779527
0.4264705882352941
0.4583333333333333
0.44604316546762585
0.4881889763779527
0.512396694214876
0.4233576642335767
0.5039370078740156
0.4461538461538462
0.42424242424242425
0.5161290322580645
0.4732824427480916
0.44274809160305345
0.4615384615384615
0.432
0.5038167938931297
0.4885496183206107
0.4881889763779527
0.48387096774193544
0.4580152671755725
0.4878048780487805
0.4715447154471545
0.492063492063492
0.43283582089552236
0.48
0.48437499999999994
0.4615384615384615
0.43971631205673756
0.4409448818897638
0.48920863309352514
0.47244094488188976
0.4444444444444444
0.48
0.4715447154471545
0.5116279069767443
0.453125
0.4881889763779527
0.47244094488188976
0.44755244755244755
0.46616541353383456
0.4857142857142857
0.425531914893617
0.4525547445255474
0.48484848484848486
0.453125
0.4878048780487805
0.46874999999999994
0.42424242424242425
0.48484848484848486
0.4492753623188406
0.46874999999999994
0.45901639344262296
0.5116279069767443
0.4566929133858268
0.44274809160305345
0.4961240310077519
0.5038167938931297
0.49253731343283585
0.5112781954887218
0.453125
0.43283582089552236
0.4626865671641791
0.5203252032520326
0.42105263157894735
0.5038167938931297
0.4552845528455284
0.492063492063492
0.464
0.4274809160305343
0.4769230769230769
0.49230769230769234
0.492063492063492
0.43410852713178294
0.4580152671755725
0.5299145299145298
0.48437499999999994
0.4360902255639098
0.48
0.49230769230769234
0.4461538461538462
0.4626865671641791
0.453125
0.4477611940298507
0.46511627906976744
0.4393939393939394
0.467741935483871
0.4444444444444444
0.44604316546762585
0.49180327868852464
0.4496124031007752
0.49230769230769234
0.464
0.4626865671641791
0.48437499999999994
0.44274809160305345
0.4444444444444444
0.4496124031007752
0.43333333333333335
0.4881889763779527
0.5289256198347108
0.453125
0.47619047619047616
0.492063492063492
0.42519685039370075
0.4393939393939394
0.5081967213114753
0.4881889763779527
0.43410852713178294
0.4580152671755725
0.46511627906976744
0.44799999999999995
0.464
0.492063492063492
0.5
0.46715328467153283
0.48437499999999994
0.453125
0.48
0.4516129032258064
0.43902439024390244
