0.42201834862385323
0.5161290322580645
0.5
0.453781512605042
0.512396694214876
0.576271186440678
0.5172413793103448
0.4705882352941176
0.432
0.4642857142857143
0.5128205128205128
0.4954128440366972
0.48648648648648646
0.47787610619469023
0.5272727272727273
0.4587155963302752
0.4912280701754386
0.456140350877193
0.492063492063492
0.5084745762711864
0.495575221238938
0.5333333333333333
0.55
0.5289256198347108
0.4705882352941176
0.56
0.5299145299145298
0.5573770491803278
0.48739495798319327
0.5132743362831858
0.4954128440366972
0.3968253968253968
0.42735042735042733
0.5
0.5172413793103448
0.4814814814814815
0.5691056910569106
0.4833333333333334
0.49586776859504134
0.4629629629629629
0.5378151260504203
0.5039370078740156
0.5
0.5811965811965811
0.509090909090909
0.495575221238938
0.432
0.47863247863247865
0.512396694214876
0.375
0.5299145299145298
0.4999999999999999
0.5309734513274336
0.4961240310077519
0.49586776859504134
0.38655462184873945
0.5087719298245613
0.4655172413793103
0.5245901639344263
0.5391304347826088
0.5964912280701755
0.5409836065573771
0.6115702479338843
0.5645161290322581
0.4132231404958677
0.5528455284552846
0.591304347826087
0.4132231404958677
0.4566929133858268
0.5299145299145298
0.47540983606557374
0.4869565217391304
0.5409836065573771
0.4745762711864407
0.5511811023622046
0.564885496183206
0.4912280701754386
0.4869565217391304
0.453781512605042
0.4695652173913043
0.47787610619469023
0.49572649572649574
0.6
0.5161290322580645
0.5172413793103448
0.46031746031746035
0.5087719298245613
0.3508771929824561
0.5245901639344263
0.48437499999999994
0.5409836065573771
0.4878048780487805
0.5128205128205128
0.4
0.5128205128205128
0.5132743362831858
0.5
0.495575221238938
0.5128205128205128
0.467741935483871
0.4999999999999999
0.4715447154471545
0.42857142857142855
0.47540983606557374
0.47933884297520657
0.5217391304347826
0.4615384615384615
0.42519685039370075
0.49599999999999994
0.3859649122807017
0.5486725663716815
0.5045045045045045
0.5365853658536585
0.55
0.4655172413793103
0.5040650406504065
0.5254237288135594
0.5423728813559323
0.48739495798319327
0.4705882352941176
0.4385964912280702
0.5454545454545454
0.5043478260869565
0.6
0.5663716814159292
0.4444444444444444
0.48739495798319327
0.4705882352941176
0.45762711864406785
0.45217391304347826
0.5289256198347108
0.509090909090909
0.5045045045045045
0.495575221238938
0.4426229508196721
0.5
0.559322033898305
0.4827586206896552
0.4715447154471545
0.4369747899159664
0.5087719298245613
0.5714285714285714
0.492063492063492
0.4666666666666667
0.453781512605042
0.4736842105263158
0.5299145299145298
0.5166666666666667
0.5833333333333334
0.5344827586206896
0.4881889763779527
0.5454545454545455
0.5210084033613446
0.4827586206896552
0.6065573770491803
0.55
0.5333333333333333
0.4406779661016949
0.5454545454545454
0.48648648648648646
0.47863247863247865
0.47787610619469023
0.39669421487603307
0.4736842105263158
0.4324324324324324
0.4859813084112149
0.4552845528455284
0.4912280701754386
0.512396694214876
0.5254237288135594
0.42857142857142855
0.5641025641025642
0.4999999999999999
0.49180327868852464
0.4642857142857143
0.47933884297520657
0.5203252032520326
0.4324324324324324
0.48387096774193544
0.5826771653543307
0.5084745762711864
0.5
0.48387096774193544
0.48648648648648646
0.4587155963302752
0.576271186440678
0.4827586206896552
0.5178571428571428
0.4629629629629629
0.48387096774193544
0.42857142857142855
0.49586776859504134
0.4464285714285714
0.4814814814814815
0.5483870967741935
0.5128205128205128
0.5217391304347826
0.4745762711864407
0.5663716814159292
0.4912280701754386
0.544
0.42201834862385323
0.5289256198347108
0.4715447154471545
0.5245901639344263
0.5225225225225225
0.48739495798319327
0.4615384615384615
0.46017699115044247
0.5210084033613446
0.4878048780487805
0.4833333333333334
0.4912280701754386
0.5289256198347108
0.46846846846846846
0.5084745762711864
0.4745762711864407
0.4833333333333334
0.5862068965517241
0.4814814814814815
0.4587155963302752
0.512396694214876
0.42201834862385323
0.512396694214876
0.5081967213114753
0.5081967213114753
0.5042016806722689
0.4385964912280702
0.5043478260869565
0.4666666666666667
0.5688073394495413
0.5511811023622046
0.45045045045045046
0.5299145299145298
0.49586776859504134
0.5
0.4715447154471545
0.5546218487394957
0.4615384615384615
0.56
0.5573770491803278
0.45762711864406785
0.5279999999999999
0.544
0.4324324324324324
0.38532110091743127
0.4132231404958677
0.5081967213114753
0.4615384615384615
0.5365853658536585
0.5
0.4715447154471545
0.46017699115044247
0.5299145299145298
0.5254237288135594
0.41666666666666663
0.5166666666666667
0.5217391304347826
0.45217391304347826
0.4655172413793103
0.4642857142857143
0.592
0.5272727272727273
0.5344827586206896
0.47706422018348627
0.512
0.5333333333333333
0.5546218487394957
0.4915254237288136
0.44799999999999995
0.44628099173553726
0.48739495798319327
0.5087719298245613
0.5161290322580645
0.5132743362831858
0.47169811320754707
0.45901639344262296
0.5
0.5333333333333333
0.47933884297520657
0.48
0.4695652173913043
0.5517241379310346
0.4406779661016949
0.5289256198347108
0.47863247863247865
0.5806451612903225
0.5528455284552846
0.4869565217391304
0.49090909090909096
0.6016260162601627
0.48739495798319327
0.5294117647058824
0.5483870967741935
0.4869565217391304
0.5309734513274336
0.512396694214876
0.47933884297520657
0.47933884297520657
0.4912280701754386
0.5
0.4
0.467741935483871
0.5
0.5565217391304348
0.5357142857142857
0.47863247863247865
0.5087719298245613
0.5882352941176471
0.46846846846846846
0.5391304347826088
0.5039370078740156
0.4745762711864407
0.48739495798319327
0.5238095238095237
0.5645161290322581
0.4193548387096774
0.4833333333333334
0.495575221238938
0.5378151260504203
0.4464285714285714
0.5210084033613446
0.4881889763779527
0.5546218487394957
0.47706422018348627
0.4745762711864407
0.4666666666666667
0.4881889763779527
0.46017699115044247
0.5
0.4859813084112149
0.5423728813559323
0.5423728813559323
0.5391304347826088
0.4833333333333334
0.4745762711864407
0.5084745762711864
0.5042016806722689
0.47706422018348627
0.41441441441441446
0.47619047619047616
0.47169811320754707
0.456140350877193
0.5079365079365079
0.5132743362831858
0.45762711864406785
0.5279999999999999
0.5043478260869565
0.5084745762711864
0.4615384615384615
0.5565217391304348
0.5084745762711864
0.55
0.5344827586206896
0.5309734513274336
0.5151515151515151
0.5084745762711864
0.5178571428571428
0.5043478260869565
0.5087719298245613
0.47706422018348627
0.5042016806722689
0.553846153846154
0.5225225225225225
0.5254237288135594
0.495575221238938
0.5043478260869565
0.56
0.4999999999999999
0.5128205128205128
0.4821428571428571
0.5254237288135594
0.4150943396226415
0.5950413223140496
0.49586776859504134
0.48739495798319327
0.47244094488188976
0.5084745762711864
0.5
0.5
0.4912280701754386
0.42201834862385323
0.47619047619047616
0.467741935483871
0.5043478260869565
0.5128205128205128
0.5040650406504065
0.45217391304347826
0.47933884297520657
0.4715447154471545
0.47787610619469023
0.5546218487394957
0.4666666666666667
0.512396694214876
0.49599999999999994
0.4313725490196078
0.5391304347826088
0.5217391304347826
0.495575221238938
0.48739495798319327
0.4961240310077519
0.5217391304347826
0.5084745762711864
0.4464285714285714
0.5765765765765766
0.512396694214876
0.5378151260504203
0.4715447154471545
0.40322580645161293
0.49586776859504134
0.4869565217391304
0.5263157894736842
0.4736842105263158
0.5882352941176471
0.5344827586206896
0.5454545454545454
0.48
0.5225225225225225
0.5116279069767443
0.47933884297520657
0.4132231404958677
0.42187499999999994
0.43333333333333335
0.4324324324324324
0.5043478260869565
0.4695652173913043
0.39669421487603307
0.47706422018348627
0.515625
0.5614035087719298
0.4745762711864407
0.5964912280701755
0.4999999999999999
0.5511811023622046
0.4745762711864407
0.5
0.5689655172413793
0.4915254237288136
0.4615384615384615
0.5279999999999999
0.5190839694656487
0.46846846846846846
0.5
0.559322033898305
0.47787610619469023
0.5641025641025642
0.5378151260504203
0.4464285714285714
0.47540983606557374
0.47706422018348627
0.41441441441441446
0.47706422018348627
0.453781512605042
0.4915254237288136
0.5210084033613446
0.4369747899159664
0.45217391304347826
0.5172413793103448
0.5344827586206896
0.5322580645161291
0.5714285714285715
0.5344827586206896
0.47706422018348627
0.5289256198347108
0.495575221238938
0.534351145038168
0.5
0.5040650406504065
0.4954128440366972
0.5178571428571428
0.5391304347826088
0.4912280701754386
0.453781512605042
0.4695652173913043
0.4629629629629629
0.4545454545454546
0.55
0.512
0.47863247863247865
0.6218487394957983
0.5084745762711864
0.5087719298245613
0.5641025641025642
0.4193548387096774
0.4915254237288136
0.495575221238938
0.5384615384615384
0.515625
0.43478260869565216
0.5
0.4999999999999999
0.5409836065573771
0.5172413793103448
0.5084745762711864
0.423728813559322
0.43636363636363634
0.5517241379310346
0.42990654205607476
0.5137614678899082
0.4385964912280702
