0.7843185875818289
0.7528764134100376
0.7418666931164452
0.7613072803015276
0.7342293195794486
0.7536203134298751
0.7417923031144613
0.7569430668518151
0.7261704026978775
0.7530251934140052
0.7171196191231899
0.7450902598690735
0.7587284268994248
0.7418666931164452
0.7582820868875222
0.7526284467367587
0.735469152945844
0.7288732394366197
0.7464292799047809
0.7364114263043047
0.7519341400515771
0.73492362626463
0.7749950406665345
0.7582820868875223
0.7596707002578853
0.7487849633009324
0.7755653640150764
0.7352707796072208
0.7598194802618528
0.7525788534021028
0.7626463003372346
0.7224261059313629
0.7318488395159691
0.7339813529061694
0.7609353302916088
0.755852013489387
0.7526780400714144
0.7639853203729418
0.7491073199761952
0.7560503868280104
0.7669609204522913
0.7411723864312636
0.7459829398928783
0.7502975600079349
0.748313826621702
0.7703828605435429
0.7250545526681212
0.7347748462606625
0.7516365800436422
0.7239634993056933
0.7253521126760563
0.7388910930370959
0.7657706804205515
0.7332870462209878
0.7629934536798255
0.744147986510613
0.7345764729220392
0.7597202935925411
0.7517853600476095
0.751388613370363
0.7573894068637176
0.7397837730609006
0.7456357865502877
0.7521325133902004
0.7272366593929775
0.764530847054156
0.759521920253918
0.7469748065859949
0.7460325332275343
0.7762348740329301
0.7590011902400318
0.7485617932949812
0.7536947034318587
0.7281541360841104
0.7428089664749058
0.74050287641341
0.727385439396945
0.7384943463598493
0.7428089664749058
0.7334358262249554
0.7591251735766713
0.7607617536203134
0.7272862527276334
0.76115850029756
0.7283277127554058
0.7437016464987105
0.7538682801031542
0.7405772664153938
0.7469748065859949
0.7310553461614758
0.7392382463796866
0.7465284665740924
0.7615304503074787
0.73824637968657
0.7578853402102758
0.7259472326919262
0.7424122197976591
0.7752678040071415
0.7615056536401507
0.7417923031144614
0.7747470739932554
0.7238147193017258
0.7519341400515769
0.7678536004760961
0.7217813925808372
0.7547113667923031
0.7484378099583416
0.7576869668716525
0.7551577068042056
0.7613568736361832
0.7663162071017655
0.758926800238048
0.7558024201547312
0.7302122594723269
0.7453382265423527
0.7246578059908748
0.7387919063677841
0.7540666534417774
0.7393374330489985
0.7635885736956953
0.7659194604245189
0.7662170204324539
0.7667625471136679
0.7459581432255504
0.7635885736956953
0.7690438405078358
0.7250049593334656
0.7502479666732791
0.7411723864312636
0.747768299940488
0.7688454671692124
0.7412715731005752
0.7646300337234676
0.7418170997817893
0.7119619123189843
0.7641836937115651
0.7401805197381472
0.7343285062487601
0.7334358262249553
0.71984725252926
0.7434040864907757
0.7298155127950803
0.7219797659194604
0.7423626264630034
0.762844673675858
0.758629240230113
0.7458341598889109
0.7453878198770085
0.7564967268399128
0.7480658599484229
0.7388910930370958
0.7549345367982544
0.7515869867089864
0.7545129934536798
0.755306486808173
0.7612080936322159
0.7378496330093235
0.7411723864312637
0.7298651061297362
0.7672584804602262
0.7751934140051577
0.7392878397143424
0.7326423328704622
0.7521325133902004
0.7342789129141043
0.7490081333068835
0.7202192025391787
0.7287740527673081
0.7556536401507638
0.7315512795080341
0.7628942670105139
0.7622991469946439
0.7519341400515771
0.7441975798452688
0.7457845665542551
0.7602162269390993
0.7379984130132909
0.7544634001190239
0.7412715731005752
0.7402797064074589
0.7217813925808372
0.737452886332077
0.7504463400119025
0.7619519936520531
0.7380975996826026
0.7560503868280102
0.7601170402697878
0.7536203134298751
0.7466772465780599
0.7485617932949812
0.7563975401706012
0.7388910930370959
0.7648284070620909
0.7470739932553064
0.7138216623685777
0.7605633802816901
0.7468756199166833
0.763092640349137
0.7596707002578854
0.7721186272564967
0.7498016266613766
0.7613568736361834
0.7450902598690736
0.722376512596707
0.7484130132910136
0.7482146399523906
0.7311545328307876
0.7337333862328903
0.7376512596707003
0.7258976393572704
0.75059512001587
0.7333366395556437
0.7450902598690736
0.7355187462805
0.7484130132910137
0.7673080737948819
0.762795080341202
0.7360146796270581
0.7472723665939297
0.756695100178536
0.7714243205713152
0.7257488593533031
0.7389902797064075
0.756744693513192
0.7417179131124777
0.7293195794485222
0.7505703233485419
0.7654731204126165
0.7489585399722277
0.7427593731402501
0.7641588970442372
0.7345020829200555
0.7697877405276731
0.7537690934338425
0.7367585796468954
0.7549097401309264
0.7335350128942671
0.7474955365998811
0.7429577464788732
0.7372049196587978
0.7172188057925014
0.736907359650863
0.7236659392977584
0.7550585201348939
0.7449414798651062
0.7355931362824836
0.737973616345963
0.7274350327316009
0.7218805792501487
0.7427841698075779
0.7295675461218012
0.7291212061098987
0.7509422733584606
0.7394862130529656
0.7605137869470343
0.7513390200357073
0.7760612973616346
0.7683495338226543
0.7560999801626662
0.7592243602459828
0.7591251735766713
0.757810950208292
0.740478079746082
0.7444951398532037
0.7616048403094624
0.7395853997222773
0.7564223368379289
0.758926800238048
0.7374032929974211
0.7147391390597104
0.7402797064074589
0.7465284665740926
0.7564471335052568
0.739089466375719
0.7671097004562588
0.7504463400119025
0.7351219996032534
0.7551577068042055
0.7616048403094625
0.7379488196786351
0.7356675262844674
0.7322455861932157
0.7458341598889109
0.7599186669311645
0.7294683594524896
0.7450406665344178
0.7463300932354692
0.7453878198770085
0.7500991866693116
0.7498512199960325
0.7581829002182107
0.7322455861932158
0.7421642531243801
0.7487353699662765
0.7253521126760564
0.7528268200753819
0.7521325133902004
0.735816306288435
0.716822059115255
0.7306090061495734
0.7575877802023409
0.7252033326720889
0.7368081729815512
0.7450902598690735
0.7538186867684984
0.7607121602856576
0.7348244395953184
0.7330390795477087
0.744991073199762
0.7375520730013886
0.7785161674270977
0.75
0.7250545526681214
0.762249553659988
0.7415195397738544
0.755033723467566
0.7389406863717516
0.7411723864312636
0.7561495734973219
0.7501735766712954
0.747768299940488
0.7415691331085101
0.7546617734576474
0.7548601467962706
0.7440487998413013
0.7573894068637175
0.731848839515969
0.7410236064272961
0.7722674072604642
0.7430073398135291
0.7617288236461021
0.7199464391985717
0.7372049196587979
0.7454374132116643
0.7449414798651062
0.7248065859948424
0.7375768696687165
0.7412715731005753
0.7499008133306884
0.7507934933544932
0.7467764332473715
0.7485617932949812
0.7318984328506248
0.739932553064868
0.7601666336044436
0.7502479666732791
0.7562983535012895
0.7678040071414401
0.7430569331481849
0.7429081531442173
0.7585796468954572
0.7364114263043048
0.7511406466970838
0.7328655028764134
0.7466276532434042
0.7217317992461814
0.755852013489387
0.7608113469549692
0.7751686173378297
0.7618528069827415
0.7737056139654831
0.7436024598293989
0.7689942471731799
0.7603650069430667
0.7439992065066455
0.7619519936520531
0.7453382265423527
0.7643820670501885
0.7695397738543939
0.7382463796865701
0.7598690735965087
0.7341797262447927
0.7588772069033922
0.7195992858559809
0.7336341995635787
0.7368577663162071
0.7371305296568141
0.7697381471930173
0.7382711763538979
0.7503967466772467
0.7511902400317398
0.7358163062884348
0.737155326324142
0.7322951795278715
0.7556040468161079
0.7624479269986113
0.7198472525292601
0.7676056338028169
0.7393870263836541
0.736857766316207
0.7514382067050188
0.7531739734179725
0.7554552668121405
0.7504463400119025
0.7636877603650069
0.7540666534417775
0.7605633802816902
0.760067446935132
0.7552816901408451
0.7347748462606626
0.7583316802221782
0.7503967466772465
0.7584804602261456
0.7474707399325531
0.7768299940487999
0.7446439198571713
0.7409740130926404
0.7232691926205118
0.737155326324142
0.7511406466970839
0.7476939099385044
0.7445447331878595
0.7592739535806388
0.7696389605237057
0.7421642531243802
0.739982146399524
0.7541162467764332
0.7467764332473715
0.721806189248165
0.7339813529061695
0.7339317595715137
0.7335846062289229
0.7350724062685975
0.7644812537195002
0.7543642134497124
0.7560503868280103
0.7486113866296371
0.7221781392580836
0.7510662566951002
0.738295973021226
0.7653987304106328
0.7598194802618528
0.7543146201150566
0.74275937314025
0.7487105732989487
0.7467516365800436
0.7545625867883357
0.729617139456457
0.7404284864114263
0.7381471930172585
0.7234179726244793
0.7349236262646301
0.7551825034715335
0.7214838325729024
0.7504959333465582
0.7585796468954573
0.7588772069033922
0.753620313429875
0.7356179329498115
0.7509918666931165
0.744693513191827
0.7568438801825035
0.7263439793691727
0.7306090061495735
0.7704820472128546
0.7443959531838921
0.7478178932751438
0.7544138067843681
0.7512894267010515
0.736857766316207
0.7359650862924024
0.7389406863717517
0.7511902400317397
0.7609353302916088
0.7446439198571712
0.7415691331085101
0.7490081333068835
0.7190537591747668
0.758678833564769
0.7610097202935926
0.745288633207697
0.743304899821464
0.7325927395358064
0.7582820868875223
0.7486609799642927
0.7416683197778219
0.7347252529260067
0.7471235865899623
0.7586292402301129
0.7709283872247571
0.7511406466970839
0.7613072803015274
0.7460325332275342
0.740527673080738
0.7397837730609006
0.7721682205911525
0.7545625867883355
0.7353203729418766
0.7455861932156318
0.7512150366990676
0.7284268994247174
0.7423378297956755
0.7706804205514779
0.7635389803610394
0.7116643523110494
0.7417179131124777
0.728228526086094
0.7573894068637175
0.7739287839714343
0.7557032334854196
