0.9471830985915493
0.926056338028169
0.9225352112676056
0.926056338028169
0.9330985915492958
0.954225352112676
0.9471830985915493
0.9295774647887324
0.9049295774647887
0.9471830985915493
0.9436619718309859
0.9612676056338029
0.954225352112676
0.9471830985915493
0.9647887323943662
0.954225352112676
0.9471830985915493
0.9401408450704225
0.9154929577464789
0.9401408450704225
0.9507042253521126
0.9014084507042254
0.9436619718309859
0.9366197183098591
0.9295774647887324
0.9330985915492958
0.9471830985915493
0.9401408450704225
0.9330985915492958
0.954225352112676
0.9612676056338029
0.8943661971830986
0.926056338028169
0.9436619718309859
0.9471830985915493
0.9612676056338029
0.9401408450704225
0.9295774647887324
0.9295774647887324
0.9577464788732394
0.9436619718309859
0.9154929577464789
0.9436619718309859
0.9577464788732394
0.9612676056338029
0.9507042253521126
0.9049295774647887
0.9366197183098591
0.9330985915492958
0.9295774647887324
0.9471830985915493
0.9330985915492958
0.9577464788732394
0.9084507042253521
0.9295774647887324
0.9119718309859155
0.9507042253521126
0.9366197183098591
0.9330985915492958
0.954225352112676
0.9683098591549296
0.9366197183098591
0.954225352112676
0.9366197183098591
0.9119718309859155
0.9366197183098591
0.9647887323943662
0.9119718309859155
0.9049295774647887
0.9471830985915493
0.9225352112676056
0.9436619718309859
0.9366197183098591
0.9330985915492958
0.926056338028169
0.9190140845070423
0.9471830985915493
0.9436619718309859
0.926056338028169
0.9401408450704225
0.9471830985915493
0.9401408450704225
0.9295774647887324
0.926056338028169
0.9471830985915493
0.9084507042253521
0.9507042253521126
0.9190140845070423
0.9330985915492958
0.9084507042253521
0.9366197183098591
0.9225352112676056
0.9436619718309859
0.926056338028169
0.9436619718309859
0.954225352112676
0.9225352112676056
0.9507042253521126
0.9436619718309859
0.9154929577464789
0.9330985915492958
0.9190140845070423
0.9401408450704225
0.9225352112676056
0.926056338028169
0.9507042253521126
0.9330985915492958
0.897887323943662
0.9190140845070423
0.926056338028169
0.9612676056338029
0.9577464788732394
0.9330985915492958
0.9436619718309859
0.9366197183098591
0.926056338028169
0.9436619718309859
0.9471830985915493
0.9330985915492958
0.9295774647887324
0.9366197183098591
0.9401408450704225
0.9471830985915493
0.9295774647887324
0.9647887323943662
0.954225352112676
0.9330985915492958
0.9295774647887324
0.9295774647887324
0.9366197183098591
0.9366197183098591
0.9612676056338029
0.9577464788732394
0.9507042253521126
0.9154929577464789
0.954225352112676
0.9507042253521126
0.9401408450704225
0.9190140845070423
0.9225352112676056
0.9507042253521126
0.9683098591549296
0.9154929577464789
0.926056338028169
0.926056338028169
0.9436619718309859
0.9471830985915493
0.9366197183098591
0.9507042253521126
0.9507042253521126
0.9119718309859155
0.9683098591549296
0.9401408450704225
0.9401408450704225
0.9507042253521126
0.9436619718309859
0.9401408450704225
0.926056338028169
0.9401408450704225
0.954225352112676
0.9366197183098591
0.9471830985915493
0.9084507042253521
0.9436619718309859
0.9436619718309859
0.9647887323943662
0.9154929577464789
0.9471830985915493
0.9330985915492958
0.9436619718309859
0.9401408450704225
0.954225352112676
0.9330985915492958
0.926056338028169
0.9471830985915493
0.926056338028169
0.9295774647887324
0.9436619718309859
0.9190140845070423
0.9330985915492958
0.9401408450704225
0.9436619718309859
0.9190140845070423
0.954225352112676
0.954225352112676
0.954225352112676
0.9401408450704225
0.9577464788732394
0.9577464788732394
0.9190140845070423
0.9401408450704225
0.9295774647887324
0.9436619718309859
0.9612676056338029
0.9330985915492958
0.9436619718309859
0.9507042253521126
0.9330985915492958
0.9647887323943662
0.9471830985915493
0.9295774647887324
0.9471830985915493
0.9366197183098591
0.9190140845070423
0.9330985915492958
0.9612676056338029
0.9330985915492958
0.9330985915492958
0.9436619718309859
0.9401408450704225
0.9225352112676056
0.9295774647887324
0.9471830985915493
0.9366197183098591
0.9507042253521126
0.9401408450704225
0.9330985915492958
0.9295774647887324
0.9612676056338029
0.9612676056338029
0.954225352112676
0.9330985915492958
0.9471830985915493
0.9330985915492958
0.9295774647887324
0.9295774647887324
0.9366197183098591
0.9366197183098591
0.9471830985915493
0.926056338028169
0.9753521126760564
0.926056338028169
0.9471830985915493
0.9471830985915493
0.9295774647887324
0.9225352112676056
0.9190140845070423
0.9471830985915493
0.9330985915492958
0.9330985915492958
0.9401408450704225
0.9295774647887324
0.926056338028169
0.9295774647887324
0.9436619718309859
0.9401408450704225
0.9119718309859155
0.9295774647887324
0.9330985915492958
0.9330985915492958
0.9225352112676056
0.9190140845070423
0.9436619718309859
0.9471830985915493
0.9436619718309859
0.9154929577464789
0.9366197183098591
0.9507042253521126
0.9366197183098591
0.9366197183098591
0.9471830985915493
0.9401408450704225
0.9647887323943662
0.9507042253521126
0.9577464788732394
0.9225352112676056
0.9401408450704225
0.9471830985915493
0.9366197183098591
0.9084507042253521
0.9190140845070423
0.9330985915492958
0.9507042253521126
0.926056338028169
0.954225352112676
0.9647887323943662
0.9190140845070423
0.9436619718309859
0.9401408450704225
0.926056338028169
0.9154929577464789
0.9401408450704225
0.954225352112676
0.926056338028169
0.9366197183098591
0.9366197183098591
0.9401408450704225
0.9366197183098591
0.9436619718309859
0.9577464788732394
0.9471830985915493
0.9330985915492958
0.897887323943662
0.9330985915492958
0.9436619718309859
0.9577464788732394
0.9330985915492958
0.926056338028169
0.926056338028169
0.9471830985915493
0.954225352112676
0.9119718309859155
0.9154929577464789
0.9436619718309859
0.9577464788732394
0.9612676056338029
0.9366197183098591
0.9507042253521126
0.954225352112676
0.9507042253521126
0.954225352112676
0.9154929577464789
0.9330985915492958
0.9330985915492958
0.9225352112676056
0.9366197183098591
0.9049295774647887
0.9295774647887324
0.9507042253521126
0.9436619718309859
0.9436619718309859
0.9401408450704225
0.9119718309859155
0.9471830985915493
0.9577464788732394
0.9330985915492958
0.926056338028169
0.9119718309859155
0.9436619718309859
0.9119718309859155
0.9647887323943662
0.9471830985915493
0.9471830985915493
0.954225352112676
0.9295774647887324
0.9330985915492958
0.9401408450704225
0.9366197183098591
0.9577464788732394
0.9401408450704225
0.9683098591549296
0.9647887323943662
0.9401408450704225
0.9190140845070423
0.954225352112676
0.9295774647887324
0.926056338028169
0.9471830985915493
0.9401408450704225
0.9330985915492958
0.9577464788732394
0.9401408450704225
0.9436619718309859
0.9507042253521126
0.9577464788732394
0.9049295774647887
0.9401408450704225
0.9577464788732394
0.9471830985915493
0.9507042253521126
0.9577464788732394
0.9366197183098591
0.9190140845070423
0.9612676056338029
0.9436619718309859
0.9507042253521126
0.9471830985915493
0.9330985915492958
0.9330985915492958
0.9436619718309859
0.9507042253521126
0.9436619718309859
0.954225352112676
0.9507042253521126
0.9295774647887324
0.9330985915492958
0.9084507042253521
0.9401408450704225
0.9436619718309859
0.9436619718309859
0.9471830985915493
0.9471830985915493
0.9119718309859155
0.9154929577464789
0.9471830985915493
0.9436619718309859
0.926056338028169
0.9366197183098591
0.926056338028169
0.9190140845070423
0.9471830985915493
0.9471830985915493
0.926056338028169
0.9330985915492958
0.9190140845070423
0.9683098591549296
0.954225352112676
0.9507042253521126
0.9507042253521126
0.9330985915492958
0.9084507042253521
0.9507042253521126
0.9401408450704225
0.9436619718309859
0.971830985915493
0.9330985915492958
0.9436619718309859
0.9190140845070423
0.9014084507042254
0.9295774647887324
0.9436619718309859
0.954225352112676
0.9436619718309859
0.954225352112676
0.9507042253521126
0.9401408450704225
0.9154929577464789
0.9612676056338029
0.9119718309859155
0.926056338028169
0.9119718309859155
0.8943661971830986
0.9190140845070423
0.9436619718309859
0.9471830985915493
0.9401408450704225
0.9084507042253521
0.9577464788732394
0.9154929577464789
0.9612676056338029
0.9330985915492958
0.9683098591549296
0.9330985915492958
0.926056338028169
0.9330985915492958
0.9436619718309859
0.9577464788732394
0.9366197183098591
0.9330985915492958
0.926056338028169
0.9084507042253521
0.9507042253521126
0.954225352112676
0.9507042253521126
0.9471830985915493
0.954225352112676
0.9436619718309859
0.9436619718309859
0.9225352112676056
0.9577464788732394
0.9401408450704225
0.9577464788732394
0.926056338028169
0.9366197183098591
0.9401408450704225
0.9225352112676056
0.9366197183098591
0.9471830985915493
0.9507042253521126
0.9295774647887324
0.9507042253521126
0.9507042253521126
0.9577464788732394
0.9366197183098591
0.9507042253521126
0.9119718309859155
0.9225352112676056
0.926056338028169
0.9612676056338029
0.9577464788732394
0.954225352112676
0.9471830985915493
0.926056338028169
0.9401408450704225
0.9577464788732394
0.9507042253521126
0.9436619718309859
0.9225352112676056
0.9366197183098591
0.9612676056338029
0.9401408450704225
0.9507042253521126
0.954225352112676
0.9049295774647887
0.9366197183098591
0.9507042253521126
0.9154929577464789
0.9154929577464789
0.9330985915492958
0.9225352112676056
0.9330985915492958
0.9366197183098591
0.9471830985915493
0.9401408450704225
0.9225352112676056
0.9471830985915493
0.954225352112676
0.954225352112676
0.9647887323943662
0.9366197183098591
