0.5982567783491335
0.5564506446698408
0.5763402964472497
0.5795003027310647
0.5748545055299499
0.5804537531307552
0.5811865734809503
0.6049669590884348
0.5537204848326149
0.6458145066956076
0.6267219449757447
0.5916270324862161
0.5489849804280699
0.551045336742235
0.6039215742352131
0.5680632213795122
0.5789000586278118
0.5936659897639346
0.6115790995071071
0.5696610904760366
0.5797570945221805
0.5617811135844779
0.6064415457083254
0.606227529361392
0.596801043283463
0.599599024854768
0.6192747698872479
0.5702536533579664
0.5697375635185942
0.5845588317471752
0.5654847100061492
0.6071368488226352
0.5719198807428539
0.58792733565085
0.5853137106788084
0.6035455679686068
0.5942879408976924
0.5810310309324257
0.6296896085399838
0.5866975343053813
0.5909581452273394
0.5768120280714139
0.5540907747249821
0.5722703832616104
0.6100115050495403
0.5806301394190422
0.5640093087881335
0.5770379771330121
0.5956597991444391
0.5997374678962266
0.5886062576127713
0.5626961453004341
0.6063950994286188
0.6093275643673277
0.5554880626863707
0.5979583461927962
0.5900638523031849
0.5803210739454274
0.6372772673431896
0.5972117899394237
0.5928941444474519
0.5145919526527781
0.5685256864135121
0.5887579037932129
0.5501626181198995
0.5797264869562052
0.5949180237421183
0.609744805138444
0.5694219849281015
0.5973913985433591
0.6179473574540185
0.6281799788193911
0.5883588207751813
0.5954110943405676
0.5888919616170374
0.5649003638667206
0.5681081555110712
0.6115054044868191
0.5549246590412245
0.5532859298313356
0.5345205476322292
0.6079701017251375
0.5641913176354176
0.5847292217769005
0.578389952114305
0.5633827142212549
0.6045822065543963
0.5960918545001631
0.5603268210209797
0.5691129912923095
0.576810492246111
0.5430421597844215
0.6075010827594596
0.5745081775332147
0.5694669896650775
0.5970190055014114
0.6263347100844782
0.5728087657445281
0.6211718157494912
0.6075817938476713
0.5937598441589044
0.5770314615312805
0.5973195171424878
0.5671646551221142
0.5789485852799394
0.6159213623161022
0.5783064062305872
0.6122692418732429
0.5865312617031071
0.5626814987062209
0.6109751882040384
0.5898762449734726
0.5860429449828735
0.5653797602555103
0.5613214491094173
0.5863197751801325
0.5903176928156556
0.5912957681338936
0.5335964517206662
0.5942271544163203
0.5745536225883239
0.5917950792370428
0.6027011979653893
0.5700129980135336
0.6101182287089066
0.5763339627471753
0.6029267027026166
0.5749687238880293
0.6102941936183173
0.5210372936171016
0.5644913154192492
0.5511425719960473
0.5626384925909866
0.5734065504682326
0.5830366844974996
0.5975682666537575
0.5948237703137511
0.6050274167721991
0.5297037393750946
0.5714455586965579
0.5844304915167639
0.580652903840183
0.5407110283105236
0.5800059903968376
0.5338578182168345
0.5555463371291122
0.5839357931826342
0.5503014736263587
0.587674456335285
0.6052898079353586
0.6120349243714323
0.5864810630008119
0.5880432261302643
0.5723030482137734
0.5905994684562413
0.5748837464203301
0.5968689977634923
0.6104952548603092
0.6012487974458514
0.583456318560224
0.5819696572544573
0.5632642139965685
0.5714657018142824
0.5765373973470167
0.578635832283476
0.56795890576811
0.5660030647389119
0.6016704901440816
0.6233208021008559
0.587942343612583
0.5547046105013786
0.5712819084196209
0.6076870606252494
0.569897238755471
0.5859818981498817
0.5911736727073615
0.5931429217346209
0.6068318802205906
0.5668586089770977
0.5732773828238756
0.5740679257023744
0.612277000120159
0.6200421638090187
0.5789422333610132
0.6152428789729983
0.5612650787603999
0.5677039768256094
0.6014501301171262
0.562589836269112
0.5920549819879939
0.5790459969977061
0.5874719095021204
0.588591621637776
0.6155045574232079
0.5945586083931919
0.5978208617746461
0.6115356784212195
0.6036541652380895
0.5866573283431458
0.550362134815604
0.5967387308503005
0.5962942255037548
0.5769240229567261
0.5828073035570278
0.5633611923705207
0.5919212275995964
0.5743773926815452
0.610536975034229
0.5870051624075074
0.5949043829529107
0.5577805717961438
0.6184262285755447
0.5994364628973152
0.5987577213830717
0.5933448986021944
0.6184437532974907
0.5997543321187386
0.6137527810195398
0.5757163959479494
0.590103038756364
0.5971771920450466
0.6043812972764044
0.559325110647571
0.5951211902419685
0.6141443943464135
0.5907716694636644
0.5909007155360972
0.5747579867557825
0.5940540729884913
0.5361145367706043
0.5641312118003214
0.5662928714542701
0.5895615536885963
0.6137484105817501
0.5701652704694045
0.5642965512323437
0.59964285165776
0.5297376860137779
0.6031371954017746
0.5641057923740821
0.5608966029203581
0.5921944382084173
0.5709110820447673
0.5888033079984203
0.6074496503294781
0.5861539697723861
0.54861340174102
0.5643286262896736
0.5796375488983081
0.59427870347094
0.593434094232605
0.5889856202778284
0.5786095507339887
0.5996569572458376
0.5925226763903478
0.571338306973956
0.5933497064942503
0.5960348889481065
0.5979881233519668
0.5714480906009175
0.6054128944668907
0.5785464520041481
0.5584181569119928
0.5639818595003341
0.5741280647192002
0.6022627470977044
0.5853983435654109
0.5299198863503205
0.6013730198812546
0.5774848234675559
0.6202735988572126
0.5722281682326802
0.581934712834048
0.5912050051055286
0.5998340544604192
0.626866796392047
0.5881625163826922
0.5344578314971821
0.5825024078520966
0.537559881823863
0.5863888018981538
0.5590954999575908
0.5492412775163892
0.5831641184784658
0.6407218545728877
0.5882304741599265
0.5692726313101759
0.5913574600649495
0.5739710106638473
0.6051318688336567
0.6127703623867768
0.6054416911239542
0.56859960842662
0.5969252449742789
0.5675691375520449
0.6209768949141536
0.5810006774230587
0.5495216414968909
0.5427380437244603
0.575834083066094
0.5950192048408123
0.582974580492101
0.5821704343084185
0.5852940387020129
0.5196561555872294
0.5957265050863157
0.5799985536383706
0.5546404766034208
0.5930792300737037
0.6006003162924924
0.5987539052741562
0.5756146536514708
0.5854383563681589
0.5345435224815597
0.5577113789731989
0.5296380854826855
0.622480215750334
0.6114546651316033
0.570780011665875
0.5794818891770672
0.6131798585307551
0.5864509649723412
0.5958414255230864
0.5571059814448049
0.5654886470168885
0.6065351275936726
0.6078475329825587
0.5910126845315773
0.5757194145137603
0.6016893206329812
0.5834259753825417
0.6145745576373403
0.5661865221057238
0.6030119207180996
0.565115071460478
0.5641649739443105
0.5736960396649026
0.5589032305920608
0.6067445455403858
0.5901360729888889
0.595984568743837
0.5823250585829937
0.5685888768693056
0.6192438399371758
0.5902796481019361
0.5687981278982729
0.5886526892127342
0.6139231507335923
0.6100314551358634
0.6053711172639437
0.597983168041975
0.6045493166454198
0.5762086170205362
0.5800381477942181
0.5886662147470759
0.5766367246640517
0.6115675525850508
0.6327568676950746
0.6070331309711428
0.5782403201727838
0.5797153366774197
0.5572948962570948
0.6135359393827047
0.6070957775909996
0.6151549298083642
0.5734732683817358
0.5828632438009556
0.581258923767306
0.5998462336690302
0.6019652921158167
0.5847621881665063
0.5878170726900428
0.6203797545532558
0.5602888109820421
0.5836237485251683
0.5995615240699048
0.5589528256503284
0.5751093507813899
0.5720992666324392
0.5797655487095015
0.591052632144902
0.5944441215210347
0.5721432651957792
0.5741146481608499
0.5989846907856045
0.5578745321650711
0.5711089113979813
0.5849600638631816
0.5917806180054717
0.6229560575403954
0.5860541158708126
0.5922870704734068
0.5812045997401328
0.5792512532810503
0.5740186635958655
0.5896169269911763
0.5826560563326145
0.5723449507111977
0.5896497506148595
0.5595022138472787
0.6178474968883972
0.5830537670302423
0.572663811697025
0.595547998653361
0.5994313934510483
0.5896889258689165
0.5884446581106872
0.5899189537474598
0.5683230491069833
0.5782760805991466
0.589985773300709
0.601813818679587
0.6073049577677441
0.5480382732466121
0.5630479312838383
0.5891935598934299
0.6048540092374916
0.5940335766355649
0.5776427907900215
0.5731437410848013
0.5516123810937699
0.5930802005131868
0.5483359098378275
0.566322250698368
0.590204415661475
0.6074829510739261
0.6187161508784944
0.5884781888484565
0.6300115986628257
0.5683222552373175
0.6288183416814953
0.5733820229996185
0.5862069319229289
0.5784772332937698
0.5855430394033192
0.5559504186938645
0.5946425431168908
0.6076665369521529
0.5542002783282863
0.6220505695774784
0.6214716646991308
0.5588773723528313
0.5853942153034226
0.5974874957884646
0.586664488935319
0.6001501791195974
0.6142296877526345
0.5494212855322181
0.5647693967619742
0.5912599533315598
0.5430758956947662
0.5911289424495159
0.5823664955571572
0.5559842153223093
0.5450082076481253
0.5912231078975251
0.5769984991352675
0.5863316108063924
0.5980008181954435
0.5796299686412663
0.5779830964553277
0.5956307290600842
0.6050760638464181
0.579354447872669
0.5767863867516541
0.5675812380960458
0.5762124410999757
0.5978824081386163
0.5761175373910696
0.5901193572560648
0.5921725765145007
0.5893759168534327
0.5612770766399306
0.5756029647781042
0.5716586106677171
0.5874212589524923
0.5916598531697765
0.5777761312553957
0.5541102361950003
0.6006491868976537
0.5847575065718484
0.6009015795701059
0.5930142255105014
0.5498754904371984
0.5590023170982296
0.586854742477227
0.5736137737088314
0.5692694656819771
0.5685655492552648
0.5692398732270598
0.5963870423558579
0.6063558109698093
0.6102996884441184
0.6346941070953134
0.5731265002917959
0.5729992141068504
0.588830992918666
0.5681063091001235
0.6175492953015692
0.6039692375823078
