0.347612231189406
0.28154256078079287
0.3489007111374386
0.3479900007795423
0.3536796427206294
0.33829770895400807
0.2779420803364324
0.3891066700519516
0.3174671278677349
0.37596742902349695
0.290501469289414
0.38106738680661273
0.31491454040694805
0.3757082568822587
0.3476853288989343
0.41904901002059064
0.30073985775555967
0.41320702758051314
0.33182088271776905
0.403381559572571
0.2993811060858996
0.30344805449230294
0.2774934024340652
0.33308021322995307
0.32666495937861206
0.3291835196777555
0.32853986613821373
0.36134481324203294
0.35117147569895424
0.24603856364957988
0.2617721091099928
0.28590000916721287
0.35094477583974476
0.33113085758788846
0.33487027104902606
0.3555907410826997
0.34468257580023026
0.30832905991302106
0.35173816210557374
0.3377867916415964
0.36245343331166563
0.29393521362129704
0.3471760214701842
0.29359191969203136
0.2582260344377521
0.31228319462903065
0.35554401189662177
0.3580178057935782
0.3105249733995476
0.3269767699931336
0.4286790544786779
0.3593295217743545
0.33029364836574504
0.35644822704083157
0.2728679237288133
0.40603319492894013
0.2890733308934711
0.36368168734443274
0.2756604764413767
0.27631087289002476
0.3535772140729136
0.31508237954156254
0.37113556183501933
0.33267547750678217
0.30302420386481554
0.33288779544752417
0.4074643148379073
0.32518866155516774
0.3516952923981777
0.3043706073500019
0.3009036341694834
0.3733488124127038
0.31677707608643224
0.3275588042553748
0.3168246463303037
0.3654879802469332
0.2754739296807363
0.33532446258704723
0.32721726481985286
0.34313505777445974
0.3401236641655438
0.36801273897815434
0.31548618835364006
0.292554585308277
0.3267093888489721
0.3522568413227717
0.3318099889905013
0.3182105745997909
0.3490300503742028
0.28350918265062136
0.3913051765388716
0.34061878851419564
0.34208780213103707
0.36385321059089015
0.3085515078411991
0.3547036480374678
0.306801060594131
0.26649428452788354
0.35906244440789303
0.3010083703436263
0.25958371184741225
0.29454140973232645
0.3684141872034191
0.3253115817766324
0.3214443272088054
0.2848983863595958
0.40676150559705904
0.28722871457322796
0.3473068017099472
0.2906139443839324
0.3390188624908756
0.3117437118439367
0.31836196263282224
0.317990610997501
0.3081885659984347
0.31972165616819115
0.24007813779639706
0.32243533649878975
0.3084907812365849
0.3219910235461192
0.2990571994753741
0.31613790637026123
0.30416874516048464
0.3246418108387137
0.35671091189992205
0.35890219163055764
0.30804523204654943
0.2821732239989667
0.31084204643746144
0.39199600646296495
0.31570052742457694
0.37452428161827533
0.36237943794214966
0.3696294228146691
0.3749154399475904
0.3263701583199594
0.4101599780103527
0.27118379203895826
0.2688786710593555
0.3604744357364081
0.35137271477079923
0.4083968859614278
0.3702430178590245
0.2842053390585821
0.3985822953367521
0.3773529514607794
0.2865503374381585
0.31928928471623985
0.36818697477863316
0.3481798752498678
0.2896153217118728
0.4074114129989615
0.3469710833772585
0.29018002078684213
0.3226996479596048
0.3431435908549415
0.3197102261575382
0.3554908123728639
0.31971884858767674
0.2813952036546891
0.35098961755765257
0.398380222076088
0.31548209980545067
0.3621573003638494
0.29871802401958975
0.25155722256041263
0.309947827331653
0.2998278205142115
0.2834275313542294
0.3718481034300491
0.359379043124156
0.29392134993470515
0.3215118234360375
0.3606102011247513
0.339677553195143
0.3863349883475176
0.3996649809901509
0.3627054551266982
0.38342894324805316
0.2630014238276393
0.306244511648305
0.3244002421181902
0.34630947855508526
0.2959770859802296
0.3270533144738724
0.38682505513590726
0.3515305101278019
0.2953216206874859
0.33324864814083743
0.3377124324982751
0.41247313341837316
0.33639847002802853
0.3081126368175619
0.3514057597453105
0.3495923542816966
0.40684305497258705
0.30551640136446784
0.3005724479266429
0.30162500144474724
0.29915715404979265
0.3471989266167881
0.34696169628418805
0.3132277172112706
0.3391761058507668
0.302753563763166
0.3769640091948723
0.3140641788907754
0.3469072097057874
0.2829034028563444
0.3234452457248722
0.3494871899837597
0.31433369432099567
0.3235298049332493
0.2764305422514984
0.32241429682859507
0.32078467077982875
0.25735329092235004
0.4356819710010254
0.3410059512943443
0.29206309545222026
0.26679205670622697
0.3227696921756616
0.33367879691132124
0.3760878333082754
0.3280519564551899
0.4040474230102693
0.3463328057939203
0.3264031616247863
0.28023647000844104
0.3468448366922304
0.3727815631670561
0.3579660123413861
0.3565064094707769
0.3110472614026882
0.3945122773168429
0.3140276746558268
0.33796450991964844
0.33380982887485966
0.31506762183348247
0.32926338163612406
0.34515437562382917
0.32506273192595475
0.34634151426293197
0.3293296846654229
0.33876171954012824
0.2874278766749543
0.3199059292098295
0.30685317930124395
0.3536441065740751
0.32448773902530603
0.43747365952872536
0.3883002750935782
0.29816724282956936
0.3252549047893994
0.3153614484278482
0.35790836755862737
0.29973315749264173
0.3763019765882571
0.279758140010789
0.37125624950752906
0.34036692828517257
0.3837293487201436
0.31811614853747555
0.30890102742540154
0.3640622937416607
0.3876335418800716
0.3172965894516968
0.3001733170763477
0.32590414816513075
0.36127980713205515
0.32259643202879956
0.29124401172117903
0.32469524980345177
0.29677153404752715
0.3654828182910476
0.31772032409396533
0.3315571268742256
0.30367079396295704
0.31764185618741303
0.29068046835015193
0.2805155574287795
0.31534743451038794
0.305834776551944
0.29688131091528525
0.3217335342220709
0.2908267116941148
0.29097961984543547
0.2954257728898936
0.31089546334679374
0.3835579302368526
0.2756017953473064
0.3622543719295594
0.3467527795058892
0.3149512026098662
0.27552972188667735
0.3423183446704499
0.3186907195820909
0.32928184987658193
0.3698580327958601
0.3269624331927584
0.4060103695113558
0.24930572590150557
0.3082956908347117
0.3546264016826036
0.35411667425626453
0.2840433271492434
0.26934406168299097
0.3371953185372679
0.29103299624613777
0.38890898154273607
0.33633689718306653
0.30789002225852696
0.35691064704198755
0.3190845627641138
0.349955046825498
0.26612452474442905
0.33726532966282374
0.29492213618768304
0.41083218063757065
0.31373572725817045
0.34851386622558495
0.3373665775679845
0.3000626881431193
0.30858028607804183
0.323088809146247
0.3424637895571473
0.31953314036359026
0.3084261188853128
0.3648094887441692
0.3995145277514921
0.36375156604471853
0.3949936416848271
0.362526042683383
0.34332747464781804
0.3902974967141013
0.34481386232073163
0.3357131418617686
0.3913139853941254
0.32389442712069727
0.24003114684082227
0.28939701850702054
0.3627782803272367
0.3706217983024951
0.3484193867976486
0.3120826213890413
0.2884208788269016
0.3530682391334966
0.31136356738781273
0.32258005540467477
0.3079823774611207
0.3634968683783856
0.3024081957406672
0.3027035979351577
0.3052226826835712
0.3081059188988021
0.328806639738126
0.3589970293290411
0.27954537933044316
0.3063267987481747
0.365234792199467
0.3531474252708344
0.3207404617131443
0.34403887214195505
0.3096791206731939
0.2929492202897422
0.3277018361256277
0.32909397646077515
0.34969690767505185
0.2523961812443772
0.39599589665117313
0.3187966235990596
0.29852613645592135
0.3270355985836631
0.30732223113138674
0.29424586618212717
0.31788929541358557
0.2808707600859114
0.30730650984124225
0.38116930388958353
0.34918984505575773
0.3497174213397893
0.295405448639919
0.2850617245453197
0.32318488962008574
0.2614196068240691
0.29856861910360966
0.3084270275122218
0.2903992869082005
0.3021303427351262
0.30452396696835915
0.31298583421726095
0.33781709643927904
0.30506771151782713
0.3668818126794928
0.32999946648474765
0.3474257146594581
0.36537486752579584
0.3011086528076331
0.30932630636673447
0.3556341476263498
0.2809568924355529
0.3350263148403454
0.41176642583643197
0.3883091557032017
0.31907856324871975
0.3023336177897622
0.35098446034777764
0.3857657593469143
0.46641966608974456
0.2917634274508557
0.314504536770049
0.35889916744874295
0.30394599379987985
0.31579780600049445
0.35666091800169364
0.37619937015744526
0.254773469350711
0.31206525425988535
0.3563004157775621
0.3350522259376701
0.313098822698419
0.340837090828388
0.3536543999174545
0.3495727543993134
0.31863753975889875
0.2969715415293901
0.28998487054986355
0.32881711578605954
0.30323774231279654
0.27718667524783197
0.29651927934943745
0.3129727118960622
0.24634130009442098
0.29461328266331405
0.3411987427598733
0.3802914757000401
0.3774022661065291
0.33044077658314347
0.34441013367544343
0.37682774159041954
0.3393837692349521
0.29858017189729896
0.3079584712758308
0.3383823340110818
0.28627769156241784
0.3568124484407848
0.31967493623289844
0.3111213230392788
0.37099153489403525
0.33514945281736563
0.3661240666568756
0.4192667483547623
0.2820783662559506
0.3391644606654798
0.36897036992985516
0.30068378229558507
0.281862032967751
0.2840828496632292
0.31659162822970094
0.3910711945959961
0.33755063319772527
0.28099816749247497
0.33458864740732913
0.29879058458597807
0.28662370730981385
0.34847403780079383
0.24631463682165283
0.28176960356539227
0.3024163976507524
0.3462499641003282
0.32935595801655826
0.3787445688730688
0.3461467194812241
0.29493001903819044
0.36577641932552796
0.33439215687928703
0.3608314299714229
0.31291511048383985
0.35673603050006447
0.3444682066728741
0.30343858273258295
0.29427312969250585
0.3825196503304723
0.3080333919723297
0.31670348469954285
0.3037071229141777
0.29855699438305544
0.32682483467092505
0.29434471588758004
0.3137852414500504
0.34133918286611475
0.3001625259733418
0.33558568381390663
0.30867501897308386
0.2773787027061066
0.3588042457091984
0.29523749152300427
0.3395149030772206
0.2831722574058922
0.30436167792045926
