0.1978771177791386
0.21166486096063558
0.21308496138119037
0.19360487247811192
0.21075544174135724
0.20504519655244904
0.19492034172246595
0.19285263821736387
0.20795360397680202
0.20115763071580167
0.2191146881287726
0.1969270166453265
0.20643863179074448
0.19459547985587947
0.19598688018522092
0.21549295774647886
0.19141299409359383
0.20057099352874003
0.2239101274312542
0.20508859609268515
0.2030335861321777
0.19317114810072555
0.1969270166453265
0.1884009942004971
0.20944257091846857
0.19476294386034518
0.20305164319248828
0.20571315215235075
0.19383802816901408
0.21166486096063558
0.1948356807511737
0.1916754256884591
0.19595521849042977
0.20367421922841397
0.22772424017790957
0.19389671361502347
0.19105797576154604
0.18869804190999656
0.1964683624132857
0.19684259402569262
0.19479956663055256
0.20236480612067467
0.19738430583501007
0.19398424444974932
0.1983793169978777
0.1960652805723228
0.1948356807511737
0.20508859609268515
0.1964397496087637
0.1983793169978777
0.194076222038111
0.21448692152917503
0.1969270166453265
0.20657276995305165
0.1978771177791386
0.19187020859333215
0.19944515578318395
0.20115990057995028
0.19173708920187793
0.19204415683288922
0.19112483117885393
0.1956426056338028
0.19890687408030272
0.2049753063837571
0.212161860049184
0.1915492957746479
0.19454793275783733
0.19837094858306467
0.19688658265381764
0.2017605633802817
0.24853444994290064
0.19418734630002235
0.207185139824454
0.1994435750304295
0.1983793169978777
0.19839034205231387
0.2063849765258216
0.19138359569179786
0.1978771177791386
0.1979134063641106
0.2151884278644842
0.20885960926851432
0.19123630672926448
0.2057618437900128
0.2057618437900128
0.2050078247261346
0.207185139824454
0.19301725848046022
0.2212510356255178
0.20115990057995028
0.19266295447101212
0.19598688018522092
0.19511737089201878
0.20735259011697305
0.21640430820215412
0.20115565185987722
0.22236703804919067
0.21096307575180814
0.2043496271748136
0.1964683624132857
0.20567086730911788
0.20657276995305165
0.20650054171180932
0.21843790012804096
0.19304861426624262
0.210261569416499
0.2030335861321777
0.19476294386034518
0.22236703804919067
0.19891277489498393
0.19507042253521129
0.2024012930039252
0.2132150930272996
0.19166831977782187
0.19554625047582797
0.1978771177791386
0.19254349627174813
0.1994445546518548
0.19839728023312286
0.19838442419221208
0.18830658368817557
0.19371300265360278
0.19389671361502347
0.19890250594475947
0.2
0.2049753063837571
0.20365435858393607
0.19837486457204767
0.19507042253521129
0.19595521849042977
0.1978771177791386
0.19738430583501007
0.1979134063641106
0.19193341869398206
0.20899431677786015
0.20115990057995028
0.20177192185370288
0.19173708920187793
0.20367421922841397
0.21776465243071333
0.19544231682228203
0.23197366014267423
0.19382318004412014
0.19507042253521129
0.19398032027783138
0.19317114810072555
0.2042975803539184
0.2080482897384306
0.18946405706969086
0.20427625996945528
0.22059859154929579
0.19268388106416276
0.19235963727570904
0.20367421922841397
0.2140845070422535
0.19559093692590324
0.19445028379230606
0.20057099352874003
0.1964397496087637
0.2063849765258216
0.2042975803539184
0.212161860049184
0.1905865573185951
0.19445028379230606
0.20438184663536776
0.1969270166453265
0.19254349627174813
0.2056338028169014
0.20175197526623156
0.19639299209893507
0.2
0.19275653923541247
0.2368238416003266
0.19139280125195618
0.23270735524256653
0.19838442419221208
0.19738430583501007
0.19006471259992386
0.20969752943892866
0.19187020859333215
0.20567086730911788
0.1964683624132857
0.19139280125195618
0.2100352112676056
0.20848505668155273
0.2030335861321777
0.20711838599162546
0.19944515578318395
0.19383802816901408
0.2
0.19695220503347957
0.2140383283306396
0.20057154521330883
0.20934025203854706
0.20944257091846857
0.19436619718309858
0.196023198011599
0.22059859154929579
0.20835884874464178
0.19383802816901408
0.21427230046948356
0.19005390366892713
0.20115990057995028
0.20057218309859154
0.21848591549295776
0.22047670639219935
0.2024012930039252
0.19838442419221208
0.21473456121343448
0.19389671361502347
0.21014084507042252
0.19476294386034518
0.19738430583501007
0.20236480612067467
0.20787188886745128
0.19282970550576184
0.2030046948356808
0.2139188069594035
0.20115990057995028
0.19554625047582797
0.20297339593114241
0.20239009816474607
0.20175197526623156
0.20367421922841397
0.20874500735757834
0.2057618437900128
0.2080482897384306
0.19688658265381764
0.21427230046948356
0.1931338028169014
0.19204415683288922
0.19371300265360278
0.20567086730911788
0.20795360397680202
0.19595521849042977
0.21197183098591552
0.2050078247261346
0.19944515578318395
0.19944515578318395
0.1983793169978777
0.2137857447716603
0.1927664753955834
0.19431762991743565
0.19839034205231387
0.19236710586097228
0.19738430583501007
0.1978771177791386
0.20301810865191147
0.19389671361502347
0.20571315215235075
0.2063380281690141
0.20367421922841397
0.19112249253094324
0.19240810717966336
0.20175599048838488
0.19688658265381764
0.19360487247811192
0.1964683624132857
0.21473456121343448
0.2030335861321777
0.20363701194508826
0.21589021307331166
0.2042975803539184
0.2201673810981833
0.19178403755868545
0.2030335861321777
0.20237212750185324
0.2024012930039252
0.2140845070422535
0.1964397496087637
0.21612965464016975
0.2137857447716603
0.19554625047582797
0.19114688128772636
0.22711267605633806
0.20643863179074448
0.1948356807511737
0.20369718309859156
0.21096307575180814
0.19052867932231068
0.20567086730911788
0.19695220503347957
0.20360816584902675
0.22151088348271447
0.19595521849042977
0.22774858103846962
0.20795360397680202
0.1960652805723228
0.20650054171180932
0.20175599048838488
0.20115565185987722
0.2
0.19398032027783138
0.20176581879335717
0.20650054171180932
0.2201673810981833
0.2030046948356808
0.21267605633802816
0.20116253073999552
0.2056338028169014
0.21083972187555713
0.2137857447716603
0.20176581879335717
0.20917130691123487
0.21110430700142888
0.20571315215235075
0.19502012072434607
0.20438184663536776
0.2247020585048754
0.20114975567691867
0.20848505668155273
0.2
0.19285263821736387
0.20944257091846857
0.20115990057995028
0.19105797576154604
0.19036323202372127
0.20864632237871678
0.22832771275540567
0.2100352112676056
0.22151088348271447
0.20571315215235075
0.19445028379230606
0.1983793169978777
0.20726232394366198
0.20441962117532783
0.2
0.1983793169978777
0.20057154521330883
0.21040086673889494
0.20856045363087616
0.19436619718309858
0.19382318004412014
0.2005729291000239
0.2219092331768388
0.21640430820215412
0.19502012072434607
0.2295239793189517
0.21197183098591552
0.20114975567691867
0.19027590198726604
0.19559093692590324
0.19016068240428488
0.20115763071580167
0.1919517102615694
0.19034205231388332
0.21014084507042252
0.19114688128772636
0.19301725848046022
0.19838442419221208
0.2030729833546735
0.19890958655156749
0.1969053759174767
0.19422878735829613
0.1964397496087637
0.19890687408030272
0.19356136820925554
0.19523293607800649
0.2067605633802817
0.19739978331527627
0.2030335861321777
0.2063849765258216
0.20571315215235075
0.22218744566162407
0.19198640116561438
0.1994445546518548
0.19142502071251036
0.19193341869398206
0.20567086730911788
0.20795360397680202
0.20934025203854706
0.19890687408030272
0.20239009816474607
0.19739978331527627
0.20567086730911788
0.20116561437591063
0.19554625047582797
0.20363701194508826
0.19698189134808852
0.20115565185987722
0.19517102615694165
0.19788732394366199
0.19840552750465054
0.20115236875800258
0.1978771177791386
0.21126760563380284
0.1931338028169014
0.19356136820925554
0.19429303091274924
0.19837486457204767
0.19247359154929577
0.20235833606288894
0.20504519655244904
0.1956426056338028
0.21286525120874503
0.19061032863849764
0.20504519655244904
0.20956039265898424
0.19204415683288922
0.207185139824454
0.19511737089201878
0.20504519655244904
0.20057154521330883
0.20504519655244904
0.19688658265381764
0.1919789925996658
0.19360487247811192
0.20238048006347947
0.2049753063837571
0.19445028379230606
0.20588531187122738
0.19890453834115807
0.21979444232965362
0.1994435750304295
0.19094567404426557
0.20567086730911788
0.20369718309859156
0.1968701095461659
0.19944515578318395
0.2005690709916062
0.21448692152917503
0.2049753063837571
0.2187793427230047
0.19061032863849764
0.19141725352112676
0.19235963727570904
0.20365435858393607
0.20432182133899288
0.2212510356255178
0.20236480612067467
0.1994445546518548
0.1956426056338028
0.19641485275288093
0.20787188886745128
0.20780065005417117
0.2005700871898055
0.19695220503347957
0.19598688018522092
0.21180783330117692
0.19323943661971832
0.19342723004694837
0.19383802816901408
0.21056338028169014
0.19382318004412014
0.20711838599162546
0.2
0.20175599048838488
0.19741784037558685
0.2024012930039252
0.19027590198726604
0.21197183098591552
0.19469977761304672
0.19688658265381764
0.19418734630002235
0.2
0.19890072140158022
0.19371300265360278
0.207185139824454
0.20057099352874003
0.1920583743424402
0.19268388106416276
0.19944515578318395
0.19445028379230606
0.1994445546518548
0.2116849243609807
0.22151088348271447
0.22797474502185527
0.20504519655244904
0.20780065005417117
0.19398032027783138
0.19944585546063265
0.1983793169978777
0.20438184663536776
0.19351042966660725
0.1978771177791386
0.21946871100017828
0.20657276995305165
0.20567086730911788
0.21238465274405052
0.2056338028169014
0.20706008201105366
0.20700871898054996
0.21709702660406885
0.19301725848046022
0.22414486921529175
0.19837486457204767
0.2042975803539184
0.20115763071580167
0.2140383283306396
0.1994435750304295
0.18822937625754527
0.1916754256884591
0.19517102615694165
0.19738430583501007
0.1969053759174767
0.2137857447716603
0.23455399061032867
0.19890958655156749
0.2314103800887517
0.19944585546063265
