0.6964639952390399
0.6864213449712359
0.694753025193414
0.6187512398333664
0.6976790319381074
0.6637571910335252
0.6780400714144019
0.6378942670105138
0.6835201348938702
0.6385389803610395
0.6868924816504661
0.6268597500495934
0.6699811545328308
0.696141638563777
0.6543592541162467
0.6500694306685182
0.6766762547113668
0.640324340408649
0.6435231104939496
0.6612775243007339
0.6753372346756595
0.6810900614957348
0.6326869668716524
0.6487304106328109
0.6303312834755009
0.6259670700257886
0.6433495338226543
0.637844673675858
0.6943066851815116
0.6451348938702639
0.663484427692918
0.6753124380083316
0.7042005554453482
0.6732047212854593
0.640646697083912
0.6694108311842888
0.6624925609998017
0.6476393572703829
0.707870462209879
0.6832225748859353
0.6404483237452886
0.6698819678635192
0.6351170402697878
0.7042253521126761
0.6758579646895457
0.7058123388216624
0.6771721880579251
0.6500446340011903
0.7192025391787344
0.6616494743106527
0.6635588176949019
0.6807181114858162
0.6344971235865899
0.6656913310851021
0.650119024003174
0.6902896250743901
0.6204622098789924
0.6859750049593335
0.6337036302320969
0.7264431660384845
0.6194703431858759
0.6411674270977981
0.6280003967466773
0.6240577266415394
0.7073497321959928
0.6796022614560603
0.6540616941083118
0.6691132711763541
0.6762547113667924
0.6502430073398136
0.6809908748264234
0.6578555842094823
0.638687760365007
0.6730559412814917
0.671320174568538
0.6372991469946439
0.6465483039079548
0.6619470343185877
0.676601864709383
0.647862527276334
0.649275937314025
0.660186470938306
0.6595169609204523
0.6659145010910533
0.7149871057329895
0.652598690735965
0.6569629041856774
0.65847550089268
0.6639803610394762
0.6163211664352312
0.6651706010712161
0.6469946439198572
0.683073794881968
0.635042650267804
0.6740230113072804
0.679106328109502
0.7038534021027575
0.6563677841698075
0.6272812933941678
0.6494495139853204
0.659045824241222
0.659318587581829
0.64957349732196
0.6655425510811347
0.6717665145804403
0.6606576076175362
0.693661971830986
0.6563429875024797
0.6704274945447333
0.682726641539377
0.6600128942670105
0.6253471533425907
0.6734278912914105
0.678560801428288
0.6553015274747074
0.6560454274945449
0.6655177544138068
0.604889902797064
0.6067992461813132
0.6372495536599881
0.6777921047411228
0.6187512398333664
0.6406466970839119
0.6908103550882762
0.6173626264630034
0.6630132910136878
0.6712209878992264
0.6536649474310653
0.6756347946835946
0.6989684586391588
0.6906615750843086
0.6952241618726442
0.6706754612180122
0.6438950605038684
0.7406268597500495
0.6637075976988692
0.6345219202539178
0.6714689545725055
0.6460523705613966
0.6596409442570919
0.660707200952192
0.6540864907756399
0.7006546320174569
0.6472674072604643
0.6640051577068041
0.676601864709383
0.642035310454275
0.6721880579250149
0.6109650862924023
0.6673527077960724
0.6461515572307082
0.656268597500496
0.675783574687562
0.6837928982344773
0.6859254116246776
0.7032334854195595
0.6116345963102559
0.671865701249752
0.6633604443562785
0.6519291807181115
0.6673031144614164
0.6704522912120611
0.681685181511605
0.66239337433049
0.6945050585201348
0.6363568736361833
0.6759323546915295
0.6364808569728229
0.5777623487403293
0.6871404483237453
0.6936123784963301
0.6749900813330689
0.7045229121206109
0.6520779607220789
0.6327117635389804
0.7206407458837532
0.5760017853600475
0.747173179924618
0.6539377107716724
0.6854046816107916
0.6389853203729418
0.6941331085102161
0.6294634001190239
0.640646697083912
0.6402499504066653
0.6343483435826225
0.6601864709383058
0.6351914302717715
0.7297163261257685
0.6570372941876611
0.659318587581829
0.6613023209680617
0.6731055346161475
0.681338028169014
0.6540616941083119
0.6804453481452093
0.6527722674072605
0.7048700654632019
0.6464243205713153
0.6821811148581631
0.6494991073199762
0.6485072406268597
0.6411178337631422
0.640349137075977
0.7047460821265623
0.6736510612973616
0.7059859154929577
0.7087631422336838
0.6409442570918468
0.6656417377504464
0.6018151160484031
0.6757091846855784
0.669113271176354
0.6440190438405078
0.6269589367189051
0.6646994643919857
0.6728327712755406
0.6471930172584804
0.5858212656219004
0.658227534219401
0.6648482443959531
0.6978526086094029
0.6381918270184487
0.6848095615949216
0.6255455266812141
0.6768994247173179
0.6060553461614759
0.6808420948224558
0.6397292203927792
0.6745437413211663
0.6829250148780004
0.6832225748859353
0.6968359452489585
0.661004760960127
0.6175609998016267
0.6784120214243206
0.6948026185280699
0.6583267208887127
0.6488048006347947
0.7043989287839715
0.6526730807379487
0.7448422931957943
0.6642035310454275
0.6653441777425113
0.6735022812933942
0.6783624280896647
0.7037790121007736
0.6966127752430074
0.657905177544138
0.6936123784963302
0.6780400714144019
0.671320174568538
0.6506397540170601
0.6430271771473913
0.6490279706407459
0.6724608212656219
0.6161723864312636
0.6329597302122595
0.6369271969847252
0.6567645308470541
0.6870660583217616
0.6300833168022217
0.6481848839515969
0.6938851418369372
0.6365800436421345
0.6229170799444554
0.6840904582424121
0.7036550287641341
0.6903392184090458
0.6981501686173379
0.659021027573894
0.6567893275143821
0.6493255306486808
0.5989387026383655
0.6803709581432256
0.6820819281888515
0.6620710176552271
0.7203431858758182
0.6554751041460027
0.662120610989883
0.6452340805395755
0.6748165046617736
0.6998611386629636
0.6685181511604841
0.6750644713350527
0.6299841301329101
0.7231204126165444
0.6402995437413211
0.6423576671295379
0.6191231898432851
0.6546568141241818
0.6679230311446142
0.680494941479865
0.6250000000000001
0.6453332672088871
0.6370511803213649
0.6437214838325729
0.7053164054751042
0.6334804602261456
0.6516068240428486
0.6762547113667924
0.6611039476294386
0.6709482245586192
0.6292154334457449
0.6874380083316802
0.6310751834953382
0.6675014878000397
0.6940835151755603
0.6752132513390201
0.689744098393176
0.6973070819281888
0.6725600079349335
0.659318587581829
0.6681957944852212
0.6511852806982741
0.7076720888712558
0.6853302916088078
0.6648482443959531
0.6505157706804205
0.6722872445943265
0.6942570918468557
0.6312239634993058
0.6468706605832176
0.6418865304503074
0.6534913707597699
0.6792303114461417
0.6590706209085498
0.6491023606427296
0.6638563777028367
0.6683445744891886
0.6782632414203531
0.6452836738742314
0.6280747867486609
0.6067496528466575
0.6457300138861337
0.6772961713945647
0.6480361039476294
0.6642283277127554
0.6651210077365602
0.6771969847252529
0.6466970839119223
0.6616246776433247
0.6204622098789923
0.6376958936718904
0.6720640745883754
0.6385389803610395
0.6720888712557032
0.6485816306288436
0.6386877603650071
0.6998611386629637
0.6813380281690141
0.6440686371751636
0.6538881174370165
0.725178536004761
0.5805891688157112
0.6419361237849632
0.6414897837730609
0.6485320372941876
0.7002330886728824
0.69254612180123
0.7255752826820075
0.6557230708192819
0.6673279111287442
0.6607815909541758
0.6094524895853995
0.6665096211069234
0.6947778218607419
0.6698571711961911
0.6391836937115651
0.6317446935131917
0.6529458440785558
0.646201150565364
0.6415641737750446
0.6252727633406071
0.6623437809958341
0.6662120610989883
0.6492511406466971
0.6624677643324737
0.7445447331878595
0.6732047212854592
0.7164253124380083
0.6493751239833367
0.6192967665145803
0.6721136679230313
0.6560454274945448
0.6707002578853403
0.6794534814520928
0.6761059313628248
0.6687413211664354
0.7002082920055545
0.6542600674469351
0.6432503471533425
0.6474161872644316
0.6552519341400516
0.6430767704820471
0.6531194207498512
0.7063330688355486
0.6904879984130133
0.6684685578258283
0.6592937909145011
0.6624677643324737
0.6536649474310654
0.6582275342194008
0.6624925609998016
0.7299146994643919
0.6880331283475501
0.6895209283872248
0.7112924023011307
0.6291162467764333
0.6839664749057727
0.6871404483237452
0.6668071811148581
0.6548055941281492
0.6678238444753024
0.6777177147391391
0.6916038484427692
0.6193711565165642
0.6396548303907954
0.6707498512199961
0.7153838524102362
0.6640299543741321
0.6910087284268994
0.6628893076770482
0.6359105336242808
0.7073497321959928
0.6818339615155723
0.6754116246776433
0.6608063876215037
0.6737502479666733
0.6566157508430868
0.684685578258282
0.699216425312438
0.6536897440983931
0.6668567744495141
0.6921245784566553
0.6914798651061297
0.7051180321364808
0.6667327911128744
0.6546072207895258
0.7193265225153739
0.6966375719103353
0.7306833961515573
0.6590954175758779
0.6650714144019043
0.6510860940289626
0.6522267407260464
0.6608807776234875
0.6819579448522118
0.6217268399127157
0.7017456853798849
0.6547560007934933
0.6695100178536005
0.6296121801229915
0.6394564570521721
0.6696092045229121
0.6709234278912914
0.6886778416980758
0.6315215235072407
0.6889010117040271
0.7098789922634399
0.6695596111882562
0.6677494544733188
0.6518795873834556
0.6616742709779806
0.7033574687561992
0.6410682404284864
0.6905127950803411
0.6615750843086688
0.6673775044634002
0.7193761158500298
0.6940835151755603
0.6660136877603651
0.626115850029756
0.6593681809164849
0.6651953977385441
0.6888514183693712
0.6937115651656418
0.7141440190438404
0.7027127554056736
0.7058619321563182
0.7157310057528269
0.7273358460622893
0.6860989882959729
0.6447381471930173
0.663236461019639
0.6741965879785757
0.7234179726244793
0.6653193810751835
0.7063826621702044
0.6857518349533823
0.6343483435826226
0.7249305693314818
0.6270581233882166
0.6893473517159293
0.6810156714937512
0.6743949613171989
0.6372247569926601
0.6825530648680818
0.6355633802816901
0.6454076572108708
