0.49471830985915494
0.4894366197183099
0.5017605633802817
0.49823943661971826
0.4700704225352112
0.5176056338028169
0.48063380281690143
0.5158450704225351
0.5299295774647887
0.4911971830985915
0.4964788732394366
0.5105633802816901
0.48415492957746475
0.49823943661971826
0.49999999999999994
0.4964788732394366
0.4859154929577465
0.5105633802816901
0.5440140845070424
0.45598591549295775
0.4735915492957746
0.4929577464788732
0.47535211267605637
0.49119718309859156
0.46478873239436624
0.5
0.5017605633802816
0.48591549295774644
0.47887323943661975
0.5193661971830986
0.454225352112676
0.4665492957746479
0.5968309859154929
0.5105633802816901
0.4683098591549296
0.5440140845070423
0.5211267605633804
0.4419014084507042
0.5123239436619718
0.5193661971830986
0.477112676056338
0.5281690140845071
0.45598591549295775
0.5
0.4348591549295775
0.5316901408450704
0.4876760563380282
0.4665492957746479
0.5
0.5264084507042254
0.47535211267605637
0.4823943661971831
0.5
0.4964788732394366
0.5299295774647887
0.5176056338028169
0.49295774647887325
0.5158450704225351
0.4859154929577465
0.522887323943662
0.5475352112676056
0.5352112676056339
0.4630281690140845
0.5193661971830985
0.45070422535211274
0.528169014084507
0.4823943661971831
0.5545774647887325
0.5088028169014084
0.5176056338028169
0.4929577464788732
0.46478873239436624
0.48239436619718307
0.49647887323943657
0.5105633802816901
0.477112676056338
0.5035211267605634
0.517605633802817
0.5035211267605634
0.4911971830985915
0.4383802816901408
0.5070422535211268
0.4753521126760563
0.4806338028169014
0.48767605633802813
0.5158450704225351
0.505281690140845
0.49471830985915494
0.5123239436619718
0.5299295774647887
0.4894366197183099
0.4894366197183099
0.5316901408450705
0.48591549295774644
0.517605633802817
0.5035211267605634
0.5299295774647887
0.4577464788732395
0.5088028169014085
0.4630281690140845
0.5193661971830985
0.47887323943661975
0.4630281690140845
0.4788732394366197
0.4964788732394366
0.5088028169014085
0.448943661971831
0.49471830985915494
0.5017605633802816
0.49823943661971826
0.5140845070422535
0.4647887323943662
0.4894366197183099
0.49119718309859156
0.5035211267605634
0.4630281690140845
0.4841549295774648
0.5193661971830986
0.48767605633802813
0.48767605633802813
0.5528169014084507
0.5105633802816901
0.5193661971830986
0.5140845070422535
0.4982394366197183
0.48415492957746475
0.47183098591549294
0.505281690140845
0.448943661971831
0.5017605633802816
0.48591549295774644
0.4894366197183099
0.4735915492957746
0.5035211267605634
0.5669014084507042
0.5123239436619718
0.5193661971830986
0.4982394366197183
0.46126760563380287
0.5316901408450704
0.5264084507042254
0.5017605633802817
0.4841549295774648
0.48415492957746475
0.5264084507042254
0.46478873239436624
0.46126760563380287
0.5088028169014084
0.477112676056338
0.4859154929577465
0.5140845070422535
0.4700704225352113
0.505281690140845
0.47887323943661975
0.48063380281690143
0.4735915492957746
0.4700704225352113
0.4683098591549296
0.4524647887323943
0.46126760563380287
0.49295774647887325
0.5211267605633803
0.4876760563380282
0.4876760563380282
0.540492957746479
0.5052816901408451
0.5105633802816901
0.5352112676056338
0.5017605633802816
0.4806338028169014
0.5246478873239436
0.5299295774647887
0.5123239436619719
0.4735915492957746
0.5035211267605634
0.4735915492957747
0.4630281690140845
0.5035211267605634
0.4806338028169014
0.5140845070422535
0.4683098591549296
0.47887323943661975
0.5017605633802817
0.5299295774647887
0.47535211267605637
0.5404929577464788
0.5017605633802816
0.5052816901408451
0.4894366197183099
0.4911971830985915
0.5316901408450704
0.48415492957746475
0.4700704225352113
0.5193661971830985
0.5035211267605634
0.5369718309859154
0.5123239436619718
0.49471830985915494
0.4700704225352112
0.4683098591549296
0.47887323943661975
0.5105633802816901
0.5246478873239436
0.4683098591549296
0.5545774647887324
0.5422535211267606
0.505281690140845
0.4982394366197183
0.4947183098591549
0.5140845070422535
0.46478873239436624
0.4841549295774648
0.5123239436619718
0.522887323943662
0.5211267605633803
0.46126760563380287
0.5563380281690142
0.545774647887324
0.44366197183098594
0.47535211267605637
0.47535211267605637
0.517605633802817
0.4876760563380282
0.5017605633802816
0.5
0.4859154929577465
0.5193661971830986
0.48767605633802813
0.5193661971830985
0.4982394366197183
0.47711267605633806
0.49647887323943657
0.4859154929577465
0.5211267605633803
0.4947183098591549
0.49823943661971826
0.44718309859154937
0.5070422535211268
0.5316901408450704
0.4647887323943662
0.5246478873239437
0.4859154929577465
0.505281690140845
0.5475352112676056
0.48063380281690143
0.5105633802816901
0.4964788732394366
0.4735915492957747
0.5017605633802817
0.49295774647887325
0.5334507042253521
0.5352112676056339
0.49823943661971837
0.46478873239436624
0.4788732394366197
0.522887323943662
0.4823943661971831
0.5105633802816901
0.5158450704225351
0.47535211267605637
0.48239436619718307
0.5035211267605634
0.5211267605633804
0.4841549295774648
0.4876760563380282
0.5123239436619719
0.4665492957746479
0.4665492957746479
0.5088028169014085
0.477112676056338
0.5088028169014084
0.528169014084507
0.5369718309859155
0.5105633802816901
0.5176056338028169
0.4894366197183099
0.5809859154929577
0.4964788732394366
0.5528169014084507
0.5
0.522887323943662
0.4700704225352112
0.4753521126760563
0.4630281690140845
0.5088028169014085
0.5246478873239437
0.5017605633802816
0.49295774647887325
0.47887323943661975
0.45422535211267606
0.5052816901408451
0.471830985915493
0.448943661971831
0.4894366197183099
0.545774647887324
0.4753521126760563
0.471830985915493
0.5123239436619719
0.5299295774647887
0.5316901408450705
0.5070422535211268
0.4911971830985915
0.5105633802816901
0.4859154929577465
0.5176056338028169
0.4577464788732395
0.5070422535211268
0.4947183098591549
0.5545774647887324
0.4823943661971831
0.4823943661971831
0.5105633802816901
0.44014084507042256
0.5334507042253521
0.4947183098591549
0.5017605633802816
0.5211267605633803
0.5211267605633803
0.5246478873239437
0.5510563380281691
0.44718309859154926
0.4894366197183098
0.48415492957746475
0.573943661971831
0.5070422535211268
0.49295774647887325
0.5140845070422535
0.5
0.5193661971830985
0.48591549295774644
0.5070422535211268
0.4823943661971831
0.47535211267605637
0.4964788732394366
0.5334507042253521
0.4894366197183098
0.5158450704225351
0.5088028169014085
0.5246478873239436
0.5528169014084507
0.5193661971830985
0.5352112676056339
0.47535211267605637
0.5035211267605634
0.4876760563380282
0.4700704225352112
0.4647887323943662
0.477112676056338
0.5264084507042253
0.46654929577464793
0.48239436619718307
0.49119718309859156
0.4700704225352113
0.505281690140845
0.471830985915493
0.4507042253521127
0.5105633802816901
0.4788732394366197
0.471830985915493
0.49295774647887325
0.5246478873239436
0.5387323943661972
0.5299295774647887
0.528169014084507
0.5211267605633803
0.4524647887323944
0.5264084507042254
0.5070422535211268
0.4700704225352112
0.48415492957746475
0.4700704225352113
0.5404929577464788
0.522887323943662
0.5651408450704225
0.4911971830985915
0.5158450704225351
0.48767605633802813
0.528169014084507
0.4876760563380282
0.5246478873239436
0.48591549295774644
0.5017605633802816
0.5140845070422535
0.4700704225352113
0.5052816901408451
0.5105633802816901
0.5070422535211268
0.49119718309859156
0.5158450704225352
0.5369718309859155
0.4841549295774648
0.4964788732394366
0.5070422535211268
0.48415492957746475
0.4894366197183099
0.4911971830985915
0.5105633802816901
0.5105633802816901
0.48767605633802813
0.5440140845070424
0.45070422535211274
0.5070422535211268
0.5246478873239436
0.5316901408450704
0.4524647887323944
0.5035211267605634
0.5369718309859156
0.477112676056338
0.5035211267605634
0.5545774647887324
0.5052816901408451
0.5140845070422535
0.4630281690140845
0.5088028169014085
0.4700704225352113
0.477112676056338
0.5281690140845071
0.49471830985915494
0.48767605633802813
0.5158450704225351
0.47007042253521125
0.49119718309859156
0.48063380281690143
0.4911971830985915
0.5070422535211268
0.522887323943662
0.5140845070422535
0.5211267605633803
0.4859154929577465
0.5017605633802816
0.49823943661971826
0.5316901408450705
0.5035211267605634
0.5264084507042253
0.4859154929577465
0.4806338028169014
0.4823943661971831
0.47535211267605637
0.45950704225352107
0.522887323943662
0.48415492957746475
0.4806338028169014
0.5105633802816901
0.5105633802816901
0.4841549295774648
0.5105633802816901
0.5264084507042253
0.42957746478873243
0.5
0.471830985915493
0.5369718309859156
0.5070422535211268
0.5035211267605634
0.5299295774647887
0.4735915492957747
0.4700704225352113
0.477112676056338
0.5316901408450705
0.5088028169014085
0.49823943661971837
0.46126760563380287
0.522887323943662
0.5316901408450705
0.431338028169014
0.49823943661971837
0.5369718309859155
0.5123239436619719
0.5440140845070424
0.505281690140845
0.4911971830985915
0.5334507042253521
0.5669014084507042
0.5052816901408451
0.4876760563380282
0.5387323943661971
0.5035211267605634
0.5492957746478874
0.5158450704225352
0.44190140845070425
0.48415492957746475
0.5035211267605634
0.5070422535211268
0.5334507042253521
0.4859154929577465
0.4876760563380282
0.47887323943661975
0.5440140845070423
0.4859154929577465
0.5035211267605634
0.5088028169014085
0.5176056338028169
0.4911971830985915
0.4683098591549296
0.4806338028169014
0.5140845070422535
0.5246478873239436
0.5088028169014084
0.5193661971830985
0.5035211267605634
0.4806338028169014
