0.4315583059270549
0.47886220482169695
0.4891306607406794
0.4754334081512109
0.4603035058588756
0.43953313103904257
0.4864890249354703
0.4686085114779745
0.5148992362132352
0.5061545209510224
0.37713267418992186
0.4514877132818331
0.4546485894433343
0.5189887281549515
0.5046623743953463
0.46379901855471817
0.4896952195496821
0.5116385484251412
0.5030586533772244
0.5005715433502587
0.541239411683046
0.47663832560634556
0.4864021677642216
0.4732442243187074
0.4687581516462265
0.4826095442237508
0.45145919891004493
0.4461181563894975
0.5481345871149125
0.4611581112042303
0.48227180990211865
0.4560946057194515
0.47247800070932405
0.5112206546032791
0.4892514071245939
0.4943533076588665
0.46916256017403113
0.5049722615951456
0.5039697720345427
0.4768930751391099
0.45172768817466247
0.48908748292786747
0.44511045506761626
0.49056741223020706
0.4898443104157223
0.4868408249007016
0.46003386707132915
0.46162895718720975
0.4929813481871582
0.4726918522559183
0.5025100717345921
0.5083113853399033
0.48196693833811743
0.4867664939081292
0.5009109354487763
0.46411968226350225
0.4859730940914996
0.4589234254627454
0.5213951262502616
0.5056209278830929
0.4788253988253988
0.5042929249573549
0.46617982705387695
0.4995720283409083
0.49278693901471005
0.48746436442202956
0.5003327598024532
0.5203700012284453
0.5418384086475911
0.5158291654148731
0.487686808500055
0.5122794760540622
0.47194959759164623
0.510598855127194
0.504474040340966
0.4578432590370676
0.47756256660233065
0.47908548736023526
0.4430363177704854
0.456110302441667
0.5163280629558472
0.4464444612646516
0.4858528195101541
0.5045578256773567
0.4826179667110915
0.5151938817453723
0.46459083860567224
0.4658932507363828
0.5010213322726613
0.46784665106330636
0.4158972311864805
0.46304784084409906
0.47308504391907896
0.46367696844318096
0.4891109075321818
0.5174166097421744
0.47039943583932864
0.48011961173142
0.4738544232606333
0.469310371736569
0.47049624093988807
0.4482304518603418
0.42059088842765757
0.4639342480500333
0.4568518158296105
0.47775206625299876
0.527490325794639
0.4801163385437186
0.4587972631214483
0.4614195270745839
0.45986252329662763
0.5153924906141145
0.4934783481192636
0.48546285280830276
0.5043457845920718
0.47205125362173067
0.48174364795062796
0.4709071420293623
0.5146033439621885
0.42740483033026616
0.4979300797368384
0.5106925301723099
0.4258487433864938
0.5109490942763409
0.5361490308180966
0.410917063091926
0.45765628570577577
0.45501187135202364
0.4490505358972916
0.5040832965262672
0.5061644888113964
0.4988136235496097
0.4854778754637409
0.5128463064203441
0.4792942804022521
0.5069154898212618
0.4888896270705998
0.4810637235910002
0.547021581722099
0.5142186760788644
0.4780530591992715
0.4631000702729778
0.5367906490274224
0.480759339274296
0.4649797042335265
0.5275033285689437
0.48427450684898377
0.48012926957595947
0.46880744929303975
0.518323636421538
0.4663184180726361
0.46930546738831447
0.4561560720869001
0.5291468910903364
0.5170410126062751
0.4497454530858801
0.4442135000284368
0.4870073813710172
0.46540932846933436
0.462431002334651
0.44936851236366143
0.5188218149859238
0.4641317502961794
0.45153494526723265
0.4963855018253671
0.5547480496339499
0.4364197517028871
0.5060248532680849
0.5090719190174343
0.439526600682229
0.5333931757412395
0.4410494451293758
0.473114556238878
0.5094928326174557
0.522107340035653
0.4737858228896222
0.48734307078580674
0.4767763101834496
0.42483082921301824
0.47107333420339864
0.44720300038116734
0.47231631049539136
0.5440699256613388
0.4452471580550998
0.45021155732686213
0.4888152789306164
0.4751672806028932
0.5305179922565582
0.47528484486577716
0.4647476084736098
0.44008817712713816
0.42722158562495066
0.4897323950515552
0.4429285882229331
0.4835751333226653
0.5013827552222689
0.47607240846119975
0.4602501839097798
0.47200269166843367
0.5707077283154108
0.4887358554253298
0.44783920310213393
0.46652007458828954
0.4130693527172916
0.4811890467613725
0.4780649405858641
0.4608801619418281
0.4762807320451357
0.4802683117116706
0.4578653265445839
0.47346851231598536
0.49553910237189136
0.4616917913939305
0.44746393748880636
0.4667366164969906
0.49078207292761866
0.44286078211753493
0.5303325727737244
0.4712287618673876
0.4593826472111794
0.5666428000349963
0.47902570930711097
0.467785846531063
0.47711605809856367
0.475516448629673
0.4544256151112951
0.5094654366387902
0.44142290080303376
0.48893869748801544
0.5219012286505821
0.4100166441454525
0.49156929983599695
0.514571813885712
0.5108489504451534
0.507688526496089
0.48291614858022475
0.4641531257193401
0.4729801034927092
0.4518213088934691
0.4876195545136918
0.4914132117615198
0.4872514401883898
0.5135217592341315
0.4401182685471004
0.4528240575020886
0.45289996715524294
0.49453991295341265
0.470228514465689
0.5034931473671791
0.5562179097707802
0.4583577652268553
0.4652956516694523
0.45304048847398704
0.45828625779947796
0.46029366100283414
0.46532956422471206
0.4561246134796395
0.4789180139371139
0.5075808718729509
0.43816800166887726
0.481146681053952
0.5235801406321002
0.5216104121849333
0.48335099700836004
0.505028530524489
0.440333346707578
0.49619449420949024
0.5074267591181839
0.46762069040831983
0.44561650074556736
0.47496604293110495
0.5095278955419089
0.4457227065777226
0.4499170242729396
0.4600371828738692
0.48253343568409146
0.493589998131708
0.44459645878646264
0.5164478270253348
0.5125686444074193
0.448365400395691
0.4538540173992431
0.47156643023835354
0.5094920075482994
0.4880634690098316
0.5093754120955082
0.5363407857567573
0.4966862802711403
0.4821530393975682
0.46326878033674435
0.4447309718075835
0.44225228229223706
0.42374741059314025
0.5245244589984553
0.4944304505699883
0.47817996150098496
0.496579275888746
0.4723310458976233
0.4459093050871252
0.43899936278061047
0.49489117958130474
0.5083373959508084
0.4522871664528885
0.5213215695779126
0.450889834509287
0.4731010646837085
0.4838414479503184
0.5127654096622747
0.5148597092116628
0.45951897712403483
0.46892069352331733
0.5320830040137209
0.5245671404162612
0.4752570282943897
0.4698733488797603
0.4687350122272624
0.46027298410600287
0.5391105316513365
0.5002988340982446
0.5137593063682557
0.5407938797141932
0.4770423048108507
0.5251300282232696
0.45539347667225116
0.43833102246944206
0.467844855679595
0.4539598015264677
0.4839371778723442
0.43892982740821224
0.41904443942241465
0.49607631465433205
0.45312265795194234
0.4850687578506792
0.48280224379858405
0.5203567688945654
0.4656654536112131
0.4633976851453728
0.48872829263106504
0.434895632408583
0.5069413667321094
0.5358394583088752
0.48552242658182687
0.471447839706436
0.44330177334473775
0.4807736475033426
0.4452093128288912
0.5096983199333073
0.4829856110933094
0.4725356332520269
0.49901038549092774
0.48021690376961707
0.4890675148529169
0.4869078784673487
0.4316634087227291
0.46506963523246914
0.42503555021801037
0.45600628878854915
0.49224375662681996
0.46476026883487365
0.5229404475443986
0.4572879528959328
0.43049321475910657
0.49977017015335246
0.4839541641764066
0.47437697549542673
0.46615820282644416
0.5277762027354475
0.49194313416278845
0.4763727540771887
0.43003223669718277
0.49331523653466736
0.438021208388868
0.4979353853421576
0.5153467779783569
0.4520890167504098
0.5077654207346802
0.45391643471505694
0.4437474146884923
0.5285730830016271
0.5168481563458288
0.45691693215135715
0.5232057174678588
0.5074403276199417
0.46765748067540247
0.5021870766680003
0.47374284055153915
0.5082533099609576
0.4782110124700732
0.44632468238787704
0.48414248310236335
0.4788939406231108
0.481411488099972
0.4963696443378416
0.46882650487149924
0.513663907771392
0.43605348641127034
0.4849056632827418
0.4941531536519268
0.49008019530585545
0.475572871549517
0.49007646390655646
0.5089519081185205
0.5172021876397458
0.4670737194185726
0.41604057566139085
0.5270382604958892
0.45288498526965226
0.4897708836176965
0.4855560594283011
0.4428476587526142
0.46817074339891795
0.500556973482904
0.4674052736012582
0.4850167839309945
0.4946040796510379
0.46834334335007943
0.38596851620252487
0.5058664716240295
0.5060601984282318
0.498504653092418
0.46925361592030046
0.4815023693342388
0.4557579897699135
0.4122481504043514
0.45962742362022874
0.5223206700269998
0.41406367086998186
0.45692897379009456
0.45150675870388934
0.48862094435025016
0.4384887845818996
0.5244156551029957
0.45222285737777007
0.4666305334473042
0.47679909235955736
0.4944382189453173
0.43847095445281176
0.45153555333816725
0.5054127351923668
0.4689964077751041
0.4555907638986064
0.44612867620903474
0.47078641950483163
0.4303146413378024
0.512854083902203
0.4785332874732588
0.4213525491001401
0.4731694385451607
0.5053201854498335
0.4630215594546294
0.46287511347396526
0.518682661660664
0.44897650591555427
0.49766404719084945
0.4814298533835036
0.4575144632249534
0.500054457260691
0.5192659989684838
0.4307517189848241
0.4430915023113044
0.4656388293241936
0.5205211769946674
0.43158771295451326
0.4566515476911739
0.46016513542315346
0.42537723549077644
0.5236595230936749
0.4664488764086349
0.4616882182608332
0.4783680936899792
0.486494825672509
0.4897935321280165
0.4528578263136332
0.48734343192452606
0.4382872658545445
0.45433510358814566
0.48089698226901206
0.518269376003851
0.4491555651067054
0.4801420222375516
0.4921454315052185
0.4756075670428354
0.5074854573293698
0.4541448445936287
0.4998449491906804
0.4774285112250922
0.5364802698362009
0.4239627803943791
0.4910030531275697
0.5082055804141548
0.42062936238964743
0.4751494552547358
0.4935452531842634
0.44343549966446144
0.454513302952785
0.4572937852545504
0.46207283731728566
0.47864497927663524
0.4759456440731385
0.4947034122694232
