0.7222029359254116
0.7436272564967268
0.7409492164253124
0.7335846062289229
0.7333366395556438
0.7444703431858759
0.739659789724261
0.7224261059313628
0.719599285855981
0.7655475104146003
0.7113419956357866
0.7261208093632217
0.7247321959928585
0.7312289228327713
0.7459829398928783
0.7436768498313827
0.7339317595715136
0.760290616941083
0.7362378496330093
0.7664153937710771
0.7543394167823845
0.6965631819083515
0.7629934536798254
0.7366097996429279
0.764530847054156
0.7278565760761754
0.7721434239238247
0.7636381670303511
0.726839912715731
0.7400813330688356
0.7437016464987106
0.7545129934536798
0.7535211267605634
0.7337581829002182
0.7616048403094624
0.7686470938305892
0.733287046220988
0.743032136480857
0.7459333465582226
0.7231948026185281
0.7359650862924023
0.7694157905177544
0.7586292402301131
0.7394614163856377
0.767035310454275
0.7657954770878794
0.7159789724261059
0.7247569926601864
0.7331878595516762
0.774548700654632
0.7348492362626464
0.7069033921840904
0.7724905772664155
0.7540914501091054
0.7272118627256496
0.7459333465582225
0.7579845268795874
0.7107468756199167
0.7243602459829399
0.7434784764927594
0.7072009521920254
0.6929180718111485
0.7153094624082523
0.7436768498313826
0.7298403094624082
0.7668369371156516
0.7525540567347748
0.7628694703431859
0.7217565959135093
0.7170700257885341
0.7240130926403492
0.7368577663162071
0.7142184090458243
0.7354195596111882
0.7018448720491965
0.7358658996230907
0.7478426899424717
0.7704820472128546
0.7107964689545725
0.6866693116445151
0.7473715532632415
0.7163013291013687
0.7577365602063082
0.7303114461416387
0.7448174965284666
0.7543890101170403
0.7150119024003174
0.729071612775243
0.7517605633802816
0.7408252330886729
0.7291460027772267
0.712358658996231
0.7565959135092244
0.727112676056338
0.7819877008530054
0.7435528664947432
0.7724409839317596
0.7252777226740725
0.7628942670105138
0.7536947034318588
0.7289476294386035
0.7535211267605634
0.7458589565562389
0.7087631422336838
0.7374280896647492
0.777350724062686
0.7845665542551081
0.7239139059710376
0.7474459432652252
0.7223517159293791
0.7680767704820473
0.7116891489783773
0.7426601864709383
0.7429329498115453
0.6881819083515176
0.7408500297560008
0.7094326522515374
0.7349732195992857
0.7873189843285062
0.7379240230113073
0.7644564570521721
0.7201944058718508
0.7646796270581234
0.7225500892680023
0.7549593334655822
0.7167724657805992
0.7492313033128347
0.7233683792898234
0.7564967268399128
0.7121106923229517
0.726567149375124
0.7670601071216029
0.7837730609006149
0.7703084705415593
0.7439992065066454
0.758133306883555
0.7623487403292997
0.7297411227930966
0.7065810355088276
0.7207399325530649
0.7662418170997818
0.7282533227534219
0.7138712557032336
0.7492560999801627
0.7450158698670899
0.7275838127355685
0.7789873041063281
0.7515373933743305
0.7365602063082721
0.7534467367585795
0.7591747669113271
0.7507439000198374
0.7260960126958937
0.7485121999603254
0.7111684189644912
0.7134993056933149
0.7222277325927395
0.797138464590359
0.7448918865304504
0.766712953779012
0.7416435231104939
0.7365354096409443
0.7339813529061694
0.7621007736560206
0.7331134695496926
0.7464540765721087
0.7037542154334457
0.7669609204522913
0.7643076770482047
0.773432850624876
0.7385935330291609
0.7470491965879786
0.7557776234874033
0.7199960325332275
0.7449166831977783
0.7763588573695696
0.7871950009918667
0.7770035707200953
0.7258232493552866
0.7576373735369967
0.7310553461614759
0.7393126363816703
0.761704026978774
0.7488841499702441
0.75949712358659
0.7455613965483039
0.743850426502678
0.7625223170005953
0.7378744296766515
0.7594475302519342
0.7292451894465384
0.7280301527474708
0.762001586986709
0.7298155127950803
0.7273358460622892
0.756149573497322
0.7475451299345368
0.7221037492561
0.7506447133505256
0.7411475897639358
0.7803263241420353
0.7635885736956953
0.7417179131124777
0.7352955762745487
0.7280549494147988
0.7317000595120016
0.7235419559611189
0.7524052767308074
0.73492362626463
0.7359650862924023
0.7106228922832771
0.736907359650863
0.7216822059115255
0.7377504463400119
0.7292203927792105
0.7301130728030152
0.7043493354493157
0.7575877802023407
0.7337829795675461
0.7307825828208689
0.7197232691926205
0.7253521126760563
0.7436024598293989
0.760315413608411
0.724880975996826
0.7459333465582225
0.7744991073199762
0.7696885538583614
0.7580341202142432
0.7523060900614957
0.6838176949018052
0.7036302320968062
0.7347500495933347
0.7983535012894267
0.7449662765324341
0.7199216425312438
0.779855187462805
0.7352211862725649
0.7441231898432852
0.7473219599285856
0.7250049593334655
0.7887571910335252
0.749454473318786
0.7269390993850426
0.7507934933544932
0.7794832374528863
0.7178635191430272
0.7163013291013688
0.7445695298551875
0.7195248958539973
0.7228228526086093
0.7510166633604444
0.7671592937909144
0.7262695893671891
0.7684735171592938
0.7490329299742116
0.7598690735965086
0.7288236461019639
0.7691182305098194
0.7560503868280104
0.7380728030152748
0.758381273556834
0.7624727236659393
0.7185330291608808
0.7114907756397539
0.7709531838920849
0.7883604443562786
0.7459085498908946
0.7497520333267209
0.7309809561594922
0.7528764134100377
0.751413410037691
0.7394118230509819
0.7346756595913508
0.7713499305693314
0.7657954770878794
0.7633902003570721
0.7200208292005554
0.7338325729022019
0.7045973021225947
0.7437512398333664
0.7612328902995438
0.7231948026185281
0.7196984725252926
0.7964689545725054
0.7249305693314818
0.7423378297956755
0.7543146201150566
0.7582076968855387
0.7607369569529856
0.7589763935727039
0.7274102360642729
0.7556288434834358
0.7864015076373736
0.7058619321563182
0.7530995834159888
0.7058123388216624
0.7305842094822456
0.711242808966475
0.763687760365007
0.7257736560206308
0.7478674866097996
0.7266167427097798
0.7607121602856577
0.6965383852410236
0.7520581233882166
0.7122098789922635
0.6955961118825629
0.7450654632017457
0.7739535806387622
0.7862279309660782
0.7153590557429081
0.7501735766712954
0.7296915294584407
0.7267159293790915
0.7472723665939298
0.7494048799841302
0.7288236461019639
0.7236907359650863
0.7774251140646697
0.7322951795278716
0.7196240825233089
0.7438752231700059
0.7310057528268201
0.7674816504661773
0.7487105732989486
0.6974558619321563
0.7127802023408054
0.7258480460226147
0.7555544534814521
0.7682255504860147
0.7319232295179527
0.7265919460424519
0.7606129736163459
0.7582324935528665
0.7260216226939099
0.7407260464193612
0.699216425312438
0.7361882562983535
0.7213350525689347
0.7575381868676849
0.7356427296171395
0.7406764530847054
0.7908153144217418
0.7394614163856378
0.7343780995834159
0.7276334060702241
0.7653491370759771
0.7607865502876414
0.7483634199563578
0.7374032929974211
0.7235667526284467
0.7396101963896052
0.7091846855782582
0.7254017060107121
0.7315016861733783
0.764233287046221
0.7526036500694306
0.7559512001586987
0.7409244197579845
0.7383207696885539
0.7527276334060702
0.7651755604046816
0.7856080142828804
0.7554800634794685
0.7170204324538783
0.7176155524697481
0.7438008331680221
0.7249553659988097
0.7371801229914698
0.7559759968260265
0.7697133505256895
0.7248561793294981
0.7116643523110494
0.7391142630430471
0.7776978774052767
0.7238891093037096
0.7521821067248562
0.7439248165046618
0.7513142233683793
0.7342293195794485
0.733287046220988
0.7325679428684785
0.7380728030152748
0.7647044237254512
0.7108212656219004
0.7169212457845666
0.7659938504265027
0.7672832771275541
0.7588772069033922
0.7308569728228527
0.7182106724856179
0.7361386629636977
0.7294435627851616
0.7976096012695895
0.7364362229716327
0.7426353898036104
0.7111684189644911
0.7091350922436025
0.7401061297361635
0.7476691132711764
0.7469252132513391
0.7212358658996231
0.7754413806784368
0.7557528268200754
0.7431809164848244
0.7047212854592343
0.731576076175362
0.7317248561793295
0.7243106526482841
0.7575133902003571
0.722946835945249
0.7440487998413013
0.74833862328903
0.7496776433247372
0.7548353501289427
0.7535459234278914
0.7645308470541559
0.7567942868478477
0.7331134695496925
0.7328159095417576
0.75617437016465
0.7262199960325333
0.7257488593533029
0.7748214639952391
0.7380480063479469
0.7473715532632415
0.736312239634993
0.8064868081729816
0.7228476492759373
0.764778813727435
0.7461565165641737
0.7490329299742114
0.7775986907359651
0.7373041063281095
0.7582820868875224
0.7663658004364213
0.7608113469549692
0.7285756794286848
0.7362874429676651
0.7481898432850624
0.7102261456060306
0.7570918468557826
0.7344028962507438
0.7417923031144614
0.7835250942273358
0.7377752430073399
0.7345764729220393
0.7537442967665146
0.7299890894663756
0.6912318984328506
0.7613072803015275
0.7635637770283674
0.7238891093037096
0.710920452291212
0.7428585598095616
0.7118379289823448
0.727955762745487
0.7638861337036302
0.7297411227930966
0.7307081928188852
0.715706209085499
0.7510662566951002
0.7619024003173973
0.7264679627058124
0.7181610791509621
0.733535012894267
0.7479418766117834
0.748908946637572
0.7644316603848442
0.7096558222574886
0.7463548899027972
0.7066306288434834
0.7498016266613767
0.7407260464193612
0.7830787542154334
0.7426105931362825
0.7286252727633407
0.7414451497718706
0.7160285657607618
0.74382562983535
0.7895754810553461
0.724335449315612
0.7796072207895259
0.7265919460424519
0.7283525094227337
0.7682503471533426
0.7337829795675461
0.7216574092441976
0.7297163261257686
0.7164501091053362
0.7319976195199365
0.7412963697679031
0.7540914501091054
0.71260662566951
0.7235915492957747
0.6786103947629438
0.7245834159888911
0.7618528069827416
0.7630678436818092
