0.7450902598690736
0.7467020432453878
0.7297907161277525
0.7546617734576474
0.7370561396548305
0.743627256496727
0.7500991866693116
0.741345963102559
0.731030549494148
0.7610841102955764
0.758951596905376
0.7511406466970838
0.7316752628446737
0.732716722872446
0.764233287046221
0.7396101963896052
0.7328655028764134
0.7496280499900814
0.7545625867883357
0.7429577464788732
0.7564719301725848
0.731576076175362
0.758406070224162
0.7502231700059513
0.753620313429875
0.7496528466574093
0.7590011902400318
0.7378248363419956
0.734130132910137
0.7484874032929975
0.739139059710375
0.7544138067843681
0.7551577068042055
0.756124776829994
0.740254909740131
0.7592739535806389
0.7387423130331284
0.7445695298551874
0.7678783971434239
0.7384199563578655
0.7394614163856378
0.7399573497321961
0.7398333663955565
0.7432057131521523
0.7690438405078357
0.7303362428089665
0.7392630430470145
0.7359154929577465
0.7397341797262448
0.7434536798254315
0.7375520730013886
0.733535012894267
0.7457597698869272
0.7671592937909144
0.7423378297956755
0.7503719500099187
0.7342045229121206
0.7338821662368579
0.7600674469351318
0.7619024003173973
0.7509174766911327
0.7146151557230709
0.736312239634993
0.749454473318786
0.7406020630827217
0.7538930767704821
0.7497768299940488
0.7509422733584606
0.7400565364015077
0.745263836540369
0.7596954969252132
0.7581085102162269
0.7425114064669708
0.7474459432652252
0.7462309065661574
0.7325927395358065
0.7173179924618132
0.7564471335052569
0.737998413013291
0.7341053362428089
0.7342293195794485
0.7722922039277921
0.7429329498115453
0.7408748264233289
0.7412219797659194
0.7314272961713946
0.7497768299940488
0.75
0.7420402697877405
0.7309561594921643
0.752504463400119
0.7302370561396548
0.7481650466177345
0.7657954770878794
0.7392630430470146
0.7465532632414205
0.7667873437809959
0.7528020234080538
0.7615552469748066
0.7611832969648878
0.7548849434635985
0.7320472128545923
0.7515373933743305
0.7358411029557628
0.742213846459036
0.7663162071017655
0.7475699266018647
0.7604641936123786
0.7485865899623091
0.7344028962507438
0.7710275738940686
0.7359650862924023
0.7569182701844873
0.7408996230906566
0.7366593929775838
0.7488841499702441
0.7444951398532037
0.738519143027177
0.7443959531838922
0.7500743900019837
0.7392878397143424
0.7514878000396747
0.7593483435826226
0.7472723665939298
0.7635141836937117
0.753124380083317
0.7438008331680223
0.7344276929180721
0.7559512001586988
0.731898432850625
0.7505703233485419
0.729096409442571
0.7404780797460822
0.7429329498115453
0.7469748065859949
0.7538434834358264
0.7601914302717716
0.7305098194802617
0.7107220789525889
0.7375024796667328
0.7522812933941679
0.7461813132315017
0.7380480063479469
0.7481402499504067
0.7303362428089665
0.7444951398532038
0.7599186669311644
0.7317992461813132
0.7482642332870462
0.7508182900218211
0.7595963102559016
0.7462804999008136
0.7482394366197184
0.7320968061892481
0.7333614362229717
0.7456853798849434
0.7488097599682604
0.7562239634993058
0.7541410434437612
0.7488345566355882
0.7510166633604443
0.7409988097599682
0.7408748264233288
0.7561247768299941
0.7519093433842492
0.7334358262249554
0.725451299345368
0.7532483634199563
0.7623239436619719
0.7456853798849435
0.7395358063876215
0.7265423527077961
0.7557528268200754
0.7579101368776036
0.7479418766117834
0.7391142630430471
0.7559512001586987
0.7546617734576473
0.7367337829795676
0.7347748462606626
0.7315264828407062
0.7515125967070027
0.7585796468954572
0.74501586986709
0.7601170402697879
0.7329150962110692
0.7362626463003372
0.7551081134695498
0.7282533227534219
0.7533971434239238
0.7418418964491172
0.7331878595516763
0.7407260464193614
0.7581333068835547
0.7550833168022217
0.7470243999206506
0.7518349533822654
0.7441727831779408
0.7343780995834159
0.7192521325133902
0.7627206903392183
0.7500495933346558
0.7473715532632416
0.7300634794683595
0.7313529061694108
0.7527524300733982
0.734105336242809
0.7534715334259076
0.7428337631422337
0.7465780599087481
0.7311545328307876
0.7583316802221782
0.742437016464987
0.7473715532632413
0.7480162666137671
0.7550833168022218
0.7516365800436422
0.7551081134695498
0.7451646498710573
0.7447183098591549
0.7548353501289425
0.7542154334457449
0.7440983931759572
0.7666633604443562
0.7589515969053761
0.7573894068637175
0.7365106129736163
0.7412219797659195
0.7377752430073399
0.7321216028565761
0.7343285062487602
0.7348988295973021
0.7554800634794685
0.7544881967863519
0.743329696488792
0.7340309462408252
0.7524052767308074
0.7266415393771077
0.7473219599285855
0.7333862328902996
0.741643523110494
0.7464292799047809
0.7483138266217021
0.7436272564967269
0.7624231303312835
0.7651507637373536
0.7354691529458441
0.7417675064471334
0.7319480261852809
0.7465532632414204
0.740800436421345
0.7539674667724657
0.7462309065661575
0.7403788930767705
0.7453134298750248
0.7422634397936918
0.7563727435032732
0.7555792501487801
0.7549593334655822
0.744991073199762
0.7525540567347748
0.7609353302916089
0.7520829200555446
0.7324687561991668
0.7594227335846062
0.7440240031739734
0.7462309065661576
0.736312239634993
0.7448422931957945
0.7487353699662765
0.7479914699464392
0.7432305098194802
0.7636381670303511
0.7461565165641738
0.7484626066256695
0.765349137075977
0.7557280301527475
0.7252777226740726
0.7408748264233288
0.722922039277921
0.7529260067446936
0.7335350128942669
0.7415195397738544
0.7434288831581035
0.7618528069827415
0.7501487800039675
0.7509422733584606
0.7587036302320969
0.7268151160484031
0.7641341003769093
0.7605137869470342
0.7469996032533228
0.7348244395953183
0.7464292799047807
0.7230708192818885
0.7678536004760961
0.7275342194009126
0.7408748264233288
0.738866296369768
0.7336094028962508
0.7405028764134102
0.7275590160682405
0.7343285062487601
0.7400069430668518
0.7196488791906368
0.7526284467367587
0.7533723467565958
0.7167476691132713
0.7535211267605633
0.7558024201547312
0.7545129934536797
0.7393126363816703
0.7610593136282483
0.7378496330093236
0.739114263043047
0.7252281293394167
0.7561247768299941
0.7471979765919461
0.7353203729418767
0.7440240031739734
0.751710970045626
0.7416683197778219
0.7450902598690736
0.7482394366197183
0.7286500694306686
0.7624479269986115
0.7463052965681413
0.7529012100773655
0.7482642332870464
0.7532731600872843
0.7400317397341796
0.7513638167030352
0.7408500297560008
0.7539922634397936
0.743602459829399
0.7325183495338228
0.7362874429676651
0.7323695695298552
0.7467764332473716
0.7508926800238049
0.7498760166633605
0.7414947431065264
0.7295427494544733
0.7682751438206705
0.7404532830787542
0.7514382067050189
0.7415939297758383
0.7682751438206705
0.7565959135092243
0.7486113866296371
0.7591499702439993
0.7493552866494743
0.7308321761555248
0.7483386232890299
0.7544881967863519
0.7385191430271771
0.7649771870660582
0.7739039873041064
0.7620511803213648
0.7524300733981353
0.746106923229518
0.7485617932949812
0.7597698869271969
0.7623487403292997
0.7582076968855386
0.7205911525490974
0.7305842094822456
0.7531491767506449
0.7583812735568339
0.7496032533227535
0.7359898829597303
0.7386679230311447
0.7663162071017657
0.7327167228724458
0.7496032533227535
0.7427841698075778
0.7384695496925213
0.737750446340012
0.7584308668914899
0.7448918865304502
0.7364114263043047
0.7488345566355882
0.7387175163658005
0.7262943860345169
0.7453382265423527
0.7351715929379092
0.7294187661178337
0.755604046816108
0.7387175163658005
0.7590259869073598
0.7502231700059512
0.7426353898036104
0.7375272763340607
0.7382215830192422
0.7390398730410633
0.7422386431263638
0.758058916881571
0.7373536996627654
0.7482394366197183
0.7510166633604444
0.7585052568934735
0.7598690735965087
0.7348740329299742
0.7590011902400317
0.7613568736361834
0.7528268200753818
0.7381967863519142
0.739659789724261
0.7339813529061696
0.7501239833366397
0.7478674866097998
0.7582572902201944
0.7576125768696688
0.7494792699861138
0.7247073993255307
0.7415195397738544
0.7462557032334854
0.749702439992065
0.7365106129736163
0.7470987899226345
0.732146399523904
0.7470243999206507
0.7205911525490974
0.7539426701051379
0.7626463003372347
0.7523556833961516
0.7701100972029359
0.7563479468359452
0.7754661773457647
0.7280549494147985
0.7613072803015275
0.7480410632810949
0.7454126165443363
0.7445447331878596
0.7323695695298552
0.7204175758778021
0.7488097599682603
0.763117437016465
0.7273854393969451
0.767878397143424
0.7621751636580044
0.7265919460424519
0.7347996429279905
0.7481650466177346
0.7303858361436223
0.7535459234278913
0.7640349137075977
0.7210126958936719
0.7272366593929775
0.7517357667129537
0.7420650664550684
0.7503967466772467
0.741048403094624
0.7162021424320572
0.7382215830192422
0.748065859948423
0.7354443562785161
0.7480162666137672
0.746950009918667
0.7443463598492361
0.7325431462011507
0.7450158698670899
0.7580341202142431
0.7529260067446935
0.7359154929577466
0.7531739734179727
0.7341549295774646
0.7445695298551874
0.7434784764927593
0.7476691132711764
0.7375024796667328
0.7472723665939299
0.7319976195199366
0.7499752033326721
0.7500495933346558
0.7380975996826027
0.7602658202737551
0.751958936718905
0.742784169807578
0.7487601666336045
0.7376264630033723
0.7667129537790122
0.7425609998016266
0.7441231898432852
0.7494792699861139
0.7493800833168024
0.7419410831184289
0.7344276929180718
0.7408996230906566
0.741891489783773
0.7443711565165643
0.7622743503273162
0.7544881967863519
0.7711763538980362
0.7223021225947233
0.7425857964689546
0.7354195596111883
0.7282285260860941
0.7624975203332673
0.7488593533029163
