0.7598442769291808
0.7489337433048999
0.7631422336837927
0.7474707399325531
0.7677792104741122
0.7537442967665146
0.7724905772664153
0.7621751636580044
0.7700109105336242
0.7523804800634796
0.7544386034516961
0.7520829200555446
0.7789129141043444
0.7353203729418767
0.7538930767704821
0.7735816306288436
0.7368825629835349
0.7280301527474707
0.7561743701646498
0.7568934735171593
0.7470739932553065
0.7605385836143622
0.7265423527077961
0.7396101963896053
0.746106923229518
0.7552568934735171
0.7705316405475104
0.761728823646102
0.7339813529061694
0.7583564768895061
0.7453630232096805
0.7534963300932355
0.7503471533425907
0.7590507835746876
0.7717218805792501
0.7489337433048999
0.7525540567347748
0.7556288434834358
0.7774499107319977
0.7544138067843682
0.7410236064272961
0.7383207696885539
0.7526036500694306
0.743007339813529
0.7582324935528665
0.758629240230113
0.7382215830192422
0.7627454870065463
0.7372545129934537
0.7373041063281095
0.7526532434040866
0.7485617932949812
0.7646796270581233
0.7640845070422535
0.7679775838127355
0.7408252330886729
0.7428089664749058
0.7398333663955565
0.7661674270977981
0.7734824439595319
0.7583812735568339
0.7567694901805198
0.7514878000396747
0.7477187066058323
0.7556536401507638
0.7538434834358263
0.7592491569133109
0.7459085498908947
0.7635885736956952
0.746379686570125
0.741395556437215
0.7585052568934736
0.7644316603848443
0.7342541162467765
0.7598690735965087
0.7462061098988296
0.7415691331085104
0.754190636778417
0.7432057131521523
0.7502727633406071
0.7491321166435232
0.765373933743305
0.7604889902797065
0.7682751438206705
0.7663905971037493
0.7519093433842493
0.7495040666534417
0.7595467169212458
0.7504463400119025
0.7563231501686173
0.7515869867089864
0.7439496131719897
0.7393622297163263
0.7660930370958144
0.753074786748661
0.7603650069430669
0.7657954770878793
0.7514630033723468
0.754463400119024
0.7497520333267208
0.7517853600476097
0.7633654036897441
0.7709035905574291
0.7573150168617337
0.7652995437413213
0.7623735369966276
0.7526284467367587
0.7475699266018646
0.7841450109105337
0.7594971235865899
0.7608361436222971
0.7511902400317397
0.7602906169410831
0.7684983138266217
0.7425114064669708
0.7677296171394565
0.7459085498908947
0.7268399127157311
0.7600922436024599
0.7439992065066455
0.7533971434239237
0.7554304701448127
0.7657706804205513
0.739932553064868
0.7667873437809959
0.7529508034120214
0.7474459432652252
0.767878397143424
0.7565711168418965
0.7645060503868281
0.7652003570720095
0.7788385241023607
0.755306486808173
0.7482890299543741
0.755281690140845
0.7487601666336045
0.765869867089863
0.7502231700059512
0.7493304899821464
0.7630926403491372
0.7499256099980162
0.7452142432057132
0.7313529061694107
0.7347748462606626
0.7552320968061893
0.7571662368577663
0.7623983336639557
0.7484378099583415
0.7441479865106129
0.7639605237056141
0.7483882166236858
0.7660930370958144
0.7591747669113271
0.7509670700257884
0.7645556437214838
0.7543890101170403
0.7523060900614957
0.778169014084507
0.7699117238643126
0.7545625867883357
0.7282037294187661
0.7458341598889111
0.7549593334655822
0.7468012299146994
0.7338573695695298
0.7516365800436421
0.7342789129141043
0.7645556437214838
0.7641836937115651
0.7619024003173974
0.7779706407458837
0.7665889704423725
0.7591995635786549
0.7548353501289427
0.7565959135092244
0.7584308668914899
0.7632414203531046
0.7494296766514581
0.7481402499504067
0.7430073398135291
0.7601418369371157
0.7551577068042056
0.7546369767903193
0.7391390597103749
0.7629190636778417
0.7435280698274154
0.7498264233287046
0.7640845070422536
0.7524796667327911
0.7594475302519342
0.7704324538781988
0.7540666534417775
0.749156913310851
0.7554304701448126
0.7630430470144813
0.7666633604443563
0.7530499900813331
0.7798551874628051
0.7406020630827218
0.7450654632017457
0.7587532235667526
0.7706308272168221
0.7315264828407063
0.7468756199166832
0.779309660781591
0.756124776829994
0.760340210275739
0.7581829002182107
0.777350724062686
0.7569430668518151
0.7665393771077168
0.7348740329299742
0.7545377901210077
0.7686222971632612
0.7752182106724856
0.75557925014878
0.7750694306685182
0.7407756397540172
0.744147986510613
0.7522812933941679
0.7294435627851616
0.7496280499900814
0.7676800238048007
0.7515125967070025
0.7381223963499307
0.7631174370164651
0.7463300932354691
0.7342045229121207
0.7387919063677841
0.7581085102162268
0.7574885935330292
0.7511654433644118
0.7320720095219204
0.7466276532434041
0.7407756397540171
0.7635885736956953
0.739709383058917
0.7596211069232296
0.7437512398333663
0.7444951398532038
0.7659194604245189
0.7589268002380481
0.7713251339020035
0.752777226740726
0.767035310454275
0.7470243999206506
0.743007339813529
0.7476443166038484
0.7470243999206508
0.7328407062090856
0.7594723269192619
0.7585300535608014
0.7728377306090063
0.74442074985122
0.739163856377703
0.7843433842491568
0.73326224955366
0.7323943661971831
0.7370313429875025
0.7511158500297562
0.7705812338821663
0.7466772465780599
0.7561991668319776
0.7670353104542749
0.7574390001983733
0.7489337433048998
0.7465532632414204
0.7637869470343187
0.7649275937314026
0.7588276135687364
0.759745090259869
0.7595963102559016
0.7462804999008134
0.7579597302122595
0.7550337234675659
0.7292947827811942
0.7579845268795873
0.7529012100773655
0.7517109700456259
0.7602410236064273
0.7493056933148184
0.7496776433247372
0.7683991271573102
0.7336094028962508
0.7411227930966079
0.7321711961912318
0.7430817298155128
0.7622247569926601
0.7354691529458441
0.748636183296965
0.7561991668319779
0.7584804602261457
0.7482642332870463
0.747520333267209
0.7676304304701448
0.7637373536996628
0.7532483634199564
0.7495040666534418
0.7528268200753819
0.7517357667129538
0.7570670501884547
0.7776730807379488
0.7652499504066653
0.744445546518548
0.7534715334259076
0.755033723467566
0.758926800238048
0.764258083713549
0.7668865304503075
0.7555048601467964
0.7816157508430867
0.764555643721484
0.7802519341400518
0.7560751834953383
0.7608609402896251
0.7476195199365206
0.7523804800634795
0.7467516365800436
0.7520333267208886
0.7311545328307876
0.7500247966673279
0.7674816504661774
0.7608113469549693
0.754736163459631
0.7587036302320969
0.754190636778417
0.7490825233088673
0.7589763935727037
0.7432801031541362
0.7632910136877603
0.7623735369966277
0.7500991866693117
0.7560255901606824
0.7540914501091054
0.7587284268994249
0.7424618131323151
0.7351219996032534
0.7512150366990678
0.7506199166831978
0.7377256496726841
0.7691182305098196
0.742189049791708
0.767283277127554
0.7595715135885737
0.7540914501091054
0.7456853798849435
0.7521077167228726
0.7420650664550684
0.7568438801825035
0.7375768696687166
0.7588524102360644
0.7615304503074787
0.7617040269787742
0.7413211664352312
0.7669113271176354
0.7363866296369769
0.7740527673080738
0.7450406665344178
0.7415939297758382
0.7492808966474905
0.7583316802221781
0.7714243205713153
0.7527028367387424
0.735816306288435
0.7623983336639555
0.7502479666732792
0.7328407062090856
0.7651259670700258
0.7430073398135291
0.7453878198770085
0.7470243999206506
0.7461565165641737
0.7358163062884349
0.7530003967466772
0.7614064669708391
0.7347748462606625
0.7552568934735172
0.7634397936917279
0.7479666732791114
0.7664153937710771
0.7571414401904384
0.7450406665344178
0.7477930966078159
0.7562735568339616
0.7500743900019837
0.7707548105534616
0.7506447133505256
0.7503223566752629
0.7547857567942869
0.763365403689744
0.7711515572307082
0.7567942868478477
0.7308817694901805
0.7520581233882166
0.7591499702439991
0.7709035905574291
0.7406764530847055
0.7736064272961715
0.7661426304304702
0.76281987700853
0.7596211069232294
0.7497520333267209
0.7558024201547312
0.7528020234080539
0.7266415393771077
0.7519837333862329
0.7689942471731799
0.7247321959928585
0.754190636778417
0.7702340805395755
0.7604889902797064
0.7650515770680422
0.7538682801031542
0.7403788930767706
0.7443959531838921
0.7525292600674469
0.7635885736956953
0.7539922634397938
0.7647044237254512
0.7729121206109899
0.7578357468756199
0.7431065264828407
0.766489783773061
0.748859353302916
0.7711515572307083
0.7407508430866891
0.7365850029756
0.7701844872049197
0.7543394167823845
0.7486609799642928
0.7670601071216029
0.7389654830390795
0.7603898036103948
0.7736808172981552
0.7544138067843681
0.7532979567546122
0.769192620511803
0.7790616941083117
0.7577117635389804
0.7590011902400317
0.7305346161475899
0.748065859948423
0.7544386034516961
0.7510166633604444
0.750272763340607
0.7784169807577861
0.7768795873834556
0.7438008331680223
0.7565463201745686
0.780177544138068
0.7561247768299941
0.7612824836341996
0.7612328902995438
0.7468012299146995
0.7679775838127356
0.7577613568736362
0.7487601666336045
0.7486857766316206
0.7553312834755009
0.7535955167625471
0.7456605832176156
0.7800535608014284
0.758083713548899
0.7586540368974409
0.7454870065463202
0.7698373338623289
0.7627206903392185
0.7523308867288236
0.7473715532632413
0.7345764729220393
0.758951596905376
0.7503967466772465
0.7469252132513391
0.7683991271573101
0.7536203134298752
0.7621503669906764
0.7698125371950011
0.7426353898036104
0.7587532235667527
0.7746726839912715
0.7473219599285856
0.7536451100972029
0.7604889902797065
0.7306090061495735
0.7439744098393175
0.7505455266812142
0.7771275540567347
0.7560007934933545
0.7287988494346359
0.757265423527078
0.7636133703630233
0.7618528069827416
0.7439248165046618
0.7439992065066455
0.7526780400714145
0.7428585598095616
0.7602658202737552
0.7437512398333664
0.7458093632215831
0.7547113667923031
