0.5842765348942001
0.5991482311665659
0.6114799760886577
0.5853644282477339
0.565164235042612
0.5802780850925701
0.6274223576908906
0.5807841875262534
0.5885986895876179
0.5974914241887593
0.5425767627308902
0.6047084738207121
0.5717809366942083
0.6465223586458524
0.6173666767716924
0.5830568005951773
0.5872310717824262
0.6026288165120665
0.5755027961753404
0.5946715882153154
0.5821839395114574
0.5809587080187877
0.5995806797959868
0.5670434770164668
0.585483097739441
0.5413221886385851
0.5939984047828732
0.5692568521251117
0.5945381684706087
0.5627886335139851
0.5732570834072126
0.5934358287619856
0.5785858618185262
0.5748352376546566
0.556186947877383
0.5827691236869503
0.5556671819095826
0.5674493229314943
0.5726358459705861
0.586348895358576
0.5617824252194864
0.5718780293350185
0.5581002385199847
0.5978852799259675
0.6095681313095481
0.6189993670555066
0.5742789541144291
0.5885919466946198
0.5698849639750134
0.5457173423091591
0.5743315982933682
0.6118612734025767
0.5961361573819562
0.6030009983158453
0.5970493205156513
0.5874935575092319
0.5540381688013909
0.604934385582193
0.5829673300686198
0.593218129673332
0.5835247368102289
0.5377901144470205
0.6016326733493386
0.5871914064407271
0.5867745161537865
0.5632733399006065
0.5904776691812154
0.5985947004616861
0.6016711609119401
0.5876458152232623
0.5763395408396607
0.5924618609430358
0.5712717718511979
0.5777491799960565
0.6051503902529453
0.5713087728666592
0.5761934705314566
0.5754516195822583
0.5657060992254447
0.583503337074328
0.5891630700375715
0.5804462174931293
0.5660924715005189
0.6038560583520233
0.5902354138759259
0.5999393909790666
0.620595242616246
0.5970660326377397
0.5995428940652168
0.5715457550474161
0.553396010234425
0.5601260650190402
0.5529400519816534
0.5752483255977002
0.5595228575905595
0.5876194137169574
0.5639612570476508
0.5791587470985085
0.5818523452342129
0.592781804876572
0.568226235572731
0.5972167924053197
0.5588691699670179
0.5706602996850434
0.5771194097671682
0.5678259925694112
0.5918081284918437
0.5896378056730605
0.567437889503742
0.5652824599597239
0.5850240927120809
0.603321880068962
0.5568782621209063
0.5784435505229162
0.5961196762237541
0.5665689614347741
0.5914701407603548
0.5822831001494404
0.6196228729708545
0.5774529393117933
0.6037876063958441
0.6004647407899543
0.5496287302404335
0.5784364317057533
0.6071810832867853
0.5906181408572106
0.5607739472882022
0.570716800400367
0.5903308465234202
0.5574076133871477
0.6000890775281774
0.6082553816261297
0.5981796184687104
0.5826777930664563
0.5832191806557806
0.5823984489631169
0.6123915144602511
0.5777714192405443
0.5914560025010133
0.5744861419287909
0.5909402089322764
0.5786412203597777
0.6026346473069163
0.5945392527218457
0.5696888382612137
0.6071400742396402
0.6096702377091028
0.5438139561640535
0.5919870880875795
0.5850852720836852
0.5832800061361786
0.580598200769855
0.5818629623135834
0.5886999838262279
0.5829559978746159
0.5800519526690993
0.5467912416946579
0.5518606947747997
0.5895273966396827
0.5776279037504424
0.5324043287049869
0.5595738134946201
0.5968075885374691
0.5904896822927815
0.5662868028198942
0.6041285901099586
0.5849280039302943
0.6005725027262192
0.597573835782817
0.5716741201699292
0.625138670201913
0.5812364311521381
0.5833036067141057
0.5610042042317072
0.5625032440283766
0.5901064129430894
0.564747961315972
0.5871345587973392
0.5529425391951095
0.5666414105518853
0.5527786393332583
0.5776562857975162
0.5723869962767936
0.5601552683485098
0.5472337580992579
0.5667337683464262
0.5648512581633085
0.60675821826731
0.5899679947856423
0.5804168297032772
0.6124830391004206
0.5388240033630441
0.5816792182618684
0.5995568129423648
0.5901135708023819
0.5653370446140562
0.5856449710330979
0.5613951850712751
0.5824437429132101
0.6054332511977267
0.6013583223120393
0.5776520724221036
0.5691413631425034
0.6014455637125997
0.5700406454031505
0.5695262730677322
0.5353265561415649
0.5786318789266549
0.591475573510162
0.5975333539744511
0.5829460558907903
0.5656895220375293
0.5834928284296355
0.5917440656491594
0.5737400229650721
0.5851194273782824
0.5642549477513995
0.5953969015966785
0.5529867040771553
0.5713001309766641
0.5615618261362486
0.5794045361859544
0.5741682926354971
0.5940223748679061
0.5436021421160525
0.5929468477882402
0.6200559984247077
0.5341757593191927
0.5748441274229663
0.5943743216913067
0.5783198860645297
0.555976758659453
0.5880846613865595
0.5883224964633159
0.6062187775833786
0.5779095607177236
0.5726765062011961
0.5865693328841305
0.5445436687885875
0.5899375721964502
0.596705361657469
0.5714052304340447
0.5443166776996609
0.5480091698659993
0.5996092309304093
0.5779482716586845
0.5943787193378947
0.5715913409557268
0.5852945238537471
0.5882941268756485
0.5589049222842449
0.5994850815347585
0.6084354385849235
0.5444407058634705
0.5673503565489051
0.5705214533195022
0.5388763151930126
0.5646765611829576
0.5791869257670461
0.6036379012840252
0.5874773027514094
0.6069875996681101
0.5978917825146426
0.6073517195883206
0.6120543564930567
0.5618433652485539
0.5790718478627003
0.5622579802499125
0.541627265070717
0.5772113627938866
0.5579768021640128
0.6188635356539517
0.5414465441169194
0.5619650340904819
0.5211139704390353
0.5680369118548068
0.6238590507206867
0.5589669227560189
0.6219690266866738
0.5828578710093354
0.5581843003089616
0.5849971531599124
0.5809276873193356
0.5700898968871057
0.5710829753466544
0.6163418599417558
0.6389937976159201
0.5915199376206703
0.5803104651264759
0.5786463770674273
0.5749667008388516
0.5603282163767789
0.5547299746841059
0.5737903480128537
0.5518678688968189
0.5825366785237049
0.5645929951215589
0.5948100552763462
0.5808542865722941
0.5642232793187351
0.5856941170619121
0.6172559302994282
0.5496038712074517
0.6043204324614561
0.5741239901811915
0.5925750451423624
0.6072137289231797
0.5881381599799985
0.6134104317435257
0.5695328281339997
0.5923288193836047
0.6189349607732912
0.6095344825309639
0.579702729747171
0.5645185059268943
0.6006093706338311
0.5623248554079316
0.6132362380148377
0.5938375896403303
0.5634037654723185
0.5951228747618945
0.5340198495515155
0.5832138385705452
0.5555780981330731
0.5652361904752423
0.5682671947699858
0.5817878571718405
0.5974489851955354
0.5470266396640283
0.5682411446775639
0.5890244520880588
0.5824147253093439
0.5475511268628259
0.6039671276351273
0.5924961014757711
0.5629248938849081
0.5749254916200434
0.5823022944651355
0.5460131257223763
0.5843472599499214
0.5808091807478172
0.5664690161842595
0.614188668056758
0.5770603794859519
0.5754150626834283
0.5836918581571842
0.605366811169653
0.5491016002773512
0.5749507690482953
0.582320072811881
0.5669615514813517
0.6125179614464759
0.5830238255943702
0.5127728606551131
0.564300347417658
0.5515385950152388
0.5575214440280287
0.5782422189734204
0.6001865982132998
0.5600214359803758
0.537530022154738
0.5396078800658716
0.5712469558977471
0.5986159526091388
0.587099503845966
0.6016801015286103
0.5845157193142796
0.5494480656378721
0.5489836313944815
0.5687388667186898
0.5850746608358497
0.5776943033021341
0.591740867248163
0.5830069882455172
0.5492182469023168
0.593987639787819
0.5572601580131646
0.5642288548030445
0.5873784896106431
0.6046167561156295
0.6000794317286527
0.5939414223626384
0.6041704353685271
0.614056763420843
0.5950314697995923
0.5519348590144351
0.6199274042916073
0.5569877847981575
0.595332500420151
0.5666422113451797
0.5793922242518161
0.5985335718400595
0.5875001840086437
0.5394261022330207
0.5928574809430719
0.583979757039406
0.6080122566468715
0.5749920276813095
0.5912166414172042
0.5985835556154347
0.5923615217624786
0.5547397454633898
0.590331901976067
0.5617930821650634
0.5788196195501154
0.5638224470864315
0.5534523052124126
0.551936189791601
0.5960671908415962
0.584223573740942
0.563162933206194
0.5767088647540392
0.5522254681909408
0.5892572649700651
0.6041694974111241
0.5804435843365424
0.5606293636753464
0.5860862853590731
0.6029687604623493
0.5952886824244414
0.5816089966153636
0.573386964949812
0.5996640640787886
0.5119293037324146
0.5380993310297386
0.58000021370114
0.5844500840024794
0.5863579428123306
0.5819478121775448
0.5904139598499327
0.5695050170886261
0.583779958682185
0.5869018914269134
0.5683865306507048
0.6214474362161042
0.5863162760119869
0.5679048371674211
0.6049917887219293
0.5888860801827995
0.5772297257531984
0.5697687500554932
0.6044438452854131
0.5787791530813278
0.5379966109049876
0.6247455008941936
0.6220382250244226
0.5874236459518504
0.5869900847233899
0.5768146213267776
0.587363003567964
0.5854856953799175
0.6047244493203396
0.5972048876152555
0.5862281637978728
0.5641633132926751
0.5956702745691583
0.5603889834293637
0.6033135308134708
0.5662712119122542
0.5506173329909685
0.5645240339261591
0.5960169241643904
0.548618839643862
0.5975467572180565
0.5543268581979499
0.5753451150119971
0.6037727171894743
0.5454357223404749
0.5855335447339909
0.5648532556892949
0.5739546159282524
0.5782511504802774
0.5711298509492738
0.6081115148773449
0.5545770367957841
0.5793230688937083
0.5822764685546412
0.576013738166448
0.5997916997551321
0.6039113969672147
0.6012721960203974
0.5826729024233167
0.5815895952480623
0.5470273540362172
0.557572792332916
0.6018998665765397
0.5713590375986789
0.5825411379933544
0.5765292534509838
0.6100557761291624
0.557256114093865
0.556820283284341
0.5708144671471569
0.5483675399925136
0.5658947698992018
0.5540697671469086
0.5711122330158608
0.5877720891202204
0.598524912976317
0.5535045358133274
