0.19444444444444445
0.15827338129496402
0.11678832116788321
0.20289855072463767
0.1343283582089552
0.15384615384615385
0.15714285714285714
0.2127659574468085
0.3205128205128205
0.22535211267605634
0.2517482517482518
0.2384105960264901
0.1891891891891892
0.1818181818181818
0.17142857142857143
0.20289855072463767
0.1739130434782609
0.17721518987341772
0.16541353383458648
0.19047619047619044
0.20143884892086328
0.25974025974025977
0.19480519480519481
0.2608695652173913
0.17266187050359713
0.2
0.1925925925925926
0.2112676056338028
0.16901408450704225
0.17333333333333334
0.13986013986013987
0.1527777777777778
0.1739130434782609
0.2222222222222222
0.2206896551724138
0.19858156028368795
0.1751824817518248
0.27586206896551724
0.19858156028368795
0.21428571428571427
0.24460431654676257
0.17647058823529413
0.2962962962962963
0.14084507042253522
0.13636363636363635
0.2138364779874214
0.2556390977443609
0.2361111111111111
0.15037593984962408
0.21052631578947367
0.28571428571428575
0.18666666666666665
0.14598540145985403
0.10144927536231883
0.12403100775193797
0.16901408450704225
0.23255813953488372
0.30985915492957744
0.2
0.20833333333333331
0.20979020979020982
0.26666666666666666
0.21476510067114096
0.29333333333333333
0.1958041958041958
0.2589928057553957
0.22818791946308722
0.14285714285714288
0.24460431654676257
0.16923076923076924
0.22535211267605634
0.17834394904458598
0.17721518987341772
0.16541353383458648
0.22058823529411764
0.15267175572519084
0.1958041958041958
0.1884057971014493
0.20134228187919462
0.22058823529411764
0.29577464788732394
0.17218543046357618
0.20270270270270271
0.28378378378378377
0.17808219178082194
0.23287671232876714
0.1891891891891892
0.1954887218045113
0.17142857142857143
0.2285714285714286
0.1679389312977099
0.13333333333333333
0.27848101265822783
0.21621621621621626
0.20740740740740743
0.1925925925925926
0.17142857142857143
0.29333333333333333
0.18978102189781018
0.25806451612903225
0.24999999999999994
0.2112676056338028
0.15267175572519084
0.24161073825503357
0.20143884892086328
0.20143884892086328
0.13740458015267176
0.1884057971014493
0.1925925925925926
0.27536231884057966
0.2727272727272727
0.09655172413793102
0.22377622377622378
0.2620689655172414
0.2589928057553957
0.21768707482993196
0.18309859154929578
0.21917808219178084
0.2448979591836735
0.19444444444444445
0.21476510067114096
0.18055555555555552
0.2676056338028169
0.17931034482758623
0.15999999999999998
0.23703703703703702
0.12162162162162161
0.22972972972972974
0.25
0.21428571428571427
0.2
0.21052631578947367
0.21621621621621626
0.2649006622516556
0.20689655172413796
0.1739130434782609
0.2361111111111111
0.22695035460992907
0.20915032679738563
0.14925373134328357
0.2038216560509554
0.2571428571428571
0.2285714285714286
0.3246753246753247
0.21768707482993196
0.22535211267605634
0.2127659574468085
0.16783216783216784
0.19402985074626863
0.24285714285714285
0.2535211267605634
0.2686567164179104
0.22695035460992907
0.2236842105263158
0.1343283582089552
0.2318840579710145
0.12949640287769784
0.24460431654676257
0.23529411764705882
0.18181818181818182
0.2706766917293233
0.21476510067114096
0.2533333333333333
0.22929936305732482
0.16176470588235295
0.2602739726027397
0.2482758620689655
0.15942028985507245
0.2222222222222222
0.24285714285714285
0.24113475177304963
0.2302158273381295
0.2285714285714286
0.1794871794871795
0.20689655172413796
0.2285714285714286
0.18421052631578946
0.21768707482993196
0.20134228187919462
0.1739130434782609
0.19858156028368795
0.1804511278195489
0.1313868613138686
0.2054794520547945
0.18320610687022904
0.18705035971223022
0.20689655172413796
0.23129251700680273
0.2302158273381295
0.2318840579710145
0.14388489208633093
0.2361111111111111
0.1954887218045113
0.2657342657342657
0.20437956204379562
0.21656050955414013
0.18421052631578946
0.21705426356589147
0.23448275862068968
0.326797385620915
0.15602836879432622
0.20979020979020982
0.2571428571428571
0.21476510067114096
0.25954198473282436
0.15894039735099336
0.20689655172413796
0.2236842105263158
0.23076923076923075
0.22695035460992907
0.2318840579710145
0.12121212121212122
0.19310344827586204
0.11510791366906475
0.15827338129496402
0.23448275862068968
0.16176470588235295
0.1643835616438356
0.19718309859154928
0.17567567567567566
0.24
0.2517482517482518
0.16551724137931034
0.1804511278195489
0.21897810218978103
0.21118012422360247
0.20134228187919462
0.2388059701492537
0.1884057971014493
0.1954887218045113
0.15873015873015875
0.20437956204379562
0.20740740740740743
0.2916666666666667
0.27777777777777773
0.16176470588235295
0.2556390977443609
0.1875
0.16326530612244897
0.1751824817518248
0.22377622377622378
0.1437908496732026
0.19117647058823528
0.2620689655172414
0.14388489208633093
0.20740740740740743
0.12030075187969924
0.24242424242424243
0.16296296296296295
0.22535211267605634
0.1958041958041958
0.17647058823529413
0.1739130434782609
0.25503355704697983
0.23529411764705882
0.16541353383458648
0.272108843537415
0.11678832116788321
0.19047619047619044
0.2054794520547945
0.2585034013605442
0.16666666666666669
0.12413793103448276
0.2236842105263158
0.22535211267605634
0.15942028985507245
0.174496644295302
0.11678832116788321
0.2535211267605634
0.2206896551724138
0.22516556291390727
0.21582733812949642
0.22377622377622378
0.19444444444444445
0.2077922077922078
0.136986301369863
0.2098765432098765
0.17687074829931973
0.2384105960264901
0.2285714285714286
0.1527777777777778
0.19047619047619044
0.23529411764705882
0.1626016260162602
0.18055555555555552
0.22535211267605634
0.16923076923076924
0.12949640287769784
0.1958041958041958
0.10144927536231883
0.20134228187919462
0.19310344827586204
0.17687074829931973
0.2127659574468085
0.16058394160583941
0.08888888888888889
0.14598540145985403
0.1751824817518248
0.14084507042253522
0.25477707006369427
0.21768707482993196
0.18705035971223022
0.25974025974025977
0.1857142857142857
0.20408163265306123
0.13043478260869565
0.19736842105263155
0.21333333333333335
0.15172413793103448
0.17142857142857143
0.24285714285714285
0.14814814814814814
0.16216216216216214
0.2517482517482518
0.21428571428571427
0.22695035460992907
0.14388489208633093
0.16901408450704225
0.2657342657342657
0.2953020134228188
0.11678832116788321
0.23076923076923075
0.16560509554140126
0.14285714285714288
0.19117647058823528
0.1527777777777778
0.16993464052287582
0.20134228187919462
0.2302158273381295
0.27586206896551724
0.125
0.28571428571428575
0.2302158273381295
0.19117647058823528
0.22058823529411764
0.13333333333333333
0.1925925925925926
0.15384615384615383
0.2517482517482518
0.273972602739726
0.1857142857142857
0.23776223776223776
0.19310344827586204
0.20979020979020982
0.20289855072463767
0.15999999999999998
0.1111111111111111
0.14864864864864866
0.22727272727272727
0.19178082191780824
0.16551724137931034
0.14285714285714288
0.18705035971223022
0.20689655172413796
0.20979020979020982
0.19444444444444445
0.24460431654676257
0.1818181818181818
0.25
0.24358974358974358
0.1679389312977099
0.2564102564102564
0.2047244094488189
0.24324324324324323
0.19047619047619044
0.22818791946308722
0.21705426356589147
0.24516129032258066
0.2553191489361702
0.19858156028368795
0.23448275862068968
0.17687074829931973
0.2571428571428571
0.19444444444444445
0.18461538461538463
0.1843971631205674
0.18978102189781018
0.10294117647058823
0.261437908496732
0.16783216783216784
0.16666666666666666
0.14285714285714288
0.189873417721519
0.18978102189781018
0.22077922077922077
0.24113475177304963
0.19858156028368795
0.2589928057553957
0.29370629370629375
0.24285714285714285
0.24161073825503357
0.21917808219178084
0.21333333333333335
0.1732283464566929
0.16058394160583941
0.2206896551724138
0.18055555555555552
0.15068493150684933
0.19444444444444445
0.15068493150684933
0.21333333333333335
0.2448979591836735
0.1791044776119403
0.15827338129496402
0.23437499999999997
0.28
0.14388489208633093
0.19736842105263155
0.2657342657342657
0.2676056338028169
0.11764705882352941
0.15827338129496402
0.20270270270270271
0.1925925925925926
0.19444444444444445
0.14925373134328357
0.17266187050359713
0.1688311688311688
0.11678832116788321
0.21739130434782608
0.2222222222222222
0.2
0.11764705882352941
0.19117647058823528
0.1818181818181818
0.16901408450704225
0.20833333333333331
0.25
0.1804511278195489
0.2222222222222222
0.21192052980132453
0.21052631578947367
0.1925925925925926
0.22818791946308722
0.19834710743801653
0.15068493150684933
0.1324503311258278
0.20270270270270271
0.17333333333333334
0.14388489208633093
0.27586206896551724
0.17687074829931973
0.2206896551724138
0.1739130434782609
0.21428571428571427
0.2285714285714286
0.27338129496402874
0.19718309859154928
0.17142857142857143
0.24324324324324323
0.31654676258992803
0.16993464052287582
0.1643835616438356
0.1276595744680851
0.1739130434782609
0.15894039735099336
0.16541353383458648
0.2649006622516556
0.15151515151515152
0.20588235294117646
0.2553191489361702
0.14184397163120568
0.2627737226277372
0.22666666666666668
0.16541353383458648
0.23684210526315788
0.1343283582089552
0.23225806451612901
0.29197080291970806
0.20143884892086328
0.140625
0.08888888888888889
0.18064516129032257
0.2967741935483871
0.2302158273381295
0.2631578947368421
0.15602836879432622
0.17687074829931973
0.1751824817518248
0.18791946308724833
0.19607843137254902
0.14666666666666667
0.23776223776223776
0.2745098039215686
0.1804511278195489
0.18181818181818182
0.1267605633802817
0.21428571428571427
0.1857142857142857
0.15384615384615383
0.17808219178082194
0.196969696969697
0.23129251700680273
0.19178082191780824
0.1679389312977099
0.2389937106918239
0.2727272727272727
0.20155038759689925
0.2361111111111111
0.2127659574468085
