0.483067371147978
0.40593899909254477
0.47974666628258167
0.4925549781232871
0.5574499367919986
0.5110204239591535
0.5110192851595566
0.49020107661646967
0.5354403028577702
0.5290900493079157
0.45309651828095016
0.521005691841127
0.5069326086157082
0.47686767076683023
0.5321793578051146
0.5084513427620012
0.46036078342288367
0.5041245537579423
0.5904195831604121
0.4678146800050474
0.4972703701182419
0.48066748032759615
0.42042883593875485
0.45497690537994145
0.5032535494830729
0.5095348240159961
0.5789587241787384
0.5353622599446713
0.5042456574761603
0.49713309857587157
0.491378664381569
0.4798682709309694
0.46780086712377084
0.4893643457372581
0.510940206409177
0.47563707040794945
0.5178364876724657
0.5028783921080994
0.5814065643618969
0.4857478689484236
0.46085348024951556
0.467699854765762
0.4933456796071647
0.487407819998115
0.4482712041125817
0.5291399643996073
0.4897357090522527
0.5749989641063785
0.46911983791981643
0.5002557379413801
0.4637726194550206
0.5226234848841931
0.5289361450714766
0.5163186115483551
0.4903042691695985
0.5202212758092155
0.4751674954817526
0.45900110708404906
0.4864273346846413
0.5472959130085069
0.4909064458518109
0.5118657879134925
0.49793755418897845
0.5313649180972133
0.5319634983157946
0.4808838314412179
0.4956470230362091
0.4889243801662391
0.5728077440118364
0.44880645553846765
0.4787958764287874
0.5200351061950488
0.5947806753019231
0.5266542976007442
0.4895705527108125
0.4683441196069722
0.49951343151316774
0.506567547366657
0.487436739275964
0.47671738093444804
0.5256749115637884
0.525792381485678
0.4827444140086497
0.5324794266933998
0.550003926380996
0.4542616346241105
0.4757225512029631
0.498058823892476
0.48305327675804477
0.4791140566125371
0.458345376792421
0.45211493589078444
0.47707330409477283
0.518783657421679
0.5078472413588327
0.4648783323824973
0.49221975304983706
0.4973455090531952
0.5025814267483948
0.530336042651755
0.46842856037285296
0.524129090929085
0.5363955837033398
0.501018058488978
0.509132315111587
0.5017800739136443
0.5018428196540098
0.47896419839485643
0.5738858400552967
0.512823142321085
0.48259034837058806
0.553552636951672
0.5350581397554363
0.45673064818788833
0.4729551219000767
0.5652157341779739
0.48552770312123056
0.5005929819157374
0.5025712442634699
0.46251280780688203
0.4908182580986549
0.5371129930505595
0.5318218744501741
0.5417950653979093
0.5223152360268748
0.5263579296137936
0.47424298207695137
0.554643058110927
0.40694587049366693
0.5403050524862968
0.5464797926219601
0.5526448497539093
0.49623304749736385
0.5158725236070909
0.5113807410878264
0.5124432930061847
0.5143826323310521
0.47530008713750566
0.5092066654813351
0.4881749593605651
0.5067395469712932
0.4804235571132907
0.46429754969904846
0.46032608438227285
0.41085946115059035
0.5012542225820069
0.48959415674136364
0.534233023425245
0.489603194637414
0.5643145968744161
0.5403754043364059
0.5471364902360714
0.4562237555265959
0.49850891043359524
0.4831599488858003
0.5331931895760053
0.5587043471424196
0.4627019363934968
0.5458668213216918
0.5500024799702701
0.4942589995780811
0.48121424147452746
0.5015941389459951
0.4926850488716106
0.49219936492769323
0.5297911178480976
0.444955816939774
0.47415566620449484
0.5007069585485604
0.5531581987654605
0.5140876951418263
0.5001670013049884
0.5388597529779265
0.5265552673331603
0.4958545887978469
0.4954792780377869
0.5412725009426134
0.4836190907456599
0.49810242446845754
0.4344390884665043
0.4965153404862428
0.49411177358373215
0.5697315179614354
0.5055745585575286
0.5331427191295686
0.5138646437015115
0.4313797295098213
0.5590132274493157
0.4849829108874766
0.5552398605158158
0.576155966947715
0.4808475288790638
0.49769848695905033
0.5172500829205205
0.5416611679010075
0.487999381142706
0.4788051723834809
0.5291828295849279
0.48800416404168995
0.49756158653943744
0.47770353019304035
0.50350662035336
0.46177908375583254
0.4994107410208237
0.5974498221900216
0.5284188615427973
0.5253745472531688
0.5292021425991712
0.5738685396521589
0.518592289703655
0.5391270792711872
0.49669377557000916
0.5145968787484221
0.5315888580764128
0.5398090713462609
0.5783042527093424
0.5297162770258108
0.495151530396769
0.4289189731391806
0.5312407090988625
0.4886079042219366
0.4756701510932997
0.4851754264467455
0.5041961699583518
0.5147238928984255
0.49261426186587975
0.4379481539593252
0.44735863523407343
0.489230229464352
0.4825996658617874
0.5046291738883641
0.5673399840075835
0.4842687787350755
0.5432299966351928
0.4797483435045725
0.5187669099453731
0.4953900281145643
0.4743430294295988
0.512153726565759
0.5026263697246801
0.5204840012421275
0.5431977045367239
0.5224354691026272
0.4582036448461857
0.49378796966878696
0.451954904060042
0.4769160921301249
0.45338237009400395
0.4588390849245106
0.47821905329694675
0.5175046014204931
0.5101834787331591
0.5145670858337982
0.5595594137997645
0.4455790096170568
0.592855205618882
0.47118441773488207
0.461148162071814
0.4421187933352978
0.4807542161672859
0.4971826657612261
0.4073015104207797
0.5262909074041558
0.5079360296570592
0.5424264454283345
0.5167424942930274
0.46960078953975015
0.5007989376913139
0.4974596739658856
0.4557342841338882
0.5259059203509114
0.5157251573937144
0.4575923083581009
0.46887308676416184
0.5133420327206143
0.4534905273079378
0.4431756194988414
0.4808541860524696
0.5078021643078318
0.516275702120535
0.47947283597199963
0.5136734031653919
0.5052166801981479
0.5064124525550315
0.4785754643375348
0.45503136007860084
0.45395384263431143
0.5241696214338055
0.4806233295859523
0.4918324497792031
0.5103821118533597
0.47933081254376636
0.5315907803690473
0.5151861008472647
0.4896555433707966
0.5228781610629017
0.5480420333033404
0.47128930539447683
0.43516337649605935
0.5277146864821183
0.5292260566075095
0.5192423065936103
0.5494664697499032
0.523673862011542
0.5188049488115374
0.4761454130972268
0.4766529003826197
0.5527658028495116
0.49106241305096526
0.5726787639843433
0.534224652773604
0.5110800391859128
0.5422644748128349
0.46720525377986993
0.5062981776718123
0.4995090218953294
0.4610012028181936
0.5089585234356676
0.527317191065473
0.44964190766306067
0.47153200044937804
0.5562576490474722
0.49160209183040304
0.5221448939648707
0.4977181049641913
0.5125912036095649
0.512454702408165
0.48667557176904686
0.5304262567986645
0.4989459859329545
0.5227236146384413
0.5192634612374629
0.5111674720019979
0.5154830104183654
0.4992219247339692
0.4829037558525561
0.4738226215543431
0.5290434555453276
0.5032856850002371
0.48638675359432965
0.5807913500026176
0.4903276973877183
0.5457536979917729
0.5370927083752695
0.5274462986610646
0.488884915121064
0.5383150165045023
0.4429627446368767
0.48533254627839384
0.4627431155211474
0.5010886337076755
0.5235750754042279
0.4945001079970178
0.42458614220135293
0.45877279236495394
0.4082830140706569
0.519936009965493
0.45768064391686936
0.48941161176606096
0.5204842533701407
0.4989206986105844
0.5297411026764768
0.4987589366780334
0.49919939604529445
0.5067940303315656
0.5102003701950995
0.4338860197986303
0.5745010562207064
0.502833785398155
0.4781396577657603
0.4834281768370607
0.49507478951295614
0.4779068804268035
0.4553939412743261
0.45909892569945804
0.5183374875485217
0.49225990569836614
0.544967121867917
0.46644206617280354
0.5112497643689718
0.5388957664894064
0.469688858384547
0.49535927149819564
0.5198682225194776
0.5217392028202461
0.5207016533365803
0.5139797390315692
0.4874618976886207
0.5161007021843467
0.504473497675105
0.49111725605229417
0.5261037889808126
0.44460629232867105
0.4747852871554979
0.5115894028469345
0.5583668420631374
0.4759589788181007
0.5741032202518965
0.5125386123320992
0.5014891857448583
0.5969556687759231
0.5314336889037629
0.5502231365147906
0.4838004483496522
0.5259071063854984
0.5043760169744069
0.45512289325199534
0.47546792637923296
0.5432181363499248
0.5081809414560133
0.5089388168656398
0.48953228516161107
0.5283295463570593
0.48159308311150406
0.45321953401311604
0.5214122139141864
0.4713882388694285
0.45604931770761586
0.48866216570702525
0.49413118937483613
0.498651310195372
0.47782618205592053
0.5844157631441604
0.5173065030524151
0.5049228685162388
0.4755556081528616
0.45437687750006955
0.5320549899453889
0.48343672863987175
0.5211587462801539
0.4955860481790135
0.43446347436839394
0.5179160419506131
0.5368361657506678
0.5116339851397607
0.5713998683897153
0.5521986752618481
0.5431835678218915
0.5041036526950893
0.46586809603829427
0.4556255335499734
0.4605309716720938
0.48295003626967103
0.48670863993353847
0.506606628279596
0.5766401875541682
0.5261561926359994
0.5073675367084984
0.5069141261818363
0.5725910275439564
0.46979747046463133
0.5394404985175596
0.5540007376327645
0.4576624292058695
0.5329065732740643
0.49594867018992417
0.5260120457954609
0.44383637240257134
0.5323434453618533
0.552903417025807
0.5495248991015911
0.4736330661101599
0.4812028151223927
0.5147517345068036
0.524298934182341
0.4929578639769592
0.5407745340315859
0.49119946151041394
0.48769665247873173
0.5027531439789252
0.5426473471126773
0.49398882344381423
0.446773822591853
0.5516037546901016
0.49707872725858454
0.54515033986759
0.48567710304365197
0.5237430277837142
0.478459280995766
0.504286841803312
0.5558124178652407
0.5178656862985095
0.5254507857992384
0.46596891329130663
0.5110288888299992
0.47418669152944765
0.5231757789041812
0.48452808459814584
0.4444053814631923
0.5631101998733774
0.5429450872248617
0.4923421030722504
0.4978495376780057
0.48985140651559816
0.44398896532330206
0.5382709771573327
0.4791380762140139
0.4446490171809606
0.46352111273831914
0.45539862956350013
