0.5740740740740741
0.5416666666666666
0.6842105263157895
0.5510204081632653
0.5434782608695652
0.5531914893617021
0.5777777777777777
0.5416666666666666
0.7105263157894737
0.6136363636363636
0.4807692307692308
0.54
0.5833333333333334
0.6666666666666666
0.5625
0.574468085106383
0.58
0.6363636363636364
0.6
0.5714285714285714
0.6875
0.574468085106383
0.5853658536585366
0.5909090909090909
0.6521739130434783
0.6097560975609756
0.5416666666666666
0.5454545454545454
0.6818181818181818
0.5652173913043478
0.5555555555555556
0.5714285714285714
0.5306122448979592
0.6122448979591837
0.6041666666666666
0.5416666666666666
0.5833333333333334
0.6444444444444445
0.5555555555555556
0.625
0.6590909090909091
0.6744186046511628
0.6086956521739131
0.627906976744186
0.6382978723404256
0.56
0.5714285714285714
0.6341463414634146
0.5918367346938775
0.58
0.625
0.54
0.627906976744186
0.6190476190476191
0.5454545454545454
0.5
0.5
0.625
0.6363636363636364
0.5531914893617021
0.5555555555555556
0.65
0.5306122448979592
0.5869565217391305
0.5849056603773585
0.5490196078431373
0.5769230769230769
0.5957446808510638
0.6326530612244898
0.6046511627906976
0.5660377358490566
0.6521739130434783
0.574468085106383
0.5833333333333334
0.6222222222222222
0.5333333333333333
0.5476190476190477
0.5263157894736842
0.56
0.574468085106383
0.6
0.5333333333333333
0.574468085106383
0.5909090909090909
0.6190476190476191
0.5882352941176471
0.574468085106383
0.6428571428571429
0.5652173913043478
0.5306122448979592
0.5531914893617021
0.5272727272727272
0.5087719298245614
0.5769230769230769
0.5
0.6521739130434783
0.5294117647058824
0.627906976744186
0.5833333333333334
0.6046511627906976
0.4727272727272727
0.5416666666666666
0.5609756097560976
0.54
0.5094339622641509
0.5952380952380952
0.5849056603773585
0.5555555555555556
0.5714285714285714
0.48148148148148145
0.574468085106383
0.6
0.5490196078431373
0.4909090909090909
0.5813953488372093
0.5185185185185185
0.6216216216216216
0.55
0.6222222222222222
0.5306122448979592
0.5952380952380952
0.6363636363636364
0.4909090909090909
0.6086956521739131
0.7368421052631579
0.5094339622641509
0.5490196078431373
0.5208333333333334
0.5581395348837209
0.6818181818181818
0.6
0.6046511627906976
0.5384615384615384
0.5471698113207547
0.5384615384615384
0.5813953488372093
0.5416666666666666
0.6341463414634146
0.6904761904761905
0.627906976744186
0.5625
0.6222222222222222
0.675
0.7428571428571429
0.5238095238095238
0.6511627906976745
0.627906976744186
0.62
0.5098039215686274
0.625
0.5777777777777777
0.45454545454545453
0.574468085106383
0.6170212765957447
0.627906976744186
0.47058823529411764
0.4915254237288136
0.5416666666666666
0.5384615384615384
0.5490196078431373
0.5625
0.5510204081632653
0.5681818181818182
0.5
0.6041666666666666
0.6590909090909091
0.5192307692307693
0.5769230769230769
0.5454545454545454
0.5490196078431373
0.6222222222222222
0.5476190476190477
0.4642857142857143
0.6444444444444445
0.75
0.5652173913043478
0.5714285714285714
0.5490196078431373
0.5531914893617021
0.5510204081632653
0.5833333333333334
0.5098039215686274
0.6470588235294118
0.5
0.559322033898305
0.6388888888888888
0.5471698113207547
0.5576923076923077
0.6046511627906976
0.6086956521739131
0.5106382978723404
0.4745762711864407
0.54
0.5510204081632653
0.5869565217391305
0.6086956521739131
0.5185185185185185
0.5581395348837209
0.5909090909090909
0.7619047619047619
0.6097560975609756
0.5576923076923077
0.5
0.5434782608695652
0.5660377358490566
0.5581395348837209
0.5833333333333334
0.5769230769230769
0.6136363636363636
0.48936170212765956
0.5510204081632653
0.6086956521739131
0.47619047619047616
0.5
0.5306122448979592
0.5416666666666666
0.5306122448979592
0.6666666666666666
0.5660377358490566
0.5348837209302325
0.6153846153846154
0.5714285714285714
0.6842105263157895
0.58
0.5
0.5555555555555556
0.627906976744186
0.5094339622641509
0.6170212765957447
0.6428571428571429
0.46551724137931033
0.5909090909090909
0.6
0.5957446808510638
0.6428571428571429
0.5192307692307693
0.6153846153846154
0.5306122448979592
0.4838709677419355
0.5283018867924528
0.4897959183673469
0.5217391304347826
0.6041666666666666
0.54
0.5853658536585366
0.5111111111111111
0.6382978723404256
0.49056603773584906
0.65
0.7380952380952381
0.5333333333333333
0.5686274509803921
0.5869565217391305
0.5272727272727272
0.5306122448979592
0.5535714285714286
0.4915254237288136
0.5652173913043478
0.6428571428571429
0.5416666666666666
0.631578947368421
0.6818181818181818
0.6744186046511628
0.5283018867924528
0.7058823529411765
0.5283018867924528
0.5882352941176471
0.5869565217391305
0.5
0.5416666666666666
0.5576923076923077
0.5555555555555556
0.5471698113207547
0.5490196078431373
0.5510204081632653
0.5510204081632653
0.6136363636363636
0.48214285714285715
0.6410256410256411
0.5769230769230769
0.5272727272727272
0.5192307692307693
0.5098039215686274
0.56
0.5208333333333334
0.7
0.7
0.574468085106383
0.5094339622641509
0.4666666666666667
0.6086956521739131
0.6046511627906976
0.4909090909090909
0.6595744680851063
0.5510204081632653
0.5625
0.5686274509803921
0.5714285714285714
0.5416666666666666
0.46808510638297873
0.5714285714285714
0.6388888888888888
0.4716981132075472
0.64
0.5094339622641509
0.5348837209302325
0.5813953488372093
0.6444444444444445
0.627906976744186
0.5208333333333334
0.52
0.65
0.6444444444444445
0.58
0.5294117647058824
0.5102040816326531
0.5833333333333334
0.6078431372549019
0.6086956521739131
0.5909090909090909
0.6382978723404256
0.5
0.5833333333333334
0.5
0.5952380952380952
0.6046511627906976
0.5227272727272727
0.5714285714285714
0.5094339622641509
0.5208333333333334
0.6578947368421053
0.5306122448979592
0.5769230769230769
0.6222222222222222
0.627906976744186
0.5869565217391305
0.52
0.6444444444444445
0.5
0.6382978723404256
0.5833333333333334
0.5625
0.5957446808510638
0.5333333333333333
0.5
0.54
0.6222222222222222
0.58
0.5952380952380952
0.6428571428571429
0.6
0.6666666666666666
0.49122807017543857
0.5
0.5178571428571429
0.5333333333333333
0.5609756097560976
0.625
0.6363636363636364
0.6046511627906976
0.5094339622641509
0.5384615384615384
0.5957446808510638
0.5652173913043478
0.5625
0.6046511627906976
0.65
0.5531914893617021
0.5555555555555556
0.4444444444444444
0.5384615384615384
0.56
0.75
0.6428571428571429
0.48
0.6086956521739131
0.48
0.5510204081632653
0.627906976744186
0.5625
0.5897435897435898
0.6037735849056604
0.5957446808510638
0.52
0.58
0.5185185185185185
0.625
0.5531914893617021
0.4909090909090909
0.6304347826086957
0.5625
0.5686274509803921
0.5471698113207547
0.5957446808510638
0.6304347826086957
0.47368421052631576
0.6511627906976745
0.5471698113207547
0.6739130434782609
0.6153846153846154
0.54
0.5625
0.5833333333333334
0.6
0.5294117647058824
0.543859649122807
0.46296296296296297
0.6122448979591837
0.5306122448979592
0.5208333333333334
0.56
0.5660377358490566
0.6041666666666666
0.6041666666666666
0.5576923076923077
0.6410256410256411
0.49056603773584906
0.6190476190476191
0.65
0.5714285714285714
0.5370370370370371
0.47058823529411764
0.5208333333333334
0.47368421052631576
0.5333333333333333
0.6326530612244898
0.47058823529411764
0.5625
0.5185185185185185
0.5510204081632653
0.5
0.56
0.5869565217391305
0.4915254237288136
0.65
0.58
0.5416666666666666
0.6222222222222222
0.6
0.5952380952380952
0.56
0.52
0.5102040816326531
0.4696969696969697
0.6341463414634146
0.6046511627906976
0.49056603773584906
0.5777777777777777
0.6136363636363636
0.575
0.5576923076923077
0.6
0.5652173913043478
0.6190476190476191
0.5490196078431373
0.5192307692307693
0.5576923076923077
0.5490196078431373
0.5714285714285714
0.48214285714285715
0.5094339622641509
0.627906976744186
0.5370370370370371
0.5813953488372093
0.5918367346938775
0.45098039215686275
0.5957446808510638
0.5681818181818182
0.5957446808510638
0.5
0.56
0.5192307692307693
0.5531914893617021
0.6153846153846154
0.5094339622641509
0.52
0.5294117647058824
0.6666666666666666
0.5384615384615384
0.575
0.5192307692307693
0.5681818181818182
0.5576923076923077
0.5510204081632653
0.5777777777777777
0.6136363636363636
0.6458333333333334
0.5510204081632653
0.5909090909090909
0.675
0.4339622641509434
0.5609756097560976
0.5510204081632653
0.5434782608695652
0.5714285714285714
0.5
0.48214285714285715
0.5384615384615384
0.5272727272727272
0.6041666666666666
