0.676056338028169
0.5492957746478874
0.5633802816901409
0.6197183098591549
0.5633802816901409
0.5211267605633803
0.5774647887323944
0.6056338028169014
0.6197183098591549
0.6338028169014085
0.5774647887323944
0.6197183098591549
0.6197183098591549
0.6197183098591549
0.5915492957746479
0.647887323943662
0.6056338028169014
0.6338028169014085
0.5633802816901409
0.5774647887323944
0.6056338028169014
0.49295774647887325
0.5352112676056338
0.5492957746478874
0.6056338028169014
0.5070422535211268
0.5633802816901409
0.5211267605633803
0.5915492957746479
0.5915492957746479
0.6197183098591549
0.647887323943662
0.647887323943662
0.5915492957746479
0.5774647887323944
0.6338028169014085
0.5070422535211268
0.5915492957746479
0.5774647887323944
0.647887323943662
0.5492957746478874
0.5492957746478874
0.5915492957746479
0.5211267605633803
0.6056338028169014
0.6056338028169014
0.6197183098591549
0.6056338028169014
0.5633802816901409
0.704225352112676
0.5633802816901409
0.5774647887323944
0.5774647887323944
0.5492957746478874
0.5774647887323944
0.676056338028169
0.5915492957746479
0.6197183098591549
0.5492957746478874
0.5633802816901409
0.5211267605633803
0.5352112676056338
0.4788732394366197
0.5070422535211268
0.647887323943662
0.5211267605633803
0.5211267605633803
0.647887323943662
0.5915492957746479
0.5633802816901409
0.5915492957746479
0.6056338028169014
0.5352112676056338
0.6056338028169014
0.5070422535211268
0.4788732394366197
0.6056338028169014
0.6056338028169014
0.6197183098591549
0.6197183098591549
0.6197183098591549
0.5915492957746479
0.4507042253521127
0.5492957746478874
0.5774647887323944
0.5915492957746479
0.5915492957746479
0.7183098591549296
0.5492957746478874
0.5633802816901409
0.5352112676056338
0.5774647887323944
0.5774647887323944
0.676056338028169
0.5774647887323944
0.5915492957746479
0.5633802816901409
0.6056338028169014
0.5774647887323944
0.5915492957746479
0.5774647887323944
0.5915492957746479
0.6619718309859155
0.5915492957746479
0.5915492957746479
0.5774647887323944
0.6197183098591549
0.6197183098591549
0.5633802816901409
0.6901408450704225
0.5633802816901409
0.6056338028169014
0.5352112676056338
0.5352112676056338
0.6197183098591549
0.5633802816901409
0.5633802816901409
0.5492957746478874
0.5915492957746479
0.6056338028169014
0.647887323943662
0.5352112676056338
0.5915492957746479
0.4507042253521127
0.5492957746478874
0.6619718309859155
0.5915492957746479
0.6056338028169014
0.6197183098591549
0.6338028169014085
0.5492957746478874
0.6056338028169014
0.6056338028169014
0.6056338028169014
0.6197183098591549
0.6056338028169014
0.5352112676056338
0.6056338028169014
0.5915492957746479
0.6338028169014085
0.5915492957746479
0.5492957746478874
0.5633802816901409
0.6056338028169014
0.6197183098591549
0.6197183098591549
0.5633802816901409
0.5633802816901409
0.5070422535211268
0.5633802816901409
0.5633802816901409
0.5774647887323944
0.5633802816901409
0.6056338028169014
0.4788732394366197
0.5352112676056338
0.5492957746478874
0.6338028169014085
0.5352112676056338
0.6197183098591549
0.6056338028169014
0.6197183098591549
0.6619718309859155
0.6197183098591549
0.6619718309859155
0.6338028169014085
0.6056338028169014
0.6056338028169014
0.5633802816901409
0.5633802816901409
0.6619718309859155
0.5352112676056338
0.5774647887323944
0.5774647887323944
0.6338028169014085
0.5915492957746479
0.5492957746478874
0.6619718309859155
0.5774647887323944
0.4788732394366197
0.5774647887323944
0.5915492957746479
0.5774647887323944
0.6197183098591549
0.647887323943662
0.5211267605633803
0.6056338028169014
0.5915492957746479
0.647887323943662
0.5774647887323944
0.6619718309859155
0.5774647887323944
0.647887323943662
0.6338028169014085
0.5211267605633803
0.5774647887323944
0.5774647887323944
0.6056338028169014
0.5492957746478874
0.6056338028169014
0.5211267605633803
0.676056338028169
0.5492957746478874
0.5915492957746479
0.5492957746478874
0.5915492957746479
0.5915492957746479
0.6197183098591549
0.6338028169014085
0.5633802816901409
0.5774647887323944
0.5915492957746479
0.6056338028169014
0.5492957746478874
0.6338028169014085
0.5774647887323944
0.6056338028169014
0.5915492957746479
0.5211267605633803
0.6338028169014085
0.647887323943662
0.5633802816901409
0.676056338028169
0.5633802816901409
0.5633802816901409
0.5633802816901409
0.5774647887323944
0.647887323943662
0.5915492957746479
0.6056338028169014
0.5633802816901409
0.5070422535211268
0.647887323943662
0.5633802816901409
0.5774647887323944
0.5633802816901409
0.5915492957746479
0.5352112676056338
0.6197183098591549
0.5070422535211268
0.5211267605633803
0.6197183098591549
0.5352112676056338
0.5211267605633803
0.6619718309859155
0.704225352112676
0.647887323943662
0.5633802816901409
0.6197183098591549
0.5352112676056338
0.5633802816901409
0.5915492957746479
0.6338028169014085
0.5633802816901409
0.5633802816901409
0.647887323943662
0.5633802816901409
0.5774647887323944
0.6338028169014085
0.6197183098591549
0.6338028169014085
0.4788732394366197
0.5915492957746479
0.5633802816901409
0.6338028169014085
0.5492957746478874
0.5492957746478874
0.5352112676056338
0.5915492957746479
0.6056338028169014
0.6197183098591549
0.5915492957746479
0.5915492957746479
0.5492957746478874
0.5915492957746479
0.647887323943662
0.6056338028169014
0.5915492957746479
0.5492957746478874
0.5915492957746479
0.5774647887323944
0.6197183098591549
0.5492957746478874
0.6338028169014085
0.5492957746478874
0.6056338028169014
0.49295774647887325
0.5211267605633803
0.6056338028169014
0.6197183098591549
0.4788732394366197
0.5915492957746479
0.49295774647887325
0.5211267605633803
0.6056338028169014
0.5774647887323944
0.5633802816901409
0.5915492957746479
0.5915492957746479
0.6056338028169014
0.6056338028169014
0.6619718309859155
0.5915492957746479
0.5915492957746479
0.5492957746478874
0.5774647887323944
0.6056338028169014
0.5915492957746479
0.5070422535211268
0.6338028169014085
0.5633802816901409
0.5492957746478874
0.6056338028169014
0.5915492957746479
0.5352112676056338
0.5070422535211268
0.6338028169014085
0.5915492957746479
0.6056338028169014
0.5492957746478874
0.647887323943662
0.5633802816901409
0.5633802816901409
0.5352112676056338
0.6338028169014085
0.6056338028169014
0.6056338028169014
0.5633802816901409
0.6338028169014085
0.5492957746478874
0.6338028169014085
0.5492957746478874
0.5492957746478874
0.5633802816901409
0.5915492957746479
0.6056338028169014
0.5774647887323944
0.5774647887323944
0.6338028169014085
0.676056338028169
0.647887323943662
0.647887323943662
0.6338028169014085
0.5492957746478874
0.5915492957746479
0.6197183098591549
0.5352112676056338
0.5915492957746479
0.5774647887323944
0.6197183098591549
0.5492957746478874
0.5774647887323944
0.5352112676056338
0.5633802816901409
0.5774647887323944
0.5211267605633803
0.5774647887323944
0.5915492957746479
0.5915492957746479
0.5915492957746479
0.6338028169014085
0.5774647887323944
0.49295774647887325
0.5915492957746479
0.5633802816901409
0.6056338028169014
0.5915492957746479
0.5070422535211268
0.5774647887323944
0.5774647887323944
0.6197183098591549
0.5633802816901409
0.6901408450704225
0.49295774647887325
0.5774647887323944
0.5915492957746479
0.5774647887323944
0.5774647887323944
0.5915492957746479
0.5915492957746479
0.6056338028169014
0.676056338028169
0.5774647887323944
0.5915492957746479
0.5915492957746479
0.5774647887323944
0.5633802816901409
0.6338028169014085
0.5915492957746479
0.5915492957746479
0.6197183098591549
0.5352112676056338
0.6056338028169014
0.5633802816901409
0.5633802816901409
0.6901408450704225
0.5633802816901409
0.5774647887323944
0.6056338028169014
0.5915492957746479
0.5492957746478874
0.5774647887323944
0.5774647887323944
0.647887323943662
0.5492957746478874
0.5633802816901409
0.5492957746478874
0.5915492957746479
0.647887323943662
0.5774647887323944
0.6056338028169014
0.5774647887323944
0.6197183098591549
0.5070422535211268
0.5633802816901409
0.5352112676056338
0.5774647887323944
0.5915492957746479
0.5352112676056338
0.5915492957746479
0.647887323943662
0.6197183098591549
0.6338028169014085
0.6619718309859155
0.5915492957746479
0.6197183098591549
0.6619718309859155
0.6338028169014085
0.5352112676056338
0.5492957746478874
0.6056338028169014
0.5211267605633803
0.5774647887323944
0.5070422535211268
0.6056338028169014
0.5915492957746479
0.5352112676056338
0.5915492957746479
0.6197183098591549
0.5352112676056338
0.5211267605633803
0.6338028169014085
0.6056338028169014
0.5352112676056338
0.6197183098591549
0.5352112676056338
0.5492957746478874
0.647887323943662
0.5915492957746479
0.6338028169014085
0.676056338028169
0.6338028169014085
0.6197183098591549
0.5915492957746479
0.5633802816901409
0.6338028169014085
0.6338028169014085
0.5774647887323944
0.5633802816901409
0.5352112676056338
0.5211267605633803
0.5633802816901409
0.6338028169014085
0.5492957746478874
0.6056338028169014
0.5070422535211268
0.5633802816901409
0.5633802816901409
0.6197183098591549
0.5915492957746479
0.5633802816901409
0.6056338028169014
0.6197183098591549
0.6197183098591549
0.647887323943662
0.647887323943662
0.5352112676056338
0.5492957746478874
0.6056338028169014
0.4788732394366197
0.5774647887323944
0.5915492957746479
0.5352112676056338
0.6338028169014085
0.5915492957746479
0.6056338028169014
0.5070422535211268
0.5352112676056338
0.647887323943662
0.5633802816901409
0.5774647887323944
0.5352112676056338
0.5774647887323944
0.5774647887323944
0.647887323943662
0.6619718309859155
0.5492957746478874
0.676056338028169
0.6056338028169014
0.647887323943662
