0.6489287839714343
0.6117833763142234
0.6372247569926602
0.6217020432453878
0.6337036302320967
0.6134199563578655
0.6087085895655625
0.6179825431462012
0.639208490378893
0.6105931362824837
0.6254711366792303
0.6013191827018449
0.6522515373933744
0.6628149176750644
0.6081134695496925
0.6160979964292799
0.6705266812140448
0.6165443364411823
0.6324142035310454
0.6376215036699069
0.6435727038286055
0.6113866296369768
0.6199414798651062
0.6231898432850624
0.6440190438405079
0.6028317794088475
0.6501686173378298
0.6390597103749256
0.6249008133306884
0.6245288633207697
0.6450109105336244
0.6039972227732593
0.6438206705018846
0.6425312438008332
0.6487304106328109
0.6317198968458639
0.635885736956953
0.6423328704622098
0.6608559809561595
0.6404979170799443
0.607964689545725
0.5991866693116444
0.6103451696092046
0.6531442174171791
0.6313231501686173
0.6150317397341797
0.6148581630628844
0.6154036897440985
0.6293890101170403
0.6115850029756
0.6191231898432852
0.6368776036500693
0.6525490974013093
0.6404979170799445
0.6492511406466972
0.6538385241023607
0.6286947034318587
0.6182057131521523
0.6086589962309067
0.6477881372743504
0.5789029954374132
0.6045923427891292
0.6276036500694306
0.6024102360642729
0.6457052172188058
0.6225451299345368
0.6111882562983535
0.6546320174568538
0.6225947232691925
0.6511604840309462
0.645928387224757
0.6546320174568538
0.6257934933544931
0.6274548700654632
0.6457300138861338
0.6276284467367585
0.6069976195199365
0.5995090259869074
0.6323646101963896
0.6092789129141044
0.6216028565760762
0.628893076770482
0.6286451100972029
0.6119817496528467
0.6556238841499702
0.6467962705812339
0.6479369172783177
0.6304800634794684
0.5964590359055744
0.624727236659393
0.6301329101368776
0.6119321563181908
0.6206605832176156
0.6244296766514581
0.6805693314818488
0.6620214243205713
0.6278516167427097
0.6282731600872843
0.607419162864511
0.6241817099781789
0.6332572902201944
0.614982146399524
0.5970045625867884
0.6289922634397936
0.6414897837730609
0.6121305296568142
0.6461515572307082
0.6103947629438603
0.6654433644118232
0.6542104741122794
0.6340507835746876
0.6423824637968658
0.6210077365602064
0.6170402697877405
0.6466970839119223
0.6455564372148384
0.6263142233683793
0.6248264233287046
0.6203630232096806
0.6391588970442372
0.6477385439396945
0.6180073398135291
0.6087085895655624
0.6421344971235866
0.628893076770482
0.6488791906367785
0.6055842094822456
0.6347450902598691
0.6352410236064273
0.6693364411823052
0.6537889307677048
0.609948422931958
0.6509125173576672
0.632810950208292
0.6604840309462408
0.616048403094624
0.6201150565364016
0.6112378496330093
0.6295873834556636
0.6538385241023607
0.6186272564967269
0.6133455663558818
0.6437462804999008
0.6059313628248363
0.6256199166831978
0.6297857567942868
0.6503669906764531
0.6315711168418964
0.6170402697877405
0.6346459035905574
0.6259670700257886
0.6396052370561396
0.6367784169807578
0.6362328902995438
0.6392828803808768
0.6404483237452886
0.6393572703828605
0.6363816703035112
0.6415889704423725
0.612428089664749
0.6257439000198374
0.6045923427891291
0.6141142630430471
0.6179329498115452
0.6152797064074589
0.6285955167625471
0.6249752033326721
0.6261654433644118
0.616048403094624
0.6106427296171395
0.6371751636580043
0.6377206903392184
0.6282979567546123
0.6332324935528665
0.5955663558817694
0.633406070224162
0.6285955167625471
0.6346459035905575
0.6234378099583416
0.6555246974806587
0.6232890299543742
0.6560702241618727
0.6090061495734973
0.6193215631819083
0.6392580837135489
0.6180073398135292
0.6227187066058322
0.6368032136480858
0.6528466574092443
0.6413905971037492
0.627504463400119
0.6328605435429479
0.6367288236461021
0.613816703035112
0.6243304899821465
0.632513390200357
0.6298105534616149
0.6268101567149374
0.6384149970243999
0.6378694703431859
0.6241321166435232
0.6310255901606824
0.6030053560801428
0.6096012695893672
0.6543840507835746
0.63057925014878
0.6244792699861139
0.6469450505852014
0.6484824439595318
0.6584011108906963
0.6205365998809759
0.6402003570720095
0.6397044237254512
0.6568141241817099
0.6611783376314223
0.6314719301725848
0.6261654433644118
0.6324637968657013
0.5932354691529459
0.6144614163856378
0.6175362031342988
0.595715135885737
0.640646697083912
0.616593929775838
0.6343235469152946
0.631422336837929
0.6391588970442371
0.6396548303907954
0.6137671097004562
0.6629141043443761
0.631124776829994
0.6596409442570919
0.6571612775243008
0.6307776234874033
0.6391093037095814
0.6372743503273159
0.6226443166038484
0.6106675262844673
0.6217516365800436
0.6388613370363022
0.6019638960523706
0.6619222376512596
0.6377206903392184
0.6362824836341996
0.6399771870660583
0.6157012497520333
0.6420849037889308
0.6566901408450704
0.6224459432652252
0.6412418170997818
0.6402499504066653
0.6016663360444356
0.6188008331680223
0.6390101170402698
0.6522515373933744
0.63057925014878
0.6324142035310455
0.6371751636580043
0.6501686173378298
0.6289922634397936
0.6132711763538982
0.6426552271374727
0.6080142828803808
0.6697083911922237
0.6338028169014085
0.6221731799246181
0.6684189644911724
0.6213052965681413
0.638117437016465
0.639208490378893
0.6432751438206704
0.6450109105336242
0.6307280301527474
0.6245784566554257
0.6363320769688554
0.6410930370958143
0.6430519738147193
0.6491767506447135
0.6342987502479667
0.6280003967466773
0.6273060900614957
0.6603352509422733
0.6339268002380479
0.6339515969053761
0.6207101765522713
0.5986907359650864
0.642878397143424
0.6560702241618726
0.6083862328902995
0.6316207101765523
0.635340210275739
0.6386133703630232
0.6390349137075978
0.6315711168418965
0.6278516167427097
0.6019143027177147
0.6306784368180917
0.6355881769490181
0.6123289029954374
0.6359353302916088
0.6342491569133109
0.5959135092243601
0.6345963102559016
0.5911525490974012
0.6492759373140251
0.621652449910732
0.6171394564570521
0.642035310454275
0.633356476889506
0.6175857964689545
0.6469450505852014
0.5947232691926205
0.6290418567744496
0.626958936718905
0.6184288831581035
0.655425510811347
0.6353402102757388
0.6467962705812339
0.645110097202936
0.6416881571116843
0.6291410434437611
0.6447133505256892
0.6338524102360643
0.613271176353898
0.6193711565165642
0.6213548899027971
0.6062289228327713
0.6529458440785559
0.6318934735171593
0.628049990081333
0.6535905574290816
0.5928387224756994
0.6178833564768894
0.6103947629438604
0.6384645903590557
0.6752628446736758
0.6312983535012894
0.652598690735965
0.5962110692322953
0.6413410037690935
0.5935330291608808
0.6038484427692917
0.6178337631422336
0.6322158301924222
0.6546320174568538
0.6180817298155129
0.6339020035707201
0.6185280698274152
0.6378694703431859
0.621652449910732
0.6285459234278913
0.6231402499504066
0.6327613568736362
0.6246280499900814
0.6147589763935727
0.6249752033326721
0.6366296369767903
0.6124032929974211
0.6323150168617337
0.6664848244395953
0.6386133703630232
0.6179825431462012
0.6286947034318587
0.6387125570323349
0.6145606030549494
0.6363816703035112
0.6128248363419956
0.6412418170997818
0.6043691727831779
0.6508629240230113
0.6206357865502877
0.618032136480857
0.6233882166236858
0.6094028962507438
0.5889704423725451
0.6191231898432851
0.632513390200357
0.6329101368776037
0.6211565165641737
0.6245288633207697
0.6345963102559016
0.63117437016465
0.6144614163856378
0.6324637968657012
0.6029061694108312
0.6344475302519342
0.630033723467566
0.6589466375719103
0.6441678238444752
0.6456060305494942
0.6483336639555644
0.6242313033128347
0.6433991271573101
0.6293394167823844
0.5946240825233089
0.6265125967070025
0.6310999801626661
0.6405227137472723
0.6344475302519341
0.6445645705217219
0.6474905772664155
0.6272317000595121
0.6441182305098194
0.6342739535806386
0.6274052767308074
0.609353302916088
0.6474409839317596
0.6325133902003571
0.622495536599881
0.6419361237849633
0.6261654433644118
0.6542352707796072
0.6386133703630232
0.6202142432057132
0.6438206705018846
0.61942074985122
0.6182801031541361
0.6025590160682404
0.6610295576274549
0.640597103749256
0.662120610989883
0.6213052965681413
0.6348938702638366
0.6315959135092244
0.645110097202936
0.6501686173378298
0.5985419559611188
0.6043939694505059
0.6091549295774648
0.6367784169807578
0.6226691132711764
0.6206605832176156
0.6003769093433842
0.6363320769688553
0.6163459631025591
0.6217020432453878
0.6186272564967269
0.6197679031938108
0.6435231104939496
0.6303808768101568
0.6134199563578656
0.6337036302320967
0.6309759968260266
0.6494743106526483
0.6011208093632217
0.6391093037095814
0.6267109700456259
0.6462507439000199
0.631422336837929
0.6460523705613965
0.6377206903392183
0.6337036302320969
0.6454076572108708
0.6525738940686372
0.6402499504066654
0.6374231303312834
0.6309759968260266
0.5980956159492165
0.6374727236659393
0.6474409839317595
0.6597401309264035
0.6202638365403689
0.6302816901408451
0.6377702836738742
0.6140646697083912
0.609402896250744
0.6047907161277525
0.6341003769093433
0.6348938702638366
0.633951596905376
0.6142134497123586
0.6443661971830986
0.6205118032136481
0.6288434834358263
0.6174122197976591
0.6369767903193811
0.6152549097401309
0.6370759769886928
0.6533425907558025
0.6647986510612974
0.6330093235469153
0.6493751239833366
0.6315711168418964
0.607419162864511
0.6441430271771476
0.660459234278913
0.6239337433048999
0.6371751636580044
0.6515572307081929
0.6496230906566157
0.6219004165840112
0.6435231104939496
0.6372247569926602
0.6490775639754017
0.6293890101170403
0.6230906566157508
0.626958936718905
0.6544336441182306
0.616048403094624
0.6064768895060505
