0.4615384615384615
0.44247787610619466
0.45714285714285713
0.4615384615384615
0.4752475247524753
0.4528301886792453
0.46601941747572817
0.46601941747572817
0.4705882352941177
0.44859813084112155
0.44036697247706424
0.47619047619047616
0.4528301886792453
0.4528301886792453
0.45714285714285713
0.4705882352941177
0.43636363636363634
0.4672897196261682
0.4528301886792453
0.45714285714285713
0.45714285714285713
0.46601941747572817
0.44247787610619466
0.4444444444444444
0.45714285714285713
0.4444444444444444
0.4705882352941177
0.4528301886792453
0.4528301886792453
0.47619047619047616
0.4528301886792453
0.46601941747572817
0.44036697247706424
0.4444444444444444
0.45714285714285713
0.45714285714285713
0.4444444444444444
0.4528301886792453
0.47169811320754707
0.45714285714285713
0.4528301886792453
0.4444444444444444
0.4444444444444444
0.44859813084112155
0.43636363636363634
0.44859813084112155
0.4528301886792453
0.46601941747572817
0.46601941747572817
0.4528301886792453
0.4444444444444444
0.4615384615384615
0.4705882352941177
0.4528301886792453
0.4629629629629629
0.4615384615384615
0.4444444444444444
0.42857142857142855
0.4587155963302752
0.46601941747572817
0.44859813084112155
0.4615384615384615
0.44859813084112155
0.4615384615384615
0.49019607843137253
0.46601941747572817
0.4444444444444444
0.44036697247706424
0.4752475247524753
0.44036697247706424
0.42857142857142855
0.46601941747572817
0.48000000000000004
0.46601941747572817
0.4464285714285714
0.4615384615384615
0.42857142857142855
0.47619047619047616
0.44859813084112155
0.44859813084112155
0.4807692307692308
0.46601941747572817
0.4528301886792453
0.48000000000000004
0.4705882352941177
0.4324324324324324
0.44036697247706424
0.4528301886792453
0.4528301886792453
0.4528301886792453
0.42857142857142855
0.44036697247706424
0.45714285714285713
0.4324324324324324
0.45714285714285713
0.46601941747572817
0.45714285714285713
0.4615384615384615
0.4615384615384615
0.44859813084112155
0.44036697247706424
0.48543689320388345
0.4615384615384615
0.4752475247524753
0.4705882352941177
0.45714285714285713
0.45714285714285713
0.4615384615384615
0.4705882352941177
0.4528301886792453
0.45714285714285713
0.45714285714285713
0.46601941747572817
0.4528301886792453
0.4528301886792453
0.45714285714285713
0.4528301886792453
0.4464285714285714
0.4615384615384615
0.41739130434782606
0.45714285714285713
0.4615384615384615
0.4705882352941177
0.4528301886792453
0.46601941747572817
0.46601941747572817
0.44036697247706424
0.4528301886792453
0.42857142857142855
0.4528301886792453
0.48484848484848475
0.47619047619047616
0.47619047619047616
0.4752475247524753
0.4615384615384615
0.4324324324324324
0.45714285714285713
0.47169811320754707
0.44859813084112155
0.48543689320388345
0.4752475247524753
0.45045045045045046
0.4324324324324324
0.44036697247706424
0.4444444444444444
0.4705882352941177
0.44859813084112155
0.44859813084112155
0.4324324324324324
0.4615384615384615
0.45714285714285713
0.46601941747572817
0.4705882352941177
0.4615384615384615
0.4528301886792453
0.44859813084112155
0.45714285714285713
0.48000000000000004
0.4615384615384615
0.43636363636363634
0.4324324324324324
0.4629629629629629
0.44859813084112155
0.44036697247706424
0.44859813084112155
0.4705882352941177
0.4444444444444444
0.46601941747572817
0.45714285714285713
0.4528301886792453
0.4615384615384615
0.44859813084112155
0.4705882352941177
0.4528301886792453
0.44859813084112155
0.4528301886792453
0.4807692307692308
0.45714285714285713
0.42857142857142855
0.44036697247706424
0.4615384615384615
0.45714285714285713
0.46601941747572817
0.4528301886792453
0.4615384615384615
0.4528301886792453
0.44036697247706424
0.48484848484848475
0.4615384615384615
0.45714285714285713
0.48484848484848475
0.46601941747572817
0.4615384615384615
0.44859813084112155
0.45714285714285713
0.48000000000000004
0.4324324324324324
0.4615384615384615
0.4444444444444444
0.46601941747572817
0.4247787610619469
0.49019607843137253
0.4444444444444444
0.45714285714285713
0.4752475247524753
0.47619047619047616
0.4444444444444444
0.44859813084112155
0.4752475247524753
0.4615384615384615
0.4615384615384615
0.42857142857142855
0.4615384615384615
0.4615384615384615
0.48000000000000004
0.4752475247524753
0.48000000000000004
0.44036697247706424
0.4444444444444444
0.45714285714285713
0.43636363636363634
0.45714285714285713
0.44859813084112155
0.44036697247706424
0.44859813084112155
0.45714285714285713
0.4444444444444444
0.46601941747572817
0.46601941747572817
0.4528301886792453
0.46601941747572817
0.45714285714285713
0.4444444444444444
0.4528301886792453
0.45714285714285713
0.48000000000000004
0.44859813084112155
0.44859813084112155
0.4444444444444444
0.44859813084112155
0.47169811320754707
0.48543689320388345
0.4528301886792453
0.4324324324324324
0.46601941747572817
0.4247787610619469
0.4807692307692308
0.4615384615384615
0.43636363636363634
0.42857142857142855
0.4672897196261682
0.4752475247524753
0.4615384615384615
0.4752475247524753
0.4324324324324324
0.48000000000000004
0.4247787610619469
0.43636363636363634
0.42857142857142855
0.46601941747572817
0.49504950495049505
0.44859813084112155
0.4752475247524753
0.4705882352941177
0.4705882352941177
0.4528301886792453
0.46601941747572817
0.4752475247524753
0.4705882352941177
0.4528301886792453
0.4705882352941177
0.4615384615384615
0.43636363636363634
0.4528301886792453
0.4615384615384615
0.4672897196261682
0.44036697247706424
0.4629629629629629
0.44859813084112155
0.44859813084112155
0.4587155963302752
0.46601941747572817
0.48000000000000004
0.4247787610619469
0.4545454545454546
0.43636363636363634
0.4528301886792453
0.4528301886792453
0.4545454545454546
0.43636363636363634
0.4444444444444444
0.4444444444444444
0.4705882352941177
0.45714285714285713
0.45714285714285713
0.4752475247524753
0.4752475247524753
0.4464285714285714
0.4444444444444444
0.4629629629629629
0.45714285714285713
0.48000000000000004
0.48000000000000004
0.4444444444444444
0.4615384615384615
0.4587155963302752
0.4528301886792453
0.46601941747572817
0.4528301886792453
0.4615384615384615
0.48484848484848475
0.4705882352941177
0.4752475247524753
0.4615384615384615
0.4615384615384615
0.48543689320388345
0.45045045045045046
0.4615384615384615
0.4444444444444444
0.4324324324324324
0.43636363636363634
0.4705882352941177
0.44859813084112155
0.45714285714285713
0.4807692307692308
0.45714285714285713
0.48543689320388345
0.4705882352941177
0.44036697247706424
0.4615384615384615
0.4615384615384615
0.4807692307692308
0.45714285714285713
0.45714285714285713
0.4615384615384615
0.44859813084112155
0.44036697247706424
0.46601941747572817
0.44859813084112155
0.4528301886792453
0.48000000000000004
0.4444444444444444
0.49019607843137253
0.4444444444444444
0.4752475247524753
0.43636363636363634
0.46601941747572817
0.4587155963302752
0.4444444444444444
0.44036697247706424
0.44036697247706424
0.4752475247524753
0.4705882352941177
0.4247787610619469
0.4528301886792453
0.43636363636363634
0.4615384615384615
0.4444444444444444
0.4247787610619469
0.44859813084112155
0.45714285714285713
0.48484848484848475
0.48000000000000004
0.44036697247706424
0.4528301886792453
0.45714285714285713
0.4324324324324324
0.44859813084112155
0.4629629629629629
0.44859813084112155
0.4587155963302752
0.4444444444444444
0.42857142857142855
0.43636363636363634
0.46601941747572817
0.4629629629629629
0.44859813084112155
0.5
0.42857142857142855
0.4752475247524753
0.4705882352941177
0.43636363636363634
0.4528301886792453
0.4672897196261682
0.45714285714285713
0.46601941747572817
0.4705882352941177
0.4528301886792453
0.4528301886792453
0.46601941747572817
0.4615384615384615
0.44859813084112155
0.41739130434782606
0.44247787610619466
0.4752475247524753
0.46601941747572817
0.42857142857142855
0.46601941747572817
0.4615384615384615
0.43636363636363634
0.48979591836734687
0.4752475247524753
0.4615384615384615
0.44859813084112155
0.4528301886792453
0.46601941747572817
0.45714285714285713
0.43478260869565216
0.4615384615384615
0.4752475247524753
0.4705882352941177
0.46601941747572817
0.47169811320754707
0.44859813084112155
0.4528301886792453
0.4615384615384615
0.47169811320754707
0.44036697247706424
0.46601941747572817
0.45714285714285713
0.4528301886792453
0.44036697247706424
0.48000000000000004
0.46601941747572817
0.45714285714285713
0.43636363636363634
0.4464285714285714
0.4615384615384615
0.4705882352941177
0.4629629629629629
0.4615384615384615
0.44036697247706424
0.45714285714285713
0.4705882352941177
0.45714285714285713
0.4615384615384615
0.4705882352941177
0.4752475247524753
0.44859813084112155
0.42857142857142855
0.4528301886792453
0.44859813084112155
0.45714285714285713
0.44036697247706424
0.4444444444444444
0.48000000000000004
0.4705882352941177
0.44859813084112155
0.48000000000000004
0.4807692307692308
0.46601941747572817
0.4615384615384615
0.4615384615384615
0.44036697247706424
0.45714285714285713
0.44859813084112155
0.4545454545454546
0.4444444444444444
0.4615384615384615
0.4752475247524753
0.45714285714285713
0.44859813084112155
0.43636363636363634
0.45714285714285713
0.46601941747572817
0.47169811320754707
0.45714285714285713
0.4444444444444444
0.4528301886792453
0.4324324324324324
0.4752475247524753
0.4528301886792453
0.4528301886792453
0.4752475247524753
0.46601941747572817
0.48000000000000004
0.4615384615384615
0.4615384615384615
0.4444444444444444
0.4752475247524753
0.46601941747572817
0.46601941747572817
0.4528301886792453
0.4444444444444444
0.45714285714285713
0.42105263157894735
0.48000000000000004
0.45714285714285713
0.4385964912280702
0.4615384615384615
0.4705882352941177
0.4528301886792453
0.47169811320754707
0.45714285714285713
0.4528301886792453
0.4528301886792453
0.45714285714285713
0.44036697247706424
0.44859813084112155
0.4615384615384615
