0.34722222222222215
0.430379746835443
0.41958041958041964
0.3803680981595091
0.40522875816993464
0.3975155279503106
0.4125
0.29139072847682124
0.36923076923076925
0.3875
0.3947368421052631
0.3333333333333333
0.4266666666666667
0.4186046511627907
0.3973509933774835
0.34437086092715236
0.3582089552238806
0.3287671232876712
0.3790849673202614
0.326797385620915
0.3809523809523809
0.3949044585987261
0.3846153846153847
0.3888888888888889
0.3229813664596273
0.41290322580645156
0.3602484472049689
0.28169014084507044
0.33333333333333337
0.3401360544217687
0.41025641025641024
0.34532374100719426
0.430379746835443
0.3773584905660377
0.34246575342465757
0.3862068965517241
0.3529411764705882
0.348993288590604
0.4895104895104895
0.3790849673202614
0.3846153846153847
0.36129032258064514
0.37662337662337664
0.4444444444444444
0.389261744966443
0.4084507042253521
0.41830065359477125
0.37662337662337664
0.4444444444444444
0.4266666666666667
0.389261744966443
0.3773584905660377
0.3857142857142857
0.38848920863309355
0.4078947368421052
0.45333333333333337
0.3243243243243243
0.3971631205673759
0.35862068965517246
0.4264705882352941
0.3878787878787879
0.3757575757575758
0.35502958579881655
0.3529411764705882
0.44303797468354433
0.375
0.3870967741935484
0.40816326530612246
0.3846153846153847
0.3582089552238806
0.3714285714285714
0.40277777777777785
0.3513513513513513
0.3636363636363636
0.3916083916083916
0.35616438356164387
0.36129032258064514
0.37662337662337664
0.4675324675324675
0.3949044585987261
0.3333333333333333
0.3924050632911392
0.3355704697986578
0.37086092715231783
0.4444444444444444
0.34722222222222215
0.389261744966443
0.39705882352941174
0.3391812865497076
0.32258064516129026
0.3918918918918919
0.3949044585987261
0.40875912408759124
0.3246753246753247
0.3356643356643357
0.41025641025641024
0.47058823529411764
0.3827160493827161
0.3444444444444445
0.3829787234042553
0.4276729559748428
0.35294117647058826
0.3694267515923566
0.3888888888888889
0.41830065359477125
0.3870967741935484
0.4078947368421052
0.38961038961038963
0.34722222222222215
0.417910447761194
0.4235294117647059
0.3287671232876712
0.3466666666666667
0.32558139534883723
0.3815789473684211
0.36641221374045807
0.425531914893617
0.3311258278145695
0.36
0.34394904458598724
0.4457831325301205
0.379746835443038
0.38961038961038963
0.4084507042253521
0.3229813664596273
0.3687943262411348
0.4113475177304965
0.33333333333333337
0.4
0.4444444444444444
0.37762237762237766
0.460431654676259
0.38509316770186336
0.3624161073825503
0.5
0.37419354838709673
0.3499999999999999
0.3790849673202614
0.34615384615384615
0.3815789473684211
0.3870967741935484
0.40963855421686746
0.45333333333333337
0.323943661971831
0.3918918918918919
0.42857142857142855
0.3636363636363636
0.3916083916083916
0.31213872832369943
0.3783783783783784
0.37419354838709673
0.38509316770186336
0.32167832167832167
0.3918918918918919
0.40268456375838924
0.3971631205673759
0.375
0.39759036144578314
0.3916083916083916
0.4105960264900662
0.41025641025641024
0.40259740259740256
0.4191616766467066
0.38666666666666666
0.3687943262411348
0.32653061224489793
0.40993788819875776
0.36708860759493667
0.30674846625766866
0.4177215189873418
0.4383561643835617
0.3973509933774835
0.4378698224852071
0.35526315789473684
0.31372549019607837
0.45161290322580644
0.3783783783783784
0.4900662251655629
0.36734693877551017
0.4225352112676056
0.37086092715231783
0.45517241379310347
0.35802469135802467
0.3668639053254438
0.3949044585987261
0.34965034965034963
0.38323353293413176
0.34730538922155685
0.5
0.43312101910828027
0.35443037974683544
0.3973509933774835
0.32116788321167883
0.4225352112676056
0.3815028901734104
0.41290322580645156
0.3972602739726028
0.4155844155844156
0.35064935064935066
0.4370860927152318
0.3924050632911392
0.34355828220858897
0.4105960264900662
0.4
0.37593984962406013
0.40522875816993464
0.4
0.4105960264900662
0.3401360544217687
0.4084507042253521
0.35220125786163525
0.40522875816993464
0.3717948717948718
0.4155844155844156
0.33548387096774196
0.3870967741935484
0.37593984962406013
0.3221476510067114
0.2891566265060241
0.3949044585987261
0.39743589743589747
0.4142857142857143
0.3623188405797102
0.4055944055944056
0.358974358974359
0.3773584905660377
0.3018867924528302
0.40251572327044033
0.38216560509554137
0.3636363636363636
0.3809523809523809
0.43537414965986393
0.4155844155844156
0.34722222222222215
0.32167832167832167
0.45033112582781454
0.47500000000000003
0.34722222222222215
0.3835616438356165
0.38805970149253727
0.35668789808917195
0.4722222222222222
0.4217687074829932
0.4203821656050955
0.40259740259740256
0.4523809523809524
0.3888888888888889
0.40277777777777785
0.3815789473684211
0.44
0.3724137931034483
0.3809523809523809
0.37410071942446044
0.4076433121019108
0.3624161073825503
0.36601307189542487
0.3209876543209876
0.31446540880503143
0.34177215189873417
0.3841059602649007
0.42105263157894735
0.37086092715231783
0.34394904458598724
0.4413793103448276
0.35802469135802467
0.35862068965517246
0.37762237762237766
0.4076433121019108
0.4235294117647059
0.4360902255639098
0.35460992907801414
0.38216560509554137
0.3246753246753247
0.326797385620915
0.43312101910828027
0.3636363636363636
0.28776978417266186
0.43165467625899284
0.3687943262411348
0.3499999999999999
0.3355704697986578
0.3636363636363636
0.41958041958041964
0.3694267515923566
0.3790849673202614
0.34177215189873417
0.41666666666666663
0.36
0.3684210526315789
0.35616438356164387
0.3602484472049689
0.4370860927152318
0.46451612903225803
0.38095238095238093
0.3356643356643357
0.38509316770186336
0.37583892617449666
0.4230769230769231
0.3184713375796178
0.3809523809523809
0.41025641025641024
0.3466666666666667
0.4
0.3668639053254438
0.4473684210526316
0.3827160493827161
0.4050632911392405
0.43661971830985913
0.36734693877551017
0.3636363636363636
0.379746835443038
0.4078947368421052
0.4076433121019108
0.3875
0.3947368421052631
0.45637583892617445
0.4242424242424242
0.4078947368421052
0.40287769784172656
0.3513513513513513
0.379746835443038
0.3918918918918919
0.3870967741935484
0.3790849673202614
0.4076433121019108
0.3973509933774835
0.41958041958041964
0.37086092715231783
0.37583892617449666
0.40259740259740256
0.4172661870503597
0.3333333333333333
0.37647058823529417
0.36111111111111105
0.3624161073825503
0.45859872611464964
0.35761589403973504
0.36601307189542487
0.410958904109589
0.3687943262411348
0.3878787878787879
0.35862068965517246
0.40259740259740256
0.379746835443038
0.4
0.4161073825503355
0.3916083916083916
0.35668789808917195
0.3972602739726028
0.3947368421052631
0.4133333333333333
0.34838709677419355
0.39743589743589747
0.4647887323943662
0.3376623376623376
0.3945578231292517
0.35220125786163525
0.4
0.40522875816993464
0.37086092715231783
0.4172661870503597
0.3803680981595091
0.4387096774193549
0.3624161073825503
0.3229813664596273
0.31999999999999995
0.43312101910828027
0.3851851851851852
0.3773584905660377
0.3733333333333333
0.3333333333333333
0.3503649635036496
0.36129032258064514
0.3376623376623376
0.3875
0.3945578231292517
0.30666666666666664
0.3888888888888889
0.4935064935064935
0.40287769784172656
0.44295302013422816
0.37762237762237766
0.27906976744186046
0.40268456375838924
0.3380281690140845
0.4487179487179487
0.4105960264900662
0.47435897435897434
0.4266666666666667
0.3846153846153847
0.3625
0.3947368421052631
0.4
0.34394904458598724
0.39743589743589747
0.35443037974683544
0.43137254901960786
0.43749999999999994
0.4
0.352112676056338
0.3916083916083916
0.3448275862068965
0.37762237762237766
0.3947368421052631
0.43283582089552236
0.40993788819875776
0.34965034965034963
0.425
0.36601307189542487
0.4520547945205479
0.375
0.38235294117647056
0.4370860927152318
0.4055944055944056
0.3947368421052631
0.38961038961038963
0.37037037037037035
0.3875
0.425531914893617
0.46979865771812085
0.3870967741935484
0.38323353293413176
0.34965034965034963
0.3421052631578947
0.36363636363636365
0.42236024844720493
0.38323353293413176
0.3636363636363636
0.4216867469879518
0.3694267515923566
0.4177215189873418
0.44303797468354433
0.41290322580645156
0.43971631205673756
0.4230769230769231
0.48648648648648646
0.391304347826087
0.3714285714285714
0.3698630136986301
0.47058823529411764
0.4583333333333333
0.4779874213836478
0.37583892617449666
0.3870967741935484
0.35802469135802467
0.38961038961038963
0.39215686274509803
0.3888888888888889
0.32911392405063294
0.3971631205673759
0.3529411764705882
0.4217687074829932
0.38961038961038963
0.40816326530612246
0.34965034965034963
0.38961038961038963
0.37086092715231783
0.3478260869565218
0.3972602739726028
0.42857142857142855
0.39215686274509803
0.3783783783783784
0.37583892617449666
0.375
0.441717791411043
0.3356643356643357
0.3916083916083916
0.3971631205673759
0.389261744966443
0.4647887323943662
0.4266666666666667
0.3878787878787879
0.3602484472049689
0.3636363636363636
0.3949044585987261
0.42580645161290326
0.40268456375838924
0.4805194805194805
0.4507042253521127
0.40579710144927533
0.4473684210526316
0.4487179487179487
0.43421052631578944
0.3478260869565218
0.3947368421052631
0.43137254901960786
0.45517241379310347
0.4
0.3875
0.42758620689655163
0.37499999999999994
0.4927536231884058
0.3431952662721893
0.42384105960264906
0.39436619718309857
0.4393063583815029
0.3802816901408451
0.3916083916083916
0.3499999999999999
0.37499999999999994
