0.171875
0.2388059701492537
0.1751824817518248
0.09375
0.2448979591836735
0.1527777777777778
0.28187919463087246
0.22535211267605634
0.11510791366906475
0.24242424242424243
0.21656050955414013
0.1794871794871795
0.11920529801324505
0.1688311688311688
0.17218543046357618
0.25
0.19718309859154928
0.23076923076923075
0.23287671232876714
0.2222222222222222
0.19310344827586204
0.16417910447761194
0.16417910447761194
0.18791946308724833
0.1751824817518248
0.11851851851851851
0.17567567567567566
0.18309859154929578
0.1395348837209302
0.208
0.14492753623188404
0.17931034482758623
0.128
0.25477707006369427
0.2657342657342657
0.1702127659574468
0.17567567567567566
0.1958041958041958
0.20408163265306123
0.17777777777777778
0.196969696969697
0.2838709677419355
0.21621621621621626
0.2448979591836735
0.1527777777777778
0.1875
0.22900763358778625
0.1679389312977099
0.18978102189781018
0.19858156028368795
0.3129251700680272
0.23287671232876714
0.20408163265306123
0.24460431654676257
0.15602836879432622
0.17647058823529413
0.27814569536423844
0.13422818791946306
0.2112676056338028
0.15172413793103448
0.2222222222222222
0.15068493150684933
0.21705426356589147
0.22666666666666668
0.18421052631578946
0.22972972972972974
0.21582733812949642
0.1954887218045113
0.17567567567567566
0.2620689655172414
0.2285714285714286
0.30136986301369867
0.24324324324324323
0.1343283582089552
0.24161073825503357
0.174496644295302
0.10370370370370371
0.2222222222222222
0.23776223776223776
0.15602836879432622
0.21621621621621626
0.14184397163120568
0.21476510067114096
0.17647058823529413
0.19117647058823528
0.1875
0.2361111111111111
0.20289855072463767
0.11764705882352941
0.29577464788732394
0.19117647058823528
0.1954887218045113
0.19858156028368795
0.18300653594771243
0.16901408450704225
0.22388059701492535
0.16326530612244897
0.2463768115942029
0.2127659574468085
0.1791044776119403
0.14925373134328357
0.25806451612903225
0.12403100775193797
0.136986301369863
0.19718309859154928
0.14598540145985403
0.21138211382113822
0.17218543046357618
0.17567567567567566
0.2285714285714286
0.2686567164179104
0.21582733812949642
0.2361111111111111
0.1804511278195489
0.21052631578947367
0.22377622377622378
0.1884057971014493
0.19178082191780824
0.25
0.22535211267605634
0.19310344827586204
0.21428571428571427
0.2635658914728682
0.21052631578947367
0.272108843537415
0.21374045801526714
0.1739130434782609
0.22535211267605634
0.1360544217687075
0.1925925925925926
0.2657342657342657
0.16058394160583941
0.31205673758865243
0.12903225806451613
0.2482758620689655
0.21739130434782608
0.12213740458015268
0.11199999999999999
0.18791946308724833
0.1954887218045113
0.25757575757575757
0.14925373134328357
0.2463768115942029
0.2695035460992907
0.22535211267605634
0.16176470588235295
0.19310344827586204
0.2285714285714286
0.21897810218978103
0.15602836879432622
0.21582733812949642
0.22535211267605634
0.2535211267605634
0.21739130434782608
0.24050632911392406
0.17647058823529413
0.1843971631205674
0.21052631578947367
0.2465753424657534
0.28776978417266186
0.1958041958041958
0.1843971631205674
0.17777777777777778
0.16923076923076924
0.16901408450704225
0.1791044776119403
0.174496644295302
0.21333333333333335
0.1639344262295082
0.16058394160583941
0.20437956204379562
0.18604651162790697
0.11940298507462685
0.2686567164179104
0.2894736842105263
0.24675324675324675
0.21374045801526714
0.27972027972027974
0.2222222222222222
0.19310344827586204
0.1925925925925926
0.2463768115942029
0.17142857142857143
0.2649006622516556
0.1343283582089552
0.23287671232876714
0.18543046357615892
0.19718309859154928
0.23287671232876714
0.17142857142857143
0.2585034013605442
0.2631578947368421
0.1476510067114094
0.14285714285714288
0.273972602739726
0.2695035460992907
0.3026315789473684
0.17647058823529413
0.1751824817518248
0.2448979591836735
0.1739130434782609
0.14814814814814814
0.2206896551724138
0.15384615384615385
0.17054263565891473
0.14285714285714288
0.17142857142857143
0.2647058823529412
0.20437956204379562
0.24358974358974358
0.15714285714285714
0.25
0.24193548387096772
0.24113475177304963
0.17054263565891473
0.1360544217687075
0.2481751824817518
0.27338129496402874
0.20408163265306123
0.16326530612244897
0.16541353383458648
0.27338129496402874
0.18666666666666665
0.17931034482758623
0.1258741258741259
0.16901408450704225
0.17687074829931973
0.22818791946308722
0.21582733812949642
0.16058394160583941
0.19047619047619044
0.17266187050359713
0.21621621621621626
0.1276595744680851
0.22058823529411764
0.2054794520547945
0.15384615384615385
0.2
0.20155038759689925
0.24050632911392406
0.1267605633802817
0.15151515151515152
0.14388489208633093
0.2206896551724138
0.16058394160583941
0.24324324324324323
0.21897810218978103
0.2773722627737226
0.20588235294117646
0.24844720496894412
0.2972972972972973
0.27777777777777773
0.16901408450704225
0.24113475177304963
0.2448979591836735
0.20437956204379562
0.16296296296296295
0.15172413793103448
0.2384105960264901
0.17105263157894735
0.1884057971014493
0.20979020979020982
0.2222222222222222
0.11594202898550725
0.23529411764705882
0.2608695652173913
0.1857142857142857
0.1791044776119403
0.20143884892086328
0.18300653594771243
0.27777777777777773
0.20689655172413796
0.23287671232876714
0.23943661971830985
0.2695035460992907
0.14598540145985403
0.23776223776223776
0.20588235294117646
0.2620689655172414
0.21768707482993196
0.1604938271604938
0.1791044776119403
0.23776223776223776
0.18320610687022904
0.15068493150684933
0.25503355704697983
0.1739130434782609
0.19858156028368795
0.20833333333333331
0.2894736842105263
0.19444444444444445
0.18705035971223022
0.15942028985507245
0.19736842105263155
0.24516129032258066
0.2567567567567568
0.2318840579710145
0.21192052980132453
0.14598540145985403
0.1791044776119403
0.25
0.15492957746478872
0.17808219178082194
0.2702702702702703
0.11764705882352941
0.1925925925925926
0.19444444444444445
0.19310344827586204
0.2222222222222222
0.10884353741496598
0.1891891891891892
0.23684210526315788
0.20134228187919462
0.2302158273381295
0.22666666666666668
0.16666666666666666
0.19858156028368795
0.26388888888888884
0.21212121212121213
0.17777777777777778
0.2553191489361702
0.1818181818181818
0.23225806451612901
0.21705426356589147
0.20915032679738563
0.18055555555555552
0.20270270270270271
0.2206896551724138
0.23357664233576642
0.1679389312977099
0.12949640287769784
0.14285714285714288
0.2206896551724138
0.19117647058823528
0.16666666666666666
0.2361111111111111
0.14814814814814814
0.20437956204379562
0.14184397163120568
0.2054794520547945
0.1884057971014493
0.14184397163120568
0.20289855072463767
0.20689655172413796
0.20481927710843373
0.18749999999999997
0.22818791946308722
0.25316455696202533
0.2763157894736842
0.20915032679738563
0.20143884892086328
0.19718309859154928
0.18604651162790697
0.23943661971830985
0.16058394160583941
0.2620689655172414
0.17647058823529413
0.24113475177304963
0.19718309859154928
0.302158273381295
0.2676056338028169
0.1794871794871795
0.21333333333333335
0.14184397163120568
0.19858156028368795
0.2127659574468085
0.1857142857142857
0.25974025974025977
0.16216216216216214
0.21476510067114096
0.21917808219178084
0.16666666666666669
0.1843971631205674
0.17567567567567566
0.22516556291390727
0.18666666666666665
0.21768707482993196
0.19310344827586204
0.23943661971830985
0.2763157894736842
0.24836601307189543
0.2684563758389261
0.2465753424657534
0.22727272727272727
0.17647058823529413
0.23357664233576642
0.21897810218978103
0.22388059701492535
0.16666666666666666
0.1076923076923077
0.18705035971223022
0.2127659574468085
0.15827338129496402
0.17218543046357618
0.2684563758389261
0.15942028985507245
0.2047244094488189
0.17931034482758623
0.196969696969697
0.10687022900763357
0.21768707482993196
0.14864864864864866
0.19847328244274812
0.10370370370370371
0.14285714285714288
0.22695035460992907
0.2
0.20289855072463767
0.20689655172413796
0.17567567567567566
0.21212121212121213
0.18055555555555552
0.22377622377622378
0.1791044776119403
0.21052631578947367
0.2962962962962963
0.2658227848101266
0.1527777777777778
0.13157894736842105
0.09160305343511452
0.27096774193548384
0.2567567567567568
0.2153846153846154
0.19480519480519481
0.14705882352941177
0.22695035460992907
0.19178082191780824
0.24516129032258066
0.2222222222222222
0.17808219178082194
0.28169014084507044
0.2222222222222222
0.20408163265306123
0.21768707482993196
0.20689655172413796
0.13986013986013987
0.2620689655172414
0.2448979591836735
0.15827338129496402
0.1791044776119403
0.2206896551724138
0.22818791946308722
0.19117647058823528
0.3376623376623376
0.14925373134328357
0.22535211267605634
0.15789473684210525
0.2127659574468085
0.18421052631578946
0.2962962962962963
0.1925925925925926
0.22377622377622378
0.10071942446043164
0.19402985074626863
0.18064516129032257
0.21428571428571427
0.14173228346456693
0.2222222222222222
0.16901408450704225
0.2054794520547945
0.14598540145985403
0.20689655172413796
0.22666666666666668
0.20740740740740743
0.2481751824817518
0.20270270270270271
0.18705035971223022
0.2465753424657534
0.16541353383458648
0.1891891891891892
0.20289855072463767
0.27777777777777773
0.15037593984962408
0.23255813953488372
0.20143884892086328
0.2054794520547945
0.1958041958041958
0.19047619047619044
0.2302158273381295
0.2
0.19718309859154928
0.1276595744680851
0.2
0.323943661971831
0.28776978417266186
0.19047619047619044
0.18978102189781018
0.1313868613138686
0.23448275862068968
0.1643835616438356
0.23376623376623376
0.2361111111111111
0.15492957746478872
0.18055555555555552
0.20588235294117646
0.16417910447761194
0.136986301369863
0.29370629370629375
0.14705882352941177
0.24113475177304963
