0.5045045045045045
0.42857142857142855
0.4821428571428571
0.5391304347826088
0.4695652173913043
0.42592592592592593
0.5
0.4444444444444444
0.47933884297520657
0.5185185185185185
0.5178571428571428
0.512396694214876
0.4666666666666667
0.5084745762711864
0.5094339622641509
0.4869565217391304
0.47863247863247865
0.4912280701754386
0.5043478260869565
0.4745762711864407
0.5
0.47863247863247865
0.45045045045045046
0.4727272727272727
0.5391304347826088
0.45045045045045046
0.47706422018348627
0.43478260869565216
0.456140350877193
0.44247787610619466
0.4869565217391304
0.5405405405405407
0.49572649572649574
0.4482758620689655
0.5299145299145298
0.4587155963302752
0.5
0.49523809523809526
0.48648648648648646
0.4727272727272727
0.4642857142857143
0.5357142857142857
0.5333333333333333
0.4444444444444444
0.49056603773584906
0.4666666666666667
0.5178571428571428
0.49572649572649574
0.4827586206896552
0.47787610619469023
0.5309734513274336
0.4736842105263158
0.5046728971962617
0.47706422018348627
0.4736842105263158
0.49056603773584906
0.4912280701754386
0.5094339622641509
0.5233644859813084
0.4814814814814815
0.4655172413793103
0.44247787610619466
0.47933884297520657
0.4833333333333334
0.4545454545454546
0.5087719298245613
0.547008547008547
0.5178571428571428
0.4727272727272727
0.47706422018348627
0.5045045045045045
0.5272727272727273
0.43478260869565216
0.576271186440678
0.4615384615384615
0.5309734513274336
0.5087719298245613
0.47706422018348627
0.5
0.44628099173553726
0.45217391304347826
0.4642857142857143
0.4552845528455284
0.4695652173913043
0.4464285714285714
0.5
0.49090909090909096
0.4655172413793103
0.4833333333333334
0.4655172413793103
0.4912280701754386
0.44628099173553726
0.5660377358490566
0.5263157894736842
0.4230769230769231
0.45
0.5137614678899082
0.4655172413793103
0.4912280701754386
0.46846846846846846
0.47706422018348627
0.4324324324324324
0.4954128440366972
0.453781512605042
0.5043478260869565
0.5391304347826088
0.5087719298245613
0.4642857142857143
0.44859813084112155
0.46846846846846846
0.509090909090909
0.4672897196261682
0.4821428571428571
0.45
0.39344262295081966
0.46846846846846846
0.5378151260504203
0.5
0.5486725663716815
0.5263157894736842
0.4385964912280702
0.5087719298245613
0.4869565217391304
0.5087719298245613
0.49090909090909096
0.509090909090909
0.4821428571428571
0.4666666666666667
0.4655172413793103
0.4833333333333334
0.5087719298245613
0.46017699115044247
0.5084745762711864
0.4827586206896552
0.4954128440366972
0.5172413793103448
0.5217391304347826
0.4859813084112149
0.47933884297520657
0.5
0.4859813084112149
0.4821428571428571
0.43333333333333335
0.4912280701754386
0.4915254237288136
0.4655172413793103
0.5087719298245613
0.43478260869565216
0.5043478260869565
0.42990654205607476
0.5
0.5225225225225225
0.4150943396226415
0.47706422018348627
0.5132743362831858
0.43478260869565216
0.509090909090909
0.5405405405405407
0.4727272727272727
0.4464285714285714
0.5217391304347826
0.45217391304347826
0.5043478260869565
0.5132743362831858
0.5087719298245613
0.4587155963302752
0.4814814814814815
0.5535714285714285
0.5405405405405407
0.5225225225225225
0.4912280701754386
0.4745762711864407
0.495575221238938
0.4912280701754386
0.4736842105263158
0.5517241379310346
0.5263157894736842
0.5
0.4745762711864407
0.43478260869565216
0.4444444444444444
0.42857142857142855
0.4587155963302752
0.49056603773584906
0.4482758620689655
0.4655172413793103
0.4833333333333334
0.42990654205607476
0.4869565217391304
0.5309734513274336
0.44859813084112155
0.5128205128205128
0.4954128440366972
0.5178571428571428
0.47787610619469023
0.5
0.547008547008547
0.5128205128205128
0.4745762711864407
0.4642857142857143
0.48648648648648646
0.495575221238938
0.456140350877193
0.5178571428571428
0.4369747899159664
0.4545454545454546
0.45045045045045046
0.48648648648648646
0.4827586206896552
0.42857142857142855
0.4736842105263158
0.5046728971962617
0.5
0.4672897196261682
0.495575221238938
0.4814814814814815
0.49090909090909096
0.4385964912280702
0.44247787610619466
0.43103448275862066
0.4954128440366972
0.47706422018348627
0.4545454545454546
0.5
0.456140350877193
0.5454545454545454
0.5043478260869565
0.5225225225225225
0.4915254237288136
0.4833333333333334
0.47863247863247865
0.45217391304347826
0.5391304347826088
0.495575221238938
0.4247787610619469
0.4642857142857143
0.5370370370370371
0.49180327868852464
0.5405405405405407
0.4912280701754386
0.4587155963302752
0.4545454545454546
0.45901639344262296
0.43478260869565216
0.4736842105263158
0.5172413793103448
0.456140350877193
0.4999999999999999
0.47787610619469023
0.4545454545454546
0.45762711864406785
0.49523809523809526
0.4727272727272727
0.4587155963302752
0.5178571428571428
0.5045045045045045
0.45217391304347826
0.5283018867924529
0.5210084033613446
0.47787610619469023
0.4545454545454546
0.44036697247706424
0.5132743362831858
0.456140350877193
0.5
0.5128205128205128
0.44247787610619466
0.44799999999999995
0.49090909090909096
0.4587155963302752
0.5
0.4878048780487805
0.46846846846846846
0.5046728971962617
0.4736842105263158
0.4814814814814815
0.4912280701754386
0.40336134453781514
0.5043478260869565
0.4552845528455284
0.5263157894736842
0.45
0.4409448818897638
0.5042016806722689
0.5309734513274336
0.4912280701754386
0.4745762711864407
0.5040650406504065
0.4912280701754386
0.5
0.5045045045045045
0.5142857142857142
0.47863247863247865
0.4859813084112149
0.42016806722689076
0.5263157894736842
0.43333333333333335
0.5087719298245613
0.44859813084112155
0.4545454545454546
0.5137614678899082
0.5283018867924529
0.4464285714285714
0.4915254237288136
0.43636363636363634
0.4426229508196721
0.49572649572649574
0.4745762711864407
0.45045045045045046
0.48648648648648646
0.5132743362831858
0.456140350877193
0.4642857142857143
0.4915254237288136
0.4915254237288136
0.47787610619469023
0.5370370370370371
0.495575221238938
0.4615384615384615
0.5565217391304348
0.49572649572649574
0.5641025641025642
0.5309734513274336
0.5357142857142857
0.5172413793103448
0.495575221238938
0.5370370370370371
0.42201834862385323
0.4869565217391304
0.4912280701754386
0.5178571428571428
0.5272727272727273
0.46846846846846846
0.47706422018348627
0.4869565217391304
0.4385964912280702
0.4869565217391304
0.5132743362831858
0.5454545454545455
0.4655172413793103
0.5
0.44247787610619466
0.4727272727272727
0.4814814814814815
0.47787610619469023
0.5365853658536585
0.453781512605042
0.5087719298245613
0.47706422018348627
0.4528301886792453
0.5
0.4814814814814815
0.5132743362831858
0.4736842105263158
0.4821428571428571
0.44628099173553726
0.49056603773584906
0.49523809523809526
0.5137614678899082
0.4642857142857143
0.5178571428571428
0.4695652173913043
0.4814814814814815
0.4814814814814815
0.47787610619469023
0.4736842105263158
0.4545454545454546
0.4912280701754386
0.4615384615384615
0.4615384615384615
0.5225225225225225
0.509090909090909
0.4727272727272727
0.423728813559322
0.45762711864406785
0.5272727272727273
0.5263157894736842
0.5042016806722689
0.48648648648648646
0.4587155963302752
0.5045045045045045
0.4655172413793103
0.49572649572649574
0.4385964912280702
0.4695652173913043
0.4821428571428571
0.5
0.44230769230769235
0.4807692307692308
0.49523809523809526
0.4324324324324324
0.5
0.4705882352941176
0.4482758620689655
0.4545454545454546
0.47787610619469023
0.495575221238938
0.43103448275862066
0.46846846846846846
0.5333333333333333
0.4912280701754386
0.42857142857142855
0.43809523809523815
0.5344827586206896
0.5185185185185185
0.5225225225225225
0.453781512605042
0.4642857142857143
0.456140350877193
0.45045045045045046
0.4821428571428571
0.5321100917431193
0.48648648648648646
0.4642857142857143
0.4642857142857143
0.4999999999999999
0.509090909090909
0.4869565217391304
0.5
0.4736842105263158
0.456140350877193
0.4615384615384615
0.4655172413793103
0.4695652173913043
0.512396694214876
0.47863247863247865
0.4444444444444444
0.45714285714285713
0.5333333333333333
0.4745762711864407
0.5272727272727273
0.47787610619469023
0.48648648648648646
0.4859813084112149
0.4339622641509434
0.4406779661016949
0.4727272727272727
0.4464285714285714
0.47787610619469023
0.49090909090909096
0.5081967213114753
0.46017699115044247
0.4827586206896552
0.4587155963302752
0.4385964912280702
0.5
0.49090909090909096
0.5040650406504065
0.5378151260504203
0.453781512605042
0.40322580645161293
0.5178571428571428
0.4695652173913043
0.4736842105263158
0.4814814814814815
0.4655172413793103
0.47706422018348627
0.5045045045045045
0.495575221238938
0.4859813084112149
0.5378151260504203
0.4833333333333334
0.5614035087719298
0.4821428571428571
0.4642857142857143
0.4369747899159664
0.5210084033613446
0.5585585585585585
0.4833333333333334
0.5217391304347826
0.43636363636363634
0.5087719298245613
0.4444444444444444
0.5172413793103448
0.42592592592592593
0.48648648648648646
0.4869565217391304
0.5233644859813084
0.49572649572649574
0.41441441441441446
0.5254237288135594
0.5137614678899082
0.40707964601769914
0.45217391304347826
0.45045045045045046
0.49572649572649574
0.4727272727272727
0.4464285714285714
0.4736842105263158
0.49572649572649574
0.46846846846846846
0.4545454545454546
0.43809523809523815
0.47706422018348627
0.4672897196261682
0.5
0.4426229508196721
0.49180327868852464
0.48648648648648646
0.5
