0.49599999999999994
0.4369747899159664
0.47706422018348627
0.45
0.42735042735042733
0.4406779661016949
0.4482758620689655
0.4369747899159664
0.4954128440366972
0.4695652173913043
0.4065040650406504
0.44628099173553726
0.4705882352941176
0.4727272727272727
0.453781512605042
0.45762711864406785
0.47933884297520657
0.4869565217391304
0.4655172413793103
0.4666666666666667
0.5546218487394957
0.45762711864406785
0.42857142857142855
0.45217391304347826
0.5128205128205128
0.4464285714285714
0.4369747899159664
0.41739130434782606
0.5217391304347826
0.4444444444444444
0.48
0.4666666666666667
0.43333333333333335
0.4999999999999999
0.48739495798319327
0.4369747899159664
0.4705882352941176
0.5
0.43103448275862066
0.45045045045045046
0.5043478260869565
0.5087719298245613
0.47863247863247865
0.4736842105263158
0.5084745762711864
0.4628099173553719
0.4666666666666667
0.4642857142857143
0.4833333333333334
0.47933884297520657
0.5042016806722689
0.44628099173553726
0.4736842105263158
0.46017699115044247
0.41739130434782606
0.4409448818897638
0.4132231404958677
0.45045045045045046
0.4869565217391304
0.4406779661016949
0.48
0.46846846846846846
0.43333333333333335
0.4615384615384615
0.5
0.45901639344262296
0.4878048780487805
0.4745762711864407
0.5166666666666667
0.456140350877193
0.48387096774193544
0.5128205128205128
0.45762711864406785
0.4705882352941176
0.4827586206896552
0.4885496183206107
0.40707964601769914
0.46874999999999994
0.4628099173553719
0.45762711864406785
0.4655172413793103
0.4137931034482758
0.45762711864406785
0.45217391304347826
0.46017699115044247
0.49180327868852464
0.45762711864406785
0.47787610619469023
0.4444444444444444
0.43333333333333335
0.4406779661016949
0.46031746031746035
0.453125
0.4878048780487805
0.42276422764227645
0.5128205128205128
0.4426229508196721
0.4736842105263158
0.4705882352941176
0.456140350877193
0.4126984126984127
0.4369747899159664
0.41071428571428575
0.44628099173553726
0.43548387096774194
0.44247787610619466
0.5
0.48
0.4666666666666667
0.416
0.45762711864406785
0.4655172413793103
0.45901639344262296
0.42857142857142855
0.4385964912280702
0.44799999999999995
0.42592592592592593
0.39639639639639634
0.4827586206896552
0.43333333333333335
0.44247787610619466
0.4869565217391304
0.42857142857142855
0.47863247863247865
0.5137614678899082
0.43548387096774194
0.45901639344262296
0.42016806722689076
0.42105263157894735
0.5217391304347826
0.4655172413793103
0.456140350877193
0.4552845528455284
0.467741935483871
0.4552845528455284
0.4385964912280702
0.4369747899159664
0.4642857142857143
0.5132743362831858
0.4736842105263158
0.453781512605042
0.4827586206896552
0.48648648648648646
0.49056603773584906
0.3893805309734514
0.4912280701754386
0.4736842105263158
0.512396694214876
0.42622950819672134
0.5042016806722689
0.4482758620689655
0.3968253968253968
0.45762711864406785
0.4915254237288136
0.4736842105263158
0.39344262295081966
0.4461538461538462
0.4369747899159664
0.4552845528455284
0.45901639344262296
0.453781512605042
0.45
0.43478260869565216
0.4132231404958677
0.48739495798319327
0.5043478260869565
0.43902439024390244
0.4878048780487805
0.41739130434782606
0.45901639344262296
0.4827586206896552
0.40707964601769914
0.4094488188976378
0.5
0.5405405405405407
0.4444444444444444
0.4666666666666667
0.45901639344262296
0.4406779661016949
0.45
0.4705882352941176
0.42622950819672134
0.5409836065573771
0.432
0.5076923076923078
0.42990654205607476
0.467741935483871
0.4715447154471545
0.456140350877193
0.47863247863247865
0.4067796610169492
0.4307692307692308
0.44628099173553726
0.45
0.4615384615384615
0.47863247863247865
0.44799999999999995
0.42105263157894735
0.45217391304347826
0.5663716814159292
0.4464285714285714
0.4715447154471545
0.432
0.42735042735042733
0.48387096774193544
0.42105263157894735
0.4705882352941176
0.4878048780487805
0.4695652173913043
0.38983050847457634
0.45
0.47863247863247865
0.4477611940298507
0.42276422764227645
0.43333333333333335
0.4369747899159664
0.43333333333333335
0.495575221238938
0.48387096774193544
0.4035087719298246
0.5203252032520326
0.4666666666666667
0.47706422018348627
0.47933884297520657
0.42276422764227645
0.43103448275862066
0.4736842105263158
0.43548387096774194
0.4915254237288136
0.47787610619469023
0.4186046511627907
0.45217391304347826
0.4655172413793103
0.4745762711864407
0.47787610619469023
0.43902439024390244
0.43636363636363634
0.43333333333333335
0.45112781954887216
0.4516129032258064
0.4
0.41025641025641024
0.48739495798319327
0.44628099173553726
0.42857142857142855
0.396551724137931
0.5084745762711864
0.4193548387096774
0.46846846846846846
0.5486725663716815
0.4137931034482758
0.47540983606557374
0.4615384615384615
0.46031746031746035
0.43333333333333335
0.4881889763779527
0.4461538461538462
0.4444444444444444
0.47787610619469023
0.4369747899159664
0.44036697247706424
0.5217391304347826
0.5087719298245613
0.4516129032258064
0.45714285714285713
0.4516129032258064
0.49180327868852464
0.4615384615384615
0.4409448818897638
0.4369747899159664
0.4715447154471545
0.43103448275862066
0.467741935483871
0.45901639344262296
0.45
0.45
0.4695652173913043
0.42519685039370075
0.4545454545454546
0.4878048780487805
0.46031746031746035
0.43902439024390244
0.42622950819672134
0.4628099173553719
0.42016806722689076
0.5045045045045045
0.5045045045045045
0.45762711864406785
0.43548387096774194
0.4274809160305343
0.47863247863247865
0.456140350877193
0.42857142857142855
0.5254237288135594
0.45
0.453781512605042
0.47540983606557374
0.4247787610619469
0.4369747899159664
0.37288135593220334
0.4666666666666667
0.42990654205607476
0.40322580645161293
0.5289256198347108
0.43548387096774194
0.4035087719298246
0.4385964912280702
0.5
0.4736842105263158
0.42016806722689076
0.42975206611570255
0.46846846846846846
0.5
0.47933884297520657
0.4426229508196721
0.41666666666666663
0.4705882352941176
0.5081967213114753
0.47863247863247865
0.45217391304347826
0.5084745762711864
0.4132231404958677
0.4705882352941176
0.432
0.44247787610619466
0.456140350877193
0.4
0.4247787610619469
0.43548387096774194
0.42016806722689076
0.4587155963302752
0.43333333333333335
0.4878048780487805
0.4827586206896552
0.4736842105263158
0.4615384615384615
0.42975206611570255
0.5
0.39316239316239315
0.5084745762711864
0.4705882352941176
0.453781512605042
0.4745762711864407
0.4137931034482758
0.4409448818897638
0.44628099173553726
0.4827586206896552
0.47933884297520657
0.44247787610619466
0.47787610619469023
0.4324324324324324
0.495575221238938
0.4375
0.432
0.4566929133858268
0.4137931034482758
0.41071428571428575
0.5042016806722689
0.4869565217391304
0.456140350877193
0.43548387096774194
0.4552845528455284
0.4745762711864407
0.4444444444444444
0.453781512605042
0.456140350877193
0.46846846846846846
0.4406779661016949
0.43103448275862066
0.38399999999999995
0.4552845528455284
0.4628099173553719
0.5046728971962617
0.47787610619469023
0.39669421487603307
0.47863247863247865
0.39669421487603307
0.45
0.4736842105263158
0.453781512605042
0.4181818181818182
0.5161290322580645
0.4745762711864407
0.42975206611570255
0.47933884297520657
0.44799999999999995
0.45045045045045046
0.4406779661016949
0.42857142857142855
0.49572649572649574
0.453781512605042
0.47540983606557374
0.467741935483871
0.4745762711864407
0.49572649572649574
0.42187499999999994
0.4912280701754386
0.467741935483871
0.5299145299145298
0.43636363636363634
0.44628099173553726
0.453781512605042
0.4705882352941176
0.49586776859504134
0.4426229508196721
0.48437499999999994
0.39999999999999997
0.4999999999999999
0.43333333333333335
0.42016806722689076
0.4628099173553719
0.48387096774193544
0.48739495798319327
0.48739495798319327
0.4715447154471545
0.4545454545454546
0.4193548387096774
0.46017699115044247
0.46846846846846846
0.4666666666666667
0.464
0.39344262295081966
0.42016806722689076
0.42187499999999994
0.4137931034482758
0.5166666666666667
0.39344262295081966
0.453781512605042
0.44799999999999995
0.45
0.4132231404958677
0.4628099173553719
0.4615384615384615
0.4461538461538462
0.46846846846846846
0.47933884297520657
0.4369747899159664
0.4827586206896552
0.49586776859504134
0.44247787610619466
0.4628099173553719
0.42975206611570255
0.41666666666666663
0.4525547445255474
0.4642857142857143
0.456140350877193
0.4193548387096774
0.4482758620689655
0.4695652173913043
0.41441441441441446
0.4715447154471545
0.4655172413793103
0.4444444444444444
0.46017699115044247
0.45901639344262296
0.43902439024390244
0.4715447154471545
0.45901639344262296
0.4666666666666667
0.42519685039370075
0.43548387096774194
0.4736842105263158
0.464
0.4385964912280702
0.4833333333333334
0.3770491803278689
0.4745762711864407
0.43478260869565216
0.4745762711864407
0.432
0.4628099173553719
0.43902439024390244
0.4406779661016949
0.43636363636363634
0.43548387096774194
0.42975206611570255
0.4426229508196721
0.495575221238938
0.4552845528455284
0.41441441441441446
0.43902439024390244
0.43478260869565216
0.4715447154471545
0.45
0.4482758620689655
0.4695652173913043
0.5210084033613446
0.45
0.45217391304347826
0.48648648648648646
0.3709677419354839
0.41071428571428575
0.45
0.42735042735042733
0.4666666666666667
0.42276422764227645
0.42519685039370075
0.4552845528455284
0.46031746031746035
0.48739495798319327
