0.3434164270615253
0.3048543261240237
0.3040025483155127
0.3020497879589595
0.31640858045528125
0.3352137757636061
0.3005382914206166
0.28805852815069416
0.29525685794465195
0.2861932348512748
0.2942202313935681
0.27157068606050827
0.34288133378860264
0.32463259096027397
0.2912968992046103
0.29324911503820145
0.34357656048999485
0.2865956575375492
0.30954790643840396
0.328364208651732
0.3426553966155451
0.277033864277787
0.29842517828426285
0.29133957637019486
0.30163164653196073
0.268977582438431
0.3237384430720216
0.29446899699491885
0.2832719876250492
0.2947101359475732
0.31676887668199166
0.3003340768573415
0.32507325322553227
0.33675813201761884
0.32618823417648224
0.3087367286600266
0.3134733836492146
0.3360278261866607
0.31304501637082877
0.32294815865886073
0.29554036020183483
0.2567250264941841
0.28158389471825884
0.35645186353615527
0.3175444499313207
0.2751898175445806
0.3002998729789663
0.3082878759796511
0.2851158735588233
0.29391308295011853
0.30134781356733653
0.32910868427935236
0.33567899956630304
0.34259534296589533
0.3138673698305714
0.35136506700404485
0.307374696130164
0.2814628543459272
0.27970035469054644
0.3249425585022139
0.24091903953569932
0.2641286392400807
0.3088358816971824
0.2764721652073937
0.34367433189752744
0.2767747445736841
0.278577066170537
0.3564054607132256
0.29652081902548827
0.3311753920496524
0.32733719733549704
0.3292175763539806
0.2890656220436768
0.28250131113450416
0.3263646151029299
0.3197598594368093
0.28057236934541674
0.26605601714962424
0.32256112383367697
0.2941188636457449
0.30753285957636917
0.28369197735584456
0.2997030045916049
0.277945443512495
0.3252539793586203
0.3205235682894395
0.3285503253911068
0.30211485565564455
0.27216149912685017
0.3101376262002763
0.29362233831785944
0.28327037330100446
0.29892025556873625
0.316971462608059
0.3705580264672947
0.34847908079961004
0.2964420362281488
0.276231495614618
0.2738743208914351
0.30886524020393435
0.30741998674592247
0.3122621038919858
0.2740905699458974
0.31477886295059715
0.3022160801124886
0.309252833725839
0.3198381697561282
0.29051384195955976
0.35093302599704823
0.32333265712863657
0.3172239390455101
0.32093489632243755
0.2831370259540327
0.29591760878705875
0.37294965069905334
0.33524362578019706
0.3180430750676312
0.29354901871352257
0.2981377155715211
0.34436729615027645
0.33086349772083756
0.29142672511802586
0.2602009137699731
0.3111040587180299
0.2859326588963025
0.3304865819339856
0.28994254086533783
0.3237058015502603
0.3395173002014307
0.35440471631502973
0.3163012860804267
0.2879343854023668
0.32956709035718884
0.35960112907367525
0.3530764651622055
0.30166345990069277
0.30199971851146445
0.28356603405980635
0.32372091259614494
0.32243647202986925
0.28011834262197066
0.284660883926523
0.36149950879841686
0.28799893251043596
0.2932778687819406
0.3120190938378
0.3415761263447469
0.31729867109909
0.2922494525920311
0.3318466509007054
0.3116688289133784
0.2847481344742977
0.3028842021795588
0.3109997963045236
0.32675730989705076
0.30645606733903935
0.3099213119945393
0.3196184574217996
0.3165785502804527
0.3121995521176869
0.3080752865440466
0.2650433486742796
0.3039652534175267
0.31138476674515075
0.2903876747982042
0.2934010297406604
0.30206366337083035
0.28733978218330136
0.29809755926425385
0.28626687511863586
0.3228265862107066
0.3342067270832898
0.2969848115336451
0.31357959149829967
0.2665869024144368
0.30950551245582497
0.3014736140151115
0.3255022658065444
0.3099064681378877
0.34362026625788883
0.2812114637030779
0.3411696092994172
0.2757156619968738
0.2865184577040116
0.2917572953431816
0.2902885275374183
0.2995739965505907
0.3210029226364678
0.35979039981745925
0.32033884078842045
0.3322106167596337
0.29300970615242966
0.3087213928843215
0.29698297590311595
0.3000343615548624
0.2877502089165078
0.29424492090690313
0.2828641794646922
0.2886786211441031
0.31197242314971135
0.2964825798659377
0.33131425738666076
0.27504950956757634
0.28326962739412587
0.3378181113214314
0.3242753572826037
0.30203946789504843
0.361942031306415
0.3164835828140541
0.3649115404131858
0.28374974195273794
0.31511383863564
0.30153989893218647
0.36198584164638303
0.3284990278408544
0.30341049115282326
0.3347574256049132
0.34106348112756874
0.2780385784657509
0.2959440469413247
0.28886538428327396
0.28525173094610345
0.32395806981424863
0.2945523713778026
0.3241428050200773
0.3062662860246207
0.3013315615281795
0.314139315753666
0.2825804708967754
0.3336606433954754
0.313550383295254
0.3661885422061956
0.32404074401055194
0.31253043194283325
0.327685784449181
0.3194080322154388
0.2877394172234203
0.2811794701791601
0.30136931063904276
0.3207581824565577
0.28280436782207335
0.3217053877614869
0.3237692221702717
0.2995521059747666
0.33192260295412046
0.275973919190724
0.3064045070001591
0.37594517926791676
0.315188876438915
0.312571538450417
0.326588690230812
0.30145943752950105
0.28055587443613167
0.3115390715436883
0.32279602290051224
0.30833928413615264
0.3327253141611267
0.32631728728215104
0.32654897338472205
0.32536396029438464
0.2746209460198332
0.3307290254682902
0.2787820995199358
0.33018529800256896
0.28467603839139133
0.35206518951624444
0.32880899330412144
0.30977883961579317
0.3059652641200183
0.3080777038210418
0.31352273313786155
0.33863389872739674
0.3019472330626085
0.2914929820669241
0.32427331418642014
0.33600835493249465
0.3369081133159503
0.297255299538796
0.30064112133647647
0.29150359800793274
0.29805734656561783
0.35715235090051695
0.2989217011213873
0.30302753738520594
0.30728189154436225
0.2887518291115075
0.32592012055881525
0.3478296359550498
0.2875639189695328
0.28599290798220856
0.3379081146629127
0.3077585977415804
0.3041838994881898
0.2951018048142777
0.28988231853178803
0.27777706430462024
0.30546879069446825
0.3243767998180602
0.2922041943859381
0.29432910016049635
0.30088804976656613
0.26555415033276725
0.3099267992607411
0.2987295955197766
0.34555338516465317
0.296113853951841
0.28590249157232356
0.30955893865633455
0.29979860020209065
0.29636444705697357
0.34238219181309504
0.2777229871315499
0.33118999864702164
0.2909453514813092
0.30769187632522366
0.36067377989076455
0.31292120717803384
0.3046708907920538
0.3365011508926674
0.3304590437738029
0.2825530797572876
0.3054955879481173
0.3275166368833429
0.31286348612444337
0.3100598017890732
0.30715164863436184
0.2777917378349538
0.342000024546417
0.2796232227787152
0.28773215401162955
0.34086631967679987
0.2691206106680707
0.2781958253575173
0.2643475402972707
0.35279351335498566
0.3598626943359711
0.3027907070809134
0.3331914064928525
0.30105301886640357
0.29848490517224036
0.25941347868947173
0.29068830333891915
0.2963522346606448
0.30091838720326797
0.3262305177861532
0.30487292302700697
0.2959466946651568
0.29041495157481545
0.3280386715433073
0.30705495119863885
0.2904941061678921
0.30916641884388507
0.31337362739780666
0.305355406015811
0.28144855927738616
0.32015149482686256
0.32792854303877683
0.3021474508392974
0.2867000476988881
0.31997141387090045
0.3178885390417945
0.28524145918138333
0.3207622562242077
0.33473508586864964
0.28317508827842075
0.3066047061702201
0.2802928135888769
0.30337528128485575
0.2756356115409382
0.34979095602248533
0.2915653173131402
0.3159218230064995
0.30204807363428704
0.29613801886270064
0.2593392700415251
0.29136141086032846
0.3003042355110602
0.29456377237846865
0.28100688518701034
0.29513173941042015
0.28823511309100047
0.2987395185169123
0.2952571990184353
0.28930883666755663
0.2817965332083247
0.3207179361985455
0.30577058834342785
0.35078366554273666
0.31012387535774044
0.3156901031166613
0.31654183577085293
0.3045562369489381
0.3318452104162439
0.3341463922261558
0.26949627877402665
0.30197112671996046
0.3594197038414931
0.2984100002889618
0.3023926115222434
0.3112341410872488
0.3197851086466544
0.3091189108395365
0.3295537633994038
0.333753505703484
0.29147428039135015
0.2871348240170934
0.30889156909313387
0.29932377606068744
0.3265301421984424
0.31159181465851826
0.31405657260476316
0.31516996270981135
0.3566964940341546
0.3054053713441052
0.31980064763352906
0.31522002057860865
0.2740907163992425
0.27419577457638006
0.3455139503137299
0.3171144025965482
0.32582542142349186
0.2697234152392638
0.30671533359904607
0.2868677361929154
0.3185083797334419
0.3243054728981418
0.26356382527748523
0.29423948591445837
0.2680741852095337
0.30649072532775223
0.28356190805324677
0.29072092965830126
0.2816364714391319
0.3147317504719985
0.2705863774193791
0.299045612512294
0.2881177655423006
0.27380699121504665
0.34214077366891477
0.31929948150983295
0.316374640233489
0.30874053984064465
0.3410559871686667
0.35392257313217473
0.26815650621153264
0.3180121216975976
0.303426019570895
0.3697539779030018
0.31055723501838917
0.3419558761046695
0.30273792217050854
0.29271360616434416
0.32851363201443823
0.32609729157139244
0.31659221141780797
0.3357183087140784
0.3038324998552379
0.27305736601314856
0.3186861293578002
0.36016297750211546
0.35590264899417423
0.28779776532799783
0.3017284412732037
0.32971124949611175
0.2936107337950925
0.3060314238404935
0.2932945585031581
0.30834764415447186
0.29422392146811766
0.3471034000394231
0.33034093828255345
0.3325098819859177
0.2858911243306004
0.3113659523673271
0.29974465208824075
0.32197884763411366
0.29510788446577263
0.3104029096938181
0.34003415803304626
0.3319900835737288
0.2957960122757194
0.31923431485077436
0.3101554213006601
0.30113798988929774
0.35171111118423587
0.33338901139581784
0.29000089108927274
0.3154132485693647
0.31898937767004715
0.3256144587450197
0.2917522034725732
0.3294921269713399
0.3145338688406144
0.31387901878025454
0.2988750813134794
0.29391923510674195
0.3098347231228369
0.31142985073163526
0.3004862216429427
0.2907868970372333
