0.1917808219178082
0.16176470588235295
0.12121212121212122
0.208955223880597
0.14285714285714285
0.1527777777777778
0.15942028985507245
0.21428571428571427
0.29411764705882354
0.22535211267605634
0.25
0.225
0.18181818181818182
0.18055555555555555
0.17391304347826086
0.208955223880597
0.1791044776119403
0.16091954022988506
0.1774193548387097
0.18421052631578946
0.20588235294117646
0.24096385542168675
0.18072289156626506
0.26865671641791045
0.17647058823529413
0.22033898305084745
0.203125
0.2112676056338028
0.16901408450704225
0.16455696202531644
0.1388888888888889
0.1506849315068493
0.1791044776119403
0.234375
0.21621621621621623
0.2
0.18181818181818182
0.2702702702702703
0.2
0.21739130434782608
0.25
0.18461538461538463
0.3125
0.14084507042253522
0.14754098360655737
0.19318181818181818
0.27419354838709675
0.2328767123287671
0.16129032258064516
0.22580645161290322
0.2898550724637681
0.17721518987341772
0.15151515151515152
0.1044776119402985
0.13793103448275862
0.16901408450704225
0.25862068965517243
0.30985915492957744
0.22033898305084745
0.2054794520547945
0.20833333333333334
0.25316455696202533
0.20512820512820512
0.27848101265822783
0.19444444444444445
0.2647058823529412
0.21794871794871795
0.14492753623188406
0.25
0.1864406779661017
0.22535211267605634
0.16279069767441862
0.16091954022988506
0.1774193548387097
0.23076923076923078
0.16666666666666666
0.19444444444444445
0.19402985074626866
0.19230769230769232
0.23076923076923078
0.29577464788732394
0.1625
0.19480519480519481
0.2727272727272727
0.17333333333333334
0.22666666666666666
0.18181818181818182
0.20967741935483872
0.17391304347826086
0.2318840579710145
0.18333333333333332
0.140625
0.25287356321839083
0.2077922077922078
0.21875
0.203125
0.17391304347826086
0.27848101265822783
0.19696969696969696
0.3018867924528302
0.2345679012345679
0.2112676056338028
0.16666666666666666
0.23076923076923078
0.20588235294117646
0.20588235294117646
0.15
0.19402985074626866
0.203125
0.2835820895522388
0.29508196721311475
0.0945945945945946
0.2222222222222222
0.25675675675675674
0.2647058823529412
0.21052631578947367
0.18309859154929578
0.21333333333333335
0.23684210526315788
0.1917808219178082
0.20512820512820512
0.1780821917808219
0.2676056338028169
0.17567567567567569
0.1518987341772152
0.25
0.11688311688311688
0.22077922077922077
0.2465753424657534
0.21739130434782608
0.2028985507246377
0.19753086419753085
0.2077922077922078
0.25
0.20270270270270271
0.1791044776119403
0.2328767123287671
0.22857142857142856
0.1951219512195122
0.15873015873015872
0.18604651162790697
0.2608695652173913
0.2318840579710145
0.30120481927710846
0.21052631578947367
0.22535211267605634
0.21428571428571427
0.16666666666666666
0.20634920634920634
0.2463768115942029
0.2535211267605634
0.2857142857142857
0.22857142857142856
0.20987654320987653
0.14285714285714285
0.23880597014925373
0.1323529411764706
0.25
0.21951219512195122
0.19672131147540983
0.2903225806451613
0.20512820512820512
0.24050632911392406
0.20930232558139536
0.16923076923076924
0.25333333333333335
0.24324324324324326
0.16417910447761194
0.2073170731707317
0.2463768115942029
0.24285714285714285
0.23529411764705882
0.2318840579710145
0.16470588235294117
0.20270270270270271
0.2318840579710145
0.1728395061728395
0.21052631578947367
0.19230769230769232
0.1791044776119403
0.2
0.1935483870967742
0.13636363636363635
0.2
0.2
0.19117647058823528
0.20270270270270271
0.2236842105263158
0.23529411764705882
0.23880597014925373
0.14705882352941177
0.2328767123287671
0.20967741935483872
0.2638888888888889
0.21212121212121213
0.19767441860465115
0.1728395061728395
0.2413793103448276
0.22972972972972974
0.3048780487804878
0.15714285714285714
0.20833333333333334
0.2608695652173913
0.20512820512820512
0.2833333333333333
0.15
0.20270270270270271
0.20987654320987653
0.2542372881355932
0.22857142857142856
0.23880597014925373
0.13114754098360656
0.1891891891891892
0.11764705882352941
0.16176470588235295
0.22972972972972974
0.16923076923076924
0.16
0.19718309859154928
0.16883116883116883
0.22784810126582278
0.25
0.16216216216216217
0.1935483870967742
0.22727272727272727
0.18888888888888888
0.19230769230769232
0.25396825396825395
0.19402985074626866
0.20967741935483872
0.18181818181818182
0.21212121212121213
0.21875
0.2876712328767123
0.273972602739726
0.16923076923076924
0.27419354838709675
0.21052631578947367
0.15789473684210525
0.18181818181818182
0.2222222222222222
0.13414634146341464
0.2
0.25675675675675674
0.14705882352941177
0.21875
0.12903225806451613
0.26229508196721313
0.171875
0.22535211267605634
0.19444444444444445
0.18461538461538463
0.1791044776119403
0.24358974358974358
0.24615384615384617
0.1774193548387097
0.2631578947368421
0.12121212121212122
0.18421052631578946
0.2
0.25
0.15294117647058825
0.12162162162162163
0.20987654320987653
0.22535211267605634
0.16417910447761194
0.16666666666666666
0.12121212121212122
0.2535211267605634
0.21621621621621623
0.2125
0.22058823529411764
0.2222222222222222
0.1917808219178082
0.1927710843373494
0.13333333333333333
0.18681318681318682
0.17105263157894737
0.225
0.2318840579710145
0.1506849315068493
0.18421052631578946
0.24615384615384617
0.19230769230769232
0.1780821917808219
0.22535211267605634
0.1864406779661017
0.1323529411764706
0.19444444444444445
0.1044776119402985
0.19230769230769232
0.1891891891891892
0.17105263157894737
0.21428571428571427
0.16666666666666666
0.09375
0.15151515151515152
0.18181818181818182
0.14084507042253522
0.23255813953488372
0.21052631578947367
0.19117647058823528
0.24096385542168675
0.18840579710144928
0.19736842105263158
0.13432835820895522
0.18518518518518517
0.20253164556962025
0.14864864864864866
0.17391304347826086
0.2463768115942029
0.15625
0.15584415584415584
0.25
0.21739130434782608
0.22857142857142856
0.14705882352941177
0.16901408450704225
0.2638888888888889
0.28205128205128205
0.12121212121212122
0.2542372881355932
0.1511627906976744
0.13253012048192772
0.2
0.1506849315068493
0.15853658536585366
0.19230769230769232
0.23529411764705882
0.2702702702702703
0.14035087719298245
0.26506024096385544
0.23529411764705882
0.2
0.23076923076923078
0.140625
0.203125
0.1694915254237288
0.25
0.26666666666666666
0.18840579710144928
0.2361111111111111
0.1891891891891892
0.20833333333333334
0.208955223880597
0.1518987341772152
0.1095890410958904
0.14285714285714285
0.2459016393442623
0.18666666666666668
0.16216216216216217
0.13253012048192772
0.19117647058823528
0.20270270270270271
0.20833333333333334
0.1917808219178082
0.25
0.18055555555555555
0.2465753424657534
0.2235294117647059
0.18333333333333332
0.23529411764705882
0.23214285714285715
0.23376623376623376
0.18421052631578946
0.21794871794871795
0.2413793103448276
0.2261904761904762
0.2571428571428571
0.2
0.22972972972972974
0.17105263157894737
0.2608695652173913
0.1917808219178082
0.2033898305084746
0.18571428571428572
0.19696969696969696
0.1076923076923077
0.24390243902439024
0.16666666666666666
0.18032786885245902
0.16363636363636364
0.1724137931034483
0.19696969696969696
0.20481927710843373
0.24285714285714285
0.2
0.2647058823529412
0.2916666666666667
0.2463768115942029
0.23076923076923078
0.21333333333333335
0.20253164556962025
0.19642857142857142
0.16666666666666666
0.21621621621621623
0.1780821917808219
0.14666666666666667
0.1917808219178082
0.14666666666666667
0.20253164556962025
0.23684210526315788
0.19047619047619047
0.16176470588235295
0.2631578947368421
0.26582278481012656
0.14705882352941177
0.18518518518518517
0.2638888888888889
0.2676056338028169
0.12307692307692308
0.16176470588235295
0.19480519480519481
0.203125
0.1917808219178082
0.15873015873015872
0.17647058823529413
0.1566265060240964
0.12121212121212122
0.22388059701492538
0.2073170731707317
0.189873417721519
0.10975609756097561
0.2
0.18055555555555555
0.16901408450704225
0.2054794520547945
0.2465753424657534
0.1935483870967742
0.234375
0.2
0.19753086419753085
0.203125
0.21794871794871795
0.24
0.14666666666666667
0.125
0.19480519480519481
0.16455696202531644
0.14705882352941177
0.2702702702702703
0.17105263157894737
0.21621621621621623
0.1791044776119403
0.21739130434782608
0.2318840579710145
0.27941176470588236
0.19718309859154928
0.17391304347826086
0.23376623376623376
0.3235294117647059
0.15853658536585366
0.16
0.12857142857142856
0.1791044776119403
0.15
0.1774193548387097
0.25
0.16393442622950818
0.2153846153846154
0.2571428571428571
0.14285714285714285
0.2727272727272727
0.21518987341772153
0.1774193548387097
0.2222222222222222
0.14285714285714285
0.21428571428571427
0.30303030303030304
0.20588235294117646
0.15789473684210525
0.09375
0.16666666666666666
0.27380952380952384
0.23529411764705882
0.24691358024691357
0.15714285714285714
0.17105263157894737
0.18181818181818182
0.1794871794871795
0.18292682926829268
0.13924050632911392
0.2361111111111111
0.25609756097560976
0.1935483870967742
0.19672131147540983
0.1267605633802817
0.21739130434782608
0.18840579710144928
0.1694915254237288
0.17333333333333334
0.21311475409836064
0.2236842105263158
0.18666666666666668
0.18333333333333332
0.2159090909090909
0.29508196721311475
0.22413793103448276
0.2328767123287671
0.21428571428571427
