0.6
0.4423076923076923
0.6486486486486487
0.5957446808510638
0.7333333333333333
0.6363636363636364
0.5909090909090909
0.6744186046511628
0.6666666666666666
0.6666666666666666
0.5555555555555556
0.6666666666666666
0.6842105263157895
0.58
0.6444444444444445
0.6756756756756757
0.574468085106383
0.6
0.6956521739130435
0.5957446808510638
0.6363636363636364
0.6136363636363636
0.574468085106383
0.54
0.5909090909090909
0.54
0.6904761904761905
0.6590909090909091
0.7073170731707317
0.6458333333333334
0.6578947368421053
0.6304347826086957
0.6190476190476191
0.6363636363636364
0.5555555555555556
0.6136363636363636
0.6
0.5869565217391305
0.7441860465116279
0.627906976744186
0.5652173913043478
0.6666666666666666
0.5098039215686274
0.5853658536585366
0.5625
0.6585365853658537
0.6170212765957447
0.7380952380952381
0.5370370370370371
0.65
0.6428571428571429
0.6585365853658537
0.6666666666666666
0.6382978723404256
0.6190476190476191
0.6888888888888889
0.5833333333333334
0.49056603773584906
0.6
0.6744186046511628
0.625
0.6842105263157895
0.5909090909090909
0.6904761904761905
0.75
0.6046511627906976
0.6046511627906976
0.5434782608695652
0.725
0.5957446808510638
0.6428571428571429
0.5471698113207547
0.7567567567567568
0.625
0.6136363636363636
0.5918367346938775
0.6
0.6136363636363636
0.6222222222222222
0.5681818181818182
0.6666666666666666
0.7045454545454546
0.5652173913043478
0.6976744186046512
0.6382978723404256
0.5531914893617021
0.5869565217391305
0.5531914893617021
0.6046511627906976
0.5625
0.5714285714285714
0.5869565217391305
0.5769230769230769
0.5555555555555556
0.6153846153846154
0.6190476190476191
0.6136363636363636
0.5681818181818182
0.6829268292682927
0.6046511627906976
0.58
0.6923076923076923
0.6666666666666666
0.6486486486486487
0.717948717948718
0.6511627906976745
0.6829268292682927
0.6170212765957447
0.7142857142857143
0.6744186046511628
0.6190476190476191
0.675
0.7317073170731707
0.6136363636363636
0.6170212765957447
0.6904761904761905
0.5957446808510638
0.56
0.625
0.5510204081632653
0.6444444444444445
0.6530612244897959
0.6666666666666666
0.627906976744186
0.5625
0.6956521739130435
0.6222222222222222
0.6222222222222222
0.5192307692307693
0.6590909090909091
0.7027027027027027
0.7045454545454546
0.5813953488372093
0.6578947368421053
0.6829268292682927
0.627906976744186
0.6666666666666666
0.5333333333333333
0.6222222222222222
0.6363636363636364
0.5294117647058824
0.5681818181818182
0.58
0.5652173913043478
0.5909090909090909
0.6046511627906976
0.6363636363636364
0.7142857142857143
0.6122448979591837
0.6818181818181818
0.6923076923076923
0.7428571428571429
0.7027027027027027
0.7297297297297297
0.7105263157894737
0.6590909090909091
0.6666666666666666
0.6111111111111112
0.6756756756756757
0.6511627906976745
0.5882352941176471
0.6222222222222222
0.627906976744186
0.6326530612244898
0.5434782608695652
0.7
0.5918367346938775
0.574468085106383
0.6428571428571429
0.675
0.6097560975609756
0.6818181818181818
0.6818181818181818
0.6136363636363636
0.5909090909090909
0.5918367346938775
0.7045454545454546
0.5957446808510638
0.6
0.5961538461538461
0.6590909090909091
0.5869565217391305
0.6521739130434783
0.6
0.6341463414634146
0.6521739130434783
0.56
0.8
0.5957446808510638
0.627906976744186
0.6511627906976745
0.6097560975609756
0.6458333333333334
0.6410256410256411
0.625
0.6410256410256411
0.5490196078431373
0.6585365853658537
0.6444444444444445
0.5777777777777777
0.5777777777777777
0.6944444444444444
0.5306122448979592
0.6
0.8666666666666667
0.627906976744186
0.7
0.6511627906976745
0.6666666666666666
0.6976744186046512
0.7
0.627906976744186
0.6304347826086957
0.675
0.6222222222222222
0.673469387755102
0.6578947368421053
0.5714285714285714
0.49019607843137253
0.5957446808510638
0.5510204081632653
0.6097560975609756
0.5813953488372093
0.6326530612244898
0.6086956521739131
0.6666666666666666
0.5370370370370371
0.5333333333333333
0.5652173913043478
0.5576923076923077
0.5555555555555556
0.6428571428571429
0.56
0.6363636363636364
0.625
0.7
0.6136363636363636
0.5283018867924528
0.6222222222222222
0.5777777777777777
0.7142857142857143
0.7209302325581395
0.6304347826086957
0.5471698113207547
0.6428571428571429
0.5272727272727272
0.52
0.5098039215686274
0.56
0.5319148936170213
0.62
0.5609756097560976
0.725
0.7380952380952381
0.5
0.7317073170731707
0.5576923076923077
0.6086956521739131
0.56
0.6097560975609756
0.6097560975609756
0.5555555555555556
0.6
0.6410256410256411
0.5777777777777777
0.6666666666666666
0.5813953488372093
0.6857142857142857
0.65
0.65
0.6829268292682927
0.6341463414634146
0.52
0.6046511627906976
0.6222222222222222
0.5535714285714286
0.5625
0.5897435897435898
0.6458333333333334
0.6170212765957447
0.5918367346938775
0.6410256410256411
0.6428571428571429
0.574468085106383
0.5581395348837209
0.5384615384615384
0.5813953488372093
0.6486486486486487
0.5192307692307693
0.58
0.5952380952380952
0.6046511627906976
0.6341463414634146
0.6363636363636364
0.6046511627906976
0.6363636363636364
0.6976744186046512
0.5306122448979592
0.5531914893617021
0.6744186046511628
0.6595744680851063
0.6829268292682927
0.7692307692307693
0.6086956521739131
0.6190476190476191
0.6046511627906976
0.6097560975609756
0.7045454545454546
0.6857142857142857
0.6444444444444445
0.6086956521739131
0.6756756756756757
0.6595744680851063
0.6341463414634146
0.6046511627906976
0.6
0.5869565217391305
0.6923076923076923
0.6808510638297872
0.5777777777777777
0.6136363636363636
0.7878787878787878
0.5681818181818182
0.6739130434782609
0.5909090909090909
0.6511627906976745
0.6585365853658537
0.6666666666666666
0.6363636363636364
0.5434782608695652
0.7045454545454546
0.5813953488372093
0.6666666666666666
0.625
0.6341463414634146
0.6666666666666666
0.6511627906976745
0.675
0.5833333333333334
0.6222222222222222
0.7
0.5555555555555556
0.6521739130434783
0.6923076923076923
0.6170212765957447
0.5652173913043478
0.6666666666666666
0.46296296296296297
0.6153846153846154
0.5454545454545454
0.5660377358490566
0.6857142857142857
0.6046511627906976
0.5434782608695652
0.6046511627906976
0.5384615384615384
0.5833333333333334
0.5333333333333333
0.5918367346938775
0.6341463414634146
0.5490196078431373
0.7352941176470589
0.6444444444444445
0.5348837209302325
0.5869565217391305
0.6
0.5098039215686274
0.7272727272727273
0.625
0.627906976744186
0.6382978723404256
0.5909090909090909
0.5714285714285714
0.5
0.6041666666666666
0.5777777777777777
0.5813953488372093
0.7045454545454546
0.6444444444444445
0.6756756756756757
0.6829268292682927
0.574468085106383
0.6304347826086957
0.6842105263157895
0.6444444444444445
0.5952380952380952
0.6304347826086957
0.5813953488372093
0.725
0.6304347826086957
0.7
0.6744186046511628
0.5263157894736842
0.5660377358490566
0.6341463414634146
0.7567567567567568
0.6086956521739131
0.6458333333333334
0.5918367346938775
0.627906976744186
0.7111111111111111
0.6078431372549019
0.725
0.5957446808510638
0.7105263157894737
0.6341463414634146
0.6097560975609756
0.55
0.6486486486486487
0.7105263157894737
0.6190476190476191
0.6153846153846154
0.6585365853658537
0.6829268292682927
0.5714285714285714
0.7209302325581395
0.6382978723404256
0.5192307692307693
0.6216216216216216
0.6136363636363636
0.5813953488372093
0.6190476190476191
0.725
0.6190476190476191
0.6578947368421053
0.45614035087719296
0.5416666666666666
0.7073170731707317
0.627906976744186
0.6511627906976745
0.65
0.5
0.6511627906976745
0.65
0.6585365853658537
0.7021276595744681
0.6578947368421053
0.6428571428571429
0.65
0.4807692307692308
0.6304347826086957
0.5918367346938775
0.6041666666666666
0.5192307692307693
0.5490196078431373
0.723404255319149
0.5625
0.6097560975609756
0.6739130434782609
0.717948717948718
0.5227272727272727
0.675
0.6818181818181818
0.5882352941176471
0.6818181818181818
0.6
0.673469387755102
0.5490196078431373
0.6829268292682927
0.7209302325581395
0.6153846153846154
0.6
0.5686274509803921
0.6956521739130435
0.5882352941176471
0.6382978723404256
0.6808510638297872
0.625
0.5609756097560976
0.5714285714285714
0.7058823529411765
0.6216216216216216
0.5217391304347826
0.6842105263157895
0.5833333333333334
0.6744186046511628
0.627906976744186
0.6590909090909091
0.6122448979591837
0.6511627906976745
0.6222222222222222
0.7027027027027027
0.6
0.574468085106383
0.6136363636363636
0.5625
0.6666666666666666
0.6341463414634146
0.5531914893617021
0.7272727272727273
0.6428571428571429
0.6382978723404256
0.6190476190476191
0.6829268292682927
0.5813953488372093
0.7209302325581395
0.6
0.5581395348837209
0.6097560975609756
0.5555555555555556
