0.2
0.26666666666666666
0.12030075187969924
0.21428571428571427
0.1395348837209302
0.2517482517482518
0.15827338129496402
0.16560509554140126
0.19117647058823528
0.19444444444444445
0.27941176470588236
0.2608695652173913
0.17886178861788618
0.21621621621621626
0.2463768115942029
0.16993464052287582
0.16058394160583941
0.196969696969697
0.17567567567567566
0.2054794520547945
0.20134228187919462
0.2773722627737226
0.2302158273381295
0.25974025974025977
0.22972972972972974
0.25954198473282436
0.18705035971223022
0.08275862068965517
0.3333333333333333
0.20143884892086328
0.1925925925925926
0.20588235294117646
0.24324324324324323
0.20270270270270271
0.20289855072463767
0.22388059701492535
0.1857142857142857
0.21476510067114096
0.20689655172413796
0.17931034482758623
0.17054263565891473
0.20588235294117646
0.22516556291390727
0.2361111111111111
0.18181818181818182
0.1791044776119403
0.2448979591836735
0.25316455696202533
0.30985915492957744
0.19402985074626863
0.15602836879432622
0.1843971631205674
0.3421052631578947
0.17777777777777778
0.15068493150684933
0.2206896551724138
0.2361111111111111
0.16666666666666666
0.22377622377622378
0.21621621621621626
0.21428571428571427
0.15267175572519084
0.15151515151515152
0.20833333333333331
0.22818791946308722
0.2222222222222222
0.2657342657342657
0.23129251700680273
0.18309859154929578
0.23448275862068968
0.1
0.24358974358974358
0.3178807947019867
0.19310344827586204
0.23357664233576642
0.14084507042253522
0.22377622377622378
0.15384615384615385
0.24060150375939848
0.1935483870967742
0.19402985074626863
0.2360248447204969
0.21768707482993196
0.21476510067114096
0.2533333333333333
0.16541353383458648
0.2564102564102564
0.17647058823529413
0.27941176470588236
0.19607843137254902
0.171875
0.20289855072463767
0.2620689655172414
0.1232876712328767
0.21333333333333335
0.18791946308724833
0.19178082191780824
0.19858156028368795
0.15068493150684933
0.2206896551724138
0.16296296296296295
0.17647058823529413
0.19047619047619044
0.2276422764227642
0.20979020979020982
0.2533333333333333
0.20289855072463767
0.11920529801324505
0.19310344827586204
0.32116788321167883
0.21621621621621626
0.136986301369863
0.10884353741496598
0.19047619047619047
0.25806451612903225
0.16176470588235295
0.1843971631205674
0.1313868613138686
0.24324324324324323
0.19867549668874174
0.20143884892086328
0.21897810218978103
0.15503875968992248
0.2222222222222222
0.18309859154929578
0.1891891891891892
0.15827338129496402
0.1987577639751553
0.16058394160583941
0.1857142857142857
0.2361111111111111
0.1323529411764706
0.17610062893081763
0.21212121212121213
0.21768707482993196
0.20143884892086328
0.25974025974025977
0.15384615384615385
0.20437956204379562
0.189873417721519
0.1857142857142857
0.18791946308724833
0.23684210526315788
0.11940298507462685
0.21739130434782608
0.16666666666666669
0.24242424242424243
0.22077922077922077
0.24427480916030536
0.19736842105263155
0.2676056338028169
0.2222222222222222
0.22695035460992907
0.27586206896551724
0.1818181818181818
0.15483870967741936
0.2236024844720497
0.13422818791946306
0.27941176470588236
0.1791044776119403
0.16666666666666666
0.20134228187919462
0.22695035460992907
0.23376623376623376
0.1843971631205674
0.24161073825503357
0.14184397163120568
0.19867549668874174
0.16666666666666669
0.10526315789473684
0.14705882352941177
0.1954887218045113
0.29139072847682124
0.16058394160583941
0.17777777777777778
0.19444444444444445
0.1702127659574468
0.22695035460992907
0.15384615384615385
0.24161073825503357
0.1751824817518248
0.2302158273381295
0.19310344827586204
0.10218978102189781
0.20979020979020982
0.2285714285714286
0.2535211267605634
0.16296296296296295
0.18705035971223022
0.1818181818181818
0.14598540145985403
0.1954887218045113
0.1843971631205674
0.14705882352941177
0.14864864864864866
0.20270270270270271
0.14516129032258063
0.23287671232876714
0.18309859154929578
0.21621621621621626
0.20134228187919462
0.2361111111111111
0.07633587786259542
0.18705035971223022
0.2361111111111111
0.20289855072463767
0.23357664233576642
0.23448275862068968
0.2695035460992907
0.19867549668874174
0.18055555555555552
0.11764705882352941
0.18633540372670804
0.11188811188811189
0.2533333333333333
0.16993464052287582
0.20833333333333331
0.22972972972972974
0.23943661971830985
0.13740458015267176
0.16058394160583941
0.20408163265306123
0.21621621621621626
0.2361111111111111
0.16176470588235295
0.2389937106918239
0.17687074829931973
0.3235294117647059
0.23943661971830985
0.26388888888888884
0.1527777777777778
0.15714285714285714
0.2535211267605634
0.25157232704402516
0.2384105960264901
0.22556390977443608
0.23943661971830985
0.18309859154929578
0.21794871794871795
0.18421052631578946
0.2822085889570552
0.16058394160583941
0.19718309859154928
0.24324324324324323
0.2463768115942029
0.20588235294117646
0.2448979591836735
0.1
0.22695035460992907
0.22535211267605634
0.1702127659574468
0.15748031496062992
0.2112676056338028
0.25954198473282436
0.2285714285714286
0.21333333333333335
0.1954887218045113
0.19310344827586204
0.1954887218045113
0.1739130434782609
0.22535211267605634
0.1527777777777778
0.15999999999999998
0.16923076923076924
0.17808219178082194
0.16296296296296295
0.14814814814814814
0.2153846153846154
0.16058394160583941
0.17647058823529413
0.16666666666666666
0.125
0.19858156028368795
0.19047619047619044
0.2204724409448819
0.18320610687022904
0.2585034013605442
0.125
0.15714285714285714
0.1751824817518248
0.19718309859154928
0.2361111111111111
0.1935483870967742
0.2112676056338028
0.1643835616438356
0.2384105960264901
0.14814814814814814
0.23943661971830985
0.2206896551724138
0.23129251700680273
0.21705426356589147
0.21052631578947367
0.24113475177304963
0.21794871794871795
0.25477707006369427
0.25757575757575757
0.16783216783216784
0.08695652173913045
0.22556390977443608
0.2649006622516556
0.22900763358778625
0.1267605633802817
0.15602836879432622
0.21897810218978103
0.14666666666666667
0.16326530612244897
0.2
0.16216216216216214
0.267515923566879
0.2
0.28025477707006363
0.14184397163120568
0.2627737226277372
0.18309859154929578
0.2463768115942029
0.1323529411764706
0.14285714285714288
0.27848101265822783
0.21476510067114096
0.11267605633802817
0.08695652173913045
0.21768707482993196
0.2302158273381295
0.2222222222222222
0.20408163265306123
0.2535211267605634
0.273972602739726
0.2222222222222222
0.1857142857142857
0.25316455696202533
0.27586206896551724
0.261437908496732
0.24460431654676257
0.18791946308724833
0.18705035971223022
0.2361111111111111
0.20915032679738563
0.23448275862068968
0.196969696969697
0.16666666666666666
0.2482758620689655
0.26388888888888884
0.1958041958041958
0.20979020979020982
0.16058394160583941
0.2278481012658228
0.2077922077922078
0.14102564102564102
0.2
0.10596026490066227
0.196969696969697
0.19047619047619044
0.23529411764705882
0.1395348837209302
0.24285714285714285
0.1857142857142857
0.17054263565891473
0.11920529801324505
0.13333333333333333
0.22058823529411764
0.20408163265306123
0.16058394160583941
0.19047619047619044
0.1688311688311688
0.2077922077922078
0.208955223880597
0.15602836879432622
0.27218934911242604
0.21052631578947367
0.2745098039215686
0.20588235294117646
0.20740740740740743
0.22077922077922077
0.16296296296296295
0.21621621621621626
0.19402985074626863
0.1925925925925926
0.23529411764705882
0.13793103448275862
0.17931034482758623
0.24460431654676257
0.23225806451612901
0.27338129496402874
0.23943661971830985
0.2361111111111111
0.1527777777777778
0.2567567567567568
0.17647058823529413
0.18461538461538463
0.15748031496062992
0.2384105960264901
0.1437908496732026
0.24516129032258066
0.21768707482993196
0.14473684210526316
0.19117647058823528
0.14285714285714288
0.13740458015267176
0.09230769230769231
0.2302158273381295
0.27338129496402874
0.17647058823529413
0.2
0.26666666666666666
0.17054263565891473
0.24161073825503357
0.2222222222222222
0.130718954248366
0.20143884892086328
0.21768707482993196
0.2448979591836735
0.16296296296296295
0.21768707482993196
0.16541353383458648
0.19858156028368795
0.25
0.22695035460992907
0.22556390977443608
0.2553191489361702
0.21428571428571427
0.2054794520547945
0.14814814814814814
0.22377622377622378
0.20833333333333331
0.1643835616438356
0.1111111111111111
0.16993464052287582
0.2518518518518518
0.1925925925925926
0.22377622377622378
0.1739130434782609
0.16326530612244897
0.28965517241379307
0.18791946308724833
0.19718309859154928
0.2112676056338028
0.17808219178082194
0.15714285714285714
0.2911392405063291
0.2571428571428571
0.1267605633802817
0.1954887218045113
0.21935483870967745
0.1258741258741259
0.14184397163120568
0.125
0.22818791946308722
0.2285714285714286
0.21705426356589147
0.15172413793103448
0.21582733812949642
0.2676056338028169
0.15267175572519084
0.19402985074626863
0.3648648648648649
0.2153846153846154
0.2647058823529412
0.20979020979020982
0.16176470588235295
0.18300653594771243
0.2127659574468085
0.22818791946308722
0.2535211267605634
0.16326530612244897
0.18705035971223022
0.09929078014184398
0.16783216783216784
0.14285714285714288
0.14814814814814814
0.14666666666666667
0.20289855072463767
0.16923076923076924
0.2112676056338028
0.15037593984962408
0.22972972972972974
0.18309859154929578
0.23943661971830985
0.20833333333333331
0.20588235294117646
0.2361111111111111
0.19310344827586204
0.1954887218045113
0.22695035460992907
0.20437956204379562
0.1739130434782609
0.14814814814814814
0.13333333333333333
0.20143884892086328
0.08633093525179857
0.2222222222222222
0.16783216783216784
0.2361111111111111
0.20270270270270271
0.21052631578947367
0.16216216216216214
0.2602739726027397
0.20408163265306123
0.08955223880597014
0.2389937106918239
0.23448275862068968
