0.6659392977583812
0.6247520333267209
0.6714441579051776
0.6672783177940885
0.6957448918865305
0.6542104741122794
0.6044931561198176
0.6901160484030946
0.5729517952787145
0.659293790914501
0.6391093037095814
0.7253025193414006
0.6478625272763341
0.7224756992660186
0.6806189248165047
0.659913707597699
0.6398036103947629
0.7270630827216822
0.6568389208490378
0.7001834953382265
0.6001289426701052
0.6365800436421345
0.6066008728426899
0.6401755604046816
0.6553015274747074
0.6457300138861338
0.6360841102955762
0.7010513786947035
0.6635340210275739
0.5458738345566356
0.5904334457448919
0.6117089863122397
0.6584011108906962
0.669361237849633
0.6562190041658401
0.6444653838524103
0.6556734774846261
0.6500198373338624
0.6349930569331482
0.6474905772664153
0.6482344772862527
0.6412418170997818
0.654582424122198
0.6371255703233486
0.5883257290220195
0.6371255703233485
0.641985717119619
0.6809412814917676
0.6292650267804006
0.6363816703035112
0.6825778615354097
0.6843384249156914
0.6443166038484428
0.6730807379488196
0.6112626463003371
0.711788335647689
0.6062537195000991
0.6579547708787938
0.6229914699464392
0.6098740329299743
0.674097401309264
0.6541360841102957
0.6439942471731799
0.6577068042055149
0.6538137274350327
0.67580837135489
0.7143671890497917
0.6315463201745685
0.6633108510216227
0.6582523308867289
0.6521275540567348
0.6845615949216426
0.6726096012695895
0.6367784169807578
0.6575084308668914
0.7040765721087087
0.6112874429676652
0.671592937909145
0.6384149970244
0.7037790121007736
0.6229170799444554
0.6959680618924816
0.6491023606427295
0.6335052568934735
0.6434487204919659
0.6503173973417974
0.6588722475699266
0.6696340011902402
0.6360841102955763
0.6376710970045627
0.7004066653441778
0.6420849037889308
0.6850823249355287
0.6604096409442571
0.6412170204324539
0.6957696885538582
0.6104443562785161
0.6054354294782781
0.6666336044435628
0.6082622495536599
0.6014927593731403
0.6364064669708391
0.6926453084705415
0.6691876611783377
0.6374231303312834
0.6238593533029161
0.6917526284467368
0.639754017060107
0.6415393771077167
0.6097252529260068
0.6451596905375917
0.6447877405276731
0.6609551676254712
0.650937314024995
0.6609551676254712
0.6355385836143622
0.5624132116643524
0.6519787740527673
0.6376710970045627
0.681338028169014
0.6416633604443562
0.6524747073993254
0.592317992461813
0.6550535608014283
0.6617486609799643
0.6842144415790519
0.6359105336242808
0.5805147788137275
0.6090309462408252
0.7031838920849037
0.6649722277325928
0.685851021622694
0.6884298750247967
0.6625421543344574
0.6726096012695894
0.6457548105534615
0.738866296369768
0.6159492164253124
0.638935727038286
0.6619718309859156
0.6743205713152153
0.7071761555246976
0.6619222376512597
0.5934586391588971
0.6884298750247967
0.6922237651259671
0.6394316603848442
0.6511356873636184
0.6757835746875621
0.681883554850228
0.6130975996826027
0.7027871454076572
0.6567893275143821
0.6387125570323348
0.6606824042848641
0.6804453481452093
0.6288434834358262
0.6704522912120612
0.6819827415195396
0.608535012894267
0.6842640349137076
0.7131769490180518
0.6165691331085102
0.6641291410434437
0.6281739734179727
0.5688603451696093
0.6464243205713152
0.6249504066653442
0.6055842094822456
0.6951249752033326
0.7037294187661177
0.6037988494346359
0.6341003769093434
0.686123784963301
0.659045824241222
0.6945546518547907
0.6727831779408847
0.6591450109105336
0.7140944257091846
0.5979716326125769
0.644514977187066
0.6525986907359651
0.6681214044832374
0.6247024399920651
0.6628645110097203
0.6803709581432256
0.6406962904185678
0.6062537195000993
0.644762943860345
0.6457052172188058
0.7192521325133903
0.6689892878397143
0.6190983931759572
0.6597401309264035
0.6469450505852014
0.6616246776433247
0.6344971235865899
0.6034268994247174
0.6271325133902004
0.6460275738940687
0.6681957944852212
0.675783574687562
0.6577563975401706
0.6625173576671296
0.6360841102955762
0.6738494346359849
0.6110146796270581
0.6598145209283872
0.6298105534616147
0.6571364808569727
0.6584507042253521
0.6071959928585597
0.6505405673477485
0.5859452489585399
0.6447133505256893
0.6317694901805198
0.6037740527673081
0.6920749851219996
0.6634596310255901
0.6501190240031739
0.5951944058718509
0.6480113072803015
0.658525094227336
0.6987700853005356
0.6616990676453085
0.6751884546716921
0.6871900416584011
0.6264878000396746
0.6501934140051577
0.6657161277524302
0.6658401110890695
0.7023656020630827
0.6878347550089268
0.6740478079746082
0.6897688950605039
0.6271325133902003
0.669584407855584
0.6794782781194209
0.6789823447728625
0.6835449315611982
0.6222723665939298
0.6591202142432057
0.6769490180519738
0.6560950208292006
0.6243056933148184
0.613891093037096
0.6554751041460029
0.6195199365205316
0.6707002578853402
0.6442174171791312
0.6912814917675065
0.7082176155524698
0.6071711961912319
0.6366048403094625
0.6366296369767903
0.6701051378694705
0.6058569728228526
0.6717169212457845
0.6139654830390795
0.6779408847450903
0.648160087284269
0.665418567744495
0.6463499305693314
0.6445149771870661
0.6740478079746083
0.6691380678436819
0.647019440587185
0.6060305494941479
0.6600624876016663
0.6566901408450704
0.6279508034120214
0.5863667923031144
0.6044435627851616
0.592640349137076
0.6903640150763737
0.6589962309065661
0.6273308867288236
0.6385389803610395
0.6384397936917279
0.6256447133505257
0.6086589962309066
0.6521771473913907
0.648432850624876
0.6160979964292799
0.6781144614163858
0.6132463796865701
0.5969797659194603
0.6266365800436422
0.6692372545129934
0.6802221781392581
0.606303312834755
0.6939347351715929
0.664897837730609
0.664600277722674
0.6064024995040667
0.65681412418171
0.6062289228327714
0.6318190835151756
0.6768002380480063
0.6479865106129735
0.6626165443364411
0.5995586193215632
0.6312735568339617
0.6258430866891489
0.6806189248165047
0.6297857567942868
0.6130728030152747
0.6764034913707597
0.6358113469549692
0.685280698274152
0.6856030549494146
0.6614015076373735
0.6600872842689942
0.6628893076770483
0.6600376909343383
0.6206853798849434
0.6323894068637176
0.6279012100773657
0.6825530648680818
0.6232642332870463
0.6807429081531442
0.6566653441777426
0.6189000198373339
0.6175114064669709
0.6740230113072804
0.6704522912120611
0.6303064868081729
0.6369024003173972
0.6736510612973616
0.7019688553858361
0.6398532037294188
0.6836441182305097
0.6464243205713152
0.6588226542352709
0.6930420551477882
0.6621702043245389
0.6789079547708788
0.6925461218012299
0.6274796667327912
0.5855980956159492
0.6132959730212261
0.6875371950009919
0.6731799246181314
0.6461515572307082
0.6279508034120215
0.6363072803015274
0.6635588176949019
0.6337780202340806
0.6405475104146003
0.631967863519143
0.6645010910533624
0.6136183296964888
0.6223963499305694
0.6507141440190439
0.6497470739932554
0.6780896647490577
0.7012497520333267
0.627231700059512
0.6333068835548502
0.7011257686966872
0.6481848839515969
0.6516812140448324
0.6519043840507835
0.6404483237452886
0.6233882166236858
0.6856774449513986
0.6927692918071812
0.68245387819877
0.6061793294981155
0.6923725451299345
0.6710970045625868
0.6234378099583416
0.6369271969847253
0.6369024003173974
0.6321910335250942
0.6322158301924221
0.6150069430668519
0.6320174568537988
0.6718161079150962
0.6830737948819678
0.6758827613568736
0.6418369371156517
0.6010216226939099
0.6347946835945251
0.6075679428684784
0.6588474509025988
0.6457300138861337
0.623016266613767
0.636431263638167
0.6327117635389803
0.6285459234278914
0.6505157706804205
0.6480361039476294
0.6646994643919857
0.6544088474509027
0.6652449910731998
0.6641539377107716
0.6272812933941678
0.6179825431462012
0.6923477484626067
0.6143126363816702
0.6486064272961714
0.691380678436818
0.6837681015671494
0.6448869271969847
0.6373487403292998
0.6393324737155326
0.6850575282682007
0.721806189248165
0.611337036302321
0.6172634397936918
0.6610791509621108
0.6358361436222971
0.6684685578258284
0.6741717913112478
0.657359650862924
0.5937314024995041
0.6068984328506248
0.6855038682801031
0.6552767308073795
0.6564669708391193
0.635860940289625
0.707300138861337
0.6728575679428686
0.6488048006347947
0.6404731204126165
0.6192223765125967
0.6442918071811148
0.6604840309462409
0.5997817893275145
0.6450605038682801
0.6363568736361833
0.5668022217813925
0.5989882959730213
0.6630876810156716
0.6680718111485816
0.6857518349533823
0.6699563578655029
0.6528218607419164
0.6882810950208292
0.6733782979567546
0.6309512001586985
0.6473417972624481
0.6675510811346955
0.6153292997421146
0.6207349732195994
0.6475649672683991
0.6440438405078358
0.6917278317794088
0.6512100773656021
0.6298353501289427
0.700059512001587
0.6238345566355881
0.6859998016266613
0.6870164649871057
0.6136927196984725
0.5961366792303114
0.6152301130728031
0.6662120610989882
0.6842144415790519
0.6801477881372744
0.6254215433445744
0.6603104542749454
0.6150565364015077
0.5970789525887721
0.6555742908153145
0.5693562785161674
0.6159492164253125
0.6074439595318389
0.6583019242213847
0.6559958341598888
0.685801428288038
0.6335796468954573
0.6232146399523903
0.6995635786550288
0.6694604245189446
0.670154731204126
0.6852311049394961
0.6572356675262845
0.6383406070224161
0.6338276135687364
0.6240081333068836
0.6841152549097402
0.6086094028962507
0.6444157905177544
0.638092640349137
0.6056338028169015
0.6922981551279508
0.6173130331283475
0.6705762745487007
0.6421592937909144
0.5985667526284468
0.6413162071017655
0.630852013489387
0.5841846855782583
0.6812388414997026
0.5975500892680025
0.662120610989883
0.6042947827811943
0.6379686570124975
