0.5716661015572019
0.5088973591429987
0.593661978620816
0.49812027453962215
0.6121426619079781
0.576613466350977
0.5912604883280105
0.5374085908007422
0.5724407142230472
0.5489190061647098
0.5293240990505159
0.5620788687741418
0.6003894909351513
0.519851976166186
0.5278959110754593
0.5972003386356277
0.48109447975238173
0.5359447104253108
0.5994193443584374
0.5382395975965444
0.5576390009089112
0.5955629874945282
0.47005664744046516
0.5427944418884996
0.5593821854245647
0.5584134527023619
0.6051966408886212
0.6007755087665271
0.526639808432473
0.5872199054894952
0.5571927588672978
0.5748904794641957
0.5158721135217292
0.5191555736688455
0.5925368524025293
0.5346400068574836
0.5476569679718928
0.5645332378242002
0.6263265475788641
0.574595515931776
0.5332413265428465
0.47903766147672827
0.5592728498496666
0.5191685679682003
0.5120690250098034
0.5763021838037765
0.5512655202802291
0.5734260821323051
0.5473807938901405
0.56575042421503
0.5354807243583435
0.5696832899694113
0.6009900114361459
0.5911094300250429
0.5587442761760733
0.5484781910816182
0.5284074616243736
0.5099675297027072
0.5522950874241208
0.5427481191216919
0.5690315211107847
0.5930414197614492
0.5692943194578362
0.5341856295539089
0.5879717597258739
0.5789606346662437
0.552787908484669
0.5148647098025094
0.6215353290694345
0.5120314366508603
0.49806810064100926
0.5764857581625038
0.5770957645968584
0.5370728231258012
0.5547281280148982
0.5410490661999643
0.5352210639852892
0.5324726521830434
0.517051636615893
0.5252538291607518
0.5497756059597043
0.6030121598095368
0.5542013065793834
0.5811992763241979
0.5895260562024338
0.49522692620360365
0.5342561933198406
0.5725886218555267
0.5523225755309948
0.5452769760458609
0.5312384955685754
0.5363708262045199
0.5209153982471573
0.5618277693433901
0.5903055893779787
0.5617442465128224
0.5721667096164489
0.5877657635986915
0.5813657786742354
0.5508393871748676
0.5319779493722343
0.5839970191008806
0.604265120666862
0.5433255125003416
0.6002651346403809
0.5748488044823227
0.5504735170445724
0.5341694573431918
0.6028618855926023
0.5228962025965995
0.5527972087548434
0.5614985437952237
0.580954067898315
0.5768713137224218
0.5597507683895346
0.5913486932877859
0.5553544129392466
0.4552279089217797
0.5780724408593831
0.48983792072960103
0.5580774895424705
0.5610180267231213
0.5614575759021696
0.541952320240588
0.5811688972126392
0.5815843874287434
0.534804403990774
0.5664753305457046
0.5127441622578303
0.5648485529615779
0.5911810883390692
0.5861726776471897
0.5559685329469503
0.5589543581611088
0.5801952698473375
0.5465395926565048
0.5494229450231845
0.5575198463164971
0.5468867614256797
0.5498188673332008
0.5873082519719395
0.5189382196951728
0.49205249608263235
0.5041782447484061
0.49564391302070665
0.5712365082795265
0.5568001040267317
0.513535152156545
0.5248649776398205
0.5589976402224165
0.5699723990763006
0.5946781503889045
0.5442751556056608
0.5531168382544528
0.5582702195312323
0.5542779976443909
0.5681563444740626
0.6062726986185528
0.5683105543231141
0.5603404311387551
0.5220356308940992
0.5320191614687901
0.5680240889992237
0.520953105601182
0.5283621439982379
0.5770706605795399
0.5001420614398214
0.5756544650485967
0.5769250322199779
0.5899691088768183
0.5620341440926715
0.5635956971347225
0.577399282611869
0.5461543644376832
0.5425095396435268
0.5479933611152259
0.6016390821474734
0.5422514181093381
0.513722043061577
0.5028348373106626
0.5419928226629244
0.5553503744366651
0.5790473616461186
0.536734774256065
0.5477282039206938
0.5664077626307619
0.5487138013872065
0.594575385288064
0.5775516882126207
0.5343010688145925
0.6330319499826818
0.5324759929720527
0.5576354578570976
0.5613990456879976
0.5493395288960415
0.6134777051086091
0.5608000339160251
0.5583454157027364
0.5479795115941669
0.5593817173430748
0.4864695497343007
0.6135116163468806
0.5323334361516364
0.5518237268009322
0.6199831628921446
0.5890777719317447
0.5360470027275942
0.5349596297121776
0.5933124602710209
0.5508766145753163
0.5867704090538989
0.504584904180186
0.5725702954449654
0.6176439125844717
0.6168994217749667
0.5810339555680102
0.5915310806900923
0.5205798655144668
0.5032258634293076
0.5759066563818324
0.5147382377026004
0.5362515671494903
0.5744987173760604
0.5336994056807702
0.554219363006573
0.5651754825538104
0.5167587252251611
0.5777312613322714
0.5296100514618362
0.5473678698363289
0.5770185305463693
0.6022074121083769
0.5365591498810853
0.5179356299968427
0.5425681801432429
0.5719044630443211
0.5098250900117467
0.5803547441490609
0.5328570271742064
0.5235450778797531
0.5720450524979503
0.5743864337236995
0.5650873546417793
0.5103640266377535
0.5627569514381343
0.5029703812052695
0.523204668170526
0.5202710471139929
0.503952514930631
0.5151238121420015
0.567726616891311
0.5948329337467304
0.5991592609592757
0.5566292611092526
0.5125922618480981
0.6323983771258391
0.48978356653387967
0.505182268815217
0.48447133052822183
0.5245183645341294
0.618402270738108
0.5011370372063783
0.5494237883234172
0.5860879306864004
0.5720531038960455
0.5406439619686891
0.5654318256367988
0.5883905173516724
0.5620353375398152
0.5615452757026511
0.5837259783267867
0.5398008901332043
0.5327350637583579
0.532242990777251
0.5443379842240645
0.5051071571543899
0.5342487779663104
0.549890182700029
0.5499325649071589
0.5383175023255176
0.5180071743549478
0.5598882192074022
0.5950874275365394
0.48436745836567996
0.5490219609500728
0.4877339256832594
0.541752630478582
0.606760335520101
0.5452027836069493
0.5397547025030285
0.509289106854018
0.5662355753407469
0.5757882231312172
0.5693502048361818
0.5676681861853043
0.5995272319890032
0.5678660575880875
0.5194827362158153
0.5155289371262027
0.5635439182360399
0.5637694559420079
0.5944121324819791
0.608457990230579
0.5714109563554561
0.5890826005844507
0.5669563272019985
0.5851571946244938
0.5642207580864743
0.5719073916537509
0.5795083954853023
0.6275135819102982
0.6004094605718836
0.6117011138132772
0.536683112546031
0.5779422078886456
0.5269740710087762
0.5354450938767491
0.5877729332298567
0.5547287792091254
0.4788813532540668
0.5313432113303016
0.586844449351612
0.5809590444142724
0.5597874760689566
0.552803264721832
0.5397626196308654
0.5874602962607638
0.5856625362373229
0.528978526335842
0.5463929950711746
0.5692676120675437
0.5897383693592194
0.5388387263006076
0.5386832734598933
0.5479729390276181
0.5321700460629392
0.5185139521118426
0.5419906334031801
0.5415148188884561
0.5504033729982417
0.6028068208963027
0.5122084131088684
0.6110515506138516
0.567384073586637
0.5973239378047941
0.531399150415692
0.5713167151294081
0.4854635094311102
0.5044771615646173
0.5433431616600132
0.5642325806930545
0.6154464518548528
0.5883475574988198
0.4883031538318083
0.5867099027957388
0.504097820234627
0.6012963522729996
0.5536322221166957
0.47666288945391666
0.592462735704058
0.5276222489214021
0.5829861461178321
0.5864089979201663
0.5178298017248512
0.5622411273871583
0.57115870576597
0.5148060736062352
0.567838054404688
0.5292578328100951
0.4895695685172178
0.5281947218296226
0.5403874440628005
0.5321068655599304
0.5288605714436058
0.5513644321150696
0.521998748567863
0.5252446983010429
0.5887898280958234
0.4938655452185169
0.5971099153164513
0.5978219451861234
0.5359690811102246
0.5508222631855854
0.5962904206743639
0.546840353664559
0.6030201810727912
0.5546042822806385
0.5294636087112821
0.5886012628657425
0.5670375325891287
0.5726244564356865
0.558918333183278
0.46962192461668817
0.5489818896088843
0.5953437182512411
0.6006220808987149
0.5120815047069853
0.5912619827388127
0.569758130886721
0.5415663561371064
0.6134587650175286
0.5844902451062876
0.5580380700206766
0.5536322248109579
0.532471153262603
0.5621909869617943
0.537466806294675
0.4538928364876181
0.5712816714078741
0.5927896540505114
0.5965978922277277
0.584612580184829
0.5850866648622866
0.5314813306468312
0.5136791517025127
0.5703191537282581
0.5403097121255009
0.5410120685849857
0.556851259038407
0.5618516561511595
0.5657459265670022
0.5106163120879387
0.6085535731271008
0.5587432535685759
0.5695328745414396
0.49791948648919726
0.4841125092167702
0.5621488994986603
0.5436392267661015
0.5715638831248474
0.560137755119408
0.46350270903438534
0.5997595815360639
0.6232748171048418
0.544346583268889
0.5633317038576351
0.5934096048855444
0.615303146117373
0.5473334209010499
0.5242295277868285
0.5284677743426867
0.517441274424758
0.5816130558586279
0.5306102221958168
0.5358745669346661
0.6157117303302906
0.6129921423818212
0.5555653251204397
0.6038082927570212
0.6033991743808624
0.5897435891229937
0.5698068765011535
0.5994672450438678
0.5143277336989865
0.5578200303545148
0.5782480334630908
0.5178513735728061
0.5163959352211347
0.5777421283325418
0.5873187304324516
0.5520143623029543
0.5667632774602008
0.5438058614326334
0.5387035796482833
0.5813151719045583
0.5553654650093682
0.5437565978545735
0.4832168183069734
0.5410911046922204
0.4945497631648955
0.6122978684545559
0.5584379762962903
0.5340879011141784
0.5923887029603434
0.5913882518717484
0.6117118224524085
0.5388453645359141
0.5540545869406049
0.5473918330172168
0.610556055826451
0.5707859209845974
0.5631072931344806
0.5523749865375832
0.4853682614717545
0.5440194427784942
0.5051384299841762
0.6205386944592827
0.5705836240114313
0.501739565394467
0.5620718906646447
0.568493074826081
0.5580418608151151
0.5648410182594086
0.5317258599453729
0.5286531318374761
0.5333736935920586
0.5734971908364347
0.5208725384972154
0.5447681105438905
0.58855095802377
