0.3424657534246575
0.39080459770114945
0.4166666666666667
0.33695652173913043
0.3780487804878049
0.35555555555555557
0.3707865168539326
0.275
0.4067796610169492
0.34831460674157305
0.37037037037037035
0.31645569620253167
0.4050632911392405
0.46551724137931033
0.375
0.325
0.38095238095238093
0.32
0.35365853658536583
0.3048780487804878
0.3684210526315789
0.36046511627906974
0.35294117647058826
0.3835616438356164
0.28888888888888886
0.38095238095238093
0.32222222222222224
0.28169014084507044
0.2967032967032967
0.32894736842105265
0.3764705882352941
0.35294117647058826
0.39080459770114945
0.3409090909090909
0.3333333333333333
0.3783783783783784
0.32926829268292684
0.3333333333333333
0.4861111111111111
0.35365853658536583
0.35294117647058826
0.3333333333333333
0.3493975903614458
0.4383561643835616
0.3717948717948718
0.4084507042253521
0.3902439024390244
0.3493975903614458
0.4383561643835616
0.4050632911392405
0.3717948717948718
0.3409090909090909
0.391304347826087
0.39705882352941174
0.38271604938271603
0.43037974683544306
0.3116883116883117
0.4
0.35135135135135137
0.4461538461538462
0.3404255319148936
0.32978723404255317
0.30612244897959184
0.32926829268292684
0.40229885057471265
0.3698630136986301
0.35714285714285715
0.39473684210526316
0.35294117647058826
0.38095238095238093
0.37681159420289856
0.3972602739726027
0.33766233766233766
0.3611111111111111
0.3888888888888889
0.3466666666666667
0.3333333333333333
0.3493975903614458
0.43373493975903615
0.36046511627906974
0.3287671232876712
0.3563218390804598
0.32051282051282054
0.35
0.4383561643835616
0.3424657534246575
0.3717948717948718
0.4153846153846154
0.29
0.2976190476190476
0.37662337662337664
0.36046511627906974
0.42424242424242425
0.30120481927710846
0.3333333333333333
0.3764705882352941
0.43902439024390244
0.34065934065934067
0.28440366972477066
0.38571428571428573
0.38636363636363635
0.36923076923076925
0.3372093023255814
0.3835616438356164
0.3902439024390244
0.35714285714285715
0.38271604938271603
0.3614457831325301
0.3424657534246575
0.4444444444444444
0.36363636363636365
0.32
0.3291139240506329
0.3620689655172414
0.35802469135802467
0.4
0.42857142857142855
0.3125
0.34177215189873417
0.313953488372093
0.3894736842105263
0.3448275862068966
0.3614457831325301
0.4084507042253521
0.28888888888888886
0.37142857142857144
0.4142857142857143
0.2967032967032967
0.36904761904761907
0.4146341463414634
0.375
0.47058823529411764
0.34444444444444444
0.34615384615384615
0.5230769230769231
0.34523809523809523
0.3146067415730337
0.35365853658536583
0.3176470588235294
0.35802469135802467
0.35714285714285715
0.35789473684210527
0.43037974683544306
0.323943661971831
0.37662337662337664
0.43478260869565216
0.3373493975903614
0.3888888888888889
0.2647058823529412
0.36363636363636365
0.34523809523809523
0.34444444444444444
0.3194444444444444
0.37662337662337664
0.38461538461538464
0.4
0.3698630136986301
0.3473684210526316
0.3888888888888889
0.3875
0.3764705882352941
0.37349397590361444
0.3645833333333333
0.3670886075949367
0.37142857142857144
0.3157894736842105
0.36666666666666664
0.3333333333333333
0.2717391304347826
0.3793103448275862
0.4266666666666667
0.375
0.37755102040816324
0.3333333333333333
0.2926829268292683
0.4166666666666667
0.36363636363636365
0.4625
0.35526315789473684
0.4225352112676056
0.35
0.44594594594594594
0.31868131868131866
0.3163265306122449
0.36046511627906974
0.3472222222222222
0.3333333333333333
0.3020833333333333
0.4805194805194805
0.3953488372093023
0.3218390804597701
0.375
0.3333333333333333
0.4225352112676056
0.3235294117647059
0.38095238095238093
0.38666666666666666
0.3855421686746988
0.3253012048192771
0.4125
0.3563218390804598
0.30434782608695654
0.3875
0.379746835443038
0.4032258064516129
0.3780487804878049
0.3918918918918919
0.3875
0.32894736842105265
0.4084507042253521
0.3181818181818182
0.3780487804878049
0.3411764705882353
0.3855421686746988
0.30952380952380953
0.35714285714285715
0.4032258064516129
0.3076923076923077
0.25263157894736843
0.36046511627906974
0.36470588235294116
0.42028985507246375
0.373134328358209
0.4027777777777778
0.32941176470588235
0.3409090909090909
0.2727272727272727
0.36363636363636365
0.3488372093023256
0.3373493975903614
0.3684210526315789
0.42105263157894735
0.3855421686746988
0.3424657534246575
0.3194444444444444
0.425
0.42696629213483145
0.3424657534246575
0.37333333333333335
0.4126984126984127
0.32558139534883723
0.4657534246575342
0.40789473684210525
0.38372093023255816
0.37349397590361444
0.3917525773195876
0.3835616438356164
0.3972602739726027
0.35802469135802467
0.4177215189873418
0.36486486486486486
0.3684210526315789
0.38235294117647056
0.37209302325581395
0.34615384615384615
0.34146341463414637
0.2857142857142857
0.2840909090909091
0.3103448275862069
0.3625
0.3950617283950617
0.35
0.313953488372093
0.43243243243243246
0.31868131868131866
0.35135135135135137
0.375
0.37209302325581395
0.36363636363636365
0.46774193548387094
0.35714285714285715
0.3488372093023256
0.30120481927710846
0.3048780487804878
0.3953488372093023
0.3373493975903614
0.29411764705882354
0.4411764705882353
0.37142857142857144
0.3146067415730337
0.32051282051282054
0.3611111111111111
0.4166666666666667
0.3372093023255814
0.35365853658536583
0.3103448275862069
0.410958904109589
0.34177215189873417
0.345679012345679
0.3466666666666667
0.32222222222222224
0.4125
0.42857142857142855
0.32989690721649484
0.3333333333333333
0.34444444444444444
0.358974358974359
0.38823529411764707
0.29069767441860467
0.3684210526315789
0.3764705882352941
0.3291139240506329
0.4057971014492754
0.3163265306122449
0.41975308641975306
0.34065934065934067
0.367816091954023
0.43661971830985913
0.35526315789473684
0.3373493975903614
0.3448275862068966
0.38271604938271603
0.37209302325581395
0.34831460674157305
0.37037037037037035
0.4358974358974359
0.3723404255319149
0.38271604938271603
0.4117647058823529
0.33766233766233766
0.3448275862068966
0.37662337662337664
0.35714285714285715
0.35365853658536583
0.37209302325581395
0.375
0.4166666666666667
0.35
0.358974358974359
0.37349397590361444
0.4264705882352941
0.28865979381443296
0.32323232323232326
0.3561643835616438
0.34615384615384615
0.4186046511627907
0.3375
0.34146341463414637
0.4
0.37142857142857144
0.3404255319148936
0.35135135135135137
0.37349397590361444
0.3448275862068966
0.3918918918918919
0.3974358974358974
0.3888888888888889
0.32558139534883723
0.38666666666666666
0.37037037037037035
0.3924050632911392
0.32142857142857145
0.36470588235294116
0.4647887323943662
0.3132530120481928
0.3815789473684211
0.3181818181818182
0.379746835443038
0.3780487804878049
0.35
0.4264705882352941
0.33695652173913043
0.40476190476190477
0.34615384615384615
0.28888888888888886
0.3037974683544304
0.3953488372093023
0.40625
0.3409090909090909
0.35443037974683544
0.31645569620253167
0.36363636363636365
0.3333333333333333
0.3132530120481928
0.34831460674157305
0.3815789473684211
0.2911392405063291
0.3835616438356164
0.4578313253012048
0.4117647058823529
0.4230769230769231
0.375
0.2376237623762376
0.38461538461538464
0.3380281690140845
0.4117647058823529
0.3875
0.43529411764705883
0.4050632911392405
0.35294117647058826
0.3258426966292135
0.37037037037037035
0.3918918918918919
0.313953488372093
0.36470588235294116
0.3218390804597701
0.4024390243902439
0.39325842696629215
0.36904761904761907
0.352112676056338
0.3888888888888889
0.33783783783783783
0.375
0.37037037037037035
0.4603174603174603
0.36666666666666664
0.3472222222222222
0.38202247191011235
0.34146341463414637
0.44
0.3698630136986301
0.4
0.4125
0.4027777777777778
0.37037037037037035
0.3614457831325301
0.32967032967032966
0.34831460674157305
0.42857142857142855
0.44871794871794873
0.35714285714285715
0.3333333333333333
0.3472222222222222
0.32098765432098764
0.39344262295081966
0.37777777777777777
0.3333333333333333
0.3611111111111111
0.3684210526315789
0.3372093023255814
0.3793103448275862
0.40229885057471265
0.38095238095238093
0.44285714285714284
0.38823529411764707
0.4675324675324675
0.40298507462686567
0.37681159420289856
0.36
0.43902439024390244
0.4520547945205479
0.4318181818181818
0.358974358974359
0.35714285714285715
0.31868131868131866
0.3614457831325301
0.36585365853658536
0.3835616438356164
0.2988505747126437
0.4
0.32926829268292684
0.40789473684210525
0.3614457831325301
0.39473684210526316
0.3472222222222222
0.3614457831325301
0.35
0.3111111111111111
0.38666666666666666
0.39759036144578314
0.36585365853658536
0.36363636363636365
0.358974358974359
0.3698630136986301
0.391304347826087
0.3333333333333333
0.3888888888888889
0.4
0.3717948717948718
0.4647887323943662
0.4050632911392405
0.3404255319148936
0.32222222222222224
0.3373493975903614
0.36046511627906974
0.39285714285714285
0.38461538461538464
0.4457831325301205
0.4507042253521127
0.417910447761194
0.41975308641975306
0.4117647058823529
0.4074074074074074
0.3111111111111111
0.37037037037037035
0.4024390243902439
0.44594594594594594
0.36904761904761907
0.34831460674157305
0.4189189189189189
0.33707865168539325
0.5074626865671642
0.29591836734693877
0.4
0.39436619718309857
0.37254901960784315
0.38028169014084506
0.3888888888888889
0.3146067415730337
0.33707865168539325
