0.19298245614035087
0.25396825396825395
0.18181818181818182
0.10526315789473684
0.23684210526315788
0.1506849315068493
0.2692307692307692
0.22535211267605634
0.11764705882352941
0.26229508196721313
0.19767441860465115
0.16470588235294117
0.1125
0.1566265060240964
0.1625
0.2465753424657534
0.19718309859154928
0.21176470588235294
0.22666666666666666
0.2191780821917808
0.1891891891891892
0.1746031746031746
0.1746031746031746
0.1794871794871795
0.18181818181818182
0.125
0.16883116883116883
0.18309859154929578
0.15517241379310345
0.24074074074074073
0.14925373134328357
0.17567567567567569
0.14814814814814814
0.23255813953488372
0.2638888888888889
0.17142857142857143
0.16883116883116883
0.19444444444444445
0.19736842105263158
0.1875
0.21311475409836064
0.2619047619047619
0.2077922077922078
0.23684210526315788
0.1506849315068493
0.21052631578947367
0.25
0.18333333333333332
0.19696969696969696
0.2
0.3026315789473684
0.22666666666666666
0.19736842105263158
0.25
0.15714285714285714
0.18461538461538463
0.2625
0.1282051282051282
0.2112676056338028
0.14864864864864866
0.234375
0.14666666666666667
0.2413793103448276
0.21518987341772153
0.1728395061728395
0.22077922077922077
0.22058823529411764
0.20967741935483872
0.16883116883116883
0.25675675675675674
0.2318840579710145
0.29333333333333333
0.23376623376623376
0.14285714285714285
0.23076923076923078
0.16666666666666666
0.109375
0.2191780821917808
0.2361111111111111
0.15714285714285714
0.2077922077922078
0.14285714285714285
0.20512820512820512
0.18461538461538463
0.2
0.21052631578947367
0.2328767123287671
0.208955223880597
0.12307692307692308
0.29577464788732394
0.2
0.20967741935483872
0.2
0.17073170731707318
0.16901408450704225
0.23809523809523808
0.15789473684210525
0.2537313432835821
0.21428571428571427
0.19047619047619047
0.15873015873015872
0.23809523809523808
0.13793103448275862
0.13333333333333333
0.19718309859154928
0.15151515151515152
0.25
0.1625
0.16883116883116883
0.2318840579710145
0.2857142857142857
0.22058823529411764
0.2328767123287671
0.1935483870967742
0.19753086419753085
0.2222222222222222
0.19402985074626866
0.18666666666666668
0.2465753424657534
0.22535211267605634
0.1891891891891892
0.21739130434782608
0.29310344827586204
0.22580645161290322
0.2631578947368421
0.23333333333333334
0.1791044776119403
0.22535211267605634
0.13157894736842105
0.203125
0.2638888888888889
0.16666666666666666
0.3142857142857143
0.1509433962264151
0.24324324324324326
0.22388059701492538
0.13333333333333333
0.12962962962962962
0.1794871794871795
0.20967741935483872
0.2786885245901639
0.15873015873015872
0.2537313432835821
0.2714285714285714
0.22535211267605634
0.16923076923076924
0.1891891891891892
0.2318840579710145
0.22727272727272727
0.15714285714285714
0.22058823529411764
0.22535211267605634
0.2535211267605634
0.22388059701492538
0.21839080459770116
0.18461538461538463
0.18571428571428572
0.19753086419753085
0.24
0.29411764705882354
0.19444444444444445
0.18571428571428572
0.1875
0.1864406779661017
0.16901408450704225
0.19047619047619047
0.16666666666666666
0.20253164556962025
0.19607843137254902
0.16666666666666666
0.21212121212121213
0.20689655172413793
0.12698412698412698
0.2857142857142857
0.2716049382716049
0.2289156626506024
0.23333333333333334
0.2777777777777778
0.234375
0.1891891891891892
0.203125
0.2537313432835821
0.17391304347826086
0.25
0.14285714285714285
0.22666666666666666
0.175
0.19718309859154928
0.22666666666666666
0.17391304347826086
0.25
0.24691358024691357
0.14102564102564102
0.14492753623188406
0.26666666666666666
0.2714285714285714
0.2839506172839506
0.18461538461538463
0.18181818181818182
0.23684210526315788
0.1791044776119403
0.15625
0.21621621621621623
0.1956521739130435
0.1896551724137931
0.14492753623188406
0.17391304347826086
0.27692307692307694
0.21212121212121213
0.2235294117647059
0.15942028985507245
0.2465753424657534
0.2830188679245283
0.24285714285714285
0.1896551724137931
0.13157894736842105
0.25757575757575757
0.27941176470588236
0.19736842105263158
0.15789473684210525
0.1774193548387097
0.27941176470588236
0.17721518987341772
0.17567567567567569
0.125
0.16901408450704225
0.17105263157894737
0.21794871794871795
0.22058823529411764
0.16666666666666666
0.18421052631578946
0.17647058823529413
0.2077922077922078
0.12857142857142856
0.23076923076923078
0.2
0.1527777777777778
0.189873417721519
0.22413793103448276
0.21839080459770116
0.1267605633802817
0.16393442622950818
0.14705882352941177
0.21621621621621623
0.16666666666666666
0.23376623376623376
0.22727272727272727
0.2878787878787879
0.2153846153846154
0.2222222222222222
0.2857142857142857
0.273972602739726
0.16901408450704225
0.24285714285714285
0.23684210526315788
0.21212121212121213
0.171875
0.14864864864864866
0.225
0.16049382716049382
0.19402985074626866
0.20833333333333334
0.2073170731707317
0.11940298507462686
0.24615384615384617
0.26865671641791045
0.18840579710144928
0.19047619047619047
0.20588235294117646
0.17073170731707318
0.273972602739726
0.20270270270270271
0.22666666666666666
0.23943661971830985
0.2714285714285714
0.15151515151515152
0.2361111111111111
0.2153846153846154
0.25675675675675674
0.21052631578947367
0.14285714285714285
0.19047619047619047
0.2361111111111111
0.2
0.14666666666666667
0.24358974358974358
0.1791044776119403
0.2
0.2054794520547945
0.2716049382716049
0.1917808219178082
0.19117647058823528
0.16417910447761194
0.18518518518518517
0.2261904761904762
0.24675324675324675
0.23880597014925373
0.2
0.15151515151515152
0.19047619047619047
0.2465753424657534
0.15492957746478872
0.17333333333333334
0.2597402597402597
0.12307692307692308
0.203125
0.1917808219178082
0.1891891891891892
0.234375
0.10526315789473684
0.18181818181818182
0.2222222222222222
0.19230769230769232
0.23529411764705882
0.21518987341772153
0.1643835616438356
0.2
0.2602739726027397
0.22950819672131148
0.1875
0.2571428571428571
0.18055555555555555
0.21428571428571427
0.2413793103448276
0.1951219512195122
0.1780821917808219
0.19480519480519481
0.21621621621621623
0.24242424242424243
0.18333333333333332
0.1323529411764706
0.14492753623188406
0.21621621621621623
0.2
0.1643835616438356
0.2328767123287671
0.15625
0.21212121212121213
0.14285714285714285
0.2
0.19402985074626866
0.14285714285714285
0.208955223880597
0.20270270270270271
0.17894736842105263
0.16853932584269662
0.21794871794871795
0.22988505747126436
0.25925925925925924
0.1951219512195122
0.20588235294117646
0.19718309859154928
0.20689655172413793
0.23943661971830985
0.16666666666666666
0.25675675675675674
0.18461538461538463
0.24285714285714285
0.19718309859154928
0.3088235294117647
0.2676056338028169
0.16470588235294117
0.20253164556962025
0.14285714285714285
0.2
0.21428571428571427
0.18840579710144928
0.24096385542168675
0.15584415584415584
0.20512820512820512
0.21333333333333335
0.15294117647058825
0.18571428571428572
0.16883116883116883
0.2125
0.17721518987341772
0.21052631578947367
0.1891891891891892
0.23943661971830985
0.25925925925925924
0.23170731707317074
0.2564102564102564
0.24
0.2459016393442623
0.18461538461538463
0.24242424242424243
0.22727272727272727
0.23809523809523808
0.1643835616438356
0.11864406779661017
0.19117647058823528
0.21428571428571427
0.16176470588235295
0.1625
0.2564102564102564
0.16417910447761194
0.23214285714285715
0.17567567567567569
0.21311475409836064
0.11666666666666667
0.21052631578947367
0.14285714285714285
0.21666666666666667
0.109375
0.14492753623188406
0.22857142857142856
0.2028985507246377
0.208955223880597
0.20270270270270271
0.16883116883116883
0.22950819672131148
0.1780821917808219
0.2222222222222222
0.19047619047619047
0.19753086419753085
0.3125
0.2413793103448276
0.1506849315068493
0.12345679012345678
0.1
0.25
0.24675324675324675
0.23728813559322035
0.18072289156626506
0.15384615384615385
0.22857142857142856
0.18666666666666668
0.2261904761904762
0.2191780821917808
0.17333333333333334
0.28169014084507044
0.2191780821917808
0.19736842105263158
0.21052631578947367
0.20270270270270271
0.1388888888888889
0.25675675675675674
0.23684210526315788
0.16176470588235295
0.19047619047619047
0.21621621621621623
0.21794871794871795
0.2
0.3132530120481928
0.15873015873015872
0.22535211267605634
0.14814814814814814
0.21428571428571427
0.1728395061728395
0.3125
0.203125
0.2222222222222222
0.10294117647058823
0.20634920634920634
0.16666666666666666
0.21739130434782608
0.16071428571428573
0.234375
0.16901408450704225
0.2
0.15151515151515152
0.20270270270270271
0.21518987341772153
0.21875
0.25757575757575757
0.19480519480519481
0.19117647058823528
0.24
0.1774193548387097
0.18181818181818182
0.208955223880597
0.273972602739726
0.16129032258064516
0.25862068965517243
0.20588235294117646
0.2
0.19444444444444445
0.18421052631578946
0.23529411764705882
0.22033898305084745
0.19718309859154928
0.12857142857142856
0.189873417721519
0.323943661971831
0.29411764705882354
0.18421052631578946
0.19696969696969696
0.13636363636363635
0.22972972972972974
0.16
0.21686746987951808
0.2328767123287671
0.15492957746478872
0.1780821917808219
0.2153846153846154
0.1746031746031746
0.13333333333333333
0.2916666666666667
0.15384615384615385
0.24285714285714285
