0.8888888888888888
0.7142857142857143
0.75
0.75
0.7741935483870968
0.7741935483870968
0.8
0.8
0.6857142857142857
0.9230769230769231
0.8888888888888888
0.7575757575757576
0.6486486486486487
0.7272727272727273
0.8
0.7741935483870968
0.7058823529411765
0.6944444444444444
0.7741935483870968
0.6666666666666666
0.8275862068965517
0.6666666666666666
0.8620689655172413
0.8275862068965517
0.8
0.8275862068965517
0.8571428571428571
0.6666666666666666
0.7741935483870968
0.7575757575757576
0.75
0.8275862068965517
0.7058823529411765
0.7741935483870968
0.7741935483870968
0.7741935483870968
0.8275862068965517
0.8
0.8333333333333334
0.8
0.7741935483870968
0.7741935483870968
0.7272727272727273
0.7272727272727273
0.7741935483870968
0.8
0.75
0.7058823529411765
0.8
0.8
0.8275862068965517
0.7058823529411765
0.8571428571428571
0.7741935483870968
0.7352941176470589
0.75
0.8
0.7058823529411765
0.8620689655172413
0.8571428571428571
0.75
0.7272727272727273
0.7058823529411765
0.7272727272727273
0.6410256410256411
0.7741935483870968
0.8571428571428571
0.8
0.6666666666666666
0.8571428571428571
0.8571428571428571
0.8888888888888888
0.7272727272727273
0.8571428571428571
0.7142857142857143
0.6857142857142857
0.7741935483870968
0.8064516129032258
0.6857142857142857
0.7741935483870968
0.6944444444444444
0.8
0.6857142857142857
0.7741935483870968
0.631578947368421
0.7741935483870968
0.8571428571428571
0.7058823529411765
0.6
0.75
0.75
0.6153846153846154
0.8888888888888888
0.7272727272727273
0.8
0.7272727272727273
0.8571428571428571
0.7272727272727273
0.7741935483870968
0.8
0.8275862068965517
0.625
0.75
0.6666666666666666
0.7741935483870968
0.8275862068965517
0.6857142857142857
0.7741935483870968
0.8275862068965517
0.75
0.7741935483870968
0.8
0.7741935483870968
0.6857142857142857
0.6486486486486487
0.7741935483870968
0.7741935483870968
0.8064516129032258
0.7058823529411765
0.6857142857142857
0.75
0.75
0.75
0.7058823529411765
0.75
0.8
0.75
0.7741935483870968
0.7741935483870968
0.631578947368421
0.7741935483870968
0.7352941176470589
0.7575757575757576
0.75
0.8275862068965517
0.7741935483870968
0.6857142857142857
0.8333333333333334
0.6666666666666666
0.78125
0.8275862068965517
0.7142857142857143
0.7058823529411765
0.6666666666666666
0.8275862068965517
0.75
0.7741935483870968
0.6486486486486487
0.7058823529411765
0.8888888888888888
0.7741935483870968
0.75
0.7272727272727273
0.7741935483870968
0.8571428571428571
0.7058823529411765
0.9230769230769231
0.8
0.7272727272727273
0.75
0.8571428571428571
0.8064516129032258
0.7058823529411765
0.7058823529411765
0.8
0.75
0.8275862068965517
0.8888888888888888
0.7741935483870968
0.8
0.7272727272727273
0.75
0.8888888888888888
0.75
0.75
0.8
0.78125
0.8571428571428571
0.6153846153846154
0.75
0.8
0.8
0.8275862068965517
0.8275862068965517
0.7272727272727273
0.7272727272727273
0.7272727272727273
0.8275862068965517
0.7058823529411765
0.8
0.8275862068965517
0.7741935483870968
0.7741935483870968
0.8571428571428571
0.7741935483870968
0.8275862068965517
0.8275862068965517
0.8275862068965517
0.75
0.8
0.75
0.8064516129032258
0.8275862068965517
0.8571428571428571
0.75
0.6578947368421053
0.8
0.7741935483870968
0.7058823529411765
0.8
0.6857142857142857
0.8888888888888888
0.8275862068965517
0.7741935483870968
0.7741935483870968
0.8571428571428571
0.8
0.8571428571428571
0.6666666666666666
0.8
0.8275862068965517
0.8571428571428571
0.6486486486486487
0.75
0.8571428571428571
0.7272727272727273
0.75
0.8275862068965517
0.8
0.6153846153846154
0.6857142857142857
0.7058823529411765
0.8
0.8571428571428571
0.75
0.7058823529411765
0.8
0.6666666666666666
0.8
0.75
0.78125
0.8333333333333334
0.7058823529411765
0.7741935483870968
0.8
0.8275862068965517
0.7352941176470589
0.7741935483870968
0.8
0.7741935483870968
0.8064516129032258
0.7058823529411765
0.8
0.8571428571428571
0.8
0.8275862068965517
0.75
0.7741935483870968
0.7741935483870968
0.75
0.78125
0.7272727272727273
0.6857142857142857
0.8
0.7272727272727273
0.8
0.7741935483870968
0.6666666666666666
0.8275862068965517
0.7741935483870968
0.8571428571428571
0.6857142857142857
0.75
0.8
0.8
0.8928571428571429
0.7272727272727273
0.6410256410256411
0.7741935483870968
0.6486486486486487
0.6944444444444444
0.7058823529411765
0.6486486486486487
0.8571428571428571
0.9615384615384616
0.7272727272727273
0.7741935483870968
0.7272727272727273
0.6944444444444444
0.8275862068965517
0.8275862068965517
0.8888888888888888
0.6153846153846154
0.7741935483870968
0.75
0.8571428571428571
0.75
0.6944444444444444
0.7272727272727273
0.6756756756756757
0.8571428571428571
0.75
0.7272727272727273
0.75
0.7058823529411765
0.7352941176470589
0.6857142857142857
0.7741935483870968
0.7272727272727273
0.7272727272727273
0.8571428571428571
0.7058823529411765
0.7741935483870968
0.7741935483870968
0.7272727272727273
0.6410256410256411
0.8928571428571429
0.8
0.7272727272727273
0.75
0.8
0.7741935483870968
0.7272727272727273
0.75
0.6944444444444444
0.8275862068965517
0.8620689655172413
0.75
0.6486486486486487
0.8275862068965517
0.6857142857142857
0.8928571428571429
0.7272727272727273
0.8571428571428571
0.75
0.7272727272727273
0.7741935483870968
0.6857142857142857
0.8275862068965517
0.75
0.75
0.7272727272727273
0.7142857142857143
0.8275862068965517
0.7741935483870968
0.7741935483870968
0.7741935483870968
0.8928571428571429
0.8275862068965517
0.8571428571428571
0.8571428571428571
0.7741935483870968
0.8275862068965517
0.7272727272727273
0.7058823529411765
0.7272727272727273
0.9230769230769231
0.8275862068965517
0.75
0.75
0.7272727272727273
0.75
0.8888888888888888
0.8275862068965517
0.8275862068965517
0.8
0.75
0.7272727272727273
0.7575757575757576
0.7741935483870968
0.8333333333333334
0.8
0.8275862068965517
0.6666666666666666
0.6857142857142857
0.8064516129032258
0.8
0.7142857142857143
0.7058823529411765
0.8275862068965517
0.8
0.75
0.8
0.8333333333333334
0.8
0.8
0.8571428571428571
0.75
0.8
0.8275862068965517
0.8275862068965517
0.8
0.6857142857142857
0.78125
0.6666666666666666
0.75
0.8
0.7741935483870968
0.75
0.6486486486486487
0.8571428571428571
0.7272727272727273
0.75
0.7058823529411765
0.7741935483870968
0.8
0.8
0.8333333333333334
0.6486486486486487
0.8571428571428571
0.8
0.7741935483870968
0.8928571428571429
0.8
0.8
0.7741935483870968
0.8928571428571429
0.7058823529411765
0.7741935483870968
0.7741935483870968
0.6666666666666666
0.7741935483870968
0.7058823529411765
0.75
0.7741935483870968
0.8275862068965517
0.9259259259259259
0.7741935483870968
0.8275862068965517
0.7352941176470589
0.9230769230769231
0.7741935483870968
0.7741935483870968
0.75
0.7272727272727273
0.7058823529411765
0.8275862068965517
0.8
0.6857142857142857
0.7741935483870968
0.7741935483870968
0.7058823529411765
0.75
0.8
0.7058823529411765
0.8
0.8
0.75
0.7058823529411765
0.7142857142857143
0.6857142857142857
0.8
0.7272727272727273
0.6486486486486487
0.7741935483870968
0.7741935483870968
0.6944444444444444
0.7272727272727273
0.8
0.8
0.7741935483870968
0.8888888888888888
0.8
0.7272727272727273
0.7741935483870968
0.6944444444444444
0.7741935483870968
0.8275862068965517
0.7272727272727273
0.6666666666666666
0.8
0.6666666666666666
0.6857142857142857
0.75
0.75
0.7272727272727273
0.7741935483870968
0.75
0.6857142857142857
0.7741935483870968
0.75
0.8571428571428571
0.8571428571428571
0.7272727272727273
0.6486486486486487
0.75
0.7741935483870968
0.7272727272727273
0.7575757575757576
0.7058823529411765
0.9230769230769231
0.8275862068965517
0.7575757575757576
0.9230769230769231
0.7272727272727273
0.75
0.8
0.7058823529411765
0.7741935483870968
0.8
