0.15384615384615385
0.20634920634920634
0.2191780821917808
0.19480519480519481
0.1323529411764706
0.22058823529411764
0.13253012048192772
0.1780821917808219
0.20512820512820512
0.20833333333333334
0.2361111111111111
0.19047619047619047
0.1780821917808219
0.19753086419753085
0.15
0.10606060606060606
0.20253164556962025
0.13043478260869565
0.22033898305084745
0.18181818181818182
0.14864864864864866
0.2112676056338028
0.25675675675675674
0.13333333333333333
0.22535211267605634
0.19718309859154928
0.18309859154929578
0.2222222222222222
0.15384615384615385
0.18309859154929578
0.16901408450704225
0.2222222222222222
0.25
0.16176470588235295
0.34615384615384615
0.22784810126582278
0.17721518987341772
0.18181818181818182
0.13846153846153847
0.19117647058823528
0.21212121212121213
0.24390243902439024
0.19736842105263158
0.2
0.21794871794871795
0.23076923076923078
0.23943661971830985
0.21739130434782608
0.18571428571428572
0.175
0.18461538461538463
0.20588235294117646
0.25
0.23943661971830985
0.23943661971830985
0.1864406779661017
0.2112676056338028
0.2537313432835821
0.1875
0.2236842105263158
0.1044776119402985
0.21428571428571427
0.17647058823529413
0.30434782608695654
0.171875
0.28378378378378377
0.18309859154929578
0.24705882352941178
0.22580645161290322
0.12698412698412698
0.21621621621621623
0.17567567567567569
0.25
0.14285714285714285
0.13095238095238096
0.20588235294117646
0.2328767123287671
0.2625
0.19718309859154928
0.20833333333333334
0.21428571428571427
0.25675675675675674
0.2028985507246377
0.16216216216216217
0.2465753424657534
0.16417910447761194
0.24324324324324326
0.189873417721519
0.22093023255813954
0.22535211267605634
0.11392405063291139
0.2112676056338028
0.25
0.29213483146067415
0.30434782608695654
0.21739130434782608
0.1935483870967742
0.2328767123287671
0.20270270270270271
0.19444444444444445
0.2077922077922078
0.25757575757575757
0.1875
0.16901408450704225
0.27586206896551724
0.19718309859154928
0.20270270270270271
0.27586206896551724
0.22950819672131148
0.2692307692307692
0.12
0.12195121951219512
0.24561403508771928
0.2153846153846154
0.2702702702702703
0.2236842105263158
0.15
0.18181818181818182
0.2328767123287671
0.2191780821917808
0.19047619047619047
0.22058823529411764
0.21739130434782608
0.17391304347826086
0.17647058823529413
0.21428571428571427
0.12
0.24615384615384617
0.2191780821917808
0.15789473684210525
0.17567567567567569
0.16901408450704225
0.25333333333333335
0.18181818181818182
0.2903225806451613
0.13043478260869565
0.265625
0.12
0.21311475409836064
0.25
0.1643835616438356
0.18518518518518517
0.1728395061728395
0.24324324324324326
0.24324324324324326
0.1917808219178082
0.1728395061728395
0.21052631578947367
0.171875
0.14285714285714285
0.2318840579710145
0.2222222222222222
0.21428571428571427
0.225
0.19736842105263158
0.1774193548387097
0.16049382716049382
0.19718309859154928
0.24324324324324326
0.25757575757575757
0.22784810126582278
0.18518518518518517
0.2876712328767123
0.23529411764705882
0.15584415584415584
0.23880597014925373
0.12987012987012986
0.27419354838709675
0.18055555555555555
0.2
0.24
0.20253164556962025
0.22950819672131148
0.21333333333333335
0.1875
0.19230769230769232
0.2631578947368421
0.21052631578947367
0.18032786885245902
0.1917808219178082
0.1728395061728395
0.16176470588235295
0.23529411764705882
0.23376623376623376
0.16216216216216217
0.18888888888888888
0.2
0.2
0.2753623188405797
0.18666666666666668
0.2835820895522388
0.19402985074626866
0.16666666666666666
0.13043478260869565
0.32432432432432434
0.24358974358974358
0.22727272727272727
0.18421052631578946
0.19230769230769232
0.10588235294117647
0.12307692307692308
0.16901408450704225
0.18840579710144928
0.203125
0.08196721311475409
0.208955223880597
0.21666666666666667
0.22972972972972974
0.1917808219178082
0.18666666666666668
0.3150684931506849
0.19230769230769232
0.16417910447761194
0.16176470588235295
0.273972602739726
0.21621621621621623
0.2191780821917808
0.22580645161290322
0.2
0.1780821917808219
0.2028985507246377
0.26153846153846155
0.16455696202531644
0.18571428571428572
0.2537313432835821
0.23943661971830985
0.22666666666666666
0.21794871794871795
0.21212121212121213
0.17647058823529413
0.2
0.1232876712328767
0.20512820512820512
0.23376623376623376
0.2638888888888889
0.2153846153846154
0.19767441860465115
0.1891891891891892
0.20754716981132076
0.19444444444444445
0.2028985507246377
0.21621621621621623
0.16393442622950818
0.2328767123287671
0.22077922077922077
0.20270270270270271
0.15942028985507245
0.16
0.13559322033898305
0.3142857142857143
0.23809523809523808
0.19117647058823528
0.17105263157894737
0.25396825396825395
0.3116883116883117
0.21621621621621623
0.1686746987951807
0.22580645161290322
0.15942028985507245
0.2916666666666667
0.11428571428571428
0.23376623376623376
0.2972972972972973
0.1076923076923077
0.18055555555555555
0.20634920634920634
0.2
0.19230769230769232
0.1780821917808219
0.18518518518518517
0.24242424242424243
0.3157894736842105
0.18055555555555555
0.15714285714285714
0.203125
0.21176470588235294
0.1267605633802817
0.18181818181818182
0.19117647058823528
0.23728813559322035
0.19117647058823528
0.171875
0.19444444444444445
0.19298245614035087
0.14545454545454545
0.16
0.2033898305084746
0.23684210526315788
0.20270270270270271
0.1774193548387097
0.20634920634920634
0.2222222222222222
0.10294117647058823
0.19736842105263158
0.15584415584415584
0.26153846153846155
0.1111111111111111
0.23333333333333334
0.1509433962264151
0.24324324324324326
0.24691358024691357
0.24358974358974358
0.20270270270270271
0.12
0.19318181818181818
0.27586206896551724
0.21621621621621623
0.3389830508474576
0.19230769230769232
0.20967741935483872
0.18055555555555555
0.1836734693877551
0.18309859154929578
0.10526315789473684
0.14925373134328357
0.16923076923076924
0.21739130434782608
0.15625
0.3076923076923077
0.23809523809523808
0.13157894736842105
0.16901408450704225
0.2727272727272727
0.1875
0.06944444444444445
0.21686746987951808
0.19480519480519481
0.2898550724637681
0.18518518518518517
0.234375
0.20270270270270271
0.23170731707317074
0.3026315789473684
0.1891891891891892
0.21428571428571427
0.1506849315068493
0.2222222222222222
0.27848101265822783
0.25316455696202533
0.25
0.21052631578947367
0.20270270270270271
0.20512820512820512
0.20967741935483872
0.18072289156626506
0.21428571428571427
0.2571428571428571
0.2714285714285714
0.21311475409836064
0.1875
0.15942028985507245
0.2073170731707317
0.16129032258064516
0.20588235294117646
0.19696969696969696
0.21518987341772153
0.13513513513513514
0.1791044776119403
0.2
0.18333333333333332
0.24
0.18518518518518517
0.1527777777777778
0.15492957746478872
0.20512820512820512
0.2
0.1232876712328767
0.2571428571428571
0.2112676056338028
0.22535211267605634
0.17647058823529413
0.15384615384615385
0.16216216216216217
0.1506849315068493
0.20512820512820512
0.18055555555555555
0.09375
0.25333333333333335
0.15584415584415584
0.203125
0.26153846153846155
0.22058823529411764
0.18309859154929578
0.19480519480519481
0.171875
0.18055555555555555
0.14814814814814814
0.19117647058823528
0.175
0.16455696202531644
0.18181818181818182
0.17391304347826086
0.2153846153846154
0.2028985507246377
0.28
0.1774193548387097
0.1518987341772152
0.140625
0.23880597014925373
0.22988505747126436
0.16091954022988506
0.14705882352941177
0.208955223880597
0.14814814814814814
0.171875
0.21739130434782608
0.2191780821917808
0.18309859154929578
0.10112359550561797
0.2962962962962963
0.2
0.1917808219178082
0.2153846153846154
0.27710843373493976
0.22784810126582278
0.12307692307692308
0.12121212121212122
0.18571428571428572
0.22058823529411764
0.23376623376623376
0.1891891891891892
0.20238095238095238
0.2
0.20833333333333334
0.15789473684210525
0.20967741935483872
0.24
0.2
0.18181818181818182
0.23076923076923078
0.21428571428571427
0.15873015873015872
0.18666666666666668
0.18571428571428572
0.2535211267605634
0.16129032258064516
0.2033898305084746
0.18055555555555555
0.24358974358974358
0.22033898305084745
0.14285714285714285
0.15151515151515152
0.140625
0.29577464788732394
0.2
0.125
0.16216216216216217
0.1891891891891892
0.14516129032258066
0.17567567567567569
0.12658227848101267
0.21052631578947367
0.2112676056338028
0.23943661971830985
0.14285714285714285
0.1388888888888889
0.23376623376623376
0.22580645161290322
0.2875
0.20481927710843373
0.1774193548387097
0.23076923076923078
0.2777777777777778
0.208955223880597
0.15
0.22857142857142856
0.19480519480519481
0.16455696202531644
0.15873015873015872
0.22666666666666666
0.22857142857142856
0.27631578947368424
0.19402985074626866
0.22535211267605634
0.22535211267605634
0.2
0.16216216216216217
0.1111111111111111
0.22077922077922077
0.16883116883116883
0.17307692307692307
0.19402985074626866
0.2028985507246377
0.3194444444444444
0.10526315789473684
0.2
0.2535211267605634
0.21875
0.14084507042253522
0.13793103448275862
0.2028985507246377
0.23809523809523808
0.18461538461538463
0.1643835616438356
0.2878787878787879
0.11428571428571428
0.18461538461538463
0.125
0.14285714285714285
0.19230769230769232
