0.7
0.5853658536585366
0.6585365853658537
0.7045454545454546
0.6136363636363636
0.6216216216216216
0.5849056603773585
0.6486486486486487
0.58
0.7567567567567568
0.7073170731707317
0.62
0.5714285714285714
0.6382978723404256
0.7714285714285715
0.6363636363636364
0.6086956521739131
0.6511627906976745
0.6590909090909091
0.5957446808510638
0.6829268292682927
0.6086956521739131
0.625
0.6666666666666666
0.7045454545454546
0.625
0.6842105263157895
0.5681818181818182
0.6046511627906976
0.5952380952380952
0.6363636363636364
0.75
0.6304347826086957
0.5777777777777777
0.6739130434782609
0.6578947368421053
0.6829268292682927
0.7647058823529411
0.675
0.6666666666666666
0.6341463414634146
0.7317073170731707
0.6530612244897959
0.5652173913043478
0.7428571428571429
0.5714285714285714
0.7073170731707317
0.6304347826086957
0.6222222222222222
0.6428571428571429
0.7142857142857143
0.627906976744186
0.75
0.6842105263157895
0.627906976744186
0.7428571428571429
0.6511627906976745
0.7714285714285715
0.7777777777777778
0.7027027027027027
0.6
0.5952380952380952
0.58
0.5918367346938775
0.6410256410256411
0.6744186046511628
0.6956521739130435
0.7073170731707317
0.6666666666666666
0.6842105263157895
0.7
0.7435897435897436
0.5681818181818182
0.723404255319149
0.5869565217391305
0.7142857142857143
0.6744186046511628
0.6842105263157895
0.6829268292682927
0.54
0.5909090909090909
0.6341463414634146
0.5384615384615384
0.6136363636363636
0.6097560975609756
0.6444444444444445
0.6923076923076923
0.6
0.5918367346938775
0.6
0.6511627906976745
0.54
0.8571428571428571
0.6976744186046512
0.6666666666666666
0.5510204081632653
0.7368421052631579
0.6
0.6511627906976745
0.65
0.6842105263157895
0.6
0.7105263157894737
0.5625
0.6590909090909091
0.7045454545454546
0.6744186046511628
0.6341463414634146
0.6666666666666666
0.65
0.717948717948718
0.6944444444444444
0.6585365853658537
0.5510204081632653
0.47058823529411764
0.65
0.6666666666666666
0.6829268292682927
0.7380952380952381
0.6976744186046512
0.5813953488372093
0.6744186046511628
0.6363636363636364
0.6744186046511628
0.6923076923076923
0.717948717948718
0.6585365853658537
0.5714285714285714
0.6
0.5918367346938775
0.6744186046511628
0.6190476190476191
0.6382978723404256
0.6222222222222222
0.7105263157894737
0.6666666666666666
0.6818181818181818
0.7222222222222222
0.58
0.6444444444444445
0.7222222222222222
0.6585365853658537
0.5306122448979592
0.6511627906976745
0.6170212765957447
0.6
0.6744186046511628
0.5681818181818182
0.6590909090909091
0.6388888888888888
0.6829268292682927
0.725
0.6285714285714286
0.6842105263157895
0.6904761904761905
0.5681818181818182
0.717948717948718
0.75
0.6666666666666666
0.6097560975609756
0.6818181818181818
0.5909090909090909
0.6590909090909091
0.6904761904761905
0.6744186046511628
0.6578947368421053
0.7027027027027027
0.7560975609756098
0.75
0.725
0.6511627906976745
0.5957446808510638
0.6666666666666666
0.6511627906976745
0.627906976744186
0.7111111111111111
0.6976744186046512
0.6829268292682927
0.5957446808510638
0.5681818181818182
0.6486486486486487
0.5853658536585366
0.6578947368421053
0.7428571428571429
0.5777777777777777
0.6
0.5918367346938775
0.6388888888888888
0.6363636363636364
0.7142857142857143
0.6666666666666666
0.6521739130434783
0.7105263157894737
0.7073170731707317
0.6428571428571429
0.6444444444444445
0.6956521739130435
0.6521739130434783
0.5957446808510638
0.6341463414634146
0.675
0.6666666666666666
0.6046511627906976
0.7073170731707317
0.5416666666666666
0.6410256410256411
0.625
0.675
0.6222222222222222
0.5853658536585366
0.627906976744186
0.75
0.6829268292682927
0.6944444444444444
0.6666666666666666
0.7027027027027027
0.6923076923076923
0.5813953488372093
0.5952380952380952
0.5555555555555556
0.7105263157894737
0.6842105263157895
0.6410256410256411
0.6829268292682927
0.6046511627906976
0.66
0.6590909090909091
0.725
0.6170212765957447
0.5918367346938775
0.6086956521739131
0.5909090909090909
0.7045454545454546
0.6666666666666666
0.5714285714285714
0.6341463414634146
0.7837837837837838
0.5882352941176471
0.75
0.6511627906976745
0.6578947368421053
0.6410256410256411
0.5490196078431373
0.5681818181818182
0.627906976744186
0.6666666666666666
0.6046511627906976
0.6122448979591837
0.6428571428571429
0.6410256410256411
0.574468085106383
0.7647058823529411
0.6666666666666666
0.6578947368421053
0.7073170731707317
0.7
0.5909090909090909
0.8
0.6458333333333334
0.6428571428571429
0.6410256410256411
0.631578947368421
0.6904761904761905
0.6046511627906976
0.6444444444444445
0.6521739130434783
0.5952380952380952
0.5185185185185185
0.6923076923076923
0.6578947368421053
0.6444444444444445
0.5769230769230769
0.65
0.75
0.627906976744186
0.7027027027027027
0.6511627906976745
0.5
0.6590909090909091
0.5384615384615384
0.6976744186046512
0.5510204081632653
0.5
0.625
0.7142857142857143
0.6511627906976745
0.5957446808510638
0.5961538461538461
0.6511627906976745
0.6829268292682927
0.7
0.7941176470588235
0.6086956521739131
0.7222222222222222
0.5208333333333334
0.6976744186046512
0.5306122448979592
0.6744186046511628
0.6666666666666666
0.6410256410256411
0.7368421052631579
0.8
0.6097560975609756
0.6170212765957447
0.6153846153846154
0.5294117647058824
0.6304347826086957
0.5957446808510638
0.625
0.675
0.6904761904761905
0.6046511627906976
0.6341463414634146
0.6170212765957447
0.6170212765957447
0.6428571428571429
0.7837837837837838
0.6666666666666666
0.5869565217391305
0.7272727272727273
0.6304347826086957
0.717391304347826
0.7142857142857143
0.7317073170731707
0.6666666666666666
0.6666666666666666
0.7837837837837838
0.6052631578947368
0.6363636363636364
0.6511627906976745
0.7073170731707317
0.7435897435897436
0.65
0.6842105263157895
0.6363636363636364
0.5813953488372093
0.6363636363636364
0.6904761904761905
0.7692307692307693
0.6
0.6829268292682927
0.5952380952380952
0.6666666666666666
0.7027027027027027
0.6428571428571429
0.6346153846153846
0.5625
0.6744186046511628
0.6842105263157895
0.6857142857142857
0.7297297297297297
0.7027027027027027
0.6904761904761905
0.627906976744186
0.6585365853658537
0.54
0.7428571428571429
0.7647058823529411
0.7368421052631579
0.6341463414634146
0.7073170731707317
0.6136363636363636
0.7027027027027027
0.7027027027027027
0.6428571428571429
0.627906976744186
0.6410256410256411
0.6511627906976745
0.5869565217391305
0.5869565217391305
0.725
0.717948717948718
0.6666666666666666
0.5319148936170213
0.574468085106383
0.7435897435897436
0.6976744186046512
0.625
0.675
0.6578947368421053
0.7
0.6
0.6304347826086957
0.5813953488372093
0.6136363636363636
0.6585365853658537
0.7878787878787878
0.696969696969697
0.7575757575757576
0.7647058823529411
0.6
0.6444444444444445
0.5833333333333334
0.5777777777777777
0.6410256410256411
0.6428571428571429
0.6666666666666666
0.5555555555555556
0.65
0.6530612244897959
0.6511627906976745
0.5853658536585366
0.6764705882352942
0.6888888888888889
0.7567567567567568
0.725
0.5625
0.6341463414634146
0.6046511627906976
0.625
0.6585365853658537
0.7631578947368421
0.675
0.6341463414634146
0.6341463414634146
0.6122448979591837
0.717948717948718
0.6363636363636364
0.6829268292682927
0.627906976744186
0.6046511627906976
0.5869565217391305
0.6
0.6136363636363636
0.62
0.6086956521739131
0.6486486486486487
0.7058823529411765
0.8235294117647058
0.5957446808510638
0.7435897435897436
0.6428571428571429
0.675
0.7222222222222222
0.6571428571428571
0.5531914893617021
0.6666666666666666
0.6097560975609756
0.6428571428571429
0.6923076923076923
0.6078431372549019
0.6190476190476191
0.6222222222222222
0.6578947368421053
0.5813953488372093
0.6444444444444445
0.6923076923076923
0.5961538461538461
0.6666666666666666
0.5625
0.4716981132075472
0.7073170731707317
0.6136363636363636
0.627906976744186
0.7027027027027027
0.6
0.6842105263157895
0.7
0.6666666666666666
0.7222222222222222
0.6666666666666666
0.5918367346938775
0.7441860465116279
0.6585365853658537
0.6341463414634146
0.5416666666666666
0.6458333333333334
0.775
0.5918367346938775
0.6818181818181818
0.6153846153846154
0.6744186046511628
0.5652173913043478
0.6666666666666666
0.6216216216216216
0.675
0.6363636363636364
0.7777777777777778
0.6304347826086957
0.575
0.6595744680851063
0.7368421052631579
0.5476190476190477
0.5909090909090909
0.625
0.6304347826086957
0.6666666666666666
0.6097560975609756
0.627906976744186
0.6304347826086957
0.65
0.6410256410256411
0.6764705882352942
0.6842105263157895
0.6944444444444444
0.6444444444444445
0.5294117647058824
0.5882352941176471
0.675
0.7297297297297297
