0.3809523809523809
0.32402234636871513
0.3803680981595091
0.4078947368421052
0.4
0.3694267515923566
0.3717948717948718
0.3583815028901734
0.37125748502994016
0.36809815950920244
0.3734939759036145
0.40268456375838924
0.4076433121019108
0.39215686274509803
0.3726708074534161
0.4203821656050955
0.3647058823529412
0.3926380368098159
0.3924050632911392
0.39743589743589747
0.3499999999999999
0.3636363636363636
0.35802469135802467
0.35582822085889576
0.36809815950920244
0.3926380368098159
0.3276836158192091
0.3625
0.36708860759493667
0.31446540880503143
0.37078651685393255
0.3773584905660377
0.3757575757575758
0.37125748502994016
0.3421052631578947
0.35582822085889576
0.3803680981595091
0.4
0.4050632911392405
0.378698224852071
0.4105960264900662
0.33707865168539325
0.39999999999999997
0.3827160493827161
0.3563218390804597
0.3333333333333333
0.36601307189542487
0.3790849673202614
0.34355828220858897
0.37499999999999994
0.35668789808917195
0.3563218390804597
0.35443037974683544
0.389261744966443
0.35227272727272735
0.34939759036144585
0.35802469135802467
0.3694267515923566
0.35582822085889576
0.3431952662721893
0.3411764705882353
0.3926380368098159
0.3668639053254438
0.3625
0.3636363636363636
0.38095238095238093
0.3773584905660377
0.3414634146341463
0.40718562874251496
0.402439024390244
0.3924050632911392
0.3726708074534161
0.39759036144578314
0.3780487804878048
0.3647798742138365
0.3757575757575758
0.4246575342465753
0.3373493975903614
0.3726708074534161
0.38216560509554137
0.3947368421052631
0.36129032258064514
0.3780487804878048
0.3726708074534161
0.3803680981595091
0.37037037037037035
0.3870967741935484
0.38216560509554137
0.3949044585987261
0.3699421965317919
0.38323353293413176
0.38961038961038963
0.3666666666666667
0.3846153846153847
0.38372093023255816
0.34355828220858897
0.3592814371257485
0.36144578313253006
0.358974358974359
0.35365853658536583
0.34355828220858897
0.35443037974683544
0.37086092715231783
0.3803680981595091
0.3846153846153847
0.36809815950920244
0.3949044585987261
0.35151515151515156
0.3827160493827161
0.34682080924855496
0.37419354838709673
0.3773584905660377
0.3973509933774835
0.34883720930232553
0.39743589743589747
0.3658536585365853
0.3393939393939394
0.4
0.35754189944134074
0.33142857142857146
0.36363636363636365
0.4150943396226415
0.3625
0.37125748502994016
0.36144578313253006
0.3773584905660377
0.40522875816993464
0.39506172839506176
0.33707865168539325
0.3780487804878048
0.38323353293413176
0.3790849673202614
0.3780487804878048
0.42758620689655163
0.3602484472049689
0.33142857142857146
0.3452380952380953
0.3773584905660377
0.3333333333333333
0.3841059602649007
0.3668639053254438
0.35668789808917195
0.36708860759493667
0.379746835443038
0.3803680981595091
0.3949044585987261
0.3975155279503106
0.3508771929824562
0.379746835443038
0.38323353293413176
0.3734939759036145
0.35802469135802467
0.35582822085889576
0.3870967741935484
0.3592814371257485
0.3947368421052631
0.3583815028901734
0.379746835443038
0.32926829268292684
0.3411764705882353
0.3757575757575758
0.35668789808917195
0.3448275862068966
0.37499999999999994
0.35502958579881655
0.3658536585365853
0.34883720930232553
0.4078947368421052
0.3846153846153847
0.3773584905660377
0.3734939759036145
0.3225806451612903
0.38216560509554137
0.39759036144578314
0.3333333333333333
0.40251572327044033
0.38666666666666666
0.3875
0.40540540540540543
0.3583815028901734
0.39506172839506176
0.389261744966443
0.39506172839506176
0.3333333333333333
0.3658536585365853
0.4
0.3604651162790698
0.38216560509554137
0.4
0.36129032258064514
0.3973509933774835
0.402439024390244
0.36257309941520466
0.36904761904761907
0.39215686274509803
0.3841059602649007
0.32727272727272727
0.39743589743589747
0.35151515151515156
0.3694267515923566
0.3827160493827161
0.4074074074074074
0.35365853658536583
0.35365853658536583
0.37037037037037035
0.3314917127071823
0.36363636363636365
0.40816326530612246
0.3647798742138365
0.4
0.3508771929824562
0.325
0.35151515151515156
0.3668639053254438
0.3604651162790698
0.37499999999999994
0.3431952662721893
0.3972602739726028
0.3870967741935484
0.34567901234567905
0.3928571428571429
0.3236994219653179
0.3827160493827161
0.389261744966443
0.32786885245901637
0.3783783783783784
0.40259740259740256
0.34355828220858897
0.3602484472049689
0.3878787878787879
0.4049079754601227
0.3947368421052631
0.36363636363636365
0.36363636363636365
0.35151515151515156
0.3926380368098159
0.3253012048192771
0.33333333333333337
0.35802469135802467
0.3803680981595091
0.3592814371257485
0.36708860759493667
0.34939759036144585
0.3803680981595091
0.3855421686746988
0.36809815950920244
0.3757575757575758
0.40259740259740256
0.379746835443038
0.3924050632911392
0.39215686274509803
0.3625
0.37419354838709673
0.3728813559322034
0.379746835443038
0.3757575757575758
0.3658536585365853
0.36904761904761907
0.34682080924855496
0.3870967741935484
0.3373493975903614
0.37419354838709673
0.4133333333333333
0.34355828220858897
0.3975155279503106
0.3875
0.3139534883720931
0.3647798742138365
0.35428571428571426
0.3803680981595091
0.3773584905660377
0.3657142857142857
0.34838709677419355
0.3604651162790698
0.4105960264900662
0.3815789473684211
0.3757575757575758
0.37647058823529417
0.37499999999999994
0.3975155279503106
0.34177215189873417
0.3827160493827161
0.348314606741573
0.37419354838709673
0.3846153846153847
0.35582822085889576
0.4
0.4050632911392405
0.35502958579881655
0.3809523809523809
0.378698224852071
0.372093023255814
0.4055944055944056
0.43421052631578944
0.35028248587570626
0.3647058823529412
0.34177215189873417
0.42236024844720493
0.35582822085889576
0.35443037974683544
0.40522875816993464
0.3431952662721893
0.3773584905660377
0.3169398907103825
0.3602484472049689
0.3409090909090909
0.36708860759493667
0.3376623376623376
0.3636363636363636
0.4
0.3602484472049689
0.36363636363636365
0.35668789808917195
0.37037037037037035
0.4
0.3624161073825503
0.32335329341317365
0.3827160493827161
0.3949044585987261
0.3790849673202614
0.37499999999999994
0.3803680981595091
0.4
0.38509316770186336
0.3975155279503106
0.389261744966443
0.35365853658536583
0.4076433121019108
0.4216867469879518
0.389937106918239
0.3414634146341463
0.4133333333333333
0.33333333333333337
0.3924050632911392
0.3949044585987261
0.3924050632911392
0.3508771929824562
0.3694267515923566
0.39743589743589747
0.35227272727272735
0.3516483516483516
0.3658536585365853
0.3452380952380953
0.3411764705882353
0.3815789473684211
0.3571428571428571
0.36601307189542487
0.37647058823529417
0.4
0.3625
0.38372093023255816
0.38509316770186336
0.3333333333333333
0.41290322580645156
0.3773584905660377
0.41830065359477125
0.43356643356643354
0.38095238095238093
0.3949044585987261
0.3726708074534161
0.3928571428571429
0.36257309941520466
0.3414634146341463
0.4084507042253521
0.39766081871345027
0.3373493975903614
0.3717948717948718
0.36601307189542487
0.32941176470588235
0.3647058823529412
0.35582822085889576
0.36129032258064514
0.3668639053254438
0.35582822085889576
0.33707865168539325
0.35028248587570626
0.35220125786163525
0.4203821656050955
0.3602484472049689
0.3236994219653179
0.40259740259740256
0.34939759036144585
0.38823529411764707
0.3780487804878048
0.3803680981595091
0.3757575757575758
0.33720930232558144
0.38323353293413176
0.35582822085889576
0.3916083916083916
0.38095238095238093
0.3924050632911392
0.3694267515923566
0.35502958579881655
0.32727272727272727
0.4
0.3657142857142857
0.3949044585987261
0.34682080924855496
0.3773584905660377
0.37499999999999994
0.3411764705882353
0.40522875816993464
0.3918918918918919
0.379746835443038
0.3827160493827161
0.36809815950920244
0.42758620689655163
0.35220125786163525
0.38418079096045193
0.37499999999999994
0.3773584905660377
0.38961038961038963
0.3841059602649007
0.4125
0.36708860759493667
0.38509316770186336
0.36809815950920244
0.4
0.3563218390804597
0.41212121212121217
0.3571428571428571
0.3827160493827161
0.40251572327044033
0.3602484472049689
0.36809815950920244
0.379746835443038
0.35220125786163525
0.38095238095238093
0.3827160493827161
0.34682080924855496
0.3393939393939394
0.37078651685393255
0.35802469135802467
0.35151515151515156
0.3975155279503106
0.4177215189873418
0.3626373626373626
0.4171779141104294
0.3625
0.36708860759493667
0.3604651162790698
0.4076433121019108
0.3478260869565218
0.40993788819875776
0.34355828220858897
0.37125748502994016
0.3411764705882353
0.35443037974683544
0.36257309941520466
0.39506172839506176
0.39743589743589747
0.3636363636363636
0.3529411764705882
0.36904761904761907
0.4161073825503355
0.3452380952380953
0.37037037037037035
0.378698224852071
0.3841059602649007
0.40522875816993464
0.38666666666666666
0.37499999999999994
0.35502958579881655
0.3625
0.3295454545454546
0.32
0.3757575757575758
0.3973509933774835
0.35365853658536583
0.38323353293413176
0.3717948717948718
0.36904761904761907
0.37125748502994016
0.3625
0.379746835443038
0.40277777777777785
0.34437086092715236
0.3668639053254438
0.38323353293413176
0.35582822085889576
0.3529411764705882
0.3827160493827161
0.31578947368421056
0.3431952662721893
0.3827160493827161
0.37125748502994016
0.3478260869565218
0.3409090909090909
0.3592814371257485
0.36129032258064514
0.3625
0.34065934065934067
0.3757575757575758
0.35555555555555557
0.3924050632911392
0.3602484472049689
0.3658536585365853
0.3478260869565218
0.35526315789473684
