0.34355828220858897
0.3333333333333333
0.3734939759036145
0.3444444444444445
0.36144578313253006
0.3431952662721893
0.3411764705882353
0.3734939759036145
0.36904761904761907
0.3571428571428571
0.3734939759036145
0.3409090909090909
0.3902439024390244
0.3973509933774835
0.36144578313253006
0.37714285714285706
0.40522875816993464
0.38323353293413176
0.37125748502994016
0.40522875816993464
0.3733333333333333
0.3274853801169591
0.3391812865497076
0.3411764705882353
0.38216560509554137
0.36363636363636365
0.3625
0.3602484472049689
0.35582822085889576
0.3048780487804878
0.4049079754601227
0.34883720930232553
0.39743589743589747
0.3734939759036145
0.3421052631578947
0.36708860759493667
0.3734939759036145
0.3757575757575758
0.3926380368098159
0.372093023255814
0.35428571428571426
0.34285714285714286
0.38418079096045193
0.40259740259740256
0.3803680981595091
0.33532934131736525
0.3393939393939394
0.34939759036144585
0.35443037974683544
0.3529411764705882
0.35443037974683544
0.3780487804878048
0.3636363636363636
0.3717948717948718
0.3875
0.3647798742138365
0.3694267515923566
0.3452380952380953
0.33720930232558144
0.3815789473684211
0.3118279569892473
0.35555555555555557
0.35428571428571426
0.33142857142857146
0.3636363636363636
0.36363636363636365
0.33898305084745756
0.3733333333333333
0.38418079096045193
0.4203821656050955
0.3780487804878048
0.37037037037037035
0.38823529411764707
0.38509316770186336
0.37662337662337664
0.3734939759036145
0.36904761904761907
0.3146067415730337
0.38216560509554137
0.3508771929824562
0.3529411764705882
0.36601307189542487
0.37125748502994016
0.3448275862068966
0.40522875816993464
0.4
0.37499999999999994
0.36809815950920244
0.3444444444444445
0.37426900584795325
0.378698224852071
0.3592814371257485
0.375
0.36363636363636365
0.43137254901960786
0.37583892617449666
0.3658536585365853
0.3529411764705882
0.3163841807909604
0.3625
0.3373493975903614
0.3218390804597701
0.32941176470588235
0.37125748502994016
0.37499999999999994
0.3508771929824562
0.3803680981595091
0.3391812865497076
0.39743589743589747
0.3773584905660377
0.3647798742138365
0.35502958579881655
0.3529411764705882
0.37499999999999994
0.4161073825503355
0.37499999999999994
0.34355828220858897
0.3658536585365853
0.3878787878787879
0.3625
0.378698224852071
0.37931034482758624
0.3431952662721893
0.3803680981595091
0.3529411764705882
0.3870967741935484
0.3757575757575758
0.378698224852071
0.38216560509554137
0.4
0.4155844155844156
0.3295454545454546
0.3949044585987261
0.36904761904761907
0.3717948717948718
0.35151515151515156
0.35802469135802467
0.34883720930232553
0.3636363636363636
0.3815789473684211
0.36904761904761907
0.34355828220858897
0.3694267515923566
0.3571428571428571
0.3875
0.3647058823529412
0.3926380368098159
0.3658536585365853
0.36363636363636365
0.4
0.3647058823529412
0.3602484472049689
0.37419354838709673
0.36363636363636365
0.3726708074534161
0.36809815950920244
0.38509316770186336
0.379746835443038
0.3624161073825503
0.35151515151515156
0.37125748502994016
0.32558139534883723
0.3846153846153847
0.37037037037037035
0.3448275862068966
0.3529411764705882
0.3508771929824562
0.3647058823529412
0.36809815950920244
0.36809815950920244
0.3780487804878048
0.37499999999999994
0.36363636363636365
0.38823529411764707
0.3391812865497076
0.378698224852071
0.35802469135802467
0.3757575757575758
0.3529411764705882
0.4161073825503355
0.37426900584795325
0.3841059602649007
0.3615819209039548
0.3393939393939394
0.36363636363636365
0.375
0.36904761904761907
0.37499999999999994
0.40540540540540543
0.3414634146341463
0.36363636363636365
0.3928571428571429
0.3780487804878048
0.36904761904761907
0.3726708074534161
0.35582822085889576
0.3375
0.35428571428571426
0.3602484472049689
0.3625
0.37125748502994016
0.3952095808383233
0.34730538922155685
0.33720930232558144
0.37037037037037035
0.38216560509554137
0.36144578313253006
0.4
0.37419354838709673
0.41025641025641024
0.36363636363636365
0.3466666666666667
0.37419354838709673
0.4078947368421052
0.3827160493827161
0.3726708074534161
0.3431952662721893
0.35802469135802467
0.33898305084745756
0.3478260869565218
0.39759036144578314
0.3414634146341463
0.38509316770186336
0.35151515151515156
0.3658536585365853
0.35220125786163525
0.3924050632911392
0.34355828220858897
0.34730538922155685
0.4076433121019108
0.3952095808383233
0.3846153846153847
0.3947368421052631
0.35502958579881655
0.3717948717948718
0.4050632911392405
0.3354037267080745
0.31764705882352945
0.35151515151515156
0.3780487804878048
0.34883720930232553
0.37662337662337664
0.37662337662337664
0.3780487804878048
0.40251572327044033
0.3658536585365853
0.3734939759036145
0.4189189189189189
0.379746835443038
0.38509316770186336
0.379746835443038
0.3276836158192091
0.35151515151515156
0.39759036144578314
0.40268456375838924
0.3827160493827161
0.3658536585365853
0.3780487804878048
0.3773584905660377
0.3773584905660377
0.3313609467455621
0.3790849673202614
0.35028248587570626
0.3684210526315789
0.3878787878787879
0.3803680981595091
0.35064935064935066
0.3431952662721893
0.3803680981595091
0.37125748502994016
0.37037037037037035
0.3855421686746988
0.34177215189873417
0.3583815028901734
0.3875
0.3790849673202614
0.39743589743589747
0.3926380368098159
0.37499999999999994
0.3878787878787879
0.32335329341317365
0.39743589743589747
0.3949044585987261
0.3625
0.3658536585365853
0.3352601156069364
0.4
0.4076433121019108
0.3409090909090909
0.34355828220858897
0.3902439024390244
0.41830065359477125
0.3647798742138365
0.38596491228070173
0.3803680981595091
0.35028248587570626
0.34615384615384615
0.419753086419753
0.3391812865497076
0.34355828220858897
0.38509316770186336
0.3295454545454546
0.3773584905660377
0.3295454545454546
0.3694267515923566
0.3529411764705882
0.3625
0.3421052631578947
0.3414634146341463
0.33962264150943394
0.35802469135802467
0.33898305084745756
0.3499999999999999
0.37037037037037035
0.3728813559322034
0.36734693877551017
0.34615384615384615
0.3780487804878048
0.4
0.34939759036144585
0.3592814371257485
0.3827160493827161
0.39759036144578314
0.3803680981595091
0.3699421965317919
0.3717948717948718
0.3411764705882353
0.41830065359477125
0.4
0.38509316770186336
0.37086092715231783
0.33695652173913043
0.3229813664596273
0.33879781420765026
0.3734939759036145
0.4189189189189189
0.379746835443038
0.3694267515923566
0.348314606741573
0.3803680981595091
0.34972677595628415
0.34883720930232553
0.34939759036144585
0.35802469135802467
0.35151515151515156
0.3571428571428571
0.36129032258064514
0.3516483516483516
0.3875
0.3452380952380953
0.38596491228070173
0.348314606741573
0.3414634146341463
0.38323353293413176
0.34883720930232553
0.39506172839506176
0.3827160493827161
0.36363636363636365
0.36904761904761907
0.3846153846153847
0.4
0.3668639053254438
0.35220125786163525
0.3647798742138365
0.37988826815642457
0.34567901234567905
0.34730538922155685
0.34355828220858897
0.3313609467455621
0.4
0.36708860759493667
0.3414634146341463
0.36257309941520466
0.35365853658536583
0.3314917127071823
0.35428571428571426
0.34567901234567905
0.38372093023255816
0.3391812865497076
0.3333333333333333
0.3827160493827161
0.35151515151515156
0.3728813559322034
0.3780487804878048
0.3604651162790698
0.3604651162790698
0.35365853658536583
0.41290322580645156
0.3790849673202614
0.358974358974359
0.40251572327044033
0.3757575757575758
0.3841059602649007
0.38216560509554137
0.3253012048192771
0.3815028901734104
0.38323353293413176
0.3780487804878048
0.3726708074534161
0.3658536585365853
0.3870967741935484
0.3647798742138365
0.4105960264900662
0.35151515151515156
0.3529411764705882
0.35428571428571426
0.38961038961038963
0.3924050632911392
0.3478260869565218
0.4171779141104294
0.37499999999999994
0.4
0.37037037037037035
0.3694267515923566
0.375
0.3602484472049689
0.3583815028901734
0.34285714285714286
0.4076433121019108
0.3949044585987261
0.40963855421686746
0.36363636363636365
0.3827160493827161
0.37647058823529417
0.3625
0.37499999999999994
0.35502958579881655
0.3414634146341463
0.34782608695652173
0.3875
0.3508771929824562
0.3414634146341463
0.37714285714285706
0.36708860759493667
0.33720930232558144
0.378698224852071
0.38372093023255816
0.402439024390244
0.4023668639053254
0.3694267515923566
0.35151515151515156
0.36904761904761907
0.3878787878787879
0.37583892617449666
0.358695652173913
0.35220125786163525
0.37125748502994016
0.3647798742138365
0.3313609467455621
0.38509316770186336
0.41025641025641024
0.3780487804878048
0.36601307189542487
0.3773584905660377
0.3875
0.3734939759036145
0.35802469135802467
0.3571428571428571
0.3902439024390244
0.37662337662337664
0.4189189189189189
0.3431952662721893
0.3571428571428571
0.3658536585365853
0.3431952662721893
0.3431952662721893
0.32941176470588235
0.3924050632911392
0.36809815950920244
0.3694267515923566
0.3855421686746988
0.37419354838709673
0.36257309941520466
0.37125748502994016
0.35151515151515156
0.38216560509554137
0.35365853658536583
0.3376623376623376
0.40522875816993464
0.4155844155844156
0.34939759036144585
0.39215686274509803
0.40522875816993464
0.3354037267080745
0.37419354838709673
0.4217687074829932
0.35028248587570626
0.3333333333333333
0.39215686274509803
0.38216560509554137
0.3499999999999999
0.37419354838709673
0.3875
0.3803680981595091
0.3878787878787879
0.3875
0.3647798742138365
0.37499999999999994
0.35443037974683544
0.3214285714285714
