0.6514084507042254
0.5809859154929577
0.6126760563380281
0.6267605633802817
0.6443661971830986
0.5915492957746479
0.6056338028169014
0.647887323943662
0.6056338028169014
0.6197183098591549
0.6690140845070423
0.6126760563380281
0.573943661971831
0.6338028169014085
0.6232394366197183
0.6267605633802817
0.647887323943662
0.6338028169014085
0.6584507042253521
0.6338028169014085
0.45774647887323944
0.647887323943662
0.5985915492957746
0.6232394366197183
0.6619718309859155
0.6408450704225352
0.6091549295774648
0.5563380281690141
0.6901408450704225
0.545774647887324
0.5669014084507042
0.6161971830985915
0.6056338028169014
0.5985915492957746
0.6584507042253521
0.6302816901408451
0.5809859154929577
0.6056338028169014
0.647887323943662
0.6936619718309859
0.5809859154929577
0.647887323943662
0.5704225352112676
0.647887323943662
0.5915492957746479
0.528169014084507
0.6408450704225352
0.6056338028169014
0.6267605633802817
0.6267605633802817
0.6161971830985915
0.6373239436619719
0.647887323943662
0.5985915492957746
0.5633802816901409
0.6197183098591549
0.6232394366197183
0.5915492957746479
0.5950704225352113
0.5140845070422535
0.6232394366197183
0.6795774647887324
0.6302816901408451
0.5880281690140845
0.6338028169014085
0.573943661971831
0.6126760563380281
0.6584507042253521
0.6373239436619719
0.5845070422535211
0.6302816901408451
0.6408450704225352
0.5352112676056338
0.6267605633802817
0.6619718309859155
0.5492957746478874
0.676056338028169
0.5985915492957746
0.5985915492957746
0.6690140845070423
0.6126760563380281
0.6830985915492958
0.5845070422535211
0.6126760563380281
0.6408450704225352
0.573943661971831
0.6373239436619719
0.6338028169014085
0.6690140845070423
0.647887323943662
0.6126760563380281
0.6936619718309859
0.5633802816901409
0.6795774647887324
0.6338028169014085
0.545774647887324
0.6443661971830986
0.5492957746478874
0.6091549295774648
0.6126760563380281
0.6091549295774648
0.5633802816901409
0.6161971830985915
0.5880281690140845
0.5598591549295775
0.5563380281690141
0.6443661971830986
0.5809859154929577
0.602112676056338
0.5950704225352113
0.5915492957746479
0.6338028169014085
0.602112676056338
0.6197183098591549
0.6302816901408451
0.5809859154929577
0.6161971830985915
0.6549295774647887
0.6725352112676056
0.6302816901408451
0.5422535211267606
0.6161971830985915
0.6197183098591549
0.6373239436619719
0.6302816901408451
0.6795774647887324
0.5422535211267606
0.6408450704225352
0.5492957746478874
0.676056338028169
0.5809859154929577
0.6408450704225352
0.5985915492957746
0.6126760563380281
0.6197183098591549
0.602112676056338
0.6338028169014085
0.6056338028169014
0.6161971830985915
0.6302816901408451
0.6619718309859155
0.6056338028169014
0.6373239436619719
0.6725352112676056
0.6161971830985915
0.6654929577464789
0.6302816901408451
0.6161971830985915
0.6514084507042254
0.6267605633802817
0.6197183098591549
0.573943661971831
0.6161971830985915
0.647887323943662
0.6232394366197183
0.6584507042253521
0.5704225352112676
0.6443661971830986
0.6267605633802817
0.6549295774647887
0.5950704225352113
0.5985915492957746
0.6126760563380281
0.6514084507042254
0.5880281690140845
0.6338028169014085
0.602112676056338
0.6338028169014085
0.6725352112676056
0.6514084507042254
0.6443661971830986
0.5809859154929577
0.5985915492957746
0.5633802816901409
0.5985915492957746
0.6056338028169014
0.5809859154929577
0.6056338028169014
0.5633802816901409
0.6373239436619719
0.5845070422535211
0.7112676056338029
0.6408450704225352
0.6091549295774648
0.5316901408450704
0.573943661971831
0.5387323943661971
0.6302816901408451
0.6091549295774648
0.7077464788732394
0.5915492957746479
0.6725352112676056
0.602112676056338
0.5774647887323944
0.6408450704225352
0.6654929577464789
0.5422535211267606
0.6302816901408451
0.6302816901408451
0.602112676056338
0.676056338028169
0.6338028169014085
0.6302816901408451
0.647887323943662
0.5880281690140845
0.5809859154929577
0.6584507042253521
0.5950704225352113
0.545774647887324
0.602112676056338
0.602112676056338
0.6338028169014085
0.602112676056338
0.5669014084507042
0.6267605633802817
0.647887323943662
0.5246478873239436
0.6197183098591549
0.6232394366197183
0.6408450704225352
0.6514084507042254
0.6619718309859155
0.6161971830985915
0.6373239436619719
0.5845070422535211
0.6654929577464789
0.7183098591549296
0.6373239436619719
0.5915492957746479
0.5316901408450704
0.6091549295774648
0.5880281690140845
0.5809859154929577
0.6373239436619719
0.676056338028169
0.6161971830985915
0.676056338028169
0.5563380281690141
0.6091549295774648
0.602112676056338
0.6091549295774648
0.6408450704225352
0.5492957746478874
0.6584507042253521
0.6690140845070423
0.5704225352112676
0.6056338028169014
0.6302816901408451
0.6338028169014085
0.6549295774647887
0.6338028169014085
0.6373239436619719
0.6302816901408451
0.545774647887324
0.676056338028169
0.5915492957746479
0.6338028169014085
0.5915492957746479
0.6373239436619719
0.647887323943662
0.6408450704225352
0.573943661971831
0.6161971830985915
0.5528169014084507
0.6302816901408451
0.647887323943662
0.6232394366197183
0.5950704225352113
0.5809859154929577
0.6126760563380281
0.6408450704225352
0.5985915492957746
0.6197183098591549
0.5915492957746479
0.6690140845070423
0.6408450704225352
0.6514084507042254
0.5633802816901409
0.5845070422535211
0.6549295774647887
0.5985915492957746
0.5598591549295775
0.6443661971830986
0.545774647887324
0.6725352112676056
0.6126760563380281
0.6549295774647887
0.6584507042253521
0.6126760563380281
0.6866197183098591
0.5070422535211268
0.6514084507042254
0.6725352112676056
0.6161971830985915
0.5809859154929577
0.5985915492957746
0.6056338028169014
0.6091549295774648
0.5950704225352113
0.5809859154929577
0.6338028169014085
0.6302816901408451
0.6866197183098591
0.5845070422535211
0.5950704225352113
0.602112676056338
0.6232394366197183
0.6725352112676056
0.6373239436619719
0.6056338028169014
0.6232394366197183
0.5880281690140845
0.5985915492957746
0.6197183098591549
0.6443661971830986
0.5880281690140845
0.6408450704225352
0.6267605633802817
0.5950704225352113
0.5809859154929577
0.6584507042253521
0.5845070422535211
0.5528169014084507
0.6232394366197183
0.6584507042253521
0.5845070422535211
0.6161971830985915
0.6302816901408451
0.6373239436619719
0.5492957746478874
0.6725352112676056
0.5704225352112676
0.545774647887324
0.6654929577464789
0.6584507042253521
0.6161971830985915
0.6056338028169014
0.6549295774647887
0.6161971830985915
0.5880281690140845
0.6232394366197183
0.5774647887323944
0.6584507042253521
0.5669014084507042
0.6795774647887324
0.5633802816901409
0.6584507042253521
0.5387323943661971
0.5774647887323944
0.5985915492957746
0.5809859154929577
0.6338028169014085
0.5598591549295775
0.573943661971831
0.7147887323943662
0.6197183098591549
0.5915492957746479
0.6056338028169014
0.676056338028169
0.6795774647887324
0.6338028169014085
0.5105633802816901
0.5985915492957746
0.6619718309859155
0.6408450704225352
0.6161971830985915
0.647887323943662
0.5985915492957746
0.6443661971830986
0.6373239436619719
0.5563380281690141
0.6619718309859155
0.6338028169014085
0.6408450704225352
0.573943661971831
0.5985915492957746
0.6267605633802817
0.5985915492957746
0.6197183098591549
0.6161971830985915
0.6619718309859155
0.602112676056338
0.5669014084507042
0.6619718309859155
0.6443661971830986
0.5669014084507042
0.6408450704225352
0.6232394366197183
0.5845070422535211
0.6619718309859155
0.5915492957746479
0.5774647887323944
0.5704225352112676
0.5809859154929577
0.5845070422535211
0.602112676056338
0.5704225352112676
0.6584507042253521
0.6126760563380281
0.5950704225352113
0.6161971830985915
0.6690140845070423
0.6443661971830986
0.5598591549295775
0.6549295774647887
0.5880281690140845
0.5915492957746479
0.6690140845070423
0.6126760563380281
0.5845070422535211
0.6091549295774648
0.6549295774647887
0.6056338028169014
0.647887323943662
0.6514084507042254
0.6302816901408451
0.6619718309859155
0.602112676056338
0.5774647887323944
0.6373239436619719
0.5915492957746479
0.6373239436619719
0.6197183098591549
0.647887323943662
0.6725352112676056
0.6091549295774648
0.6408450704225352
0.6091549295774648
0.5985915492957746
0.5915492957746479
0.647887323943662
0.5915492957746479
0.6161971830985915
0.5880281690140845
0.5563380281690141
0.6338028169014085
0.6619718309859155
0.5809859154929577
0.5633802816901409
0.6830985915492958
0.5915492957746479
0.6091549295774648
0.676056338028169
0.5809859154929577
0.6443661971830986
0.5915492957746479
0.6302816901408451
0.6161971830985915
0.5669014084507042
0.5985915492957746
0.5880281690140845
0.6232394366197183
0.647887323943662
0.6302816901408451
0.6126760563380281
0.6408450704225352
0.6126760563380281
0.6267605633802817
0.6514084507042254
0.6197183098591549
0.6302816901408451
0.6091549295774648
0.6267605633802817
0.6338028169014085
0.573943661971831
0.5950704225352113
0.6161971830985915
0.6302816901408451
0.6443661971830986
0.6584507042253521
0.5950704225352113
0.6654929577464789
0.5845070422535211
0.5774647887323944
0.6443661971830986
0.6232394366197183
0.6901408450704225
0.6232394366197183
0.5105633802816901
0.6091549295774648
0.5985915492957746
0.5915492957746479
0.6584507042253521
0.5985915492957746
0.6197183098591549
0.6725352112676056
0.5950704225352113
0.6514084507042254
0.5774647887323944
0.602112676056338
0.5985915492957746
0.5985915492957746
0.5915492957746479
0.5915492957746479
0.602112676056338
0.6373239436619719
0.5845070422535211
0.6408450704225352
0.5774647887323944
0.6161971830985915
