0.4247145437357625
0.38028156417759507
0.40192523486576975
0.4459091051444678
0.4314941521508161
0.41839313935340516
0.4423120226773913
0.4196762703520359
0.4454281804987811
0.3691775014201255
0.48900545432042064
0.43490968683961617
0.454727241791526
0.4724508902370332
0.40995634853094465
0.402583601743026
0.3951630334864327
0.40008622493822327
0.37266232091374146
0.47240029456353794
0.42006270536881696
0.3649890707943219
0.41324118232391904
0.4970488437999614
0.43267641035571297
0.37816335047946115
0.39045414245138466
0.5138106096721929
0.4702289755107585
0.4610736928451954
0.36141227734766235
0.4621533328031139
0.41999710282344727
0.43238892578975974
0.5046574783559604
0.45698795382772806
0.4661416214577875
0.41817692834814363
0.41670491726233155
0.5036093478261118
0.4248544391366837
0.41855163910116594
0.42369314949996484
0.43266526502392033
0.4311325135542852
0.3985985166865581
0.4636184330789599
0.3938342719029359
0.5516447267169291
0.4108500573410758
0.3644378693688317
0.4124137684596654
0.5064694655015959
0.4094452212310613
0.44663208906726143
0.44261883476574515
0.44700144837774425
0.3777140552435466
0.3582454612972331
0.4882260514981237
0.38031859951124025
0.3735650338197214
0.412612228032626
0.44373498819863644
0.3888756244038516
0.3835238443791416
0.35936124430536215
0.4133789600098037
0.4245712685033111
0.4321647461887957
0.42007907252271137
0.5197726970497141
0.4325218079975628
0.3643718472011983
0.4285589311161249
0.38681084059212034
0.400681754372058
0.38948182908221324
0.455588982402835
0.39185939092347827
0.40260303527037833
0.3952253324865723
0.4160922551364234
0.4073902251419748
0.45163311509046533
0.48128962931053815
0.4929101919364637
0.4305043551466079
0.43293462817527156
0.42074606301972844
0.4722206749685052
0.4040721352446099
0.46682020720889483
0.410691978344131
0.3991391500470999
0.4353955051809146
0.4340158317386819
0.3951977120398534
0.3873290855903019
0.4166264727305908
0.42991953775947306
0.5379151295370844
0.3997780215477268
0.5006753466379809
0.44312616837586266
0.4117822504160642
0.4977832430330182
0.4029902457657915
0.46151681380960125
0.4882399836328125
0.44381895557634976
0.39562381766900245
0.43298810449689773
0.43624584743431666
0.4301906750762093
0.43142955425672724
0.3852578503901401
0.4307035337538641
0.4711017596662574
0.4156233678744149
0.43322263526505067
0.4366254793221889
0.4592670326201103
0.4646916032929012
0.4524723426748402
0.4831993649124547
0.4489614105696997
0.3923322730069786
0.4105069971748846
0.40737110065916915
0.5235528755396668
0.4408664883967302
0.40293171109898157
0.40443170079704305
0.39970025740403187
0.34919287612638594
0.40955798132387283
0.4452152343308962
0.44013232043715717
0.47071602373435045
0.42167786736975
0.41614840215327537
0.4415028339607837
0.41481230425848653
0.45216632542722796
0.3734197162400151
0.433195829983002
0.5255025996146552
0.3898669553346551
0.47511397635547514
0.4084985352171892
0.42522714702008885
0.45956933575837894
0.3690143902579208
0.4402442013389366
0.42863254206617596
0.42056163195158336
0.5564837061743471
0.38081856492635047
0.39332023816660966
0.3993773420934415
0.42088341648771216
0.3736619533364706
0.36818675566767567
0.3997487716004935
0.3835431007947042
0.4472445340263432
0.391807748308916
0.4360996763088342
0.3591833048977037
0.43141671485367966
0.4309049542231984
0.39629966263984684
0.3719398027591887
0.3690429451315457
0.42392740207052204
0.4398583925552594
0.43024002298925573
0.4311135766484239
0.45394794174674336
0.46927526500392097
0.3901047970352624
0.38621978897292447
0.41987442027593963
0.3931399491767486
0.3584373131384076
0.393979349267925
0.3908248893328064
0.42223468499132505
0.4005015946821169
0.47022157555082955
0.40594838167629615
0.39564007937871937
0.435898497800968
0.39606095201788255
0.47943972738908586
0.36037212438217936
0.44562140336945466
0.426964771785024
0.4765922560288757
0.43077281072203416
0.4243616620179356
0.3513750485068269
0.4371682791750583
0.48563576028186894
0.44001813404348206
0.34370118500041535
0.5130982219483157
0.48180846440482666
0.3985424918249022
0.4256013697837254
0.4103464567849507
0.4617886941428256
0.41945807880996017
0.3942285497537455
0.44189871486790866
0.45443804360093637
0.359926038748923
0.3726212680744486
0.4172434129214089
0.38952906222007017
0.4040896544635469
0.4570186006300658
0.47176333093747247
0.4641607360854381
0.37258694129805753
0.4026362748692057
0.42004982556714
0.5056103177678768
0.47155769757152943
0.44875190879823235
0.4536051653579105
0.4715474969103315
0.48432873799489995
0.4541976071243783
0.4375099106176076
0.4138085595312251
0.4331817949134502
0.4348971978158029
0.4185370220934204
0.43791696343747644
0.4921978708581526
0.4311276537580159
0.4233143679951117
0.4782806564390026
0.4137122642373063
0.4331200535634572
0.39285379532848697
0.38086926795157255
0.37901330707727876
0.4199588004575851
0.404213350655394
0.4141910012819782
0.3915895701831287
0.4403347887205556
0.4376620464816969
0.4377054887357324
0.45084777625995826
0.41478163943802737
0.46269617863317025
0.41591706127026706
0.44305155156716747
0.3883435446143252
0.453308899668516
0.41327344044288883
0.4440281356011352
0.40638028577947327
0.42090610704398695
0.45641535916474846
0.41241765428465427
0.42247703270794773
0.40596379724533366
0.40690712931573825
0.4461435731745842
0.42495098308888174
0.43500198268763224
0.4496933352653888
0.44600278018241035
0.34957496791007975
0.41938349737490715
0.46424777245463483
0.4240243046650673
0.42427965060104894
0.3719396191746684
0.38070129516486123
0.3706286538085004
0.5250030408375971
0.4772426497464156
0.44581318132589204
0.3807178164584427
0.43243726373680436
0.38907117719105627
0.4038228646154816
0.4720706368522765
0.4706958938696044
0.42070117160046033
0.4466482227923045
0.48411935850788806
0.35820285169745597
0.4475215650720996
0.45486524832930825
0.4362667629927643
0.4500428621733782
0.4315736124462921
0.4520526617012211
0.42876345112955183
0.3936988080824
0.509664218245174
0.4277132667087189
0.42658162560895263
0.49477196189180755
0.33762336990886677
0.4667538078650033
0.37274006346993455
0.37061267190558234
0.5264858064486667
0.4827231216613988
0.3946421454568436
0.4367706502743789
0.3843934544655949
0.4442448079655163
0.46749942098385733
0.45813684189567366
0.4193116293453537
0.4560109913557726
0.40076551903284663
0.44018197583521945
0.4565790524545885
0.4068945665134621
0.42799902194321787
0.3680452282816374
0.4605220982594924
0.37680139094994153
0.4455527454652569
0.43618025264974536
0.46721564796768056
0.3749782101547328
0.40351596579989
0.41450200528860043
0.44604947387226346
0.4193571351667952
0.411809335716269
0.4025679827489102
0.44411376285081744
0.42799555548575013
0.4568972070830707
0.44450912905952034
0.400116722146755
0.43492808628844326
0.38161422561013353
0.40090848348229424
0.4369824028539217
0.45629722732982014
0.4237455015444276
0.4372717211109499
0.39052403508797234
0.4767433012896703
0.3999201903562483
0.45136462295826757
0.4458720031186
0.4335302752642328
0.38367505139525737
0.40106321343671625
0.41928366573033654
0.40120683151726017
0.38641923005008094
0.4281766446057933
0.41346777479608837
0.3652578724977523
0.46766984608386614
0.44842455707886386
0.3372681508306634
0.4509268673001825
0.40239778319332115
0.40715298420871104
0.4014622218519222
0.37138865863922743
0.4378667287292144
0.39230751374289513
0.41943885617823556
0.5174818992572605
0.4660645700946922
0.3893846879748856
0.40494919395880596
0.3425452419711428
0.39230251379753234
0.4264762269152606
0.3831758351369825
0.4047415572061837
0.3879314550456192
0.4721097584135522
0.40072796366950775
0.3463405144521044
0.4065761935975801
0.42261060066040285
0.4306764104306636
0.4193694620913273
0.41870324164440453
0.48591379968815684
0.3927028745641952
0.41725956403722175
0.4403758675524242
0.38702101867958233
0.359429976033228
0.4206254310754558
0.4376454537062616
0.4001187075174721
0.43060249961598196
0.4236437257367595
0.4528275614228491
0.3578043951514719
0.457572558573497
0.4161635195040704
0.40079890813734786
0.4434486024791842
0.43733087554135086
0.40229066015565323
0.41784785919467743
0.5144514336940735
0.48193414117187633
0.4012453875770404
0.40920150933485516
0.4223014410441176
0.4240606793690566
0.4399898350291677
0.4070353198940597
0.3671439911894383
0.40466854241991956
0.3845336393691845
0.41480367917611116
0.47461341744339836
0.4030147025778609
0.4406581818945766
0.4963402659658619
0.44328898250457743
0.48141914464459773
0.4181471958483351
0.37175672322077064
0.4295724428385674
0.4542144211333505
0.3916721463294379
0.4208368717595202
0.3893948731692825
0.40872968935418746
0.43896808445584024
0.5078701427138369
0.4482427178054998
0.41003794413178557
0.46702403267066844
0.4764905896376931
0.5096044761300333
0.42575963391522886
0.5265115228624975
0.39583897889577435
0.49925055969195264
0.4541239466245893
0.43149327215791455
0.3911394385831538
0.4305230597705918
0.4809216056257655
0.431565486953461
0.45621046116675923
0.42122001952149335
0.46736584939555453
0.49716934267165325
0.424258988201074
0.4423105909460489
0.4868033904952779
0.42721952076378317
0.43983545829417536
0.41863383816543703
0.41524553131353503
0.4220517879616576
0.3984962373298438
0.3835022307207765
0.412982509286642
0.4503244638360701
0.37043129870957175
0.4162199289829769
0.45146887662496443
0.41999987890555757
0.47879850920055944
0.4218935308276166
0.4109141331675505
0.44279931071357465
0.46665854755099784
0.4565757034822131
0.46446345608751644
0.42839299889562243
0.4957147832566853
0.41545956206175466
0.4861199275078199
0.41469637023685757
0.4500568508103274
0.46528670299035035
0.4582050254697267
0.39796735158050134
0.46282216127360604
0.4242646061470239
0.39343212317752674
