0.16417910447761194
0.20134228187919462
0.1884057971014493
0.24999999999999994
0.24
0.2222222222222222
0.20740740740740743
0.15602836879432622
0.24242424242424243
0.15492957746478872
0.1958041958041958
0.1324503311258278
0.21582733812949642
0.22516556291390727
0.16058394160583941
0.28358208955223885
0.18705035971223022
0.18791946308724833
0.15116279069767444
0.09929078014184398
0.18978102189781018
0.18604651162790697
0.20289855072463767
0.13793103448275862
0.17054263565891473
0.18705035971223022
0.13157894736842105
0.19199999999999998
0.20408163265306123
0.17333333333333334
0.1857142857142857
0.18604651162790697
0.16216216216216214
0.1384615384615385
0.17721518987341772
0.19858156028368795
0.27586206896551724
0.16216216216216214
0.20408163265306123
0.2627737226277372
0.1076923076923077
0.15827338129496402
0.21656050955414013
0.20408163265306123
0.22695035460992907
0.22695035460992907
0.1857142857142857
0.19867549668874174
0.24675324675324675
0.19718309859154928
0.1843971631205674
0.24060150375939848
0.19117647058823528
0.18666666666666665
0.15037593984962408
0.176
0.2448979591836735
0.12030075187969924
0.19718309859154928
0.3184713375796178
0.1857142857142857
0.30075187969924816
0.1688311688311688
0.16326530612244897
0.24836601307189543
0.23776223776223776
0.2302158273381295
0.18461538461538463
0.19858156028368795
0.1679389312977099
0.13793103448275862
0.18055555555555552
0.1843971631205674
0.13636363636363635
0.23225806451612901
0.2
0.24675324675324675
0.17567567567567566
0.2361111111111111
0.25
0.2631578947368421
0.19718309859154928
0.2533333333333333
0.16783216783216784
0.15584415584415584
0.16783216783216784
0.21739130434782608
0.18055555555555552
0.22695035460992907
0.15037593984962408
0.24324324324324323
0.2684563758389261
0.19718309859154928
0.20253164556962025
0.2571428571428571
0.2
0.15942028985507245
0.22695035460992907
0.1313868613138686
0.1702127659574468
0.19444444444444445
0.1958041958041958
0.20833333333333331
0.2608695652173913
0.2077922077922078
0.14598540145985403
0.15151515151515152
0.2658227848101266
0.2627737226277372
0.25316455696202533
0.15503875968992248
0.20645161290322578
0.21192052980132453
0.11678832116788321
0.21192052980132453
0.20833333333333331
0.1604938271604938
0.29411764705882354
0.14184397163120568
0.1259842519685039
0.15942028985507245
0.2535211267605634
0.23703703703703702
0.25373134328358204
0.19310344827586204
0.23357664233576642
0.17647058823529413
0.18978102189781018
0.21212121212121213
0.28571428571428575
0.23684210526315788
0.17105263157894735
0.15037593984962408
0.22818791946308722
0.21052631578947367
0.1323529411764706
0.16058394160583941
0.22727272727272727
0.1884057971014493
0.20437956204379562
0.17266187050359713
0.2
0.15602836879432622
0.1313868613138686
0.2657342657342657
0.22695035460992907
0.2482758620689655
0.20689655172413796
0.19858156028368795
0.16666666666666666
0.15384615384615383
0.31372549019607837
0.19867549668874174
0.13636363636363635
0.10606060606060606
0.17266187050359713
0.18543046357615892
0.2482758620689655
0.17808219178082194
0.16176470588235295
0.2153846153846154
0.2631578947368421
0.2206896551724138
0.21897810218978103
0.24161073825503357
0.30666666666666664
0.2463768115942029
0.176
0.21621621621621626
0.28965517241379307
0.2518518518518518
0.19117647058823528
0.19178082191780824
0.2127659574468085
0.2318840579710145
0.14184397163120568
0.15068493150684933
0.1987577639751553
0.2571428571428571
0.20979020979020982
0.22972972972972974
0.18055555555555552
0.2631578947368421
0.17142857142857143
0.21582733812949642
0.23076923076923075
0.2285714285714286
0.13986013986013987
0.21052631578947367
0.18461538461538463
0.23943661971830985
0.2285714285714286
0.21897810218978103
0.2714285714285714
0.16326530612244897
0.2285714285714286
0.1343283582089552
0.22058823529411764
0.1751824817518248
0.20915032679738563
0.29411764705882354
0.19178082191780824
0.20588235294117646
0.2482758620689655
0.29411764705882354
0.11940298507462685
0.19867549668874174
0.21487603305785127
0.14705882352941177
0.2608695652173913
0.16666666666666666
0.1044776119402985
0.21428571428571427
0.15942028985507245
0.2684563758389261
0.19047619047619044
0.20740740740740743
0.22535211267605634
0.15492957746478872
0.22818791946308722
0.2384105960264901
0.15384615384615385
0.20155038759689925
0.24161073825503357
0.21917808219178084
0.16058394160583941
0.19402985074626863
0.208
0.1843971631205674
0.21935483870967745
0.21794871794871795
0.2620689655172414
0.18300653594771243
0.15602836879432622
0.2929936305732484
0.20689655172413796
0.19047619047619044
0.15172413793103448
0.21582733812949642
0.18666666666666665
0.20155038759689925
0.22641509433962265
0.1044776119402985
0.14598540145985403
0.17647058823529413
0.1476510067114094
0.1884057971014493
0.17460317460317462
0.21052631578947367
0.1360544217687075
0.2684563758389261
0.17687074829931973
0.20143884892086328
0.19867549668874174
0.17777777777777778
0.13986013986013987
0.10958904109589042
0.15942028985507245
0.196969696969697
0.267515923566879
0.14666666666666667
0.272108843537415
0.1739130434782609
0.17687074829931973
0.21192052980132453
0.24285714285714285
0.17142857142857143
0.2481751824817518
0.15492957746478872
0.16296296296296295
0.21656050955414013
0.23357664233576642
0.2
0.2222222222222222
0.2054794520547945
0.24460431654676257
0.21656050955414013
0.20740740740740743
0.20437956204379562
0.1884057971014493
0.20833333333333331
0.13333333333333333
0.19858156028368795
0.2054794520547945
0.19867549668874174
0.16216216216216214
0.19310344827586204
0.27972027972027974
0.2
0.109375
0.2814814814814815
0.21582733812949642
0.15172413793103448
0.20253164556962025
0.2222222222222222
0.16901408450704225
0.19117647058823528
0.13740458015267176
0.20740740740740743
0.25
0.25503355704697983
0.18181818181818182
0.2482758620689655
0.136986301369863
0.1791044776119403
0.16296296296296295
0.1884057971014493
0.10144927536231883
0.17777777777777778
0.3221476510067114
0.19310344827586204
0.22695035460992907
0.22556390977443608
0.21476510067114096
0.20689655172413796
0.16993464052287582
0.1954887218045113
0.18309859154929578
0.1958041958041958
0.23952095808383236
0.1958041958041958
0.2684563758389261
0.25503355704697983
0.21897810218978103
0.16058394160583941
0.1804511278195489
0.273972602739726
0.20289855072463767
0.2112676056338028
0.2206896551724138
0.1626016260162602
0.2302158273381295
0.23448275862068968
0.23776223776223776
0.2127659574468085
0.22972972972972974
0.2657342657342657
0.17931034482758623
0.196969696969697
0.17647058823529413
0.2517482517482518
0.13888888888888887
0.1643835616438356
0.17218543046357618
0.23357664233576642
0.12698412698412698
0.196969696969697
0.2318840579710145
0.23703703703703702
0.15492957746478872
0.2953020134228188
0.17687074829931973
0.14492753623188404
0.2384105960264901
0.17333333333333334
0.17687074829931973
0.1884057971014493
0.21333333333333335
0.0813008130081301
0.2222222222222222
0.24285714285714285
0.23776223776223776
0.22972972972972974
0.24460431654676257
0.19718309859154928
0.19444444444444445
0.17460317460317462
0.2222222222222222
0.27972027972027974
0.22377622377622378
0.23703703703703702
0.19047619047619047
0.29333333333333333
0.25
0.17931034482758623
0.19402985074626863
0.18791946308724833
0.10218978102189781
0.20915032679738563
0.06060606060606061
0.14598540145985403
0.18309859154929578
0.23076923076923075
0.24060150375939848
0.14598540145985403
0.28358208955223885
0.21212121212121213
0.1925925925925926
0.20740740740740743
0.21897810218978103
0.1384615384615385
0.29139072847682124
0.16541353383458648
0.17142857142857143
0.22058823529411764
0.2302158273381295
0.17610062893081763
0.21917808219178084
0.19858156028368795
0.08823529411764706
0.20437956204379562
0.2388059701492537
0.28571428571428564
0.196969696969697
0.2098765432098765
0.18300653594771243
0.18705035971223022
0.19858156028368795
0.22695035460992907
0.18055555555555552
0.2533333333333333
0.19858156028368795
0.17218543046357618
0.15584415584415584
0.20588235294117646
0.15873015873015875
0.24113475177304963
0.1954887218045113
0.19117647058823528
0.15942028985507245
0.22818791946308722
0.19047619047619044
0.2482758620689655
0.21621621621621626
0.21739130434782608
0.23076923076923075
0.20588235294117646
0.1884057971014493
0.18181818181818182
0.1884057971014493
0.23529411764705882
0.22818791946308722
0.17647058823529413
0.1818181818181818
0.2
0.21052631578947367
0.2838709677419355
0.18543046357615892
0.16901408450704225
0.1751824817518248
0.18461538461538463
0.20645161290322578
0.196969696969697
0.20437956204379562
0.1804511278195489
0.18705035971223022
0.2112676056338028
0.22535211267605634
0.1610738255033557
0.19718309859154928
0.1739130434782609
0.21374045801526714
0.17777777777777778
0.2127659574468085
0.2206896551724138
0.2463768115942029
0.14084507042253522
0.23376623376623376
0.20437956204379562
0.1643835616438356
0.20289855072463767
0.2702702702702703
0.20740740740740743
0.3311258278145695
0.19444444444444445
0.24675324675324675
0.2
0.2448979591836735
0.1679389312977099
0.24999999999999994
0.2361111111111111
0.27814569536423844
0.1323529411764706
0.23287671232876714
0.21582733812949642
0.20740740740740743
0.26666666666666666
0.1527777777777778
0.15172413793103448
0.21739130434782608
0.20689655172413796
0.16296296296296295
0.2535211267605634
0.17567567567567566
0.2
0.13888888888888887
0.10958904109589042
0.2585034013605442
0.1496598639455782
0.20512820512820512
0.25165562913907286
0.17647058823529413
0.21212121212121213
0.17687074829931973
0.1857142857142857
0.17218543046357618
0.14492753623188404
0.28571428571428575
0.24460431654676257
0.2676056338028169
