0.35023041474654376
0.3125
0.31932773109243695
0.33333333333333337
0.34579439252336447
0.3275862068965517
0.33766233766233766
0.34101382488479265
0.32773109243697474
0.3223140495867769
0.31666666666666665
0.3185840707964602
0.3375527426160338
0.32456140350877194
0.35443037974683544
0.3333333333333333
0.33027522935779813
0.327433628318584
0.34513274336283184
0.3153526970954357
0.2938775510204082
0.35514018691588783
0.3135593220338983
0.32456140350877194
0.32173913043478264
0.31092436974789917
0.32067510548523204
0.2991452991452992
0.33962264150943394
0.3253968253968254
0.31404958677685946
0.33636363636363636
0.33944954128440363
0.3162393162393162
0.3288888888888889
0.35348837209302325
0.3089430894308943
0.30833333333333335
0.3114754098360656
0.34080717488789236
0.34080717488789236
0.3333333333333333
0.32
0.32456140350877194
0.3045267489711934
0.33476394849785407
0.33898305084745767
0.3406113537117904
0.33766233766233766
0.31578947368421056
0.3288888888888889
0.3288888888888889
0.3189655172413793
0.336283185840708
0.33636363636363636
0.3463203463203463
0.3157894736842105
0.32067510548523204
0.3116883116883117
0.33466135458167334
0.33476394849785407
0.3441860465116279
0.3263598326359833
0.32876712328767127
0.3378995433789954
0.336283185840708
0.3231441048034934
0.36448598130841126
0.3577981651376147
0.3130434782608696
0.3025210084033613
0.3261802575107296
0.30833333333333335
0.31759656652360513
0.32478632478632474
0.32173913043478264
0.37004405286343606
0.304
0.32456140350877194
0.35555555555555557
0.32
0.3404255319148936
0.2975206611570248
0.31092436974789917
0.3203463203463204
0.3252032520325204
0.3318777292576419
0.31578947368421056
0.3406113537117904
0.3220338983050848
0.33333333333333337
0.3474178403755869
0.2975206611570248
0.36619718309859156
0.34234234234234234
0.31666666666666665
0.3231441048034934
0.30645161290322576
0.33476394849785407
0.3022222222222222
0.32773109243697474
0.3644444444444444
0.32456140350877194
0.3375527426160338
0.367713004484305
0.32653061224489793
0.34234234234234234
0.31325301204819284
0.32500000000000007
0.3223140495867769
0.30125523012552297
0.32173913043478264
0.3183673469387755
0.31275720164609055
0.3333333333333333
0.3162393162393162
0.327433628318584
0.31932773109243695
0.3319148936170213
0.3305785123966942
0.32258064516129026
0.3508771929824561
0.3179916317991632
0.30705394190871366
0.3189655172413793
0.3318777292576419
0.32478632478632474
0.3231441048034934
0.3203463203463204
0.3214285714285714
0.34309623430962344
0.31759656652360513
0.32128514056224905
0.33636363636363636
0.33766233766233766
0.32173913043478264
0.3231441048034934
0.365296803652968
0.30701754385964913
0.3304347826086957
0.3114754098360656
0.32478632478632474
0.30769230769230765
0.336283185840708
0.3436123348017621
0.3508771929824561
0.32407407407407407
0.2916666666666667
0.3619047619047619
0.3391304347826087
0.33333333333333337
0.3179916317991632
0.34934497816593885
0.3333333333333333
0.30638297872340425
0.33333333333333337
0.32098765432098764
0.3290043290043289
0.319672131147541
0.3162393162393162
0.3414634146341463
0.3107569721115538
0.3157894736842105
0.3466666666666667
0.32500000000000007
0.33333333333333337
0.3153526970954357
0.3380281690140845
0.3135593220338983
0.32340425531914896
0.32128514056224905
0.319672131147541
0.3215686274509804
0.33027522935779813
0.33333333333333337
0.29045643153526973
0.33476394849785407
0.3255813953488372
0.3445378151260504
0.296
0.30833333333333335
0.32098765432098764
0.31759656652360513
0.31759656652360513
0.3171806167400881
0.3348017621145374
0.3333333333333333
0.2821576763485477
0.33035714285714285
0.33766233766233766
0.32456140350877194
0.30769230769230765
0.33898305084745767
0.30638297872340425
0.3275862068965517
0.35398230088495575
0.3220338983050848
0.33476394849785407
0.3377777777777778
0.31759656652360513
0.3362068965517242
0.3436123348017621
0.32340425531914896
0.31759656652360513
0.31092436974789917
0.31578947368421056
0.32456140350877194
0.3377777777777778
0.3263598326359833
0.30638297872340425
0.3189655172413793
0.3508771929824561
0.33333333333333337
0.3107569721115538
0.30962343096234307
0.34934497816593885
0.3153526970954357
0.33766233766233766
0.31223628691983124
0.32098765432098764
0.3333333333333333
0.32098765432098764
0.3362068965517242
0.34389140271493207
0.3050847457627119
0.3425925925925926
0.3378995433789954
0.30125523012552297
0.30125523012552297
0.3333333333333333
0.34080717488789236
0.34934497816593885
0.32286995515695066
0.3214285714285714
0.3377777777777778
0.3319148936170213
0.32478632478632474
0.3076923076923077
0.3148936170212766
0.3291139240506329
0.3135593220338983
0.30638297872340425
0.2948207171314741
0.3304347826086957
0.33766233766233766
0.296
0.32599118942731276
0.3263598326359833
0.3263598326359833
0.3189655172413793
0.34545454545454546
0.3189655172413793
0.336283185840708
0.3045267489711934
0.3418803418803419
0.34389140271493207
0.3162393162393162
0.3508771929824561
0.3377777777777778
0.34934497816593885
0.3333333333333333
0.3448275862068966
0.334841628959276
0.3318385650224215
0.3318777292576419
0.3243243243243243
0.32876712328767127
0.30645161290322576
0.3304347826086957
0.3223140495867769
0.32599118942731276
0.33050847457627125
0.33027522935779813
0.32340425531914896
0.3189655172413793
0.3318777292576419
0.3406113537117904
0.296
0.33050847457627125
0.33035714285714285
0.32599118942731276
0.3130434782608696
0.34334763948497854
0.3406113537117904
0.334841628959276
0.3231441048034934
0.3577981651376147
0.32876712328767127
0.32173913043478264
0.33928571428571425
0.3135593220338983
0.34545454545454546
0.3318385650224215
0.28936170212765955
0.32067510548523204
0.34821428571428575
0.30769230769230765
0.3679245283018869
0.3507109004739337
0.31666666666666665
0.3291139240506329
0.30125523012552297
0.34977578475336324
0.31275720164609055
0.34080717488789236
0.28688524590163933
0.33333333333333337
0.33027522935779813
0.3436123348017621
0.34080717488789236
0.327433628318584
0.3378995433789954
0.34210526315789475
0.30638297872340425
0.2928870292887029
0.3290043290043289
0.31666666666666665
0.3377777777777778
0.3050847457627119
0.30638297872340425
0.3231441048034934
0.31020408163265306
0.3374485596707819
0.32286995515695066
0.31666666666666665
0.31666666666666665
0.3076923076923077
0.3263598326359833
0.35242290748898675
0.3319148936170213
0.35944700460829493
0.32599118942731276
0.3171806167400881
0.33195020746887965
0.3333333333333333
0.3319148936170213
0.32456140350877194
0.32286995515695066
0.3513513513513513
0.30578512396694213
0.3135593220338983
0.31275720164609055
0.3231441048034934
0.32500000000000007
0.3459915611814346
0.3236514522821577
0.33333333333333337
0.29718875502008035
0.35514018691588783
0.3231441048034934
0.2987551867219917
0.34101382488479265
0.31759656652360513
0.30204081632653057
0.33035714285714285
0.3375527426160338
0.31620553359683795
0.3402489626556016
0.33035714285714285
0.32173913043478264
0.30833333333333335
0.2962962962962963
0.30901287553648066
0.34862385321100914
0.3348017621145374
0.3318777292576419
0.3377777777777778
0.3243243243243243
0.30705394190871366
0.3290043290043289
0.3203463203463204
0.36279069767441857
0.30327868852459017
0.3189655172413793
0.32067510548523204
0.3189655172413793
0.3157894736842105
0.3025210084033613
0.3261802575107296
0.3362068965517242
0.3348017621145374
0.30901287553648066
0.33195020746887965
0.3362068965517242
0.32478632478632474
0.3348017621145374
0.30769230769230765
0.2941176470588235
0.30705394190871366
0.3261802575107296
0.32500000000000007
0.3333333333333333
0.319672131147541
0.3148936170212766
0.3404255319148936
0.3037974683544304
0.3463203463203463
0.34821428571428575
0.30278884462151395
0.3111111111111111
0.3153526970954357
0.3603603603603604
0.3050847457627119
0.3153526970954357
0.34210526315789475
0.3474576271186441
0.33476394849785407
0.365296803652968
0.3089430894308943
0.3189655172413793
0.3348017621145374
0.3290043290043289
0.34234234234234234
0.3304347826086957
0.3318777292576419
0.3362068965517242
0.30638297872340425
0.34977578475336324
0.3045267489711934
0.3153526970954357
0.3418803418803419
0.32173913043478264
0.3153153153153153
0.3275862068965517
0.33476394849785407
0.3318777292576419
0.33035714285714285
0.3214285714285714
0.3189655172413793
0.32478632478632474
0.31275720164609055
0.35023041474654376
0.31578947368421056
0.314410480349345
0.3225806451612903
0.319672131147541
0.3318385650224215
0.3375527426160338
0.31020408163265306
0.3271028037383178
0.33333333333333337
0.31666666666666665
0.31578947368421056
0.30973451327433627
0.3377777777777778
0.32340425531914896
0.32727272727272727
0.2953586497890296
0.3362068965517242
0.3508771929824561
0.2962962962962963
0.336283185840708
0.327433628318584
0.34977578475336324
0.3290043290043289
0.3474178403755869
0.3037974683544304
0.32456140350877194
0.3171806167400881
0.3377777777777778
0.32340425531914896
0.32478632478632474
0.31092436974789917
0.3214285714285714
0.3318777292576419
0.31451612903225806
0.29149797570850206
0.31223628691983124
0.32067510548523204
0.3319148936170213
0.3179916317991632
0.35555555555555557
0.31223628691983124
0.31020408163265306
0.33636363636363636
0.35121951219512193
0.33944954128440363
0.3508771929824561
0.30769230769230765
0.3116883116883117
0.3261802575107296
0.3360655737704918
0.3179916317991632
0.33476394849785407
0.3189655172413793
0.33476394849785407
0.3162393162393162
0.3231441048034934
0.32067510548523204
0.32128514056224905
0.3231441048034934
0.2928870292887029
0.3293172690763052
0.3179916317991632
0.29718875502008035
0.3130434782608696
0.30833333333333335
0.3135593220338983
0.3089430894308943
0.32599118942731276
