0.18309859154929578
0.1795774647887324
0.1795774647887324
0.23943661971830985
0.22535211267605634
0.2007042253521127
0.2007042253521127
0.19718309859154928
0.21830985915492956
0.20422535211267606
0.19014084507042253
0.2112676056338028
0.22183098591549297
0.2007042253521127
0.18309859154929578
0.20774647887323944
0.2112676056338028
0.2605633802816901
0.19014084507042253
0.20422535211267606
0.2323943661971831
0.1795774647887324
0.16549295774647887
0.1795774647887324
0.2112676056338028
0.2746478873239437
0.18661971830985916
0.2147887323943662
0.17253521126760563
0.20422535211267606
0.24295774647887325
0.2112676056338028
0.1619718309859155
0.22183098591549297
0.2323943661971831
0.18309859154929578
0.22183098591549297
0.17253521126760563
0.14788732394366197
0.21830985915492956
0.22887323943661972
0.22887323943661972
0.22183098591549297
0.23591549295774647
0.24295774647887325
0.15845070422535212
0.21830985915492956
0.20422535211267606
0.2323943661971831
0.16549295774647887
0.23943661971830985
0.176056338028169
0.14084507042253522
0.19718309859154928
0.19718309859154928
0.19718309859154928
0.21830985915492956
0.2007042253521127
0.1795774647887324
0.22887323943661972
0.2147887323943662
0.2147887323943662
0.15140845070422534
0.19718309859154928
0.2112676056338028
0.17253521126760563
0.21830985915492956
0.20774647887323944
0.14788732394366197
0.20422535211267606
0.18309859154929578
0.22887323943661972
0.20422535211267606
0.14788732394366197
0.15140845070422534
0.1795774647887324
0.17253521126760563
0.19718309859154928
0.18661971830985916
0.19014084507042253
0.19718309859154928
0.2112676056338028
0.19718309859154928
0.1795774647887324
0.19014084507042253
0.23943661971830985
0.22535211267605634
0.22183098591549297
0.22535211267605634
0.19718309859154928
0.15845070422535212
0.176056338028169
0.19718309859154928
0.23943661971830985
0.22887323943661972
0.18309859154929578
0.2112676056338028
0.19014084507042253
0.20422535211267606
0.19718309859154928
0.21830985915492956
0.16901408450704225
0.22183098591549297
0.1936619718309859
0.1795774647887324
0.16549295774647887
0.15845070422535212
0.1795774647887324
0.2007042253521127
0.2112676056338028
0.16901408450704225
0.1619718309859155
0.21830985915492956
0.2112676056338028
0.19014084507042253
0.2147887323943662
0.1936619718309859
0.20774647887323944
0.1795774647887324
0.176056338028169
0.23943661971830985
0.21830985915492956
0.18661971830985916
0.15845070422535212
0.25
0.24295774647887325
0.1619718309859155
0.20422535211267606
0.2147887323943662
0.20422535211267606
0.21830985915492956
0.18661971830985916
0.16901408450704225
0.18309859154929578
0.23591549295774647
0.19014084507042253
0.1936619718309859
0.2323943661971831
0.2323943661971831
0.19014084507042253
0.18309859154929578
0.19014084507042253
0.19718309859154928
0.15845070422535212
0.18661971830985916
0.19718309859154928
0.1936619718309859
0.2147887323943662
0.2007042253521127
0.2007042253521127
0.2112676056338028
0.18661971830985916
0.18309859154929578
0.2147887323943662
0.20422535211267606
0.17253521126760563
0.22535211267605634
0.1936619718309859
0.1795774647887324
0.22535211267605634
0.2007042253521127
0.19014084507042253
0.18661971830985916
0.2147887323943662
0.1936619718309859
0.21830985915492956
0.18661971830985916
0.19718309859154928
0.20422535211267606
0.18309859154929578
0.20774647887323944
0.19718309859154928
0.2007042253521127
0.2007042253521127
0.22535211267605634
0.1619718309859155
0.2535211267605634
0.1936619718309859
0.20422535211267606
0.1619718309859155
0.17253521126760563
0.2007042253521127
0.2147887323943662
0.19718309859154928
0.16901408450704225
0.20774647887323944
0.19718309859154928
0.24295774647887325
0.20774647887323944
0.19718309859154928
0.20422535211267606
0.18661971830985916
0.176056338028169
0.19014084507042253
0.22535211267605634
0.19718309859154928
0.2007042253521127
0.22183098591549297
0.1936619718309859
0.2147887323943662
0.22183098591549297
0.15845070422535212
0.1795774647887324
0.176056338028169
0.2323943661971831
0.18661971830985916
0.1936619718309859
0.2147887323943662
0.13028169014084506
0.19014084507042253
0.19718309859154928
0.2112676056338028
0.19718309859154928
0.2007042253521127
0.19718309859154928
0.1936619718309859
0.17253521126760563
0.23591549295774647
0.20422535211267606
0.1936619718309859
0.176056338028169
0.2007042253521127
0.22535211267605634
0.18309859154929578
0.22183098591549297
0.24295774647887325
0.22887323943661972
0.23591549295774647
0.2007042253521127
0.1936619718309859
0.20774647887323944
0.2112676056338028
0.20422535211267606
0.2323943661971831
0.23943661971830985
0.19014084507042253
0.2112676056338028
0.20422535211267606
0.22183098591549297
0.20774647887323944
0.22183098591549297
0.1936619718309859
0.18661971830985916
0.20422535211267606
0.18661971830985916
0.23591549295774647
0.18309859154929578
0.20422535211267606
0.18661971830985916
0.18661971830985916
0.176056338028169
0.21830985915492956
0.20422535211267606
0.19718309859154928
0.2112676056338028
0.19014084507042253
0.1936619718309859
0.22535211267605634
0.19718309859154928
0.20422535211267606
0.2112676056338028
0.20422535211267606
0.18309859154929578
0.17253521126760563
0.18309859154929578
0.17253521126760563
0.2323943661971831
0.2112676056338028
0.20774647887323944
0.22535211267605634
0.19718309859154928
0.19718309859154928
0.176056338028169
0.18661971830985916
0.21830985915492956
0.2007042253521127
0.21830985915492956
0.1795774647887324
0.18309859154929578
0.2147887323943662
0.17253521126760563
0.24647887323943662
0.16549295774647887
0.18309859154929578
0.2007042253521127
0.19014084507042253
0.1795774647887324
0.16549295774647887
0.22183098591549297
0.23591549295774647
0.19014084507042253
0.15492957746478872
0.21830985915492956
0.21830985915492956
0.1936619718309859
0.19718309859154928
0.19718309859154928
0.176056338028169
0.21830985915492956
0.18661971830985916
0.18661971830985916
0.21830985915492956
0.1443661971830986
0.176056338028169
0.2112676056338028
0.18661971830985916
0.18309859154929578
0.22535211267605634
0.24295774647887325
0.2323943661971831
0.18661971830985916
0.2147887323943662
0.21830985915492956
0.25
0.24295774647887325
0.19718309859154928
0.1795774647887324
0.1936619718309859
0.22535211267605634
0.1619718309859155
0.2112676056338028
0.22887323943661972
0.1795774647887324
0.20422535211267606
0.22183098591549297
0.2323943661971831
0.2112676056338028
0.2535211267605634
0.18661971830985916
0.19718309859154928
0.19014084507042253
0.18661971830985916
0.19014084507042253
0.1936619718309859
0.2007042253521127
0.2112676056338028
0.19014084507042253
0.19014084507042253
0.2007042253521127
0.2112676056338028
0.2147887323943662
0.20774647887323944
0.14788732394366197
0.2147887323943662
0.2323943661971831
0.2007042253521127
0.22887323943661972
0.22183098591549297
0.18309859154929578
0.2676056338028169
0.1795774647887324
0.1619718309859155
0.18309859154929578
0.2112676056338028
0.18309859154929578
0.2112676056338028
0.176056338028169
0.22535211267605634
0.1936619718309859
0.20422535211267606
0.18661971830985916
0.17253521126760563
0.18309859154929578
0.21830985915492956
0.1795774647887324
0.15845070422535212
0.20422535211267606
0.16901408450704225
0.2147887323943662
0.19718309859154928
0.20774647887323944
0.16549295774647887
0.20422535211267606
0.1936619718309859
0.20774647887323944
0.2112676056338028
0.23591549295774647
0.19014084507042253
0.19014084507042253
0.24647887323943662
0.18309859154929578
0.19718309859154928
0.16549295774647887
0.18661971830985916
0.19718309859154928
0.15845070422535212
0.19718309859154928
0.18309859154929578
0.16901408450704225
0.22535211267605634
0.2112676056338028
0.22887323943661972
0.1936619718309859
0.2323943661971831
0.2147887323943662
0.2535211267605634
0.18661971830985916
0.20774647887323944
0.2147887323943662
0.22183098591549297
0.20774647887323944
0.18309859154929578
0.19014084507042253
0.20774647887323944
0.2323943661971831
0.2007042253521127
0.16549295774647887
0.21830985915492956
0.20774647887323944
0.15845070422535212
0.2323943661971831
0.22183098591549297
0.19718309859154928
0.18309859154929578
0.1619718309859155
0.23943661971830985
0.17253521126760563
0.20774647887323944
0.2147887323943662
0.16901408450704225
0.1936619718309859
0.19718309859154928
0.20774647887323944
0.20422535211267606
0.18309859154929578
0.1795774647887324
0.2323943661971831
0.19718309859154928
0.22535211267605634
0.19718309859154928
0.176056338028169
0.20774647887323944
0.2323943661971831
0.23943661971830985
0.2007042253521127
0.19718309859154928
0.2112676056338028
0.2112676056338028
0.19014084507042253
0.1936619718309859
0.22887323943661972
0.2112676056338028
0.2112676056338028
0.20422535211267606
0.22183098591549297
0.2323943661971831
0.176056338028169
0.21830985915492956
0.23943661971830985
0.2112676056338028
0.20774647887323944
0.21830985915492956
0.24295774647887325
0.18661971830985916
0.18661971830985916
0.20422535211267606
0.2007042253521127
0.18661971830985916
0.2007042253521127
0.19014084507042253
0.19014084507042253
0.28169014084507044
0.1795774647887324
0.20774647887323944
0.2112676056338028
0.20422535211267606
0.19014084507042253
0.18309859154929578
0.20774647887323944
0.2112676056338028
0.24295774647887325
0.20774647887323944
0.1795774647887324
0.2112676056338028
0.15845070422535212
0.2007042253521127
0.19014084507042253
0.20774647887323944
0.2147887323943662
0.1619718309859155
0.13732394366197184
0.22887323943661972
0.14788732394366197
0.2112676056338028
0.20422535211267606
0.176056338028169
0.18309859154929578
0.19718309859154928
0.19718309859154928
0.20422535211267606
0.1936619718309859
0.2112676056338028
0.24647887323943662
0.2112676056338028
0.19014084507042253
0.20774647887323944
0.19014084507042253
0.2323943661971831
0.20422535211267606
0.19014084507042253
