0.5200357072009523
0.5132910136877604
0.5405673477484625
0.5389555643721483
0.5266564173775045
0.5194405871850822
0.5193166038484428
0.5876066256695099
0.5309958341598888
0.4978178932751438
0.5374429676651458
0.5061495734973219
0.5474360245982939
0.5441876611783376
0.5286153540964094
0.5378645110097203
0.5352112676056338
0.5374925609998016
0.5700009918666931
0.5407657210870859
0.4624330489982147
0.5727534219400912
0.5252182106724855
0.5724558619321563
0.5314173775044634
0.5191926205118033
0.5514282880380876
0.48189843285062495
0.5741420353104543
0.5065959135092244
0.5128694703431859
0.5495437413211663
0.5099434635984924
0.5279210474112279
0.6020134893870264
0.5036947034318587
0.4997520333267208
0.5227881372743503
0.5389803610394762
0.5249950406665344
0.5084556635588177
0.5529160880777624
0.5061495734973219
0.5312685975004959
0.519837333862329
0.4872545129934537
0.5402201944058719
0.5152995437413211
0.5572059115254909
0.5471632612576869
0.5086044435627852
0.49201547312041266
0.5335498908946636
0.5335994842293197
0.5068190835151756
0.5170105137869471
0.546915294584408
0.49496627653243397
0.5381372743503273
0.5055048601467962
0.5321612775243006
0.5686619718309859
0.5408401110890696
0.5184735171592938
0.5344177742511406
0.49067645308470537
0.547411227930966
0.582324935528665
0.5676205118032136
0.5245734973219599
0.5200357072009523
0.5216722872445944
0.4562090854989089
0.5324836341995636
0.5067446935131918
0.493007339813529
0.6099732195992859
0.5390795477087879
0.4818984328506249
0.5536847847649277
0.5248958539972228
0.5141093037095814
0.5261356873636184
0.5424518944653838
0.5893671890497917
0.5082572902201944
0.53739337433049
0.5751586986708986
0.533202737552073
0.5754066653441778
0.5308718508232494
0.5409392977583813
0.5012646300337235
0.5440636778416981
0.5549990081333069
0.5141093037095814
0.5293592541162467
0.4859402896250744
0.5575530648680818
0.5578506248760168
0.5331779408847451
0.4669708391192224
0.5200109105336242
0.5462953779012101
0.5038186867684983
0.4976443166038484
0.5376165443364411
0.4854443562785161
0.5516762547113667
0.5257637373536997
0.49823943661971837
0.5516762547113668
0.5342441975798452
0.511183296964888
0.536575084308669
0.5162418170997817
0.5511803213648085
0.5417327911128745
0.5615453283078754
0.5459482245586194
0.5246726839912716
0.5502876413410038
0.5256397540170601
0.516464987105733
0.5641489783773062
0.5870363023209682
0.4905276730807379
0.5456010712160286
0.4919162864511009
0.5897391390597104
0.5136381670303511
0.5202588772069033
0.49682602658202735
0.5414848244395953
0.5125223170005951
0.5030995834159888
0.4902053164054751
0.5327563975401707
0.496379686570125
0.5551973814719301
0.5546270581233882
0.4774846260662567
0.5467417179131124
0.5606278516167428
0.5319629041856775
0.5415592144415791
0.5829696488791907
0.5502876413410037
0.5353600476096012
0.5445348145209283
0.5321116841896448
0.49521424320571306
0.544386034516961
0.5476839912715732
0.5341202142432058
0.5270283673874231
0.5156962904185677
0.4980162666137671
0.5345417575877801
0.5445844078555842
0.5013142233683794
0.5263092640349137
0.5184983138266216
0.5717615552469748
0.5544286847847648
0.5021325133902004
0.48998214639952387
0.5394019043840508
0.5289377107716722
0.5456010712160285
0.5383108510216226
0.476294386034517
0.4958341598889109
0.552172188057925
0.49613171989684585
0.5237800039674668
0.5525937314024996
0.4967764332473715
0.5029260067446935
0.5462953779012101
0.5177296171394564
0.5835895655623884
0.5092243602459828
0.5241271573100575
0.5256397540170601
0.47981551279508033
0.5286401507637374
0.5202588772069033
0.5547262447926998
0.5486510612973616
0.4910979964292799
0.5588920849037889
0.5261108906962904
0.5073894068637175
0.5312933941678238
0.5757786153540964
0.4854691529458441
0.5452291212061099
0.5694802618528071
0.5188702638365404
0.5499404879984129
0.5172336837928982
0.5446340011902401
0.537120610989883
0.5053560801428288
0.5349137075976989
0.5415344177742513
0.49300733981352907
0.5096211069232295
0.5318637175163659
0.5092243602459829
0.5086540368974409
0.540740924419758
0.5055544534814521
0.5148780003967467
0.5414104344376116
0.5335746875619917
0.5530648680817298
0.538781987700853
0.534888910930371
0.5790765721087087
0.5643969450505852
0.5399722277325928
0.522862527276334
0.5264084507042255
0.552444951398532
0.5783326720888713
0.52955762745487
0.5435677444951399
0.49680122991469955
0.5594128149176751
0.5274499107319977
0.5182007538186867
0.5399722277325928
0.5580489982146399
0.5146300337234676
0.5405921444157905
0.5330539575481056
0.5126215036699068
0.5096459035905574
0.540468161079151
0.5119024003173973
0.5008926800238047
0.564992065066455
0.53905475104146
0.4877504463400119
0.5342937909145011
0.5608758182900219
0.5220690339218409
0.5394267010513787
0.586490775639754
0.5222178139258083
0.5304503074786748
0.5148532037294188
0.5341698075778616
0.5573794881967864
0.5599087482642333
0.5019093433842492
0.5582225748859354
0.547733584606229
0.5448571711961913
0.5322108708589566
0.5406169410831185
0.4868329696488792
0.5601071216028566
0.5570571315215236
0.5367734576472923
0.5122495536599881
0.5069926601864709
0.5152251537393374
0.5575034715334259
0.5462209878992264
0.5693562785161674
0.5172584804602262
0.5486510612973616
0.530127950803412
0.5369470343185876
0.5629835350128942
0.4858163062884348
0.5644713350525689
0.5240031739734179
0.5041162467764332
0.5939793691727832
0.5321116841896449
0.5720839119222376
0.5225401706010712
0.5424766911327118
0.5221682205911524
0.46677246578059906
0.5754810553461616
0.5263836540368975
0.586218012299147
0.5611485816306289
0.5144564570521722
0.5245982939892879
0.5423031144614164
0.5302767308073796
0.5352856576076176
0.5088028169014085
0.5035211267605634
0.5466673279111287
0.5416831977782186
0.5631323150168618
0.5031987700853006
0.5247222773259275
0.5132166236857767
0.5375917476691133
0.5314669708391191
0.5576770482047213
0.5517754413806785
0.5483287046220987
0.48705613965483047
0.5520730013886134
0.5483287046220988
0.5596607815909542
0.48536996627653245
0.536550287641341
0.5188206705018846
0.5295328307875422
0.5115552469748066
0.5456010712160286
0.49424717317992456
0.49218904979170797
0.5266068240428486
0.5155723070819281
0.5384348343582622
0.5134149970243999
0.5251686173378297
0.5113568736361833
0.47428585598095613
0.5882265423527079
0.5325332275342194
0.4935528664947431
0.5930866891489783
0.5300039674667725
0.5391291410434438
0.5330043642134497
0.5723566752628447
0.5143324737155326
0.5283921840904583
0.5396746677246578
0.49226343979369164
0.5336738742313034
0.5322356675262845
0.5552717714739139
0.491618726443166
0.5530896647490577
0.468756199166832
0.5113816703035112
0.5406665344177742
0.5300287641341004
0.5271523507240626
0.48549394961317194
0.517258480460226
0.584308668914898
0.4934288831581035
0.5098690735965086
0.5174072604641936
0.563355485022813
0.5699513985320372
0.5482047212854592
0.4812537195000992
0.5383604443562786
0.5427990478079746
0.5102410236064272
0.5492213846459035
0.5626115850029756
0.5350128942670106
0.5336738742313033
0.5447083911922238
0.5031243800833168
0.5398482443959531
0.504190636778417
0.5566603848442768
0.5029508034120214
0.5283425907558024
0.5344921642531244
0.5622644316603849
0.5377157310057528
0.5638514183693711
0.5789029954374131
0.5336490775639754
0.5303511208093632
0.5603054949414799
0.5398482443959532
0.5095963102559016
0.5651160484030947
0.5538335647688951
0.5004711366792304
0.5861436222971632
0.5580985915492958
0.5133406070224161
0.49365205316405475
0.5167625471136679
0.5037938901011704
0.5051577068042056
0.4956605832176156
0.5232592739535807
0.5527921047411228
0.5474856179329498
0.5206804205514779
0.5478823646101965
0.519539773854394
0.4804106328109502
0.5869371156516564
0.5359055742908153
0.5742908153144218
0.5536103947629438
0.5129934536798254
0.4841797262447927
0.5385340210275739
0.5952687958738345
0.5294336441182306
0.5467417179131124
0.5671741717913111
0.5205812338821663
0.5372693909938505
0.4813033128347551
0.5096211069232295
0.5562636381670304
0.5327316008728427
0.5158202737552072
0.5207548105534615
0.5456010712160285
0.551626661376711
0.549394961317199
0.5312685975004958
0.5527921047411227
0.5295080341202143
0.520928387224757
0.5977236659392977
0.5531144614163856
0.5107617536203135
0.5086044435627851
0.509472326919262
0.5399970243999207
0.518151160484031
0.4723517159293791
0.5125967070025789
0.5853501289426701
0.5080589168815711
0.5088772069033922
0.6275292600674469
0.525664550684388
0.5676949018051973
0.5073398135290617
0.5143572703828605
0.5217218805792501
0.4940240031739734
0.5707696885538583
0.49181709978178934
0.49261059313628247
0.5345665542551081
0.5131670303511208
0.49543741321166435
0.5506347946835944
0.49521424320571317
0.5457498512199961
0.5551973814719301
0.4942223765125967
0.5152251537393374
0.5183247371553263
0.5062735568339615
0.5366742709779806
0.5057280301527475
0.5129686570124975
0.4960573298948621
0.5439892878397143
0.5709432652251538
0.5701249752033326
0.5229617139456457
0.5314917675064471
0.5063479468359452
0.5166881571116843
0.5345913509224359
0.5489238246379686
0.5904582424122198
0.5551973814719302
0.4951398532037294
0.5250446340011904
0.5093979369172783
0.5036699067645308
0.5319877008530052
0.5251686173378298
0.5180519738147193
0.5667278317794089
0.5141093037095814
0.5444356278516168
0.5329051775441381
0.5374429676651458
0.5316653441777425
0.5384348343582622
0.507562983535013
0.5649672683991273
0.5110593136282484
0.5358559809561594
0.5367486609799642
0.5203828605435429
0.5053312834755008
0.5182007538186868
