0.767035310454275
0.7369569529855188
0.7792352707796072
0.7575877802023409
0.781541360841103
0.744991073199762
0.7711267605633803
0.7282285260860939
0.7748214639952391
0.7280549494147986
0.7959978178932752
0.7545377901210077
0.7752430073398136
0.7892035310454275
0.7624727236659392
0.7702836738742314
0.7587284268994247
0.7714491172386432
0.7539426701051379
0.781541360841103
0.765919460424519
0.7099037889307678
0.7633654036897441
0.775094227335846
0.7729617139456457
0.719872049196588
0.7514878000396747
0.7805990874826423
0.743850426502678
0.7746478873239437
0.7405028764134101
0.7953531045427495
0.7520333267208887
0.7738791906367783
0.7680023804800634
0.7637125570323349
0.7947083911922238
0.7774251140646696
0.7732592739535806
0.775962110692323
0.7515621900416584
0.758678833564769
0.7626463003372347
0.7930222178139258
0.7577117635389803
0.7409988097599682
0.7593979369172783
0.7607865502876413
0.7985270779607221
0.7532979567546122
0.7293443761158501
0.7291460027772267
0.7839218409045824
0.7681263638167031
0.7747470739932554
0.7706060305494941
0.8046270581233882
0.7530003967466772
0.7184090458242413
0.803015274747074
0.7232443959531839
0.7397093830589169
0.7405524697480659
0.7403045030747868
0.7311297361634597
0.7293939694505058
0.7252529260067447
0.7473715532632415
0.7517357667129537
0.7693909938504264
0.7703580638762151
0.7978327712755406
0.7593483435826225
0.725996826026582
0.7545625867883357
0.7427345764729221
0.7417427097798055
0.7693909938504264
0.7820372941876612
0.744991073199762
0.7437264431660384
0.7361386629636977
0.756397540170601
0.7592243602459829
0.7724905772664155
0.7890051577068041
0.7949315611981749
0.7320472128545924
0.7774995040666535
0.7454126165443364
0.7747966673279111
0.7387175163658004
0.7816653441777425
0.7414451497718706
0.734898829597302
0.7722178139258082
0.7541410434437612
0.7511158500297559
0.7441975798452688
0.7701348938702639
0.7595219202539178
0.8140993850426502
0.7347004562586789
0.8067595715135886
0.779855187462805
0.7530251934140052
0.7981303312834754
0.7510166633604444
0.7772763340607023
0.7843929775838127
0.7763836540368974
0.7600674469351318
0.7803263241420354
0.7738543939694505
0.7806982741519539
0.7696389605237057
0.74109799642928
0.7825332275342194
0.7910136877603651
0.7815165641737751
0.7563231501686173
0.7747222773259274
0.787963697679032
0.7901458044038883
0.7740775639754016
0.760017853600476
0.7368825629835349
0.7427841698075779
0.7588276135687364
0.7546865701249752
0.7731600872842691
0.763935727038286
0.7449662765324341
0.7549345367982543
0.7369817496528466
0.7211862725649674
0.7536699067645307
0.765646697083912
0.7796072207895259
0.7768547907161278
0.763935727038286
0.7209878992263439
0.7756893473517159
0.7286004760960128
0.7789377107716724
0.740527673080738
0.7526532434040865
0.7931957944852213
0.7508926800238047
0.8037591747669114
0.7747222773259275
0.7635389803610396
0.7709035905574292
0.7227732592739536
0.7903689744098393
0.7753421940091252
0.757513390200357
0.7733336639555644
0.7566207101765523
0.7419906764530848
0.7584804602261456
0.7646548303907954
0.7506695100178535
0.7109452489585399
0.7678040071414401
0.7408500297560008
0.7966177345764729
0.7406764530847054
0.7544881967863519
0.7030351120809364
0.7578357468756199
0.7562735568339616
0.7418914897837731
0.7279061694108312
0.7373289029954374
0.7429329498115453
0.7793096607815909
0.7638861337036302
0.7570174568537988
0.7828307875421543
0.7771523507240626
0.7488097599682602
0.7281789327514382
0.7695149771870661
0.7566207101765523
0.7314520928387225
0.7556536401507638
0.7305842094822457
0.749702439992065
0.7445447331878595
0.8016018647093831
0.7808718508232493
0.7663658004364213
0.7822604641936124
0.7662666137671097
0.8089912715731007
0.7145655623884151
0.8017506447133506
0.7711763538980361
0.7557032334854196
0.7329398928783972
0.7664401904384051
0.7069281888514183
0.7697629438603452
0.7973120412616544
0.7489585399722278
0.735196389605237
0.7915096211069231
0.8014034913707597
0.7478674866097996
0.7938405078357469
0.7626710970045626
0.7621999603253322
0.7564223368379289
0.7391142630430471
0.7943612378496331
0.7936173378297957
0.734402896250744
0.7314520928387225
0.7794088474509026
0.7591003769093434
0.7685727038286054
0.7665641737750446
0.7974608212656219
0.793815711168419
0.7226244792699861
0.7523060900614957
0.7457597698869272
0.7854344376115849
0.7771771473913905
0.749727236659393
0.786004760960127
0.7585796468954572
0.8153640150763737
0.7737800039674669
0.7945844078555843
0.7545873834556635
0.7677792104741124
0.7561743701646498
0.7782186074191629
0.761456060305495
0.7810702241618727
0.764530847054156
0.7539674667724657
0.7804999008133306
0.7770779607220789
0.7449414798651062
0.7303610394762945
0.7478178932751438
0.7424122197976593
0.7660682404284864
0.7622743503273159
0.7688454671692124
0.7426353898036104
0.7741519539773855
0.750545526681214
0.7674072604641936
0.7562735568339616
0.775119024003174
0.8083961515572308
0.7453878198770085
0.753049990081333
0.7495040666534417
0.7881372743503272
0.7676800238048007
0.7900962110692323
0.7638117437016465
0.7713995239039872
0.7686222971632612
0.7793840507835748
0.7715483039079548
0.7749454473318786
0.7637869470343186
0.7779458440785558
0.7659938504265026
0.7492313033128348
0.7744247173179925
0.7613568736361833
0.7392382463796865
0.7381223963499306
0.7705812338821663
0.7709283872247569
0.7531491767506447
0.7557032334854195
0.7565463201745686
0.7511158500297559
0.8162566951001786
0.7929478278119421
0.7638117437016465
0.7513638167030351
0.7754413806784368
0.7328902995437413
0.7780698274151954
0.745263836540369
0.7619271969847252
0.760612973616346
0.787145407657211
0.7800535608014283
0.7652003570720096
0.7729369172783178
0.7707300138861337
0.784864114263043
0.7861039476294386
0.7820372941876612
0.7866742709779805
0.7660930370958142
0.7521325133902004
0.786525490974013
0.7865006943066851
0.7654483237452886
0.8048998214639952
0.7122594723269193
0.7678536004760961
0.7517853600476095
0.7454870065463202
0.793790914501091
0.8003372346756595
0.7606625669510017
0.7607617536203133
0.741048403094624
0.7642580837135489
0.7752926006744694
0.7767556040468161
0.7498760166633603
0.7680023804800635
0.7423874231303313
0.7641836937115652
0.7736560206308272
0.8028169014084506
0.7753917873437809
0.7233683792898234
0.7666137671097004
0.7518101567149374
0.7719946439198573
0.7705316405475103
0.7834507042253521
0.7375520730013885
0.7493304899821465
0.7436520531640548
0.7694901805197382
0.7500991866693116
0.7501983733386232
0.7778466574092442
0.7644068637175165
0.7581829002182107
0.7989734179726244
0.7752678040071415
0.7609353302916089
0.7735816306288436
0.7334110295576274
0.7375768696687165
0.7787641341003769
0.7887323943661972
0.7869222376512597
0.7828307875421544
0.7409244197579845
0.7955762745487007
0.768151160484031
0.7702092838722475
0.780127950803412
0.7752182106724856
0.7459829398928783
0.7485617932949812
0.7562735568339615
0.7604641936123785
0.7545625867883357
0.780127950803412
0.7780698274151954
0.7285260860940289
0.7749950406665345
0.7781442174171791
0.7086143622297163
0.7930966078159095
0.739684586391589
0.7347252529260068
0.7638613370363023
0.7298155127950804
0.7690438405078357
0.7590011902400318
0.7540170601071217
0.7910136877603651
0.7833515175560404
0.7575381868676849
0.7637621503669907
0.7228724459432652
0.7784169807577861
0.7314272961713946
0.7414947431065265
0.7580341202142432
0.7582572902201944
0.7758877206903392
0.7545377901210077
0.7046964887919065
0.7583068835548502
0.7601418369371157
0.7597450902598691
0.7687214838325729
0.7476939099385043
0.7947331878595517
0.7481898432850626
0.7595715135885738
0.7824092441975798
0.7439744098393175
0.7362874429676652
0.7663410037690934
0.7566207101765523
0.7563231501686174
0.7528764134100376
0.7804503074786748
0.764803610394763
0.737155326324142
0.7802767308073795
0.7595715135885737
0.7710523705613965
0.7925014878000397
0.7895754810553463
0.7495040666534417
0.7710523705613965
0.7836242808966475
0.7803015274747074
0.7413707597698869
0.7725649672683991
0.7677544138067844
0.778466574092442
0.7563231501686173
0.75391787343781
0.738816703035112
0.7660930370958143
0.7110940289625074
0.7587036302320969
0.7751686173378297
0.7581085102162269
0.7708787938901012
0.8079250148780004
0.7776730807379487
0.7666633604443563
0.7512398333663955
0.7324439595318389
0.7582324935528665
0.769242213846459
0.7489585399722278
0.7910384844276929
0.7420154731204125
0.7670849037889308
0.7637373536996628
0.8052221781392581
0.775391787343781
0.7719450505852014
0.7644316603848442
0.8184883951596906
0.7933197778218608
0.7668369371156517
0.7952539178734378
0.7268399127157309
0.7997917079944455
0.7585796468954572
0.7791608807776236
0.7370561396548304
0.7587780202340806
0.7752182106724855
0.7658450704225352
0.7779954374132116
0.7744247173179923
0.8001884546716922
0.7844921642531244
0.7534715334259074
0.7365850029756
0.8056189248165047
0.7893771077167229
0.7722922039277922
0.7668617337829796
0.7443463598492361
0.7793840507835748
0.7632662170204324
0.7525788534021027
0.753347550089268
0.7420650664550685
0.7454126165443364
0.7674816504661774
0.7664153937710771
0.7615800436421345
0.7921295377901211
0.7862279309660782
0.7576125768696687
0.775962110692323
0.7817397341797262
0.7727881372743504
0.7536451100972029
0.77955762745487
0.8121900416584011
0.781516564173775
0.7657954770878794
0.7630678436818091
0.7982543146201151
0.7949563578655029
0.7749454473318785
0.76733287046221
0.7822108708589566
0.7626958936718905
0.7599186669311644
