0.5281690140845071
0.5
0.4823943661971831
0.47535211267605637
0.5387323943661972
0.4964788732394366
0.5
0.49823943661971837
0.5017605633802817
0.5105633802816901
0.4859154929577465
0.48415492957746475
0.545774647887324
0.5264084507042253
0.5211267605633803
0.4911971830985915
0.5070422535211268
0.4665492957746479
0.4647887323943662
0.4524647887323944
0.5528169014084507
0.5
0.426056338028169
0.4911971830985915
0.5598591549295775
0.48415492957746475
0.5193661971830985
0.5475352112676056
0.5440140845070424
0.4964788732394366
0.5140845070422535
0.5281690140845071
0.4894366197183099
0.5316901408450705
0.5440140845070424
0.579225352112676
0.5492957746478874
0.4876760563380282
0.47007042253521125
0.4595070422535212
0.4665492957746479
0.5017605633802816
0.5528169014084507
0.5035211267605634
0.4735915492957747
0.4542253521126761
0.49471830985915494
0.4823943661971831
0.4700704225352113
0.49471830985915494
0.48415492957746475
0.4647887323943662
0.5369718309859155
0.47535211267605637
0.5088028169014084
0.5176056338028169
0.5264084507042254
0.545774647887324
0.5228873239436619
0.5088028169014085
0.4859154929577465
0.47887323943661975
0.48415492957746475
0.48767605633802813
0.5123239436619719
0.5880281690140845
0.49295774647887325
0.477112676056338
0.4595070422535211
0.471830985915493
0.47535211267605637
0.5264084507042254
0.5316901408450705
0.5211267605633803
0.5123239436619719
0.4806338028169014
0.5070422535211268
0.5105633802816901
0.5070422535211268
0.4806338028169014
0.545774647887324
0.5264084507042254
0.533450704225352
0.47887323943661975
0.5369718309859154
0.48415492957746475
0.477112676056338
0.505281690140845
0.522887323943662
0.5
0.49295774647887325
0.48767605633802813
0.4859154929577465
0.47535211267605637
0.5035211267605634
0.5105633802816902
0.48415492957746475
0.5158450704225352
0.4806338028169014
0.5
0.505281690140845
0.48591549295774644
0.5035211267605634
0.4577464788732395
0.46830985915492956
0.5193661971830985
0.4753521126760563
0.5492957746478874
0.4947183098591549
0.505281690140845
0.4735915492957747
0.5352112676056338
0.5176056338028169
0.44014084507042256
0.4982394366197183
0.4894366197183099
0.4947183098591549
0.5035211267605634
0.4577464788732395
0.48239436619718307
0.49823943661971826
0.5299295774647887
0.49295774647887325
0.4859154929577465
0.4947183098591549
0.4929577464788732
0.49823943661971826
0.43838028169014087
0.4788732394366197
0.4964788732394366
0.5035211267605634
0.45422535211267606
0.5492957746478874
0.4735915492957746
0.4683098591549296
0.5070422535211268
0.4683098591549296
0.5035211267605634
0.49471830985915494
0.5387323943661971
0.5088028169014085
0.5193661971830986
0.5158450704225352
0.49119718309859156
0.46830985915492956
0.4964788732394366
0.5193661971830986
0.5457746478873239
0.4859154929577465
0.49823943661971826
0.448943661971831
0.4823943661971831
0.5950704225352113
0.5334507042253521
0.5105633802816901
0.4665492957746479
0.5070422535211268
0.4454225352112676
0.4647887323943662
0.5158450704225351
0.47887323943661975
0.5281690140845071
0.4647887323943662
0.4911971830985915
0.4700704225352112
0.5404929577464788
0.5105633802816901
0.477112676056338
0.4859154929577465
0.4542253521126761
0.5176056338028169
0.4911971830985915
0.5105633802816901
0.5193661971830986
0.49471830985915494
0.5545774647887325
0.5352112676056338
0.4683098591549296
0.5123239436619718
0.4947183098591549
0.522887323943662
0.5017605633802816
0.48767605633802813
0.4683098591549296
0.545774647887324
0.477112676056338
0.47535211267605637
0.5140845070422535
0.5017605633802816
0.471830985915493
0.4859154929577465
0.5211267605633803
0.5035211267605634
0.4859154929577465
0.4823943661971831
0.4630281690140845
0.5088028169014085
0.5123239436619719
0.47535211267605637
0.5035211267605634
0.4383802816901408
0.5352112676056339
0.5070422535211268
0.4630281690140845
0.4683098591549296
0.4859154929577465
0.47887323943661975
0.5492957746478874
0.5176056338028169
0.5211267605633803
0.4348591549295775
0.5387323943661972
0.5246478873239436
0.4894366197183099
0.4595070422535211
0.545774647887324
0.5035211267605634
0.5
0.5440140845070424
0.471830985915493
0.4911971830985915
0.4876760563380282
0.49295774647887325
0.49295774647887325
0.5211267605633803
0.48063380281690143
0.5598591549295775
0.5352112676056339
0.5211267605633803
0.5176056338028169
0.448943661971831
0.528169014084507
0.5387323943661972
0.4964788732394366
0.45598591549295775
0.5369718309859154
0.4841549295774648
0.471830985915493
0.46126760563380287
0.5
0.5440140845070423
0.4735915492957747
0.46830985915492956
0.5193661971830985
0.528169014084507
0.4823943661971831
0.5158450704225352
0.5017605633802816
0.49471830985915494
0.4964788732394366
0.4823943661971831
0.5387323943661972
0.4911971830985915
0.528169014084507
0.4823943661971831
0.5440140845070423
0.5105633802816901
0.5105633802816901
0.5088028169014085
0.5140845070422535
0.4894366197183099
0.4859154929577465
0.522887323943662
0.5211267605633804
0.5105633802816901
0.5017605633802816
0.5193661971830986
0.5299295774647887
0.5105633802816901
0.5264084507042253
0.4436619718309859
0.5387323943661972
0.49295774647887325
0.46478873239436624
0.5176056338028169
0.48415492957746475
0.5123239436619718
0.47711267605633806
0.5193661971830986
0.522887323943662
0.47535211267605637
0.4982394366197183
0.49823943661971826
0.5387323943661972
0.5176056338028169
0.4964788732394366
0.5088028169014085
0.4471830985915493
0.5052816901408451
0.4595070422535211
0.45598591549295775
0.517605633802817
0.5475352112676056
0.5193661971830986
0.4630281690140845
0.43485915492957744
0.4665492957746479
0.4595070422535211
0.5
0.448943661971831
0.551056338028169
0.5281690140845071
0.5158450704225352
0.4876760563380282
0.5105633802816901
0.5369718309859155
0.5
0.5334507042253521
0.4735915492957746
0.46302816901408456
0.49471830985915494
0.5123239436619718
0.4630281690140845
0.4964788732394366
0.5158450704225351
0.4823943661971831
0.48239436619718307
0.477112676056338
0.5211267605633803
0.5316901408450704
0.5088028169014085
0.5105633802816901
0.5264084507042254
0.4859154929577465
0.4947183098591549
0.5387323943661971
0.4577464788732394
0.5070422535211268
0.4806338028169014
0.48767605633802813
0.5475352112676056
0.45774647887323944
0.5176056338028169
0.49823943661971837
0.47183098591549294
0.5158450704225352
0.5211267605633804
0.48767605633802813
0.477112676056338
0.5246478873239436
0.5404929577464788
0.48239436619718307
0.47007042253521125
0.5228873239436619
0.48415492957746475
0.4683098591549296
0.5105633802816901
0.505281690140845
0.4595070422535211
0.5123239436619718
0.48767605633802813
0.5669014084507042
0.4964788732394366
0.4823943661971831
0.5299295774647887
0.5193661971830986
0.5105633802816901
0.522887323943662
0.528169014084507
0.4964788732394366
0.5176056338028169
0.4911971830985915
0.4964788732394366
0.505281690140845
0.4964788732394366
0.5158450704225351
0.5017605633802816
0.5193661971830986
0.5299295774647887
0.528169014084507
0.4841549295774648
0.5158450704225352
0.5316901408450705
0.4841549295774648
0.5052816901408451
0.5158450704225352
0.5422535211267605
0.5193661971830985
0.4524647887323944
0.5
0.505281690140845
0.5211267605633804
0.4876760563380282
0.5035211267605634
0.522887323943662
0.4700704225352113
0.4876760563380282
0.5088028169014084
0.4859154929577465
0.46302816901408456
0.4823943661971831
0.471830985915493
0.5
0.4735915492957746
0.49119718309859156
0.5052816901408451
0.4876760563380282
0.46478873239436624
0.5352112676056339
0.5211267605633803
0.5211267605633804
0.4841549295774648
0.477112676056338
0.5140845070422535
0.4964788732394366
0.5088028169014085
0.5088028169014085
0.46654929577464793
0.4982394366197183
0.4683098591549296
0.5105633802816901
0.4911971830985915
0.4964788732394366
0.5158450704225351
0.4735915492957747
0.44366197183098594
0.48767605633802813
0.5035211267605634
0.5017605633802816
0.5070422535211268
0.5246478873239436
0.47007042253521125
0.4894366197183099
0.477112676056338
0.4524647887323943
0.5563380281690141
0.49119718309859156
0.5369718309859156
0.5070422535211268
0.4595070422535211
0.5105633802816901
0.49823943661971826
0.49823943661971826
0.528169014084507
0.46478873239436624
0.4894366197183099
0.48063380281690143
0.5404929577464789
0.5140845070422535
0.5035211267605634
0.4665492957746479
0.4700704225352112
0.5035211267605634
0.4894366197183099
0.505281690140845
0.45070422535211274
0.48767605633802813
0.5158450704225351
0.477112676056338
0.4894366197183099
0.47887323943661975
0.4823943661971831
0.5088028169014085
0.49823943661971826
0.471830985915493
0.5721830985915493
0.5369718309859155
0.477112676056338
0.47887323943661975
0.4911971830985915
0.49823943661971837
0.4859154929577465
0.505281690140845
0.49823943661971837
0.5123239436619719
0.4911971830985915
0.5123239436619718
0.522887323943662
0.5017605633802817
0.4823943661971831
0.477112676056338
0.47711267605633806
0.443661971830986
0.4735915492957746
0.5228873239436619
0.4806338028169014
0.5123239436619718
0.4947183098591549
0.47183098591549294
0.5052816901408451
0.528169014084507
0.5123239436619719
0.48415492957746475
0.4788732394366197
0.5334507042253521
0.5176056338028169
0.4630281690140845
0.5369718309859155
0.4859154929577465
0.5070422535211268
0.5246478873239437
0.48415492957746475
0.5193661971830986
0.4735915492957746
0.5017605633802816
0.4735915492957746
0.5140845070422535
0.477112676056338
0.477112676056338
0.528169014084507
