0.4418604651162791
0.4166666666666667
0.4634146341463415
0.41304347826086957
0.44047619047619047
0.4578313253012048
0.4482758620689655
0.4868421052631579
0.4936708860759494
0.4482758620689655
0.4318181818181818
0.4235294117647059
0.45977011494252873
0.4868421052631579
0.42857142857142855
0.42045454545454547
0.46153846153846156
0.42528735632183906
0.4431818181818182
0.4634146341463415
0.45569620253164556
0.4318181818181818
0.4625
0.43023255813953487
0.46835443037974683
0.37373737373737376
0.40425531914893614
0.4605263157894737
0.41379310344827586
0.4659090909090909
0.4
0.49333333333333335
0.4157303370786517
0.4457831325301205
0.5138888888888888
0.42696629213483145
0.5
0.4805194805194805
0.4935064935064935
0.4418604651162791
0.41304347826086957
0.42857142857142855
0.43902439024390244
0.4868421052631579
0.4567901234567901
0.4148936170212766
0.43956043956043955
0.42857142857142855
0.5
0.4235294117647059
0.4111111111111111
0.42528735632183906
0.4567901234567901
0.4
0.45121951219512196
0.45454545454545453
0.42391304347826086
0.4222222222222222
0.41379310344827586
0.5316455696202531
0.42391304347826086
0.3854166666666667
0.46987951807228917
0.375
0.4457831325301205
0.4367816091954023
0.3894736842105263
0.42857142857142855
0.42857142857142855
0.48
0.4
0.4634146341463415
0.45121951219512196
0.3894736842105263
0.4175824175824176
0.4157303370786517
0.42
0.40425531914893614
0.46835443037974683
0.4444444444444444
0.4675324675324675
0.42105263157894735
0.4
0.46835443037974683
0.4805194805194805
0.5063291139240507
0.4810126582278481
0.4235294117647059
0.3939393939393939
0.4367816091954023
0.475
0.42528735632183906
0.48
0.43333333333333335
0.4578313253012048
0.4810126582278481
0.42045454545454547
0.41304347826086957
0.41935483870967744
0.4
0.4875
0.5
0.40217391304347827
0.46511627906976744
0.45054945054945056
0.45977011494252873
0.4691358024691358
0.42391304347826086
0.5064935064935064
0.47560975609756095
0.4444444444444444
0.45121951219512196
0.4588235294117647
0.4470588235294118
0.4020618556701031
0.5138888888888888
0.3557692307692308
0.4418604651162791
0.4642857142857143
0.40404040404040403
0.43956043956043955
0.46511627906976744
0.4523809523809524
0.4625
0.49333333333333335
0.4523809523809524
0.4418604651162791
0.46835443037974683
0.4065934065934066
0.45569620253164556
0.5
0.4157303370786517
0.46511627906976744
0.44047619047619047
0.4431818181818182
0.3894736842105263
0.43023255813953487
0.46511627906976744
0.4605263157894737
0.4418604651162791
0.3877551020408163
0.4367816091954023
0.43373493975903615
0.3958333333333333
0.46987951807228917
0.41237113402061853
0.4069767441860465
0.4861111111111111
0.4523809523809524
0.46987951807228917
0.4523809523809524
0.41304347826086957
0.5063291139240507
0.3829787234042553
0.4931506849315068
0.4578313253012048
0.45348837209302323
0.4634146341463415
0.45348837209302323
0.4457831325301205
0.44680851063829785
0.43333333333333335
0.43333333333333335
0.4588235294117647
0.43820224719101125
0.41304347826086957
0.4523809523809524
0.45569620253164556
0.43023255813953487
0.4634146341463415
0.5
0.46987951807228917
0.5256410256410257
0.4675324675324675
0.3917525773195876
0.42168674698795183
0.45348837209302323
0.4166666666666667
0.4823529411764706
0.4868421052631579
0.4457831325301205
0.43820224719101125
0.44047619047619047
0.45121951219512196
0.4186046511627907
0.41304347826086957
0.3979591836734694
0.3953488372093023
0.47435897435897434
0.3939393939393939
0.43529411764705883
0.43902439024390244
0.4444444444444444
0.4
0.4318181818181818
0.5194805194805194
0.4318181818181818
0.4588235294117647
0.4470588235294118
0.4625
0.42857142857142855
0.4936708860759494
0.4
0.43529411764705883
0.4625
0.43373493975903615
0.4157303370786517
0.4691358024691358
0.5571428571428572
0.4444444444444444
0.4457831325301205
0.45977011494252873
0.475
0.48148148148148145
0.5
0.5194805194805194
0.48717948717948717
0.4482758620689655
0.36633663366336633
0.45348837209302323
0.43333333333333335
0.41935483870967744
0.4936708860759494
0.4578313253012048
0.45
0.3894736842105263
0.42045454545454547
0.4
0.48
0.5194805194805194
0.40860215053763443
0.45977011494252873
0.43902439024390244
0.47368421052631576
0.4470588235294118
0.5416666666666666
0.4
0.4222222222222222
0.4805194805194805
0.45348837209302323
0.42045454545454547
0.48
0.3978494623655914
0.4367816091954023
0.5064935064935064
0.4457831325301205
0.43023255813953487
0.42857142857142855
0.43333333333333335
0.43023255813953487
0.4691358024691358
0.3894736842105263
0.4470588235294118
0.40217391304347827
0.5194805194805194
0.4634146341463415
0.3854166666666667
0.43956043956043955
0.5
0.47058823529411764
0.4065934065934066
0.43956043956043955
0.44047619047619047
0.47435897435897434
0.4523809523809524
0.45
0.4235294117647059
0.4691358024691358
0.5135135135135135
0.5064935064935064
0.45121951219512196
0.4482758620689655
0.4186046511627907
0.4470588235294118
0.4157303370786517
0.48717948717948717
0.4482758620689655
0.46835443037974683
0.46987951807228917
0.4805194805194805
0.4567901234567901
0.5217391304347826
0.4444444444444444
0.40625
0.38144329896907214
0.37
0.5
0.46153846153846156
0.43529411764705883
0.4222222222222222
0.4625
0.4470588235294118
0.45121951219512196
0.40963855421686746
0.5
0.43820224719101125
0.41379310344827586
0.4642857142857143
0.4111111111111111
0.4318181818181818
0.4875
0.4186046511627907
0.4936708860759494
0.4318181818181818
0.42696629213483145
0.40229885057471265
0.3838383838383838
0.5373134328358209
0.43820224719101125
0.4222222222222222
0.5285714285714286
0.42045454545454547
0.4875
0.45
0.35
0.5066666666666667
0.4318181818181818
0.4367816091954023
0.4444444444444444
0.4444444444444444
0.38144329896907214
0.4810126582278481
0.4823529411764706
0.4235294117647059
0.40860215053763443
0.4470588235294118
0.4691358024691358
0.5
0.45454545454545453
0.4642857142857143
0.47560975609756095
0.40217391304347827
0.391304347826087
0.4878048780487805
0.43529411764705883
0.527027027027027
0.4457831325301205
0.46153846153846156
0.42391304347826086
0.4567901234567901
0.47435897435897434
0.4222222222222222
0.4625
0.43333333333333335
0.45054945054945056
0.4642857142857143
0.48717948717948717
0.4157303370786517
0.4634146341463415
0.4157303370786517
0.4090909090909091
0.4457831325301205
0.43529411764705883
0.3894736842105263
0.43529411764705883
0.42105263157894735
0.49382716049382713
0.4606741573033708
0.44047619047619047
0.5285714285714286
0.3854166666666667
0.4
0.4186046511627907
0.4691358024691358
0.4318181818181818
0.4418604651162791
0.42696629213483145
0.47368421052631576
0.34579439252336447
0.4578313253012048
0.4111111111111111
0.4148936170212766
0.49333333333333335
0.4111111111111111
0.42696629213483145
0.4157303370786517
0.43820224719101125
0.4186046511627907
0.4175824175824176
0.48148148148148145
0.4634146341463415
0.4090909090909091
0.43010752688172044
0.45348837209302323
0.36538461538461536
0.4935064935064935
0.4186046511627907
0.42168674698795183
0.4157303370786517
0.41304347826086957
0.47560975609756095
0.4431818181818182
0.42391304347826086
0.3978494623655914
0.41237113402061853
0.4675324675324675
0.47619047619047616
0.4936708860759494
0.4470588235294118
0.40229885057471265
0.4578313253012048
0.47619047619047616
0.41379310344827586
0.4418604651162791
0.4642857142857143
0.41836734693877553
0.43333333333333335
0.4819277108433735
0.41304347826086957
0.45121951219512196
0.4470588235294118
0.4418604651162791
0.4418604651162791
0.4578313253012048
0.42696629213483145
0.42857142857142855
0.3711340206185567
0.4105263157894737
0.5138888888888888
0.4935064935064935
0.449438202247191
0.3978494623655914
0.3977272727272727
0.3877551020408163
0.48148148148148145
0.4175824175824176
0.37
0.4044943820224719
0.40217391304347827
0.4318181818181818
0.4470588235294118
0.4634146341463415
0.3829787234042553
0.4235294117647059
0.3723404255319149
0.4875
0.43529411764705883
0.45454545454545453
0.475
0.45454545454545453
0.4222222222222222
0.4418604651162791
0.4044943820224719
0.4430379746835443
0.4222222222222222
0.5
0.46153846153846156
0.4605263157894737
0.4642857142857143
0.45454545454545453
0.4931506849315068
0.4318181818181818
0.5068493150684932
0.42857142857142855
0.4523809523809524
0.42528735632183906
0.45569620253164556
0.42045454545454547
0.45569620253164556
0.4810126582278481
0.4418604651162791
0.475
0.4805194805194805
0.45569620253164556
0.4578313253012048
0.46987951807228917
0.4235294117647059
0.4805194805194805
0.5135135135135135
0.45348837209302323
0.4367816091954023
0.45454545454545453
0.43529411764705883
0.4470588235294118
0.43023255813953487
0.4675324675324675
0.4065934065934066
0.43010752688172044
0.4444444444444444
0.45
0.4470588235294118
0.5774647887323944
0.4470588235294118
0.40625
0.4567901234567901
0.43333333333333335
0.46835443037974683
0.44047619047619047
0.4634146341463415
0.5405405405405406
0.4625
0.4666666666666667
0.43617021276595747
0.4634146341463415
0.4567901234567901
0.43902439024390244
0.44047619047619047
0.45121951219512196
0.40425531914893614
0.44047619047619047
