0.6214652916860601
0.4758448373846206
0.6118077136009252
0.5387071603538022
0.6335965300231399
0.5972111551930049
0.6423602989785893
0.5824030308597395
0.5794084159457389
0.571997825508237
0.5336367232926662
0.5571533013783683
0.563132091118891
0.5706851814274976
0.5492032205951294
0.603296023372551
0.5180412512425379
0.5255322783342624
0.6169868900721391
0.5489139372900999
0.5441713358067288
0.5937407650877088
0.4520176508935909
0.5398192876895702
0.5975130860402892
0.5633301935581835
0.5934958018910397
0.581419474059786
0.5793306477931223
0.60691984647803
0.5175323922004778
0.58379460942997
0.5145119800771895
0.5272480522406783
0.6110807771676031
0.5557063469712976
0.6118304987637738
0.5668605341160227
0.6344677121726473
0.5982719072417346
0.5542835044623956
0.5137982604157312
0.5813152196798255
0.5431431204844164
0.5102817123809373
0.5510670996724614
0.5334814313861639
0.5606681296149992
0.5823313835410319
0.5703040759479107
0.5682479478542279
0.5761074144932606
0.6107625377459596
0.6043081155968861
0.5709010943969888
0.5502909981856294
0.5079879545119337
0.5191314813796415
0.5618689217959697
0.5466462418863189
0.6024747092003045
0.6029819527659841
0.5695422681533134
0.5839688142625715
0.5847026774413997
0.561085304229814
0.5909034179343757
0.5004583061071188
0.6137547197405132
0.5469378993152276
0.5136030043854735
0.5850028071141032
0.5966215561035851
0.5483954338835106
0.5980444572514968
0.5551961792446621
0.5208596656924981
0.5341318374538235
0.5746283008781446
0.5499090140258701
0.5371357063889707
0.5925939059385928
0.5917434945290558
0.5813738349819539
0.606119902247386
0.5082117318720137
0.5343594724688612
0.5718699225638632
0.5740863677977895
0.5199886185245269
0.5464738167177482
0.5779791105514006
0.543199008902135
0.520634448841939
0.5849356133714905
0.565395370568229
0.5696922426578356
0.597943627228962
0.6358550230554335
0.5625399413219249
0.5625615687796665
0.6158675496756314
0.5990971637127526
0.5237456162322766
0.6323236334668336
0.5814350391144175
0.5458429041990543
0.5453656104503907
0.6203712894665052
0.5632659048451729
0.6127019290873221
0.5926742335922361
0.6075063614882796
0.5801374606743167
0.5737199561324533
0.6136758898320345
0.5644122847044883
0.48450338693998163
0.5692841905152808
0.5218925794348181
0.5804104597190989
0.5568244654948407
0.6062730689286634
0.5768313321808216
0.5999711437997302
0.5954988462788832
0.5288942990171586
0.5940958215076712
0.5349882037764427
0.5796030871335427
0.6043784697064538
0.5899798362176446
0.549079261942679
0.5625952994741871
0.5839855310582042
0.5754800196295616
0.5934925066681456
0.5582598022391164
0.5657291348045403
0.5856898249952606
0.5784117503670821
0.5249101580972179
0.48049921257575573
0.49951387252357415
0.5189150820898012
0.6015672953325715
0.5872354116821488
0.5106613112981057
0.5458892473488093
0.5788938106182857
0.5692378613630885
0.5825912809330237
0.5943969472492748
0.5284841224455958
0.5899925948357613
0.5917307134546963
0.5814507063794837
0.5844793821258407
0.5514162313827962
0.5540805143666854
0.49747615501740294
0.5402804537096464
0.5366825872486007
0.5636394411598499
0.5763841270004183
0.6076456378518064
0.5095269895253753
0.6071451761773878
0.5919824943790399
0.5604384753935568
0.56277640893425
0.573964098724599
0.5931719564313948
0.5774698176055172
0.5381381311729836
0.5696212114679459
0.5970746573714774
0.5383697102056283
0.508014368531757
0.48579377351718434
0.559410282052044
0.565262830800197
0.6063706339952437
0.5354594554236081
0.5858375147741647
0.6244466087342742
0.5693825870130448
0.614552994504677
0.6008441308659134
0.5741952506680641
0.6321835459897591
0.5626766268674295
0.569174650983414
0.5747571698476296
0.5234396971486969
0.6177375113718935
0.6024910214388464
0.6050857935310345
0.56024243000572
0.565732313706394
0.49910108946697274
0.6325907621464888
0.4926373738539085
0.6227561476629511
0.6069544454848694
0.554382532783228
0.5534096795841295
0.5836403723974801
0.567995066064948
0.5634241722556657
0.5961763215626948
0.5275453906114623
0.5940442787743708
0.5704055033040545
0.5881134246352231
0.6010919292342035
0.576723228745594
0.4653675319531154
0.5153741471113342
0.5710607555192617
0.516738847614225
0.5889555698159952
0.5439392938120149
0.5121092989804823
0.6113823626749137
0.555788865380092
0.5198692694444387
0.5954462041428168
0.5731736349456517
0.5474287864937586
0.6105197299843055
0.6138510750040851
0.5474926672568882
0.5397303472395159
0.5928247937841452
0.6053160139235572
0.5543901705189525
0.5861871123278455
0.5462286872986841
0.5153700627484568
0.5852719144896662
0.5670031607732482
0.6036367372657686
0.49219735489744976
0.5762862430510323
0.5052897746958824
0.5438045180484337
0.48697354999226605
0.5040554334967
0.5391153991496695
0.5506514767713759
0.602138443161091
0.6062527075648616
0.5758741152468088
0.508885798416432
0.6383916741096866
0.4878777353988679
0.5311681133196493
0.4989399337045749
0.5213497546047818
0.6122864763046285
0.5224503203081645
0.5507035821493719
0.5844934368400999
0.6080929285413244
0.548006465915127
0.5151187818574927
0.602163852873603
0.555407003865715
0.5359938686028463
0.6006164853680515
0.579360987764792
0.5784325907488883
0.548587124614365
0.5135967467060225
0.5429647927790131
0.5523633578829318
0.5465676424103125
0.6019390878572844
0.55921951955007
0.534121632170505
0.5980231142404544
0.5843756067722695
0.473272776417943
0.544760154644716
0.5053416076882626
0.5833383489966528
0.6337312758533229
0.5608317176707899
0.5431183761110918
0.5257294325919342
0.5667789642737867
0.5626889833983253
0.5901826761706066
0.5440442756818253
0.605486139298958
0.5736075678516894
0.5222683989711252
0.5424281138722263
0.565015931245966
0.547089947797856
0.5743412794352108
0.6316862050116712
0.5535174084513412
0.6015199333645869
0.5637631029603436
0.5958816390868372
0.568954178607513
0.5779331496415596
0.5792147370940978
0.6447745531506798
0.5793439622166866
0.6153725586309563
0.5279972602262406
0.5584294307312425
0.5669739573884552
0.4855030020394121
0.5699362077689869
0.5821789810092287
0.49939611682183194
0.5507579088628091
0.6562587805017346
0.5937183428963868
0.5671568774699913
0.5371646561881795
0.5485019625132607
0.5767379999872488
0.5700568898252366
0.5470225435999893
0.5725044152445791
0.5416865443362006
0.6106957986311228
0.5039512936674073
0.6161005438273801
0.5417220263682057
0.5061086416950149
0.5582927308817124
0.5524891749673252
0.5533884717842225
0.5185529225238903
0.5843550221353739
0.49679573165538127
0.5936652105967054
0.5332653571969928
0.6350828342903548
0.5601105293483267
0.5934277244195
0.5141250508199321
0.4918967270797494
0.5004518029297493
0.574649152837297
0.6251781094868845
0.5656972259974287
0.49225014764099856
0.5658490073194702
0.49713438385268993
0.5870640326944372
0.578223740189781
0.4759079755671788
0.6233405557222509
0.5537975571853722
0.6158782130084579
0.620285496232751
0.5230705058392412
0.555283032059741
0.5680429072993034
0.5181489419944745
0.5656286380450755
0.5607505277313023
0.5088489981374463
0.5409009277286422
0.5520370812611834
0.5846197179223919
0.5457083971720058
0.5611861460734564
0.5339220822640768
0.524656141153719
0.600306796919501
0.513834492160683
0.6266516958418473
0.594883964489845
0.563094789042426
0.5111380557854026
0.5999824118764677
0.5906931823032341
0.5678424076519877
0.5657300809052397
0.5985320315323938
0.5808789872782144
0.60424352991993
0.6073235205750633
0.5551572295915617
0.4776800300309774
0.4979470087620238
0.5759760255890815
0.5848835092504169
0.5023282028701246
0.577007926574821
0.6049509632263794
0.5524929112886034
0.6349906593614695
0.5919704757134558
0.5744624630755713
0.5699336350776429
0.534591592278652
0.6053870329409101
0.5871706752606566
0.4855476096295365
0.5934314294834141
0.6273805901715565
0.5856296774677039
0.6055846517458798
0.5906130694754794
0.5695911716417366
0.5306161858004289
0.58810330392721
0.5658011790509497
0.5325861196631163
0.571621854356139
0.5723733289464589
0.5851032061255829
0.5253897322883265
0.6090650346453735
0.5811768727648615
0.5590738867124969
0.5021228504004076
0.5131697156532736
0.5302808538238811
0.5783802039045707
0.5891307271019129
0.5991617629027031
0.49348079481256985
0.6038467631374936
0.6560737100688918
0.5371229068368192
0.6120783040424504
0.5918042963832355
0.6356474238856249
0.5992750089179313
0.4744463832127528
0.528215886209876
0.5406128053957557
0.6271204647116951
0.5490413584676261
0.5726600412480733
0.583441442124382
0.595143192917035
0.5928828682479308
0.6165100340886507
0.6022703212153587
0.6120294437281701
0.5796810567546065
0.6037857495762846
0.5255114383427086
0.5832206197399357
0.5737491927512177
0.5282412924944833
0.521079981970091
0.5770820230834675
0.5796921620486333
0.5565547536468354
0.5665221220333787
0.5577296181165733
0.5407437900004396
0.5872391107690578
0.5241817240353017
0.5610196273684485
0.5197442067568784
0.5531486269599275
0.5149900211048543
0.6165354377268721
0.5441019567814978
0.49588983227895345
0.62928141419879
0.6189732153137636
0.6181178785638591
0.5751573228394509
0.586498774037653
0.5369545768419451
0.6153141908516137
0.6036056220647824
0.5710359977598176
0.5459250526969153
0.5035462518643498
0.5507587212959034
0.4586074177696098
0.6405914817718276
0.5876457479345883
0.5318693370092707
0.5924236121430221
0.6022545284799768
0.5640292743592955
0.5657796510745393
0.5806833281384766
0.5815487308553515
0.5505220905021005
0.5677114685585851
0.499911461353874
0.5271020609162653
0.6044235761183824
