0.7723665939297758
0.765869867089863
0.7818885141836937
0.7632414203531045
0.7796568141241818
0.7763836540368975
0.7801031541360841
0.7865502876413409
0.7906665344177742
0.7596707002578853
0.7702836738742314
0.7565463201745686
0.7852856576076175
0.7928982344772864
0.7594971235865899
0.7581829002182107
0.7929478278119422
0.7795080341202143
0.7739039873041063
0.7944356278516168
0.7892035310454275
0.7603154136084112
0.7778218607419164
0.7738543939694504
0.7823348541955962
0.7428833564768895
0.7514630033723467
0.7623487403292998
0.7717466772465781
0.7797064074588375
0.7704324538781988
0.7820372941876611
0.763960523705614
0.7816901408450704
0.8043047014481255
0.7860047609601268
0.7968161079150963
0.7970144812537195
0.7969152945844079
0.7722922039277921
0.7548105534616147
0.765646697083912
0.76507637373537
0.7927990478079746
0.7794088474509026
0.7578853402102758
0.7636381670303511
0.777325927395358
0.7911872644316604
0.7668617337829796
0.7485121999603253
0.7626958936718905
0.7985022812933941
0.770382860543543
0.7760365006943066
0.7875669510017853
0.7690438405078358
0.7542154334457449
0.7712755405673477
0.8064372148383259
0.7525292600674469
0.7580341202142431
0.7817397341797262
0.7438008331680221
0.7731104939496132
0.7664153937710771
0.7465036699067645
0.7704820472128545
0.7671097004562586
0.7825828208688753
0.7643076770482047
0.7955762745487006
0.7895010910533624
0.7495536599880975
0.761704026978774
0.7570422535211268
0.7628446736758578
0.756695100178536
0.776482840706209
0.7802271374727235
0.7812933941678238
0.7533475500892681
0.7680271771473913
0.7735072406268597
0.7880876810156715
0.7900218210672486
0.7827316008728427
0.7711267605633804
0.7507934933544932
0.770680420551478
0.7805494941479866
0.7591251735766713
0.789079547708788
0.7573398135290617
0.7747470739932553
0.7931957944852213
0.7643820670501885
0.7642084903788929
0.7553560801428288
0.7655723070819281
0.7824836341995636
0.8031640547510415
0.7470739932553065
0.7803511208093632
0.7753173973417973
0.7735072406268598
0.7929478278119421
0.7612080936322159
0.7986510612973615
0.7921543344574489
0.7806486808172982
0.786302320968062
0.7819381075183495
0.7815909541757587
0.7534715334259074
0.7983039079547708
0.7336094028962508
0.7583812735568339
0.7791608807776235
0.7592739535806388
0.7758381273556834
0.7795576274548701
0.7726641539377108
0.788236461019639
0.79071612775243
0.7653739337433049
0.7673576671295377
0.7829795675461217
0.7569430668518151
0.7895754810553461
0.7924766911327118
0.7693414005157706
0.7657954770878793
0.7651259670700259
0.7675064471335054
0.7486609799642927
0.7809958341598888
0.7733832572902202
0.7762844673675858
0.7916088077762349
0.7426105931362825
0.7642332870462211
0.7800039674667725
0.7598690735965087
0.7862031342987503
0.7475203332672089
0.7693909938504265
0.7929974211465979
0.7691926205118033
0.7899474310652649
0.7788633207696886
0.7629438603451697
0.7889307677048204
0.756124776829994
0.7962209878992264
0.7930966078159096
0.7711763538980362
0.7750942273358461
0.7707796072207895
0.7631422336837929
0.7745982939892879
0.7439496131719896
0.7630926403491372
0.7754909740130926
0.7716226939099385
0.7708787938901012
0.7796072207895258
0.762001586986709
0.7763836540368975
0.7696637571910336
0.7871454076572109
0.7982047212854593
0.7972128545923428
0.7769291807181116
0.7430569331481849
0.7771523507240626
0.7766068240428488
0.7734080539575481
0.7895258877206904
0.7712259472326919
0.7820868875223171
0.7763836540368974
0.7608113469549692
0.7803511208093633
0.7602162269390993
0.760017853600476
0.7551577068042056
0.770630827216822
0.7799047807974608
0.7529260067446935
0.7760612973616346
0.78015274747074
0.78240924419758
0.7653739337433049
0.766167427097798
0.7959730212259473
0.7665145804403888
0.7746974806585996
0.7725897639357271
0.7926006744693511
0.7558024201547312
0.7791608807776235
0.7297163261257688
0.7715235072406269
0.7971136679230311
0.7721186272564967
0.765324340408649
0.7991965879785756
0.82086887522317
0.7731600872842691
0.7828307875421543
0.7642828803808768
0.7920303511208093
0.7922039277921048
0.7842689942471732
0.799940487998413
0.7835250942273358
0.7753917873437811
0.7323943661971831
0.770110097202936
0.7598194802618528
0.7629438603451696
0.7972624479269985
0.7774251140646697
0.7795576274548701
0.76115850029756
0.7680519738147192
0.7547609601269589
0.7877405276730808
0.8017258480460225
0.756695100178536
0.7750446340011903
0.779855187462805
0.7908401110890695
0.7828803808768101
0.8021721880579249
0.748313826621702
0.7570422535211268
0.7942124578456655
0.78739337433049
0.760910533624281
0.8023209680618925
0.7646300337234675
0.7722674072604643
0.7937413211664353
0.7782682007538186
0.7778218607419163
0.7735072406268597
0.7637869470343186
0.7585300535608015
0.789575481055346
0.7545625867883357
0.7715731005752828
0.7506447133505257
0.7886332076968855
0.7821860741916287
0.7461813132315017
0.7812933941678238
0.7828059908748264
0.7833763142233684
0.7547609601269589
0.7702588772069032
0.7772763340607023
0.7802023408053957
0.7696885538583614
0.7807230708192819
0.7788633207696886
0.7706804205514779
0.8017754413806785
0.7775243007339814
0.7746478873239437
0.7778218607419163
0.7788633207696884
0.7778218607419163
0.7601170402697878
0.7782682007538188
0.7722426105931363
0.7788633207696886
0.7655475104146002
0.7753917873437809
0.7815661575084308
0.8064868081729817
0.784021027573894
0.7483138266217021
0.7434536798254314
0.7429577464788732
0.7895258877206903
0.786847847649276
0.7738048006347947
0.7619519936520532
0.7821860741916287
0.7752430073398134
0.7652251537393374
0.7668617337829794
0.7856080142828805
0.768423923824638
0.7769787740527673
0.7804751041460029
0.7578853402102756
0.7691926205118033
0.7964193612378496
0.7599186669311644
0.7951795278714541
0.7680519738147192
0.7689446538385241
0.768696687165245
0.7518101567149376
0.811148581630629
0.7721682205911525
0.7610841102955763
0.8059908748264233
0.7558024201547312
0.7777722674072605
0.7761604840309463
0.7368081729815513
0.8051477881372743
0.7782186074191628
0.7687462804999008
0.7739039873041064
0.7733584606228924
0.7376760563380281
0.7841698075778615
0.7859551676254712
0.7700853005356081
0.7748958539972227
0.7804999008133308
0.7844673675857964
0.7754165840111088
0.76507637373537
0.775937314024995
0.7791608807776235
0.7493552866494744
0.7436024598293989
0.7697877405276731
0.7744991073199762
0.7918071811148581
0.7886828010315414
0.7802519341400516
0.7560007934933545
0.7864511009720294
0.7808470541559215
0.7637869470343186
0.7906665344177743
0.7594723269192621
0.7711515572307082
0.7758877206903392
0.7842689942471732
0.7663162071017655
0.7716226939099384
0.7550585201348939
0.7695397738543939
0.7841202142432058
0.7689446538385241
0.7542154334457448
0.7766316207101767
0.7645804403888117
0.7947827811942074
0.7769291807181115
0.7788633207696884
0.8095615949216426
0.7640101170402698
0.7626463003372346
0.7632910136877603
0.7608113469549692
0.7561495734973218
0.7842689942471732
0.7749950406665345
0.8010315413608411
0.7346260662566951
0.7845169609204523
0.7609849236262646
0.758951596905376
0.7898730410632812
0.7606625669510018
0.7578357468756199
0.760017853600476
0.7734576472922039
0.7704820472128545
0.7623983336639554
0.7771275540567348
0.7748958539972228
0.7620015869867091
0.7622991469946439
0.7804503074786748
0.7448670898631224
0.7905673477484625
0.7595715135885738
0.759472326919262
0.7627950803412021
0.7743255306486808
0.7875421543344575
0.7797560007934934
0.744371156516564
0.763142233683793
0.7568686768498314
0.7885588176949018
0.7674072604641936
0.7849137075976987
0.7743999206506645
0.7683743304899822
0.7859303709581432
0.7773755207300138
0.7701348938702638
0.7683743304899822
0.7686470938305893
0.7558024201547311
0.7707300138861337
0.7805990874826423
0.7669113271176354
0.7787145407657211
0.7710523705613965
0.7871454076572109
0.7784665740924419
0.776780400714144
0.7709035905574291
0.7689942471731799
0.7439992065066456
0.7497024399920651
0.7957250545526681
0.8021721880579251
0.7785161674270978
0.7595219202539178
0.7594475302519342
0.7487105732989486
0.7914104344376116
0.7503471533425907
0.7296667327911128
0.7596211069232295
0.750843086689149
0.766464987105733
0.7636381670303511
0.7677048204721286
0.7613320769688554
0.77563975401706
0.7477435032731601
0.7902201944058719
0.7734080539575481
0.7834259075580242
0.7789129141043443
0.7830787542154334
0.7512398333663955
0.7701844872049196
0.7748462606625669
0.779260067446935
0.7642332870462211
0.7989238246379686
0.7855584209482245
0.7791608807776235
0.790468161079151
0.7795576274548701
0.783450704225352
0.7780698274151954
0.818389208490379
0.7769787740527673
0.7843681809164849
0.7774499107319975
0.784021027573894
0.7555048601467963
0.7771771473913907
0.7837234675659591
0.7766812140448324
0.774548700654632
0.7929478278119422
0.7806486808172982
0.7798055941281492
0.7707548105534615
0.779582424122198
0.7919063677841698
0.7831035508827614
0.7817893275143821
0.7657706804205515
0.7661922237651259
0.7680519738147192
0.7839714342392382
0.7627454870065463
0.7888811743701647
0.7532235667526284
0.7761356873636183
0.776780400714144
0.7913608411029558
0.7886828010315413
0.80745387819877
0.7801527474707399
0.7548601467962706
0.7777722674072605
0.7649275937314025
0.7844177742511407
0.781566157508431
0.7840706209085498
0.8001388613370363
0.7733584606228923
0.7861039476294386
0.7754909740130926
0.7953531045427494
0.7784665740924419
0.7708292005554453
0.7768795873834557
0.7796320174568538
0.7455861932156318
0.7632414203531046
