0.5109274500677681
0.49540691334391085
0.4705107173512153
0.42636678735918515
0.4688874198387185
0.41530121478772153
0.46888006043350106
0.4911332440789219
0.46692542332573395
0.5052453832468385
0.47446615425838523
0.4733480712513897
0.4697207262739976
0.4386028876809408
0.4851505720626734
0.4670218083319315
0.441926741311963
0.4759892230296585
0.46935365831334497
0.46134655405953645
0.5066008471523991
0.5117970994535219
0.4216996332485746
0.48437213864325307
0.4836004027733427
0.4854101439120022
0.4544488839473838
0.4858275723241128
0.4502350860212609
0.4173129160898914
0.43428882385643935
0.4886972459117457
0.4598803755155614
0.46356541920750705
0.46892882082580595
0.48703756242926943
0.48911020163731034
0.5374423142393484
0.5083260381628906
0.44197710236476856
0.47291810821254493
0.46977118516285343
0.5229366945683664
0.446147893376715
0.47092508850472525
0.4628912804663224
0.4494493470544049
0.43237443080079474
0.44894776467604375
0.4567298251023072
0.4884629359064036
0.48983174048151706
0.5397309891595254
0.490718527819619
0.41797441563282356
0.5643755202355616
0.4949525665043833
0.5061016926518521
0.47889073065820553
0.4608910554246417
0.4778525411696943
0.4256958090097738
0.5364913455612448
0.49262834532478056
0.4825456521206459
0.4201086669612595
0.4751818957952851
0.4580868502625649
0.49785793467309086
0.479893090514301
0.4791606537758907
0.5551274801584793
0.4998662006365401
0.553359038648999
0.48652364930174674
0.5128318061333892
0.5080437437058674
0.5576315857443794
0.4943420798903544
0.4436366304884618
0.4350794469164218
0.46511535388028424
0.4730488136420625
0.45604491147019066
0.5021495745259082
0.4530992292324278
0.4726171346951473
0.5045445520239902
0.4848024449472145
0.4648287943417946
0.4753896640679437
0.5039744392614958
0.5061536337776225
0.4969528993456845
0.45140048701869107
0.43884158382990657
0.4567776481566953
0.4940625650719519
0.5269577659804077
0.45792181205083493
0.4608726130089402
0.4989827089163028
0.4269697865972545
0.49359639401890665
0.47924695687753904
0.5577848916771628
0.4533711119122656
0.46816455532737244
0.4598884482228751
0.49796492828951744
0.4619302564464238
0.4636251818345378
0.4652011879015509
0.5133207303346152
0.4554935961508284
0.5183193105531037
0.5597559966783259
0.42698986529076
0.46206913025485297
0.49791566761028755
0.4982290994575932
0.41040279334229407
0.5159259619496732
0.4431153862462412
0.49796414041410175
0.5191471717745406
0.44570046579218736
0.4130979024246237
0.42427428190418653
0.4763380877965756
0.4562026254053363
0.4672103306514438
0.4601159950282118
0.4762627474726199
0.5038338173410365
0.4843716124500434
0.41524125627267117
0.447721720871054
0.4860687394712377
0.5264588150611018
0.49818257995292714
0.5231994257415498
0.4320564540520778
0.4314252547698445
0.4072977255747674
0.4761728314113575
0.47399163601224403
0.44108598591154696
0.4577279218436086
0.45531280931323875
0.5027576702625112
0.4782133842879558
0.41858128083327906
0.4560831301428002
0.5266010518897744
0.5039076800339303
0.4542733617204848
0.4165464532844107
0.48424451102109844
0.42770327950258685
0.4772144057916701
0.46064872826208086
0.4621948822916478
0.5181822094288846
0.4652485880080916
0.469843422978706
0.44421888714905783
0.4969332519421684
0.4192237482291571
0.5310280162773598
0.5321027627620339
0.4732537424945123
0.5164526711876656
0.45268233001460645
0.43373687584200527
0.4413103963171571
0.4385505414177652
0.483867609462739
0.4016074874042667
0.4656905831272391
0.4652337405690539
0.525913071617439
0.5244793868520785
0.42721701609589013
0.4771544384653909
0.5104548745151848
0.4776163652934079
0.48365665259084395
0.46036816394610763
0.5640948384119301
0.45686708648234453
0.4267145845587948
0.4023397413079426
0.5404436386363499
0.551940692005112
0.45417962936899875
0.4866141009748628
0.47381039162697425
0.49042146676700893
0.4765049232725801
0.4184023279663516
0.48475702880746013
0.5369920564617976
0.449921739293799
0.4532437505140529
0.4291101987253678
0.49378646395127845
0.5273886614211957
0.4554627857396851
0.4817965752781024
0.49238110323310974
0.48162908139412003
0.44349398297637227
0.5106769987816884
0.46976599399816127
0.47539894714506975
0.45531458221770826
0.46060790091570736
0.46754518895855285
0.4488834750626355
0.4771691354334186
0.43204561806094854
0.46556831250455516
0.51065595407931
0.4732219760850117
0.4836685613390197
0.4869048896023286
0.39548474161456154
0.5235756045317967
0.4307034655509433
0.46134746178787017
0.4734025910748245
0.48539821722639404
0.4664761423757394
0.48501171276792726
0.5224108634808279
0.496517963594378
0.41724217221066934
0.44922495289539804
0.41351920612570425
0.47339084102469725
0.5008020762957238
0.5121348536585566
0.4990672015466031
0.4523122511560608
0.4979548332406744
0.5008039442582454
0.5050571856685093
0.47418221849321074
0.484119391497411
0.4532299165744105
0.4697339419424452
0.46337673454533984
0.505888829607645
0.4236495498397205
0.4914874679076816
0.43067151619095273
0.49272959795025234
0.4814110592706432
0.4327021520130463
0.4770027182935716
0.46447654362767665
0.45830470288395825
0.4343236147810342
0.4617996978661358
0.4765480168465571
0.49630961989858535
0.45034352966804747
0.47930799152798187
0.4708506063781466
0.45591161532089886
0.44371199470670253
0.49092272092084654
0.4551902898142856
0.4751179823709186
0.5203230994011206
0.3940369572702052
0.4410342651495239
0.5009848944354532
0.4251701425954991
0.4591754203646329
0.4500937238103813
0.5219238812460906
0.454467708711297
0.41957253843582887
0.4673427296506555
0.43920563952439906
0.4909329411880666
0.485469328742527
0.49581633735141084
0.4465069641427908
0.4389380106007337
0.4766352506515863
0.5094446119308634
0.5387200260482632
0.4455746619299063
0.552181996667699
0.5723257078814405
0.4631827245749369
0.45285480905736575
0.5285528115936312
0.44491938431514544
0.5035103576772384
0.45075231190109294
0.47697884927402073
0.46935267607695585
0.5021688739446053
0.4076671792730834
0.40657812772008334
0.5060837006559464
0.4572771441913387
0.4742966848461518
0.5329758941856753
0.4943951286099829
0.5182615796966435
0.48796139644823167
0.43049523366963977
0.40524709902789147
0.44416379027161834
0.5174238524879557
0.48437859220116103
0.43513456872201894
0.4073377483503475
0.4862961690066711
0.5019989306757503
0.5081615401247028
0.49413195351305794
0.4168493206743795
0.49748429909058417
0.4491682647945069
0.4814804838659957
0.4568831439416592
0.5408847681179678
0.4764129208900272
0.5454936749163403
0.3947261535874456
0.45534718094408405
0.4161797907337189
0.4878295536711612
0.5120687620806263
0.5045749303883743
0.5272892899116954
0.46682634342785434
0.4676699572201333
0.42098847484624696
0.451492392037167
0.4456827775560924
0.4282960187283786
0.4182112738433176
0.509223374262053
0.5075378584052029
0.458854195005689
0.5227277580217917
0.46366640210734256
0.4837032941862828
0.4345014777113921
0.4638974701183658
0.4238826640099961
0.46727364864033366
0.48901091225440374
0.47153453282082514
0.45176586922969386
0.48544766651116844
0.4572439011166209
0.47421497119974754
0.48074510899093137
0.44334351051600107
0.5055763069726279
0.4734095807595927
0.4992763509299639
0.4403568319946075
0.4833124769713963
0.5119143009281294
0.4174209782890329
0.44877079412646115
0.49412259892673677
0.43452907835217525
0.5172554607356195
0.49707145784967227
0.5023852308888217
0.4128134799348425
0.5271552184263477
0.5022700073664067
0.44673820184916624
0.47692039077647774
0.5037446713949881
0.4567445397354814
0.502791423896088
0.5021525418154901
0.5395105514721023
0.5240023839228014
0.49981990666061693
0.5098240304409573
0.46283328416412683
0.41651274801175814
0.44906523023812067
0.4721395173135024
0.4514668710315933
0.5007974745866238
0.3909482551995598
0.5435631551459572
0.5338299044522135
0.5050779230571572
0.5269848038725838
0.4998389440590988
0.4531802474196032
0.5088117572676198
0.4864912793255746
0.48251763401092684
0.4866666818741524
0.47670366294111916
0.5449872014063691
0.45211222131303785
0.5043619902279786
0.450631723995237
0.4774032805474521
0.43649105330061017
0.4607696130798376
0.4720230273915959
0.47444672861640147
0.4774578834503959
0.4483469002718169
0.451044444752938
0.4755613930287689
0.4248531769384659
0.5149692945380872
0.5033563554155135
0.49638806459011886
0.46149917632682774
0.4979459139996202
0.47336655919698484
0.47221394514596976
0.5062959840044149
0.5064730609175332
0.4464149921294826
0.4597113912183005
0.528395294726227
0.49005102952750734
0.4936391886709948
0.5172488755876049
0.48841472506662725
0.4504311458522843
0.49426591298139855
0.4691291299403225
0.5084200998883066
0.48067101729326445
0.45674332644089355
0.4395911925110179
0.45811317567940063
0.48706266200779
0.4246404634939309
0.4767121831173539
0.4420102250531259
0.49330516175018596
0.461727353882321
0.47475102287118404
0.42178314334434697
0.4997471176306528
0.4309700020294349
0.5194087418851727
0.4947204292552366
0.46085885851941893
0.44259032130319775
0.44289360418257084
0.5227436593987699
0.4513751440766814
0.47142606179207963
0.5078020652558142
0.5548542868589272
0.49831664521422475
0.4915267982976092
0.47016550430134685
0.4751762380546763
0.4655911017341197
0.5160147078158015
0.4976624112319845
0.47983373118129374
0.44628813448009447
0.46849436019519625
0.46732061747756826
0.5469383125572297
0.48750522494848003
0.48636052611003683
0.5264592975164073
0.44533417127646235
0.4970987332883055
0.4997297602176746
0.5382420145920632
0.4814858939317159
0.541854417416274
0.3863486402269802
0.46058076595740716
0.4638578815524374
0.5305652247776117
0.5192385857137328
0.48829245853576964
0.5188836530535528
0.5098169421418527
0.5252401329791144
0.4866521157981141
