0.7746478873239436
0.7711267605633803
0.7711267605633803
0.795774647887324
0.7816901408450704
0.7359154929577465
0.8063380281690141
0.7570422535211268
0.7711267605633803
0.8204225352112676
0.8028169014084507
0.8028169014084507
0.7992957746478874
0.7992957746478874
0.8133802816901409
0.823943661971831
0.8133802816901409
0.75
0.7640845070422535
0.795774647887324
0.7816901408450704
0.823943661971831
0.7746478873239436
0.7992957746478874
0.7992957746478874
0.8133802816901409
0.8169014084507042
0.7887323943661971
0.7922535211267606
0.7852112676056338
0.7922535211267606
0.823943661971831
0.7992957746478874
0.8028169014084507
0.8732394366197183
0.7816901408450704
0.8098591549295775
0.8133802816901409
0.8063380281690141
0.8098591549295775
0.8380281690140845
0.7640845070422535
0.7887323943661971
0.7605633802816901
0.8380281690140845
0.7992957746478874
0.8274647887323944
0.8028169014084507
0.6936619718309859
0.8345070422535211
0.7711267605633803
0.795774647887324
0.8380281690140845
0.778169014084507
0.7887323943661971
0.7852112676056338
0.778169014084507
0.7922535211267606
0.7992957746478874
0.7605633802816901
0.7992957746478874
0.795774647887324
0.795774647887324
0.8133802816901409
0.8098591549295775
0.7922535211267606
0.8028169014084507
0.8098591549295775
0.8169014084507042
0.8133802816901409
0.795774647887324
0.823943661971831
0.8169014084507042
0.7852112676056338
0.8591549295774648
0.8661971830985915
0.7992957746478874
0.8309859154929577
0.7676056338028169
0.7852112676056338
0.778169014084507
0.8028169014084507
0.8274647887323944
0.8309859154929577
0.8028169014084507
0.7992957746478874
0.8133802816901409
0.8169014084507042
0.7887323943661971
0.8098591549295775
0.8028169014084507
0.7711267605633803
0.8204225352112676
0.8274647887323944
0.7922535211267606
0.8380281690140845
0.8063380281690141
0.7922535211267606
0.8098591549295775
0.7887323943661971
0.7464788732394366
0.7816901408450704
0.7816901408450704
0.8133802816901409
0.8133802816901409
0.8133802816901409
0.795774647887324
0.7887323943661971
0.8133802816901409
0.823943661971831
0.8169014084507042
0.8204225352112676
0.7922535211267606
0.8380281690140845
0.8169014084507042
0.7887323943661971
0.8028169014084507
0.795774647887324
0.823943661971831
0.795774647887324
0.7640845070422535
0.8345070422535211
0.7605633802816901
0.8098591549295775
0.8098591549295775
0.823943661971831
0.8098591549295775
0.8098591549295775
0.8415492957746479
0.823943661971831
0.7852112676056338
0.7816901408450704
0.8133802816901409
0.7992957746478874
0.778169014084507
0.8028169014084507
0.7992957746478874
0.778169014084507
0.8204225352112676
0.7464788732394366
0.8204225352112676
0.8169014084507042
0.7676056338028169
0.795774647887324
0.8133802816901409
0.7992957746478874
0.7711267605633803
0.8274647887323944
0.7992957746478874
0.7746478873239436
0.8098591549295775
0.8204225352112676
0.7711267605633803
0.795774647887324
0.795774647887324
0.8063380281690141
0.7852112676056338
0.795774647887324
0.8415492957746479
0.7640845070422535
0.8063380281690141
0.8028169014084507
0.7992957746478874
0.8204225352112676
0.7922535211267606
0.8169014084507042
0.7922535211267606
0.7605633802816901
0.7394366197183099
0.7640845070422535
0.7711267605633803
0.7535211267605634
0.7852112676056338
0.8063380281690141
0.823943661971831
0.7852112676056338
0.7429577464788732
0.8133802816901409
0.795774647887324
0.7746478873239436
0.778169014084507
0.7852112676056338
0.8133802816901409
0.8028169014084507
0.8345070422535211
0.8063380281690141
0.7887323943661971
0.8591549295774648
0.8309859154929577
0.7711267605633803
0.7816901408450704
0.778169014084507
0.7922535211267606
0.8274647887323944
0.7816901408450704
0.7676056338028169
0.8028169014084507
0.7992957746478874
0.7676056338028169
0.795774647887324
0.8063380281690141
0.778169014084507
0.7992957746478874
0.823943661971831
0.7746478873239436
0.8274647887323944
0.795774647887324
0.778169014084507
0.823943661971831
0.8063380281690141
0.8063380281690141
0.8098591549295775
0.7887323943661971
0.7887323943661971
0.7922535211267606
0.7746478873239436
0.8028169014084507
0.7816901408450704
0.7887323943661971
0.8028169014084507
0.8204225352112676
0.7922535211267606
0.795774647887324
0.8063380281690141
0.8028169014084507
0.795774647887324
0.8098591549295775
0.8309859154929577
0.8309859154929577
0.7887323943661971
0.8345070422535211
0.7852112676056338
0.8345070422535211
0.8204225352112676
0.8063380281690141
0.7535211267605634
0.7852112676056338
0.8028169014084507
0.7816901408450704
0.8133802816901409
0.8098591549295775
0.8063380281690141
0.7816901408450704
0.823943661971831
0.8063380281690141
0.8028169014084507
0.8415492957746479
0.795774647887324
0.7922535211267606
0.8133802816901409
0.8415492957746479
0.7922535211267606
0.7852112676056338
0.7816901408450704
0.7887323943661971
0.8169014084507042
0.823943661971831
0.795774647887324
0.8133802816901409
0.75
0.8169014084507042
0.795774647887324
0.8415492957746479
0.8098591549295775
0.7816901408450704
0.823943661971831
0.8169014084507042
0.8098591549295775
0.8133802816901409
0.7816901408450704
0.8380281690140845
0.823943661971831
0.8098591549295775
0.8028169014084507
0.7816901408450704
0.8028169014084507
0.8063380281690141
0.8380281690140845
0.8415492957746479
0.7852112676056338
0.8274647887323944
0.823943661971831
0.8063380281690141
0.7852112676056338
0.7605633802816901
0.8063380281690141
0.8169014084507042
0.8345070422535211
0.7992957746478874
0.7640845070422535
0.8169014084507042
0.7640845070422535
0.7816901408450704
0.7922535211267606
0.778169014084507
0.8415492957746479
0.7992957746478874
0.7711267605633803
0.778169014084507
0.8345070422535211
0.7605633802816901
0.8204225352112676
0.7640845070422535
0.8028169014084507
0.795774647887324
0.8028169014084507
0.8274647887323944
0.7746478873239436
0.795774647887324
0.7746478873239436
0.823943661971831
0.8098591549295775
0.7746478873239436
0.7922535211267606
0.8028169014084507
0.8309859154929577
0.8063380281690141
0.8309859154929577
0.8133802816901409
0.7992957746478874
0.8274647887323944
0.7887323943661971
0.7816901408450704
0.7711267605633803
0.8204225352112676
0.8028169014084507
0.8133802816901409
0.8415492957746479
0.8098591549295775
0.8028169014084507
0.823943661971831
0.8309859154929577
0.7887323943661971
0.7922535211267606
0.7887323943661971
0.8169014084507042
0.7816901408450704
0.7570422535211268
0.8063380281690141
0.8028169014084507
0.7887323943661971
0.8098591549295775
0.8063380281690141
0.7887323943661971
0.8169014084507042
0.7746478873239436
0.8274647887323944
0.8309859154929577
0.7605633802816901
0.7816901408450704
0.8345070422535211
0.8169014084507042
0.8309859154929577
0.8133802816901409
0.8485915492957746
0.7887323943661971
0.8309859154929577
0.8345070422535211
0.7711267605633803
0.8415492957746479
0.8415492957746479
0.795774647887324
0.7887323943661971
0.8169014084507042
0.8098591549295775
0.8098591549295775
0.795774647887324
0.7922535211267606
0.8204225352112676
0.8133802816901409
0.8098591549295775
0.7887323943661971
0.7922535211267606
0.7887323943661971
0.8098591549295775
0.7922535211267606
0.778169014084507
0.7746478873239436
0.7922535211267606
0.8169014084507042
0.8274647887323944
0.8204225352112676
0.8204225352112676
0.7992957746478874
0.7816901408450704
0.8204225352112676
0.7852112676056338
0.7605633802816901
0.7922535211267606
0.8345070422535211
0.8063380281690141
0.7992957746478874
0.778169014084507
0.7676056338028169
0.8380281690140845
0.7816901408450704
0.823943661971831
0.778169014084507
0.8028169014084507
0.8274647887323944
0.7852112676056338
0.8204225352112676
0.7992957746478874
0.7816901408450704
0.7676056338028169
0.7852112676056338
0.7852112676056338
0.8169014084507042
0.8063380281690141
0.778169014084507
0.7887323943661971
0.8098591549295775
0.778169014084507
0.7816901408450704
0.795774647887324
0.7992957746478874
0.7992957746478874
0.7816901408450704
0.795774647887324
0.8063380281690141
0.7887323943661971
0.795774647887324
0.7992957746478874
0.823943661971831
0.75
0.8274647887323944
0.8345070422535211
0.7746478873239436
0.7992957746478874
0.795774647887324
0.8098591549295775
0.8028169014084507
0.7922535211267606
0.823943661971831
0.7992957746478874
0.8133802816901409
0.7711267605633803
0.8063380281690141
0.8485915492957746
0.7746478873239436
0.7816901408450704
0.795774647887324
0.8169014084507042
0.7640845070422535
0.8309859154929577
0.7464788732394366
0.8133802816901409
0.8274647887323944
0.8204225352112676
0.8309859154929577
0.7992957746478874
0.8556338028169014
0.8169014084507042
0.8345070422535211
0.7816901408450704
0.8204225352112676
0.7922535211267606
0.8133802816901409
0.7887323943661971
0.7992957746478874
0.7992957746478874
0.8028169014084507
0.8098591549295775
0.7676056338028169
0.795774647887324
0.852112676056338
0.7746478873239436
0.778169014084507
0.7852112676056338
0.8098591549295775
0.795774647887324
0.823943661971831
0.7816901408450704
0.7922535211267606
0.8309859154929577
0.7394366197183099
0.7711267605633803
0.7887323943661971
0.8169014084507042
0.7887323943661971
0.7746478873239436
0.7992957746478874
0.7887323943661971
0.7711267605633803
0.7992957746478874
0.7676056338028169
0.8098591549295775
0.7922535211267606
0.8098591549295775
0.7887323943661971
0.8133802816901409
0.7816901408450704
0.8309859154929577
0.823943661971831
0.7816901408450704
0.8063380281690141
0.7711267605633803
0.7852112676056338
0.8169014084507042
0.7922535211267606
