0.16901408450704225
0.15492957746478872
0.16901408450704225
0.2535211267605634
0.18309859154929578
0.28169014084507044
0.18309859154929578
0.23943661971830985
0.2112676056338028
0.16901408450704225
0.28169014084507044
0.2535211267605634
0.22535211267605634
0.18309859154929578
0.2112676056338028
0.1267605633802817
0.14084507042253522
0.1267605633802817
0.23943661971830985
0.1267605633802817
0.19718309859154928
0.16901408450704225
0.18309859154929578
0.2676056338028169
0.19718309859154928
0.23943661971830985
0.2112676056338028
0.19718309859154928
0.19718309859154928
0.18309859154929578
0.15492957746478872
0.22535211267605634
0.1267605633802817
0.1267605633802817
0.15492957746478872
0.1267605633802817
0.19718309859154928
0.22535211267605634
0.19718309859154928
0.19718309859154928
0.19718309859154928
0.18309859154929578
0.29577464788732394
0.2112676056338028
0.19718309859154928
0.18309859154929578
0.14084507042253522
0.15492957746478872
0.18309859154929578
0.08450704225352113
0.2535211267605634
0.15492957746478872
0.1267605633802817
0.23943661971830985
0.19718309859154928
0.15492957746478872
0.18309859154929578
0.23943661971830985
0.15492957746478872
0.11267605633802817
0.19718309859154928
0.16901408450704225
0.18309859154929578
0.18309859154929578
0.11267605633802817
0.19718309859154928
0.15492957746478872
0.28169014084507044
0.29577464788732394
0.2112676056338028
0.2535211267605634
0.2535211267605634
0.18309859154929578
0.14084507042253522
0.2535211267605634
0.14084507042253522
0.19718309859154928
0.2112676056338028
0.22535211267605634
0.19718309859154928
0.19718309859154928
0.2112676056338028
0.1267605633802817
0.18309859154929578
0.15492957746478872
0.16901408450704225
0.14084507042253522
0.2535211267605634
0.28169014084507044
0.2676056338028169
0.2112676056338028
0.16901408450704225
0.19718309859154928
0.23943661971830985
0.1267605633802817
0.16901408450704225
0.19718309859154928
0.15492957746478872
0.19718309859154928
0.2535211267605634
0.2535211267605634
0.22535211267605634
0.22535211267605634
0.22535211267605634
0.2112676056338028
0.2676056338028169
0.29577464788732394
0.2535211267605634
0.28169014084507044
0.22535211267605634
0.18309859154929578
0.22535211267605634
0.30985915492957744
0.23943661971830985
0.19718309859154928
0.16901408450704225
0.15492957746478872
0.19718309859154928
0.14084507042253522
0.22535211267605634
0.2112676056338028
0.22535211267605634
0.18309859154929578
0.18309859154929578
0.23943661971830985
0.14084507042253522
0.2112676056338028
0.16901408450704225
0.2112676056338028
0.2112676056338028
0.19718309859154928
0.2112676056338028
0.22535211267605634
0.19718309859154928
0.09859154929577464
0.14084507042253522
0.18309859154929578
0.18309859154929578
0.1267605633802817
0.14084507042253522
0.2112676056338028
0.23943661971830985
0.23943661971830985
0.18309859154929578
0.2676056338028169
0.22535211267605634
0.2112676056338028
0.2112676056338028
0.2676056338028169
0.22535211267605634
0.28169014084507044
0.18309859154929578
0.22535211267605634
0.18309859154929578
0.29577464788732394
0.19718309859154928
0.23943661971830985
0.15492957746478872
0.2535211267605634
0.323943661971831
0.18309859154929578
0.19718309859154928
0.19718309859154928
0.16901408450704225
0.2112676056338028
0.22535211267605634
0.15492957746478872
0.18309859154929578
0.15492957746478872
0.19718309859154928
0.28169014084507044
0.22535211267605634
0.14084507042253522
0.18309859154929578
0.22535211267605634
0.14084507042253522
0.16901408450704225
0.1267605633802817
0.2535211267605634
0.1267605633802817
0.22535211267605634
0.22535211267605634
0.2112676056338028
0.23943661971830985
0.2535211267605634
0.18309859154929578
0.14084507042253522
0.15492957746478872
0.14084507042253522
0.1267605633802817
0.16901408450704225
0.11267605633802817
0.19718309859154928
0.1267605633802817
0.2535211267605634
0.19718309859154928
0.2112676056338028
0.28169014084507044
0.2535211267605634
0.14084507042253522
0.15492957746478872
0.14084507042253522
0.19718309859154928
0.22535211267605634
0.09859154929577464
0.11267605633802817
0.18309859154929578
0.19718309859154928
0.19718309859154928
0.19718309859154928
0.2535211267605634
0.15492957746478872
0.28169014084507044
0.19718309859154928
0.14084507042253522
0.2676056338028169
0.2112676056338028
0.19718309859154928
0.16901408450704225
0.18309859154929578
0.19718309859154928
0.16901408450704225
0.14084507042253522
0.15492957746478872
0.16901408450704225
0.15492957746478872
0.15492957746478872
0.14084507042253522
0.28169014084507044
0.11267605633802817
0.2112676056338028
0.29577464788732394
0.18309859154929578
0.18309859154929578
0.22535211267605634
0.15492957746478872
0.22535211267605634
0.28169014084507044
0.23943661971830985
0.19718309859154928
0.14084507042253522
0.23943661971830985
0.2112676056338028
0.16901408450704225
0.15492957746478872
0.1267605633802817
0.19718309859154928
0.2535211267605634
0.15492957746478872
0.15492957746478872
0.2112676056338028
0.2112676056338028
0.2112676056338028
0.19718309859154928
0.15492957746478872
0.15492957746478872
0.16901408450704225
0.18309859154929578
0.22535211267605634
0.09859154929577464
0.23943661971830985
0.28169014084507044
0.15492957746478872
0.19718309859154928
0.19718309859154928
0.1267605633802817
0.1267605633802817
0.19718309859154928
0.2535211267605634
0.19718309859154928
0.14084507042253522
0.19718309859154928
0.15492957746478872
0.14084507042253522
0.1267605633802817
0.16901408450704225
0.18309859154929578
0.23943661971830985
0.23943661971830985
0.28169014084507044
0.16901408450704225
0.14084507042253522
0.2676056338028169
0.22535211267605634
0.19718309859154928
0.2535211267605634
0.18309859154929578
0.15492957746478872
0.19718309859154928
0.2112676056338028
0.16901408450704225
0.23943661971830985
0.16901408450704225
0.22535211267605634
0.22535211267605634
0.1267605633802817
0.2112676056338028
0.15492957746478872
0.16901408450704225
0.08450704225352113
0.19718309859154928
0.16901408450704225
0.22535211267605634
0.2112676056338028
0.23943661971830985
0.1267605633802817
0.18309859154929578
0.11267605633802817
0.2535211267605634
0.19718309859154928
0.2676056338028169
0.2535211267605634
0.16901408450704225
0.22535211267605634
0.30985915492957744
0.323943661971831
0.19718309859154928
0.2535211267605634
0.1267605633802817
0.23943661971830985
0.28169014084507044
0.2676056338028169
0.28169014084507044
0.23943661971830985
0.2112676056338028
0.09859154929577464
0.2535211267605634
0.22535211267605634
0.22535211267605634
0.18309859154929578
0.15492957746478872
0.23943661971830985
0.2535211267605634
0.22535211267605634
0.2112676056338028
0.2676056338028169
0.15492957746478872
0.19718309859154928
0.16901408450704225
0.14084507042253522
0.2112676056338028
0.22535211267605634
0.16901408450704225
0.16901408450704225
0.09859154929577464
0.23943661971830985
0.16901408450704225
0.15492957746478872
0.11267605633802817
0.2535211267605634
0.14084507042253522
0.2535211267605634
0.323943661971831
0.16901408450704225
0.18309859154929578
0.2112676056338028
0.2676056338028169
0.18309859154929578
0.16901408450704225
0.2112676056338028
0.22535211267605634
0.19718309859154928
0.18309859154929578
0.23943661971830985
0.22535211267605634
0.2535211267605634
0.23943661971830985
0.3380281690140845
0.14084507042253522
0.22535211267605634
0.22535211267605634
0.19718309859154928
0.16901408450704225
0.19718309859154928
0.18309859154929578
0.19718309859154928
0.2676056338028169
0.11267605633802817
0.16901408450704225
0.18309859154929578
0.2535211267605634
0.23943661971830985
0.22535211267605634
0.1267605633802817
0.15492957746478872
0.15492957746478872
0.2535211267605634
0.18309859154929578
0.2112676056338028
0.2535211267605634
0.352112676056338
0.2112676056338028
0.19718309859154928
0.28169014084507044
0.2676056338028169
0.15492957746478872
0.19718309859154928
0.16901408450704225
0.15492957746478872
0.16901408450704225
0.16901408450704225
0.18309859154929578
0.11267605633802817
0.1267605633802817
0.2535211267605634
0.15492957746478872
0.18309859154929578
0.2676056338028169
0.22535211267605634
0.11267605633802817
0.18309859154929578
0.2112676056338028
0.2676056338028169
0.2535211267605634
0.23943661971830985
0.29577464788732394
0.22535211267605634
0.14084507042253522
0.15492957746478872
0.2535211267605634
0.16901408450704225
0.2112676056338028
0.16901408450704225
0.08450704225352113
0.19718309859154928
0.19718309859154928
0.15492957746478872
0.15492957746478872
0.29577464788732394
0.18309859154929578
0.11267605633802817
0.22535211267605634
0.2676056338028169
0.18309859154929578
0.15492957746478872
0.16901408450704225
0.2112676056338028
0.18309859154929578
0.1267605633802817
0.2676056338028169
0.23943661971830985
0.16901408450704225
0.14084507042253522
0.22535211267605634
0.18309859154929578
0.29577464788732394
0.2112676056338028
0.18309859154929578
0.2676056338028169
0.14084507042253522
0.16901408450704225
0.1267605633802817
0.23943661971830985
0.18309859154929578
0.22535211267605634
0.15492957746478872
0.2676056338028169
0.2112676056338028
0.2112676056338028
0.2112676056338028
0.08450704225352113
0.22535211267605634
0.2676056338028169
0.19718309859154928
0.18309859154929578
0.19718309859154928
0.11267605633802817
0.23943661971830985
0.19718309859154928
0.15492957746478872
0.2112676056338028
0.2535211267605634
0.15492957746478872
0.2535211267605634
0.19718309859154928
0.22535211267605634
0.19718309859154928
0.2112676056338028
0.2535211267605634
0.16901408450704225
0.19718309859154928
0.2112676056338028
0.22535211267605634
0.14084507042253522
0.19718309859154928
0.16901408450704225
0.1267605633802817
0.18309859154929578
0.16901408450704225
0.22535211267605634
0.19718309859154928
0.28169014084507044
0.18309859154929578
0.15492957746478872
0.22535211267605634
0.2112676056338028
0.2535211267605634
0.19718309859154928
0.28169014084507044
0.19718309859154928
