0.44776119402985076
0.49230769230769234
0.4492753623188406
0.4189189189189189
0.410958904109589
0.45714285714285713
0.4305555555555556
0.463768115942029
0.3939393939393939
0.49206349206349204
0.4230769230769231
0.45588235294117646
0.39705882352941174
0.46153846153846156
0.5238095238095238
0.4583333333333333
0.42424242424242425
0.46551724137931033
0.41333333333333333
0.46774193548387094
0.4166666666666667
0.5084745762711864
0.4492753623188406
0.417910447761194
0.4666666666666667
0.39759036144578314
0.4603174603174603
0.39705882352941174
0.4864864864864865
0.4358974358974359
0.4782608695652174
0.4918032786885246
0.4358974358974359
0.41333333333333333
0.5178571428571429
0.49206349206349204
0.49206349206349204
0.47619047619047616
0.5079365079365079
0.484375
0.44285714285714284
0.49230769230769234
0.43661971830985913
0.43243243243243246
0.4520547945205479
0.4507042253521127
0.5
0.49230769230769234
0.5573770491803278
0.4342105263157895
0.5238095238095238
0.44594594594594594
0.4915254237288136
0.5076923076923077
0.47692307692307695
0.532258064516129
0.38461538461538464
0.43243243243243246
0.40540540540540543
0.4266666666666667
0.463768115942029
0.45161290322580644
0.4918032786885246
0.4117647058823529
0.43283582089552236
0.44155844155844154
0.4626865671641791
0.43661971830985913
0.47692307692307695
0.4520547945205479
0.4583333333333333
0.5555555555555556
0.40540540540540543
0.4225352112676056
0.5303030303030303
0.4444444444444444
0.515625
0.44
0.44285714285714284
0.5409836065573771
0.4918032786885246
0.45901639344262296
0.4567901234567901
0.45714285714285713
0.4838709677419355
0.5
0.4918032786885246
0.4927536231884058
0.421875
0.5
0.45714285714285713
0.43548387096774194
0.4025974025974026
0.5373134328358209
0.5
0.4838709677419355
0.4918032786885246
0.43548387096774194
0.5263157894736842
0.5555555555555556
0.38028169014084506
0.43283582089552236
0.46875
0.47540983606557374
0.546875
0.4857142857142857
0.417910447761194
0.375
0.4745762711864407
0.421875
0.49295774647887325
0.4225352112676056
0.5245901639344263
0.4594594594594595
0.4507042253521127
0.4852941176470588
0.4461538461538462
0.5490196078431373
0.4444444444444444
0.44594594594594594
0.5147058823529411
0.4838709677419355
0.46153846153846156
0.4383561643835616
0.4426229508196721
0.4520547945205479
0.4925373134328358
0.46875
0.49206349206349204
0.463768115942029
0.4918032786885246
0.5333333333333333
0.4117647058823529
0.417910447761194
0.45161290322580644
0.5
0.5454545454545454
0.4426229508196721
0.4411764705882353
0.4794520547945205
0.463768115942029
0.45714285714285713
0.417910447761194
0.4696969696969697
0.484375
0.4605263157894737
0.4696969696969697
0.4583333333333333
0.4383561643835616
0.49230769230769234
0.4383561643835616
0.4603174603174603
0.515625
0.559322033898305
0.4393939393939394
0.43283582089552236
0.4583333333333333
0.4225352112676056
0.4444444444444444
0.40540540540540543
0.5238095238095238
0.4411764705882353
0.45588235294117646
0.4918032786885246
0.5
0.45588235294117646
0.5079365079365079
0.45901639344262296
0.46875
0.5074626865671642
0.5714285714285714
0.5161290322580645
0.4594594594594595
0.4838709677419355
0.4915254237288136
0.4166666666666667
0.4461538461538462
0.484375
0.3835616438356164
0.38271604938271603
0.49122807017543857
0.3924050632911392
0.48333333333333334
0.46875
0.40298507462686567
0.4142857142857143
0.40298507462686567
0.43283582089552236
0.46153846153846156
0.4626865671641791
0.45588235294117646
0.45
0.49206349206349204
0.5666666666666667
0.4583333333333333
0.484375
0.45588235294117646
0.37333333333333335
0.4852941176470588
0.5230769230769231
0.43478260869565216
0.36585365853658536
0.39473684210526316
0.515625
0.40625
0.4074074074074074
0.47619047619047616
0.5072463768115942
0.47692307692307695
0.4666666666666667
0.46875
0.44285714285714284
0.4714285714285714
0.42424242424242425
0.4375
0.5
0.4745762711864407
0.47540983606557374
0.4342105263157895
0.47692307692307695
0.42857142857142855
0.4714285714285714
0.515625
0.48484848484848486
0.4246575342465753
0.4647887323943662
0.5161290322580645
0.44
0.46153846153846156
0.3968253968253968
0.4375
0.4603174603174603
0.4426229508196721
0.4583333333333333
0.5961538461538461
0.42105263157894735
0.45454545454545453
0.4027777777777778
0.38961038961038963
0.47692307692307695
0.45454545454545453
0.4925373134328358
0.40298507462686567
0.5142857142857142
0.4915254237288136
0.40540540540540543
0.49206349206349204
0.5166666666666667
0.4696969696969697
0.410958904109589
0.49230769230769234
0.5
0.43661971830985913
0.44594594594594594
0.43283582089552236
0.45714285714285713
0.4406779661016949
0.5
0.5151515151515151
0.47619047619047616
0.4603174603174603
0.5333333333333333
0.4375
0.4342105263157895
0.45588235294117646
0.40540540540540543
0.5
0.45454545454545453
0.3972602739726027
0.46875
0.40540540540540543
0.4852941176470588
0.40789473684210525
0.4411764705882353
0.3561643835616438
0.4626865671641791
0.46774193548387094
0.44285714285714284
0.3974358974358974
0.4189189189189189
0.4358974358974359
0.4264705882352941
0.5074626865671642
0.43243243243243246
0.4857142857142857
0.4838709677419355
0.5471698113207547
0.4461538461538462
0.375
0.36231884057971014
0.5076923076923077
0.463768115942029
0.4342105263157895
0.4507042253521127
0.410958904109589
0.515625
0.4722222222222222
0.43661971830985913
0.44
0.4507042253521127
0.475
0.5166666666666667
0.40540540540540543
0.4594594594594595
0.3875
0.40789473684210525
0.5245901639344263
0.40625
0.55
0.42857142857142855
0.3918918918918919
0.5
0.4594594594594595
0.4714285714285714
0.4657534246575342
0.4583333333333333
0.42424242424242425
0.4838709677419355
0.4411764705882353
0.4125
0.5079365079365079
0.47692307692307695
0.4461538461538462
0.44594594594594594
0.41333333333333333
0.44285714285714284
0.4507042253521127
0.4
0.47058823529411764
0.44285714285714284
0.39436619718309857
0.43548387096774194
0.39436619718309857
0.45714285714285713
0.4915254237288136
0.3780487804878049
0.5151515151515151
0.4492753623188406
0.47619047619047616
0.4714285714285714
0.5142857142857142
0.44594594594594594
0.5161290322580645
0.39473684210526316
0.4305555555555556
0.4722222222222222
0.46296296296296297
0.4782608695652174
0.484375
0.45714285714285713
0.4714285714285714
0.47692307692307695
0.463768115942029
0.44155844155844154
0.4142857142857143
0.4696969696969697
0.4027777777777778
0.44285714285714284
0.44
0.44
0.4714285714285714
0.42857142857142855
0.3888888888888889
0.5
0.417910447761194
0.4225352112676056
0.46153846153846156
0.5161290322580645
0.47761194029850745
0.45588235294117646
0.4444444444444444
0.5
0.49230769230769234
0.463768115942029
0.45454545454545453
0.47058823529411764
0.43243243243243246
0.47692307692307695
0.5
0.43478260869565216
0.4266666666666667
0.453125
0.42857142857142855
0.484375
0.4430379746835443
0.43243243243243246
0.47619047619047616
0.48484848484848486
0.4657534246575342
0.44776119402985076
0.48
0.45
0.5
0.43283582089552236
0.45161290322580644
0.4375
0.4647887323943662
0.46875
0.5
0.5076923076923077
0.47368421052631576
0.4626865671641791
0.5161290322580645
0.47619047619047616
0.3888888888888889
0.532258064516129
0.4246575342465753
0.45454545454545453
0.44285714285714284
0.4098360655737705
0.4393939393939394
0.4189189189189189
0.47297297297297297
0.5161290322580645
0.4626865671641791
0.43283582089552236
0.42857142857142855
0.43283582089552236
0.5
0.5166666666666667
0.45588235294117646
0.45588235294117646
0.4782608695652174
0.36585365853658536
0.3888888888888889
0.4305555555555556
0.45588235294117646
0.5277777777777778
0.4605263157894737
0.463768115942029
0.4507042253521127
0.546875
0.4657534246575342
0.42857142857142855
0.603448275862069
0.4166666666666667
0.35714285714285715
0.5245901639344263
0.44776119402985076
0.45161290322580644
0.5079365079365079
0.43661971830985913
0.4142857142857143
0.3902439024390244
0.47619047619047616
0.45
0.4117647058823529
0.4852941176470588
0.3924050632911392
0.45588235294117646
0.49230769230769234
0.4264705882352941
0.5
0.5344827586206896
0.4383561643835616
0.375
0.49206349206349204
0.5
0.49206349206349204
0.42424242424242425
0.417910447761194
0.44
0.35064935064935066
0.43478260869565216
0.4166666666666667
0.49230769230769234
0.5
0.46875
0.4827586206896552
0.4626865671641791
0.4533333333333333
0.46875
0.44285714285714284
0.41935483870967744
0.4583333333333333
0.5161290322580645
0.45454545454545453
0.5254237288135594
0.5161290322580645
0.5454545454545454
0.5238095238095238
0.5
0.4788732394366197
0.49230769230769234
0.532258064516129
0.49206349206349204
0.45588235294117646
0.4583333333333333
0.4246575342465753
0.49295774647887325
0.5573770491803278
0.4117647058823529
0.4520547945205479
0.4
0.4647887323943662
0.4696969696969697
0.4025974025974026
0.43333333333333335
0.3972602739726027
0.49206349206349204
