0.13028169014084506
0.11971830985915492
0.10211267605633803
0.13380281690140844
0.09507042253521127
0.11619718309859155
0.10211267605633803
0.09154929577464789
0.09154929577464789
0.10915492957746478
0.10915492957746478
0.1443661971830986
0.10915492957746478
0.07746478873239436
0.1056338028169014
0.12323943661971831
0.1267605633802817
0.09859154929577464
0.14084507042253522
0.08450704225352113
0.1056338028169014
0.13380281690140844
0.09859154929577464
0.10915492957746478
0.10211267605633803
0.11267605633802817
0.13732394366197184
0.06690140845070422
0.09507042253521127
0.13380281690140844
0.13028169014084506
0.09154929577464789
0.11619718309859155
0.11619718309859155
0.06690140845070422
0.10915492957746478
0.08450704225352113
0.10915492957746478
0.09507042253521127
0.07042253521126761
0.14788732394366197
0.15492957746478872
0.11971830985915492
0.11267605633802817
0.10211267605633803
0.13028169014084506
0.09154929577464789
0.13028169014084506
0.056338028169014086
0.11619718309859155
0.14788732394366197
0.12323943661971831
0.06690140845070422
0.13028169014084506
0.12323943661971831
0.10915492957746478
0.11619718309859155
0.13380281690140844
0.12323943661971831
0.09154929577464789
0.14084507042253522
0.13380281690140844
0.11267605633802817
0.1443661971830986
0.11619718309859155
0.10915492957746478
0.13380281690140844
0.13028169014084506
0.1443661971830986
0.08450704225352113
0.10915492957746478
0.08098591549295775
0.11619718309859155
0.12323943661971831
0.12323943661971831
0.13028169014084506
0.11619718309859155
0.12323943661971831
0.09507042253521127
0.11619718309859155
0.13028169014084506
0.1443661971830986
0.09859154929577464
0.10211267605633803
0.11971830985915492
0.13380281690140844
0.08098591549295775
0.08450704225352113
0.1443661971830986
0.08450704225352113
0.09507042253521127
0.13028169014084506
0.08098591549295775
0.12323943661971831
0.10915492957746478
0.09154929577464789
0.1267605633802817
0.15845070422535212
0.1056338028169014
0.11619718309859155
0.08098591549295775
0.07042253521126761
0.1267605633802817
0.09154929577464789
0.10211267605633803
0.13380281690140844
0.10915492957746478
0.12323943661971831
0.09154929577464789
0.08450704225352113
0.10915492957746478
0.12323943661971831
0.11971830985915492
0.13380281690140844
0.1267605633802817
0.1056338028169014
0.16549295774647887
0.12323943661971831
0.11267605633802817
0.14788732394366197
0.11971830985915492
0.1267605633802817
0.1056338028169014
0.09859154929577464
0.09859154929577464
0.09507042253521127
0.09507042253521127
0.11971830985915492
0.11971830985915492
0.1056338028169014
0.08450704225352113
0.11971830985915492
0.13380281690140844
0.11267605633802817
0.11971830985915492
0.17253521126760563
0.11267605633802817
0.11971830985915492
0.10915492957746478
0.1056338028169014
0.13380281690140844
0.12323943661971831
0.10211267605633803
0.12323943661971831
0.1056338028169014
0.1443661971830986
0.09859154929577464
0.07394366197183098
0.13380281690140844
0.09507042253521127
0.10211267605633803
0.13028169014084506
0.08450704225352113
0.15140845070422534
0.1056338028169014
0.0880281690140845
0.1443661971830986
0.056338028169014086
0.1056338028169014
0.15492957746478872
0.11619718309859155
0.13732394366197184
0.11971830985915492
0.11971830985915492
0.13380281690140844
0.13028169014084506
0.1056338028169014
0.11267605633802817
0.10915492957746478
0.11971830985915492
0.0880281690140845
0.10915492957746478
0.0880281690140845
0.13028169014084506
0.13732394366197184
0.11267605633802817
0.13380281690140844
0.10915492957746478
0.1267605633802817
0.1267605633802817
0.12323943661971831
0.15140845070422534
0.1267605633802817
0.10915492957746478
0.12323943661971831
0.1267605633802817
0.1443661971830986
0.10915492957746478
0.09507042253521127
0.13732394366197184
0.11971830985915492
0.12323943661971831
0.12323943661971831
0.11619718309859155
0.11619718309859155
0.08098591549295775
0.14084507042253522
0.11971830985915492
0.11267605633802817
0.0880281690140845
0.15140845070422534
0.11267605633802817
0.15140845070422534
0.11267605633802817
0.09154929577464789
0.1056338028169014
0.13732394366197184
0.09859154929577464
0.08450704225352113
0.13028169014084506
0.11971830985915492
0.13028169014084506
0.09507042253521127
0.11971830985915492
0.13380281690140844
0.08450704225352113
0.08450704225352113
0.13732394366197184
0.15140845070422534
0.11619718309859155
0.11971830985915492
0.13732394366197184
0.09154929577464789
0.11267605633802817
0.08450704225352113
0.1267605633802817
0.11971830985915492
0.13732394366197184
0.09507042253521127
0.10211267605633803
0.1056338028169014
0.11267605633802817
0.09507042253521127
0.11267605633802817
0.09859154929577464
0.09859154929577464
0.11971830985915492
0.1056338028169014
0.09859154929577464
0.11267605633802817
0.11619718309859155
0.0880281690140845
0.13028169014084506
0.09859154929577464
0.09154929577464789
0.13028169014084506
0.1056338028169014
0.11971830985915492
0.13380281690140844
0.13028169014084506
0.1056338028169014
0.15140845070422534
0.11971830985915492
0.13380281690140844
0.11619718309859155
0.12323943661971831
0.12323943661971831
0.13028169014084506
0.10211267605633803
0.09154929577464789
0.12323943661971831
0.09859154929577464
0.09859154929577464
0.09859154929577464
0.12323943661971831
0.1056338028169014
0.13380281690140844
0.11267605633802817
0.0880281690140845
0.11267605633802817
0.1056338028169014
0.11971830985915492
0.09859154929577464
0.09859154929577464
0.11971830985915492
0.0880281690140845
0.11619718309859155
0.10211267605633803
0.13380281690140844
0.1056338028169014
0.12323943661971831
0.10915492957746478
0.12323943661971831
0.13380281690140844
0.16549295774647887
0.16549295774647887
0.07746478873239436
0.09859154929577464
0.11267605633802817
0.13732394366197184
0.12323943661971831
0.1267605633802817
0.1267605633802817
0.11267605633802817
0.08098591549295775
0.10915492957746478
0.10915492957746478
0.08098591549295775
0.15140845070422534
0.09154929577464789
0.09507042253521127
0.11267605633802817
0.09859154929577464
0.10915492957746478
0.10211267605633803
0.13732394366197184
0.13380281690140844
0.06338028169014084
0.13732394366197184
0.10211267605633803
0.08098591549295775
0.14084507042253522
0.0880281690140845
0.13028169014084506
0.14788732394366197
0.07042253521126761
0.09859154929577464
0.1267605633802817
0.11971830985915492
0.12323943661971831
0.13732394366197184
0.09154929577464789
0.1056338028169014
0.11971830985915492
0.09507042253521127
0.1056338028169014
0.1056338028169014
0.11267605633802817
0.12323943661971831
0.13028169014084506
0.14084507042253522
0.09154929577464789
0.13028169014084506
0.09154929577464789
0.13380281690140844
0.08098591549295775
0.12323943661971831
0.10211267605633803
0.14788732394366197
0.08098591549295775
0.09859154929577464
0.13732394366197184
0.10915492957746478
0.11267605633802817
0.09154929577464789
0.10915492957746478
0.09859154929577464
0.11267605633802817
0.12323943661971831
0.12323943661971831
0.12323943661971831
0.11267605633802817
0.10211267605633803
0.11267605633802817
0.10211267605633803
0.13732394366197184
0.10211267605633803
0.13732394366197184
0.10915492957746478
0.10211267605633803
0.1056338028169014
0.1267605633802817
0.1267605633802817
0.11267605633802817
0.13380281690140844
0.11971830985915492
0.09859154929577464
0.11619718309859155
0.13732394366197184
0.08450704225352113
0.10915492957746478
0.1267605633802817
0.09507042253521127
0.12323943661971831
0.11267605633802817
0.11619718309859155
0.11619718309859155
0.11619718309859155
0.1267605633802817
0.10211267605633803
0.10211267605633803
0.11619718309859155
0.16549295774647887
0.11971830985915492
0.15845070422535212
0.1267605633802817
0.11971830985915492
0.13732394366197184
0.11971830985915492
0.11619718309859155
0.10211267605633803
0.10915492957746478
0.1443661971830986
0.15845070422535212
0.1267605633802817
0.11267605633802817
0.12323943661971831
0.1056338028169014
0.08098591549295775
0.13380281690140844
0.11267605633802817
0.11971830985915492
0.13380281690140844
0.1267605633802817
0.11971830985915492
0.10211267605633803
0.1267605633802817
0.10915492957746478
0.10211267605633803
0.09859154929577464
0.14084507042253522
0.1056338028169014
0.1056338028169014
0.13732394366197184
0.1056338028169014
0.12323943661971831
0.13732394366197184
0.11267605633802817
0.0880281690140845
0.09507042253521127
0.13380281690140844
0.13028169014084506
0.1267605633802817
0.13732394366197184
0.09507042253521127
0.11971830985915492
0.13732394366197184
0.10915492957746478
0.10211267605633803
0.13380281690140844
0.09507042253521127
0.11267605633802817
0.12323943661971831
0.11619718309859155
0.1267605633802817
0.08450704225352113
0.11971830985915492
0.11619718309859155
0.10211267605633803
0.11619718309859155
0.13380281690140844
0.11267605633802817
0.15492957746478872
0.12323943661971831
0.09507042253521127
0.0880281690140845
0.11971830985915492
0.10211267605633803
0.09507042253521127
0.11619718309859155
0.09859154929577464
0.09859154929577464
0.08098591549295775
0.11619718309859155
0.09154929577464789
0.1056338028169014
0.10915492957746478
0.1443661971830986
0.11619718309859155
0.1056338028169014
0.09859154929577464
0.13732394366197184
0.12323943661971831
0.09154929577464789
0.10211267605633803
0.10915492957746478
0.11267605633802817
0.10915492957746478
0.09154929577464789
0.09154929577464789
0.11267605633802817
0.11619718309859155
0.10915492957746478
0.10915492957746478
0.1267605633802817
0.09507042253521127
0.11267605633802817
0.1267605633802817
0.15140845070422534
0.10211267605633803
0.10915492957746478
0.08450704225352113
0.13732394366197184
0.1267605633802817
0.13380281690140844
0.10915492957746478
0.08098591549295775
0.12323943661971831
0.11267605633802817
0.08098591549295775
0.10915492957746478
0.08098591549295775
0.1619718309859155
0.09859154929577464
0.10211267605633803
0.10211267605633803
0.13380281690140844
0.09507042253521127
0.13380281690140844
0.13380281690140844
