0.43478260869565216
0.47058823529411764
0.44285714285714284
0.42758620689655163
0.41666666666666663
0.45390070921985815
0.43356643356643354
0.4571428571428572
0.37956204379562036
0.4626865671641791
0.44295302013422816
0.44604316546762585
0.38848920863309355
0.4411764705882353
0.49253731343283585
0.46153846153846156
0.40875912408759124
0.4186046511627907
0.4246575342465753
0.4360902255639098
0.41958041958041964
0.4615384615384615
0.44285714285714284
0.40579710144927533
0.4274809160305343
0.42857142857142855
0.43283582089552236
0.38848920863309355
0.496551724137931
0.45637583892617445
0.4714285714285714
0.45454545454545453
0.45637583892617445
0.4246575342465753
0.4566929133858268
0.4626865671641791
0.4626865671641791
0.4477611940298507
0.4776119402985074
0.4592592592592592
0.43971631205673756
0.47058823529411764
0.43661971830985913
0.4413793103448276
0.4583333333333333
0.4507042253521127
0.48920863309352514
0.47058823529411764
0.5151515151515151
0.4489795918367347
0.49253731343283585
0.45517241379310347
0.4461538461538462
0.48529411764705876
0.45588235294117646
0.49624060150375937
0.40268456375838924
0.4413793103448276
0.4137931034482759
0.4383561643835617
0.4571428571428572
0.42105263157894735
0.45454545454545453
0.40287769784172656
0.4202898550724637
0.4594594594594595
0.4492753623188406
0.43661971830985913
0.45588235294117646
0.4583333333333333
0.46153846153846156
0.48
0.4137931034482759
0.4225352112676056
0.510948905109489
0.44755244755244755
0.4888888888888889
0.4520547945205479
0.43971631205673756
0.5
0.45454545454545453
0.42424242424242425
0.48684210526315785
0.45390070921985815
0.45112781954887216
0.48920863309352514
0.45454545454545453
0.4857142857142857
0.4
0.4817518248175182
0.45390070921985815
0.40601503759398494
0.4189189189189189
0.5217391304347826
0.46616541353383456
0.45112781954887216
0.45454545454545453
0.40601503759398494
0.46874999999999994
0.48
0.3802816901408451
0.4202898550724637
0.4444444444444444
0.4393939393939394
0.5185185185185185
0.48226950354609927
0.40579710144927533
0.37762237762237766
0.4307692307692308
0.4
0.49295774647887325
0.4225352112676056
0.48484848484848486
0.46896551724137936
0.4507042253521127
0.4748201438848921
0.4264705882352941
0.45901639344262296
0.44755244755244755
0.45517241379310347
0.5035971223021583
0.45112781954887216
0.4411764705882353
0.4444444444444444
0.4090909090909091
0.4583333333333333
0.4782608695652174
0.4444444444444444
0.4626865671641791
0.4571428571428572
0.45454545454545453
0.4885496183206107
0.40287769784172656
0.40579710144927533
0.42105263157894735
0.46616541353383456
0.47619047619047616
0.4090909090909091
0.43165467625899284
0.4861111111111111
0.4571428571428572
0.45390070921985815
0.40579710144927533
0.4525547445255474
0.4592592592592592
0.4761904761904762
0.4525547445255474
0.46153846153846156
0.4444444444444444
0.47058823529411764
0.4444444444444444
0.43283582089552236
0.4888888888888889
0.5076923076923078
0.4233576642335767
0.4202898550724637
0.46153846153846156
0.4225352112676056
0.417910447761194
0.4137931034482759
0.49253731343283585
0.43165467625899284
0.44604316546762585
0.45454545454545453
0.47407407407407404
0.44604316546762585
0.4776119402985074
0.42424242424242425
0.4444444444444444
0.4927536231884058
0.4666666666666667
0.48120300751879697
0.46896551724137936
0.45112781954887216
0.4461538461538462
0.41958041958041964
0.4264705882352941
0.4592592592592592
0.3888888888888889
0.4078947368421052
0.4375
0.4133333333333333
0.44274809160305345
0.4444444444444444
0.391304347826087
0.4113475177304965
0.391304347826087
0.4202898550724637
0.4411764705882353
0.4492753623188406
0.44604316546762585
0.4768211920529802
0.4626865671641791
0.5190839694656487
0.46153846153846156
0.4592592592592592
0.44604316546762585
0.3835616438356165
0.4748201438848921
0.5
0.42857142857142855
0.39215686274509803
0.40816326530612246
0.4888888888888889
0.3851851851851852
0.43421052631578944
0.4477611940298507
0.5
0.45588235294117646
0.4274809160305343
0.4444444444444444
0.43971631205673756
0.46808510638297873
0.40875912408759124
0.41481481481481486
0.48920863309352514
0.4307692307692308
0.4393939393939394
0.4489795918367347
0.45588235294117646
0.425531914893617
0.46808510638297873
0.4888888888888889
0.46715328467153283
0.4305555555555555
0.4647887323943662
0.48120300751879697
0.4520547945205479
0.4411764705882353
0.3731343283582089
0.4635761589403974
0.43283582089552236
0.4090909090909091
0.46153846153846156
0.5040650406504065
0.43537414965986393
0.43795620437956206
0.4055944055944056
0.40540540540540543
0.45588235294117646
0.43795620437956206
0.4782608695652174
0.391304347826087
0.5106382978723404
0.4461538461538462
0.4137931034482759
0.4626865671641791
0.4732824427480916
0.4525547445255474
0.41666666666666663
0.47058823529411764
0.46616541353383456
0.43661971830985913
0.45517241379310347
0.4202898550724637
0.45390070921985815
0.4
0.47407407407407404
0.4963503649635036
0.4477611940298507
0.43283582089552236
0.4885496183206107
0.41481481481481486
0.4489795918367347
0.44604316546762585
0.4137931034482759
0.5034965034965035
0.43795620437956206
0.40277777777777785
0.4444444444444444
0.4137931034482759
0.4748201438848921
0.4217687074829932
0.43165467625899284
0.36111111111111105
0.4492753623188406
0.4360902255639098
0.43971631205673756
0.4161073825503355
0.42758620689655163
0.45637583892617445
0.4172661870503597
0.4927536231884058
0.4413793103448276
0.48226950354609927
0.45112781954887216
0.467741935483871
0.4264705882352941
0.37762237762237766
0.3571428571428571
0.48529411764705876
0.4571428571428572
0.4489795918367347
0.4507042253521127
0.41666666666666663
0.4888888888888889
0.4755244755244755
0.43661971830985913
0.4520547945205479
0.4507042253521127
0.5033112582781457
0.4732824427480916
0.4137931034482759
0.46896551724137936
0.4105960264900662
0.4217687074829932
0.48484848484848486
0.3851851851851852
0.5038167938931297
0.425531914893617
0.4
0.47407407407407404
0.46896551724137936
0.46808510638297873
0.4722222222222222
0.46153846153846156
0.40875912408759124
0.45112781954887216
0.43165467625899284
0.4370860927152318
0.4776119402985074
0.45588235294117646
0.4264705882352941
0.45517241379310347
0.4246575342465753
0.43971631205673756
0.4507042253521127
0.410958904109589
0.460431654676259
0.43971631205673756
0.39436619718309857
0.40601503759398494
0.39436619718309857
0.45390070921985815
0.4461538461538462
0.40522875816993464
0.4963503649635036
0.44285714285714284
0.4477611940298507
0.46808510638297873
0.5106382978723404
0.45517241379310347
0.48120300751879697
0.40816326530612246
0.43356643356643354
0.4755244755244755
0.39999999999999997
0.4714285714285714
0.4592592592592592
0.45390070921985815
0.46808510638297873
0.45588235294117646
0.4571428571428572
0.4594594594594595
0.4113475177304965
0.4525547445255474
0.4055944055944056
0.43971631205673756
0.4520547945205479
0.4520547945205479
0.46808510638297873
0.4459459459459459
0.3916083916083916
0.4409448818897638
0.40579710144927533
0.4225352112676056
0.4411764705882353
0.48120300751879697
0.463768115942029
0.44604316546762585
0.417910447761194
0.432
0.47058823529411764
0.4571428571428572
0.43795620437956206
0.460431654676259
0.4413793103448276
0.45588235294117646
0.42276422764227645
0.42857142857142855
0.4383561643835617
0.42962962962962964
0.425531914893617
0.4592592592592592
0.4666666666666667
0.4413793103448276
0.4477611940298507
0.46715328467153283
0.4722222222222222
0.43478260869565216
0.4931506849315068
0.4768211920529802
0.4817518248175182
0.4202898550724637
0.42105263157894735
0.41481481481481486
0.4647887323943662
0.4444444444444444
0.48920863309352514
0.48529411764705876
0.489795918367347
0.4492753623188406
0.48120300751879697
0.4477611940298507
0.3916083916083916
0.49624060150375937
0.4305555555555555
0.43795620437956206
0.43971631205673756
0.3787878787878788
0.4233576642335767
0.42758620689655163
0.48275862068965514
0.48120300751879697
0.4492753623188406
0.4202898550724637
0.4459459459459459
0.4202898550724637
0.4496124031007752
0.4732824427480916
0.44604316546762585
0.44604316546762585
0.4714285714285714
0.39215686274509803
0.3916083916083916
0.43356643356643354
0.44604316546762585
0.5314685314685313
0.4761904761904762
0.4571428571428572
0.4507042253521127
0.5185185185185185
0.4722222222222222
0.40298507462686567
0.5426356589147286
0.41958041958041964
0.3870967741935484
0.48484848484848486
0.43478260869565216
0.42105263157894735
0.4776119402985074
0.43661971830985913
0.4113475177304965
0.41830065359477125
0.4477611940298507
0.41221374045801523
0.40287769784172656
0.4748201438848921
0.4133333333333333
0.44604316546762585
0.47058823529411764
0.4172661870503597
0.4496124031007752
0.48062015503875966
0.4444444444444444
0.3973509933774835
0.4626865671641791
0.49645390070921985
0.4626865671641791
0.40875912408759124
0.40579710144927533
0.4520547945205479
0.3648648648648649
0.42857142857142855
0.41958041958041964
0.47058823529411764
0.4817518248175182
0.4444444444444444
0.43410852713178294
0.4492753623188406
0.4657534246575343
0.4444444444444444
0.43971631205673756
0.3909774436090226
0.46153846153846156
0.48120300751879697
0.43795620437956206
0.4769230769230769
0.48120300751879697
0.47619047619047616
0.49253731343283585
0.46616541353383456
0.4788732394366197
0.47058823529411764
0.49624060150375937
0.4626865671641791
0.44604316546762585
0.46153846153846156
0.4305555555555555
0.49295774647887325
0.5151515151515151
0.40287769784172656
0.4583333333333333
0.3971631205673759
0.4647887323943662
0.4525547445255474
0.4189189189189189
0.39694656488549623
0.40277777777777785
0.4626865671641791
