0.5479241503119541
0.5525597018092139
0.5684773961809132
0.5496467124021659
0.5412355079952431
0.5467755861314771
0.5568910500484531
0.5442703930883213
0.5591219203719981
0.5552683254105257
0.5095275005042403
0.5516837412453384
0.5320362778968022
0.5579734574381217
0.5821872084072759
0.537802541738239
0.5178171673615661
0.5654291051565561
0.5387407013109514
0.5597048669716693
0.5314523799788691
0.5296952979950464
0.5412193217115453
0.5275986142270682
0.5500641078374675
0.5185965674405302
0.5309251313412566
0.5367538310294573
0.5428211432227698
0.5073962570768109
0.5448123448666237
0.5570726779518451
0.5307568684765491
0.5056073975917146
0.5202971774625573
0.5470022112380513
0.5410982606692208
0.5378432764685903
0.5394900635849624
0.5201900499996129
0.5352810899417086
0.5241730796605653
0.5236691542474418
0.5557281776556482
0.5486953250342156
0.5618951550190822
0.54691084923842
0.5534833261752142
0.5620740287351064
0.5453325832165635
0.5405257738452649
0.5609555168739351
0.5620067670788051
0.5593022728380993
0.5422496803803903
0.5281292226450438
0.5222705419888716
0.5528801250715638
0.5270312399246899
0.5247014342768697
0.5203676537339479
0.47670874906169397
0.5524017916893197
0.5382593745341264
0.5328946180855569
0.4979036845574739
0.5720953477655601
0.5672097669070283
0.5693951373826062
0.5270499772105237
0.565082501861576
0.5646465304802732
0.548316742437862
0.525365312086151
0.5672722321488595
0.5276655893062965
0.5470991174855648
0.5266949766462621
0.5324632588952664
0.5660532400728774
0.5314547939504571
0.5557761504530299
0.5491098241905079
0.5731419820489264
0.5565329371259999
0.551769012630621
0.5847713781891045
0.5537765783565363
0.5670022359499879
0.5396119519803988
0.551575708528546
0.5414090930974909
0.5100772025758545
0.551888232268579
0.5403581069582408
0.5435027790096563
0.5426183768404836
0.5374408177623223
0.5372816801640905
0.5563205352639018
0.5534300366079911
0.5573284212487519
0.5389628981215351
0.5579611448481547
0.5380616960528238
0.5168344990494688
0.5412429763103815
0.5379609827200742
0.5525918875808584
0.5316693967886127
0.5339808467817468
0.5460650488978069
0.5272938877115824
0.5541520783992331
0.5624595982328665
0.5312998858256222
0.5545257128029075
0.5717723709484045
0.561616730209447
0.5492945585231268
0.5551778570131369
0.5562122559097983
0.5051136730363271
0.5135184769640565
0.5558924700209725
0.5294020462639977
0.5238453542194625
0.538213492089857
0.564720858466524
0.5399499988355263
0.577321510900068
0.5517359433767473
0.5424982410209251
0.544843084390064
0.5576890902669467
0.5633200350426493
0.5564726534254176
0.5544262747272625
0.5240909043993822
0.5336716685924537
0.5631381956916703
0.517494396781339
0.5482935416508938
0.55095024158075
0.5409950286599211
0.5459383407036728
0.5562691022867324
0.5359895247447906
0.5559230962322749
0.5243130932286278
0.5470208759849896
0.5453065509271205
0.5560789940654169
0.57120275766373
0.5632309464312271
0.5540267096808031
0.533207726244592
0.5160614884757373
0.5356696492070108
0.539336525581976
0.5093852068668712
0.5298764010086492
0.5651137406652014
0.5627468490159034
0.540209848225349
0.5536951680884792
0.563402079339897
0.5627355991929277
0.5473796662379384
0.5465988630060639
0.5760484938419264
0.5483885070039742
0.5496822905865435
0.5397131974527283
0.5433351921191292
0.5629564707514956
0.5395445673414955
0.5476172392225567
0.5259455943106591
0.5305390757600212
0.5345046952222878
0.534684991684851
0.5473945314339133
0.5365581742584702
0.51386028115278
0.5345025490118247
0.5388526181861878
0.5521340612142939
0.5425483612908807
0.5437677568778176
0.5730490355981779
0.5116087300159559
0.5545775977998331
0.5601201354963444
0.5201093622750981
0.5439946165663333
0.5326110248609981
0.5388390733842083
0.5556770191386174
0.5655161234518561
0.5323830735901189
0.539312169215697
0.5233942259827538
0.5555701361857921
0.5086655711777023
0.5277267940106459
0.4999855288179048
0.5482196446315923
0.5449494370334312
0.5614538962284763
0.5801339996406691
0.5484624030258191
0.5446050624581036
0.5482445102342706
0.5328213370094699
0.5428994457448048
0.5404608297932304
0.5481626047333892
0.5344441766440425
0.5325311115356403
0.5466883839265204
0.539061004127611
0.5579327983702977
0.5505451548568943
0.523415221217417
0.5165837969800449
0.5456284744007245
0.536280443916472
0.5617328830522405
0.5525638046399778
0.5367609235063726
0.49891970730375584
0.5445976411273283
0.5608301649934555
0.5765042254064864
0.5442393443928757
0.5377593976564662
0.5434994384303318
0.5234557217459324
0.5598532175919667
0.5539006110193014
0.5289011977018246
0.5245593541695024
0.534067337504762
0.5602308709758467
0.5260976016399661
0.5434753483542782
0.5415245055013207
0.5415999791676619
0.5198493790130837
0.5392124940777159
0.5337744763077813
0.5488183415665121
0.5284466743151613
0.5437550994288937
0.5435484762229396
0.5287481736095176
0.5350550102115037
0.5476711313625006
0.5556067342947939
0.5524985526932688
0.573742754728698
0.5669436551249779
0.5556435989924114
0.5693390320948372
0.5235772001580834
0.5358915801233369
0.5368175986889615
0.5184671426800513
0.5352614251195659
0.5234320610819402
0.5625685134911058
0.5219657688011305
0.50117438127621
0.5262741479086475
0.5455838357335906
0.5545163005732038
0.5409763143456497
0.5258901515123936
0.5487523784629527
0.5250152195675412
0.5424357317753988
0.5479725887226572
0.5181685723666691
0.5499181978978505
0.5782455550902053
0.5740129520666526
0.548368153617872
0.5324891675027278
0.5639721427803377
0.54647312088096
0.5439656016402661
0.5536813665388325
0.5429872833804024
0.5252459417564808
0.5457583473772624
0.5309546865738172
0.549881299228043
0.5581288842383558
0.5218951092806251
0.5357738899392426
0.5565616937913292
0.5164030740613428
0.5397090827482982
0.5420120875801108
0.5367407163751208
0.5437537419330112
0.5552510723635006
0.5796979074489906
0.5523957313996262
0.5154578386962642
0.5757675013688681
0.5676672318321213
0.5512703263027233
0.5351164783758308
0.553059884937943
0.5285058450684893
0.5605495295767047
0.5420121048700419
0.5266982684893049
0.5632656135905495
0.5328643263880634
0.5413997328305218
0.5167124107053098
0.5348637999913658
0.5538562557661998
0.5484362562681221
0.5395289341530909
0.5317569703410618
0.5484836899463696
0.5135563942947455
0.5324857505382791
0.5236522157695076
0.5588872906018234
0.5538206011228554
0.5373974323763897
0.5332006624403933
0.5615710630276751
0.5348987143097863
0.560833500871345
0.5432395191850091
0.5158271347018749
0.5544060543318376
0.5243695534877258
0.5309918233760693
0.5200510657495969
0.5542275739080013
0.5212799286865083
0.5391561746092127
0.542168637151662
0.5457803107318013
0.5618403014463814
0.53505396515441
0.487245611402332
0.5391721218707144
0.5288411980072765
0.5170822246728469
0.5528517108518479
0.5342454404632294
0.5303022298721384
0.5271255080107045
0.5035231234174041
0.541656058180423
0.5738039317680197
0.5638951813474962
0.53732865400427
0.5431017898929897
0.5286490280412873
0.5236664638076199
0.5470754495386569
0.542211404064469
0.5504555672424231
0.5479591037263752
0.5687999153099136
0.5373952790712844
0.54618759088924
0.5349540043479392
0.5294020780581161
0.5553669447456805
0.5604183931345895
0.5415780788184723
0.5460001523000279
0.5451417398305632
0.5656383522366456
0.5401193419274106
0.5356781188116843
0.5544303581452625
0.534390282993026
0.539316931022706
0.5311077568381264
0.5378153608448707
0.548307582910833
0.5539063701401775
0.49516077766274336
0.5543705869112632
0.5301401153013048
0.55938491406832
0.5562181676780439
0.5612916558050355
0.5384001278733793
0.5479039761828939
0.5430925122445494
0.5552799139330797
0.5292624331822363
0.5365717268619157
0.5290303248735784
0.5053061196945366
0.5076559138241475
0.5365226746980213
0.5134116410747114
0.548690897969681
0.5277762072014682
0.5294653702203936
0.5401716297052698
0.5479490510401
0.5355393137221222
0.5276475936887923
0.5401511122224475
0.5503223036790735
0.5440000143999671
0.537089859147952
0.5433723131075175
0.5664563884470318
0.5094423150614587
0.5030161108904521
0.5476722444108757
0.5612400873811357
0.5435999211940317
0.5193661050964724
0.5377335777911469
0.502016034151779
0.5633803376733726
0.5310997804476046
0.5201754061034513
0.5885006268460482
0.5446757707480598
0.5287142092023658
0.5540910259405106
0.5686451927083678
0.5432443889221203
0.5363675299025622
0.5533041955011957
0.5257205129879933
0.5172262462760503
0.5622088100560061
0.5518130237590648
0.5319078739760238
0.550018339363741
0.5170374098492131
0.5481366519031602
0.5561684041314695
0.5407384732263472
0.5545183616187132
0.5668476503102842
0.5325647045607169
0.5258430269162905
0.5425814220082248
0.5554562148357298
0.5308360276091039
0.5414890528121201
0.5369640880582884
0.5397336709778094
0.5127988577209138
0.553936439563536
0.5100480734229782
0.5219396506639865
0.5448812949260483
0.5312265210088882
0.5753131211501555
0.5417322030599879
0.5224146952717235
0.5359536438442366
0.5282481569033401
0.5606530447794519
0.5468401136690977
0.5496576380778206
0.5389527912310917
0.5622112887482223
0.5474838130913253
0.562852079263949
0.5387292455163707
0.5277847294180105
0.551547254957834
0.5421821805693768
0.5295078814863009
0.5611164824361778
0.5372297465193108
0.5473156175224202
0.5302228545927202
0.563569109877591
0.5518724050786084
0.5341888198921358
0.5417733436270384
0.5174449952034541
0.5158867002584071
0.5194567792104046
0.5187264708931548
0.5369790609566142
0.5452683176862068
0.5255799570151993
