0.31338028169014087
0.34507042253521125
0.2852112676056338
0.3204225352112676
0.3626760563380282
0.352112676056338
0.4014084507042254
0.30985915492957744
0.30985915492957744
0.3345070422535211
0.3274647887323944
0.3485915492957746
0.35563380281690143
0.3028169014084507
0.3204225352112676
0.3591549295774648
0.3732394366197183
0.3732394366197183
0.3485915492957746
0.3274647887323944
0.29577464788732394
0.3274647887323944
0.3380281690140845
0.3274647887323944
0.2992957746478873
0.3380281690140845
0.33098591549295775
0.31338028169014087
0.3591549295774648
0.323943661971831
0.34507042253521125
0.33098591549295775
0.30633802816901406
0.30985915492957744
0.3380281690140845
0.36619718309859156
0.3380281690140845
0.36971830985915494
0.34507042253521125
0.34507042253521125
0.3345070422535211
0.30985915492957744
0.31338028169014087
0.3732394366197183
0.31690140845070425
0.39436619718309857
0.352112676056338
0.38028169014084506
0.35563380281690143
0.3274647887323944
0.31338028169014087
0.3591549295774648
0.3274647887323944
0.30985915492957744
0.38028169014084506
0.2887323943661972
0.3415492957746479
0.2852112676056338
0.36971830985915494
0.35563380281690143
0.3732394366197183
0.3415492957746479
0.35563380281690143
0.30985915492957744
0.3732394366197183
0.3591549295774648
0.3345070422535211
0.3204225352112676
0.3345070422535211
0.3380281690140845
0.3345070422535211
0.3028169014084507
0.31690140845070425
0.29225352112676056
0.2992957746478873
0.36619718309859156
0.30985915492957744
0.3274647887323944
0.323943661971831
0.41901408450704225
0.34507042253521125
0.38380281690140844
0.352112676056338
0.3732394366197183
0.3485915492957746
0.3345070422535211
0.3732394366197183
0.35563380281690143
0.34507042253521125
0.3873239436619718
0.30633802816901406
0.3767605633802817
0.36971830985915494
0.29225352112676056
0.30633802816901406
0.352112676056338
0.3274647887323944
0.3732394366197183
0.323943661971831
0.3028169014084507
0.3908450704225352
0.3345070422535211
0.31690140845070425
0.30985915492957744
0.3591549295774648
0.3380281690140845
0.36971830985915494
0.23591549295774647
0.3626760563380282
0.352112676056338
0.3767605633802817
0.35563380281690143
0.3204225352112676
0.33098591549295775
0.2887323943661972
0.323943661971831
0.3204225352112676
0.36619718309859156
0.323943661971831
0.3591549295774648
0.3274647887323944
0.36971830985915494
0.31338028169014087
0.4014084507042254
0.31338028169014087
0.29577464788732394
0.352112676056338
0.3274647887323944
0.43309859154929575
0.30633802816901406
0.3732394366197183
0.29577464788732394
0.3345070422535211
0.35563380281690143
0.31338028169014087
0.3415492957746479
0.3732394366197183
0.352112676056338
0.3204225352112676
0.31690140845070425
0.38380281690140844
0.30985915492957744
0.3028169014084507
0.36971830985915494
0.3591549295774648
0.31338028169014087
0.352112676056338
0.2535211267605634
0.31690140845070425
0.34507042253521125
0.31338028169014087
0.2605633802816901
0.3380281690140845
0.426056338028169
0.3591549295774648
0.30633802816901406
0.3345070422535211
0.31690140845070425
0.3732394366197183
0.3626760563380282
0.3908450704225352
0.3028169014084507
0.34507042253521125
0.3380281690140845
0.3204225352112676
0.3028169014084507
0.323943661971831
0.36619718309859156
0.2852112676056338
0.31338028169014087
0.3274647887323944
0.29577464788732394
0.3028169014084507
0.33098591549295775
0.31338028169014087
0.3274647887323944
0.352112676056338
0.3204225352112676
0.352112676056338
0.30985915492957744
0.3908450704225352
0.3732394366197183
0.3591549295774648
0.3274647887323944
0.352112676056338
0.31690140845070425
0.3626760563380282
0.3591549295774648
0.3626760563380282
0.31690140845070425
0.3274647887323944
0.33098591549295775
0.3380281690140845
0.3380281690140845
0.31690140845070425
0.36971830985915494
0.36619718309859156
0.40492957746478875
0.3415492957746479
0.30633802816901406
0.3415492957746479
0.31690140845070425
0.33098591549295775
0.3204225352112676
0.33098591549295775
0.3732394366197183
0.38380281690140844
0.2852112676056338
0.31338028169014087
0.352112676056338
0.31690140845070425
0.31338028169014087
0.33098591549295775
0.3732394366197183
0.36619718309859156
0.3485915492957746
0.30985915492957744
0.3485915492957746
0.323943661971831
0.3204225352112676
0.3732394366197183
0.3626760563380282
0.29225352112676056
0.2887323943661972
0.3028169014084507
0.31690140845070425
0.34507042253521125
0.3485915492957746
0.3204225352112676
0.33098591549295775
0.3485915492957746
0.352112676056338
0.2852112676056338
0.3345070422535211
0.3908450704225352
0.397887323943662
0.35563380281690143
0.2852112676056338
0.4014084507042254
0.30633802816901406
0.38380281690140844
0.3345070422535211
0.3274647887323944
0.3415492957746479
0.352112676056338
0.33098591549295775
0.29577464788732394
0.3591549295774648
0.3591549295774648
0.30985915492957744
0.36619718309859156
0.3380281690140845
0.3380281690140845
0.30633802816901406
0.3380281690140845
0.38028169014084506
0.3626760563380282
0.34507042253521125
0.3591549295774648
0.38380281690140844
0.2605633802816901
0.3415492957746479
0.3204225352112676
0.33098591549295775
0.2887323943661972
0.2887323943661972
0.3415492957746479
0.3380281690140845
0.3415492957746479
0.31690140845070425
0.3204225352112676
0.323943661971831
0.323943661971831
0.38028169014084506
0.3380281690140845
0.3415492957746479
0.40492957746478875
0.3345070422535211
0.352112676056338
0.3274647887323944
0.4014084507042254
0.31690140845070425
0.352112676056338
0.34507042253521125
0.3204225352112676
0.31338028169014087
0.38028169014084506
0.3204225352112676
0.2887323943661972
0.33098591549295775
0.3345070422535211
0.3345070422535211
0.3732394366197183
0.30985915492957744
0.3485915492957746
0.33098591549295775
0.3485915492957746
0.30985915492957744
0.33098591549295775
0.2852112676056338
0.31690140845070425
0.2992957746478873
0.3274647887323944
0.3415492957746479
0.31338028169014087
0.3485915492957746
0.31338028169014087
0.38028169014084506
0.31690140845070425
0.34507042253521125
0.3732394366197183
0.2887323943661972
0.3767605633802817
0.3204225352112676
0.323943661971831
0.3591549295774648
0.36971830985915494
0.352112676056338
0.28169014084507044
0.31338028169014087
0.3591549295774648
0.2852112676056338
0.38380281690140844
0.3591549295774648
0.31338028169014087
0.33098591549295775
0.3345070422535211
0.29225352112676056
0.31690140845070425
0.2992957746478873
0.2887323943661972
0.3626760563380282
0.30985915492957744
0.3591549295774648
0.3485915492957746
0.3345070422535211
0.3380281690140845
0.3415492957746479
0.31338028169014087
0.3873239436619718
0.3873239436619718
0.3380281690140845
0.3380281690140845
0.3345070422535211
0.27816901408450706
0.3415492957746479
0.323943661971831
0.3626760563380282
0.2992957746478873
0.3274647887323944
0.29225352112676056
0.3415492957746479
0.3274647887323944
0.36971830985915494
0.39436619718309857
0.3380281690140845
0.43661971830985913
0.31338028169014087
0.2887323943661972
0.25
0.36971830985915494
0.2887323943661972
0.2605633802816901
0.352112676056338
0.352112676056338
0.3732394366197183
0.30985915492957744
0.3204225352112676
0.31338028169014087
0.3345070422535211
0.34507042253521125
0.3204225352112676
0.31338028169014087
0.38028169014084506
0.3345070422535211
0.4084507042253521
0.4084507042253521
0.33098591549295775
0.35563380281690143
0.3204225352112676
0.31690140845070425
0.323943661971831
0.3380281690140845
0.352112676056338
0.352112676056338
0.3274647887323944
0.3626760563380282
0.3485915492957746
0.323943661971831
0.2992957746478873
0.3591549295774648
0.3626760563380282
0.38380281690140844
0.3345070422535211
0.397887323943662
0.31338028169014087
0.36971830985915494
0.323943661971831
0.352112676056338
0.33098591549295775
0.3380281690140845
0.3732394366197183
0.3380281690140845
0.3415492957746479
0.30985915492957744
0.40492957746478875
0.36619718309859156
0.352112676056338
0.323943661971831
0.4014084507042254
0.33098591549295775
0.30985915492957744
0.3873239436619718
0.3345070422535211
0.38380281690140844
0.2887323943661972
0.3873239436619718
0.3908450704225352
0.3415492957746479
0.3204225352112676
0.30985915492957744
0.35563380281690143
0.3274647887323944
0.38380281690140844
0.3767605633802817
0.3908450704225352
0.352112676056338
0.30633802816901406
0.31338028169014087
0.3274647887323944
0.30633802816901406
0.3767605633802817
0.3274647887323944
0.3345070422535211
0.3591549295774648
0.3204225352112676
0.31338028169014087
0.39436619718309857
0.3732394366197183
0.30985915492957744
0.3591549295774648
0.397887323943662
0.29577464788732394
0.4295774647887324
0.34507042253521125
0.2852112676056338
0.3274647887323944
0.323943661971831
0.3380281690140845
0.30633802816901406
0.33098591549295775
0.3204225352112676
0.3626760563380282
0.35563380281690143
0.30985915492957744
0.31338028169014087
0.36971830985915494
0.3626760563380282
0.3274647887323944
0.30985915492957744
0.30985915492957744
0.3028169014084507
0.4647887323943662
0.36971830985915494
0.36619718309859156
0.24295774647887325
0.31690140845070425
0.30985915492957744
0.3732394366197183
0.3626760563380282
0.3485915492957746
0.30633802816901406
0.3767605633802817
0.34507042253521125
0.35563380281690143
0.323943661971831
0.35563380281690143
0.3204225352112676
0.3415492957746479
0.3485915492957746
0.34507042253521125
0.2852112676056338
0.36971830985915494
0.4014084507042254
0.31338028169014087
0.3485915492957746
0.4154929577464789
0.3345070422535211
0.3485915492957746
0.4084507042253521
0.36619718309859156
0.3415492957746479
0.3204225352112676
0.3028169014084507
0.3485915492957746
0.3485915492957746
0.30633802816901406
0.34507042253521125
0.3028169014084507
0.3591549295774648
