0.15789473684210525
0.2222222222222222
0.20143884892086328
0.14666666666666667
0.2692307692307692
0.20689655172413796
0.1751824817518248
0.19310344827586204
0.12413793103448276
0.1276595744680851
0.1925925925925926
0.21739130434782608
0.11764705882352941
0.26153846153846155
0.21739130434782608
0.28787878787878785
0.22641509433962265
0.23529411764705882
0.21052631578947367
0.18309859154929578
0.2627737226277372
0.17687074829931973
0.2763157894736842
0.1791044776119403
0.1925925925925926
0.16541353383458648
0.2589928057553957
0.10852713178294573
0.23357664233576642
0.24324324324324323
0.16541353383458648
0.1857142857142857
0.2519685039370078
0.20289855072463767
0.2727272727272727
0.18421052631578946
0.2285714285714286
0.21917808219178084
0.14388489208633093
0.15492957746478872
0.1954887218045113
0.22377622377622378
0.1884057971014493
0.2318840579710145
0.20253164556962025
0.23943661971830985
0.19310344827586204
0.16551724137931034
0.21621621621621626
0.25396825396825395
0.21428571428571427
0.32653061224489793
0.17808219178082194
0.18791946308724833
0.196969696969697
0.20915032679738563
0.2553191489361702
0.2962962962962963
0.17266187050359713
0.2236842105263158
0.20270270270270271
0.20740740740740743
0.16666666666666666
0.15037593984962408
0.2222222222222222
0.21582733812949642
0.21897810218978103
0.2517482517482518
0.16666666666666666
0.2222222222222222
0.2631578947368421
0.2077922077922078
0.1267605633802817
0.20979020979020982
0.16551724137931034
0.15151515151515152
0.13422818791946306
0.2222222222222222
0.1925925925925926
0.24999999999999994
0.16783216783216784
0.174496644295302
0.19858156028368795
0.18309859154929578
0.29333333333333333
0.22377622377622378
0.2533333333333333
0.23076923076923075
0.16551724137931034
0.19858156028368795
0.21428571428571427
0.10526315789473684
0.1891891891891892
0.1739130434782609
0.2222222222222222
0.20270270270270271
0.2677165354330709
0.19718309859154928
0.16541353383458648
0.15942028985507245
0.21212121212121213
0.18309859154929578
0.2482758620689655
0.20270270270270271
0.2
0.23357664233576642
0.28571428571428575
0.13333333333333333
0.19480519480519481
0.14285714285714285
0.2553191489361702
0.17333333333333334
0.2206896551724138
0.1702127659574468
0.21582733812949642
0.16058394160583941
0.1679389312977099
0.14598540145985403
0.2318840579710145
0.17142857142857143
0.23129251700680273
0.21794871794871795
0.23622047244094488
0.2222222222222222
0.18320610687022904
0.1732283464566929
0.20979020979020982
0.19108280254777069
0.1384615384615385
0.2302158273381295
0.21428571428571427
0.2533333333333333
0.23529411764705882
0.15068493150684933
0.24806201550387594
0.2038216560509554
0.20979020979020982
0.1891891891891892
0.12030075187969924
0.26086956521739135
0.2684563758389261
0.20408163265306123
0.174496644295302
0.19402985074626863
0.22727272727272727
0.23809523809523808
0.2127659574468085
0.23776223776223776
0.21621621621621626
0.13636363636363635
0.15492957746478872
0.2602739726027397
0.2
0.2
0.1384615384615385
0.16666666666666666
0.12949640287769784
0.136986301369863
0.20312499999999997
0.2517482517482518
0.23943661971830985
0.08633093525179857
0.2285714285714286
0.10144927536231883
0.20740740740740743
0.1258741258741259
0.16901408450704225
0.273972602739726
0.18705035971223022
0.28169014084507044
0.19402985074626863
0.22695035460992907
0.20437956204379562
0.19178082191780824
0.1702127659574468
0.1804511278195489
0.2631578947368421
0.20731707317073172
0.16551724137931034
0.16901408450704225
0.1739130434782609
0.17647058823529413
0.1891891891891892
0.2112676056338028
0.2953020134228188
0.20689655172413796
0.18300653594771243
0.1276595744680851
0.2676056338028169
0.20437956204379562
0.19512195121951217
0.19858156028368795
0.1884057971014493
0.208955223880597
0.14388489208633093
0.14184397163120568
0.21897810218978103
0.2876712328767123
0.1313868613138686
0.24242424242424243
0.16296296296296295
0.24793388429752067
0.2388059701492537
0.20289855072463767
0.2
0.2047244094488189
0.21333333333333335
0.24113475177304963
0.27941176470588236
0.2
0.16901408450704225
0.1103448275862069
0.22377622377622378
0.29197080291970806
0.18487394957983194
0.2112676056338028
0.2
0.1925925925925926
0.20289855072463767
0.2112676056338028
0.2
0.136986301369863
0.1739130434782609
0.17808219178082194
0.1891891891891892
0.11851851851851851
0.15037593984962408
0.2677165354330709
0.20312499999999997
0.1925925925925926
0.1884057971014493
0.2517482517482518
0.2096774193548387
0.18978102189781018
0.18978102189781018
0.16176470588235295
0.23448275862068968
0.04195804195804196
0.2
0.21052631578947367
0.15037593984962408
0.2285714285714286
0.16666666666666666
0.13333333333333333
0.1857142857142857
0.1935483870967742
0.2153846153846154
0.2047244094488189
0.16901408450704225
0.29411764705882354
0.09756097560975609
0.136986301369863
0.15602836879432622
0.1857142857142857
0.2676056338028169
0.19047619047619044
0.19117647058823528
0.20740740740740743
0.15492957746478872
0.25806451612903225
0.14925373134328357
0.1751824817518248
0.23703703703703702
0.09722222222222222
0.22058823529411764
0.1958041958041958
0.18461538461538463
0.25503355704697983
0.15999999999999998
0.1111111111111111
0.21052631578947367
0.28368794326241137
0.17142857142857143
0.2684563758389261
0.2773722627737226
0.20408163265306123
0.14492753623188404
0.1643835616438356
0.2384105960264901
0.17777777777777778
0.21476510067114096
0.21333333333333335
0.2695035460992907
0.13043478260869565
0.17931034482758623
0.21192052980132453
0.171875
0.16666666666666666
0.2953020134228188
0.15686274509803919
0.16551724137931034
0.2222222222222222
0.136986301369863
0.16551724137931034
0.2361111111111111
0.25
0.2481751824817518
0.2112676056338028
0.13533834586466165
0.08571428571428572
0.20289855072463767
0.13888888888888887
0.19117647058823528
0.171875
0.21739130434782608
0.2465753424657534
0.07462686567164178
0.20634920634920634
0.11510791366906475
0.14473684210526316
0.2
0.2448979591836735
0.20833333333333331
0.20270270270270271
0.18320610687022904
0.16923076923076924
0.20689655172413796
0.19607843137254902
0.20270270270270271
0.22972972972972974
0.2112676056338028
0.21052631578947367
0.1751824817518248
0.16901408450704225
0.20689655172413796
0.2482758620689655
0.17094017094017094
0.19480519480519481
0.24460431654676257
0.2481751824817518
0.16541353383458648
0.23225806451612901
0.2773722627737226
0.18309859154929578
0.20270270270270271
0.2481751824817518
0.2463768115942029
0.15942028985507245
0.23357664233576642
0.24060150375939848
0.23529411764705882
0.12903225806451613
0.10071942446043164
0.21428571428571427
0.21582733812949642
0.19858156028368795
0.11920529801324505
0.15827338129496402
0.15602836879432622
0.14925373134328357
0.2463768115942029
0.17808219178082194
0.2676056338028169
0.20437956204379562
0.15827338129496402
0.2054794520547945
0.23703703703703702
0.21621621621621626
0.28776978417266186
0.14814814814814814
0.22388059701492535
0.27586206896551724
0.1702127659574468
0.23529411764705882
0.18421052631578946
0.2206896551724138
0.22535211267605634
0.17266187050359713
0.14925373134328357
0.19178082191780824
0.1958041958041958
0.16666666666666666
0.1702127659574468
0.1739130434782609
0.2112676056338028
0.19310344827586204
0.1875
0.16296296296296295
0.06944444444444443
0.22516556291390727
0.1044776119402985
0.15602836879432622
0.2482758620689655
0.2222222222222222
0.19178082191780824
0.20143884892086328
0.2206896551724138
0.272108843537415
0.2054794520547945
0.1958041958041958
0.16551724137931034
0.13986013986013987
0.1496598639455782
0.15483870967741936
0.19117647058823528
0.17777777777777778
0.28776978417266186
0.21374045801526714
0.2236842105263158
0.24675324675324675
0.15714285714285714
0.19310344827586204
0.27972027972027974
0.22535211267605634
0.2112676056338028
0.20979020979020982
0.10218978102189781
0.22058823529411764
0.24060150375939848
0.11188811188811189
0.19736842105263155
0.1857142857142857
0.1527777777777778
0.17142857142857143
0.20833333333333331
0.16417910447761194
0.1384615384615385
0.18543046357615892
0.13793103448275862
0.30303030303030304
0.21212121212121213
0.1857142857142857
0.3178807947019867
0.21935483870967745
0.1527777777777778
0.22058823529411764
0.208
0.1843971631205674
0.2916666666666667
0.1702127659574468
0.2077922077922078
0.1818181818181818
0.1958041958041958
0.1884057971014493
0.15037593984962408
0.2763157894736842
0.17266187050359713
0.27972027972027974
0.2077922077922078
0.25
0.2112676056338028
0.21582733812949642
0.18791946308724833
0.22666666666666668
0.24113475177304963
0.1643835616438356
0.1267605633802817
0.14666666666666667
0.15714285714285714
0.22641509433962265
0.18309859154929578
0.21935483870967745
0.19047619047619044
0.1954887218045113
0.24999999999999994
0.18978102189781018
0.14285714285714288
0.19718309859154928
0.1044776119402985
0.18978102189781018
0.16326530612244897
0.13533834586466165
0.23809523809523808
0.15172413793103448
0.24050632911392406
0.20143884892086328
0.1643835616438356
0.1875
0.19402985074626863
0.17931034482758623
0.2448979591836735
0.17266187050359713
0.2448979591836735
0.20689655172413796
0.15151515151515152
0.28571428571428575
0.1702127659574468
0.17266187050359713
0.2389937106918239
0.15827338129496402
0.23357664233576642
0.14184397163120568
0.15172413793103448
0.19718309859154928
0.1751824817518248
0.18181818181818182
0.22535211267605634
0.22077922077922077
0.19402985074626863
0.19718309859154928
0.24324324324324323
0.2361111111111111
0.2276422764227642
0.22695035460992907
0.23129251700680273
0.20289855072463767
0.2054794520547945
0.14084507042253522
0.15172413793103448
0.17218543046357618
