0.6728327712755405
0.6786351914302717
0.7049692521325134
0.6741469946439198
0.7091846855782582
0.6920005951200159
0.6994395953183893
0.7051428288038089
0.698100575282682
0.6848095615949217
0.6853798849434636
0.7011009720293593
0.7118627256496728
0.7169460424518944
0.732146399523904
0.7191529458440786
0.6673031144614163
0.6737750446340012
0.6769242213846459
0.6813380281690141
0.6876611783376315
0.6678486411426304
0.6751636580043642
0.6767258480460225
0.6774201547312042
0.6939843285062488
0.6586490775639754
0.6587234675659591
0.7154334457448919
0.7227732592739535
0.7049692521325134
0.7167724657805992
0.691975798452688
0.6883306883554849
0.669931561198175
0.715408649077564
0.7300634794683595
0.672163261257687
0.6895209283872248
0.7115403689744098
0.710647688950605
0.7061346954969252
0.6960920452291213
0.703679825431462
0.6854046816107915
0.7041509621106923
0.7064818488395159
0.6898928783971434
0.6977286252727634
0.7171444157905178
0.7075233088672882
0.6749652846657409
0.7092838722475698
0.6820571315215235
0.6823050981948027
0.7041261654433644
0.6622693909938504
0.6837433048998214
0.6953977385439397
0.6630876810156715
0.6835697282285261
0.7083911922237651
0.6946042451894465
0.672708787938901
0.6998611386629636
0.6702539178734379
0.7187066058321762
0.7168964491172386
0.7045725054552668
0.7090359055742907
0.6939843285062488
0.7289972227732593
0.7045725054552668
0.6769738147193017
0.7088375322356675
0.6767258480460225
0.7341053362428089
0.6805445348145209
0.6824042848641143
0.6868676849831383
0.6560454274945448
0.6890249950406665
0.717913112477683
0.6968111485816306
0.6889754017060106
0.7039277921047411
0.7119123189843285
0.7074985121999603
0.70702737552073
0.7055395754810553
0.6936371751636581
0.667402301130728
0.680246974806586
0.7133753223566752
0.7110444356278516
0.6733287046220987
0.6972326919262051
0.71652449910732
0.701720888712557
0.7096806189248165
0.6616494743106527
0.71426800238048
0.6998611386629637
0.7310057528268201
0.7034318587581829
0.695050585201349
0.6899424717317991
0.6685677444951399
0.7175659591350922
0.6662864511009721
0.726839912715731
0.6948274151953978
0.7079200555445349
0.7010513786947035
0.6859254116246777
0.6996379686570124
0.7039277921047411
0.7081928188851419
0.7075233088672882
0.7001834953382265
0.6911575084308669
0.6873140249950407
0.7023903987304106
0.6737254512993454
0.6861485816306288
0.7009273953580639
0.6597649275937315
0.6882315016861733
0.7199960325332275
0.6930172584804601
0.7095814322555047
0.7312041261654434
0.688082721682206
0.6768002380480064
0.6817843681809165
0.7141688157111684
0.7282037294187661
0.7080936322158302
0.6785360047609602
0.7042005554453481
0.6959928585598096
0.7218061892481651
0.6803957548105535
0.6930668518151161
0.7156814124181711
0.6928932751438207
0.7042005554453481
0.7087383455663558
0.6904879984130133
0.7300386828010316
0.6957696885538583
0.6904384050783575
0.7121602856576077
0.7125818290021821
0.7025887720690339
0.7079944455465186
0.6863469549692521
0.6329349335449315
0.6742957746478873
0.6735766712953779
0.6740726046419362
0.7083663955564372
0.7062090854989089
0.7365106129736164
0.7140944257091847
0.684735171592938
0.6816603848442769
0.6833713548899029
0.6933396151557231
0.7135984923626265
0.7196240825233089
0.7192025391787343
0.6864461416385638
0.7331878595516762
0.6889754017060107
0.6780648680817298
0.6954969252132513
0.6917278317794089
0.6890745883753224
0.6735766712953779
0.6745189446538385
0.6810156714937513
0.6859254116246777
0.6961912318984329
0.6669559611188256
0.6519787740527673
0.6798006347946836
0.6846111882562984
0.6830489982146399
0.7048204721285459
0.672138464590359
0.7084407855584209
0.6866197183098591
0.7398581630628843
0.6702291212061099
0.7172188057925015
0.68471037492561
0.6844872049196589
0.6868428883158104
0.732121602856576
0.6985717119619123
0.6601120809363221
0.6332076968855386
0.716797262447927
0.6402747470739932
0.6754860146796271
0.6821315215235072
0.714838325729022
0.6942570918468558
0.6961416385637771
0.6720392779210473
0.6832473715532632
0.6870412616544337
0.6781640547510415
0.7000347153342591
0.7171692124578457
0.6840904582424122
0.6532682007538186
0.6787839714342393
0.6795774647887324
0.6750644713350525
0.7028119420749851
0.7082672088871256
0.7268647093830589
0.6948274151953978
0.7441231898432852
0.7313281095020829
0.6793542947827811
0.6887522317000595
0.6805445348145209
0.7164997024399921
0.7005306486808174
0.6996627653243405
0.7134001190240031
0.7148383257290221
0.67355187462805
0.6985965086292403
0.6820075381868677
0.6486064272961715
0.6879339416782384
0.6955217218805793
0.7142927990478081
0.6684933544931562
0.7185330291608807
0.6763043047014482
0.6979517952787144
0.6996379686570124
0.698670898631224
0.702563975401706
0.6913062884348344
0.6905127950803412
0.6846855782582821
0.6876859750049593
0.6621950009918667
0.7192769291807182
0.688578655028764
0.6637075976988693
0.712085895655624
0.7153590557429081
0.7271622693909938
0.6872892283277128
0.7002826820075382
0.7203431858758182
0.6835449315611981
0.7020680420551477
0.7050932354691529
0.708118428883158
0.692769291807181
0.657086887522317
0.7094822455861932
0.6426800238048007
0.7021672287244594
0.6359105336242808
0.6839912715731007
0.6543344574489189
0.6692124578456656
0.6968607419162864
0.687512398333664
0.6764778813727435
0.7012001586986709
0.689719301725848
0.6868924816504661
0.6783872247569926
0.689173775044634
0.7121850823249355
0.6811892481650467
0.7527524300733981
0.715135885736957
0.6619718309859155
0.6790567347748462
0.6630876810156715
0.6949018051973814
0.6938603451696093
0.7223269192620512
0.6761803213648085
0.7033078754215434
0.691703035112081
0.7052668121404484
0.6882315016861734
0.686942074985122
0.7035806387621504
0.7029111287442968
0.6868180916484824
0.6992908153144217
0.6504661773457647
0.6770234080539576
0.7358163062884349
0.6616494743106527
0.7379984130132909
0.715656615750843
0.6696092045229121
0.7171444157905178
0.7373784963300932
0.6823050981948027
0.7089367189049791
0.6796270581233882
0.6454820472128545
0.7070521721880579
0.6994147986510613
0.6959432652251537
0.6868180916484825
0.7076968855385836
0.6873388216623686
0.688330688355485
0.6790319381075183
0.6998611386629637
0.688330688355485
0.6882315016861734
0.711763538980361
0.69586887522317
0.6920253917873438
0.6805693314818488
0.7115403689744098
0.716772465780599
0.7144911723864312
0.6788087681015671
0.7132513390200357
0.6993404086490776
0.7082424122197977
0.7213350525689347
0.7005802420154731
0.682478674866098
0.7085399722277326
0.663806784368181
0.713449712358659
0.7156070224161872
0.707895258877207
0.6945794485221186
0.6956209085498909
0.7020432453878198
0.7210126958936719
0.6991668319777823
0.685528664947431
0.6839416782384448
0.6714689545725054
0.72044237254513
0.68471037492561
0.6818339615155723
0.6846359849236262
0.6907607617536204
0.7062090854989089
0.6799246181313231
0.671047411227931
0.6987948819678635
0.6604344376115849
0.6825530648680818
0.7273854393969451
0.7216822059115255
0.7107220789525888
0.6842392382463798
0.6826522515373934
0.7042253521126761
0.73100575282682
0.7057627454870066
0.7060355088276136
0.7027623487403294
0.6756595913509225
0.6875619916683198
0.7077712755405674
0.6854790716127752
0.7007538186867684
0.6909095417575878
0.7075976988692719
0.6887770283673875
0.736039476294386
0.7116891489783773
0.7033574687561992
0.6981501686173379
0.6880827216822059
0.7172683991271573
0.7071017655227139
0.6969351319182702
0.7245338226542353
0.7042005554453482
0.6660632810950209
0.6725848046022613
0.702291212061099
0.6829250148780004
0.6914798651061298
0.6869668716524499
0.7029607220789527
0.6836441182305099
0.7042997421146597
0.6942322951795279
0.679379091450109
0.7010761753620314
0.689719301725848
0.692248561793295
0.6890993850426503
0.6569381075183496
0.6573348541955961
0.6938107518349533
0.7180618924816504
0.7185082324935528
0.6932404284864114
0.6787839714342392
0.6911327117635391
0.686123784963301
0.6916782384447531
0.7033326720888713
0.6721136679230312
0.6747917079944455
0.6953481452092839
0.6513340607022416
0.6915542551081135
0.7090854989089467
0.7102013489387026
0.7027375520730015
0.7045477087879388
0.7166236857766316
0.7247073993255306
0.7124578456655426
0.6853798849434636
0.6715681412418171
0.7421642531243801
0.6699315611981749
0.6706010712160286
0.7210622892283277
0.6761555246974806
0.6829250148780004
0.6915790517754414
0.6926701051378694
0.6782384447530252
0.6628645110097203
0.6877107716722872
0.662963697679032
0.6576820075381868
0.6930420551477883
0.671592937909145
0.6827762348740329
0.7169212457845665
0.6811148581630629
0.7004314620115057
0.7120858956556239
0.6982493552866494
0.6569133108510216
0.7248065859948423
0.6980261852806984
0.7009769886927197
0.6869172783177941
0.6513588573695694
0.6979765919460424
0.6814868081729816
0.6753372346756596
0.7045725054552668
0.6743205713152153
0.6935875818290022
0.6940587185082325
0.7138712557032334
0.6853798849434636
0.6977286252727632
0.6733287046220988
0.7127554056734775
0.6744197579845269
0.6838920849037889
0.7005306486808173
0.6694356278516167
0.7194505058520134
0.6882562983535012
0.6974558619321563
0.708961515572307
0.7350228129339417
0.6969103352509424
0.692521325133902
0.7040517754413806
0.685528664947431
0.7283773060900616
0.7084655822257488
0.6784120214243206
0.6929924618131323
0.709581432255505
0.6779408847450903
0.6966127752430074
0.6540121007736561
0.6785855980956159
0.7035558420948225
0.6744693513191827
0.6603848442769291
0.7059363221583019
0.7037294187661178
