0.627906976744186
0.6585365853658537
0.627906976744186
0.5510204081632653
0.5625
0.6341463414634146
0.5869565217391305
0.5531914893617021
0.6428571428571429
0.6136363636363636
0.48148148148148145
0.5625
0.5
0.6
0.6046511627906976
0.54
0.574468085106383
0.6136363636363636
0.5869565217391305
0.574468085106383
0.4426229508196721
0.5531914893617021
0.6136363636363636
0.5510204081632653
0.5833333333333334
0.48214285714285715
0.5306122448979592
0.54
0.5294117647058824
0.5098039215686274
0.52
0.6136363636363636
0.5652173913043478
0.52
0.5094339622641509
0.574468085106383
0.574468085106383
0.5869565217391305
0.627906976744186
0.574468085106383
0.5909090909090909
0.4909090909090909
0.48148148148148145
0.54
0.4909090909090909
0.5909090909090909
0.5531914893617021
0.574468085106383
0.6136363636363636
0.574468085106383
0.627906976744186
0.5510204081632653
0.6341463414634146
0.6
0.6
0.5294117647058824
0.54
0.6
0.5294117647058824
0.47368421052631576
0.5416666666666666
0.5416666666666666
0.627906976744186
0.5
0.5625
0.4909090909090909
0.5192307692307693
0.6086956521739131
0.6829268292682927
0.5531914893617021
0.627906976744186
0.5869565217391305
0.5416666666666666
0.4909090909090909
0.6190476190476191
0.5416666666666666
0.54
0.5510204081632653
0.5094339622641509
0.5510204081632653
0.56
0.5869565217391305
0.5869565217391305
0.6923076923076923
0.6136363636363636
0.6842105263157895
0.6
0.6
0.6136363636363636
0.574468085106383
0.6363636363636364
0.574468085106383
0.46551724137931033
0.5625
0.6136363636363636
0.5625
0.5625
0.5094339622641509
0.6136363636363636
0.5714285714285714
0.6923076923076923
0.5510204081632653
0.54
0.6
0.5094339622641509
0.574468085106383
0.5
0.5185185185185185
0.574468085106383
0.5192307692307693
0.6923076923076923
0.5869565217391305
0.6
0.6136363636363636
0.6428571428571429
0.6136363636363636
0.6428571428571429
0.6136363636363636
0.5510204081632653
0.6428571428571429
0.574468085106383
0.6136363636363636
0.5416666666666666
0.49056603773584906
0.5625
0.574468085106383
0.5510204081632653
0.56
0.6136363636363636
0.6046511627906976
0.6585365853658537
0.6428571428571429
0.48214285714285715
0.5777777777777777
0.6428571428571429
0.6
0.574468085106383
0.6842105263157895
0.574468085106383
0.5652173913043478
0.5777777777777777
0.5294117647058824
0.5306122448979592
0.56
0.6
0.5833333333333334
0.6
0.5
0.5294117647058824
0.5094339622641509
0.5625
0.5294117647058824
0.6046511627906976
0.6046511627906976
0.6585365853658537
0.6
0.54
0.54
0.5294117647058824
0.5777777777777777
0.5294117647058824
0.4909090909090909
0.627906976744186
0.6428571428571429
0.56
0.6136363636363636
0.6136363636363636
0.717948717948718
0.6585365853658537
0.6
0.7105263157894737
0.6
0.6136363636363636
0.6046511627906976
0.5531914893617021
0.574468085106383
0.5510204081632653
0.6
0.48214285714285715
0.6
0.5625
0.5094339622641509
0.5833333333333334
0.574468085106383
0.4909090909090909
0.5714285714285714
0.5510204081632653
0.574468085106383
0.6
0.574468085106383
0.574468085106383
0.47368421052631576
0.5777777777777777
0.6585365853658537
0.4807692307692308
0.6585365853658537
0.54
0.5531914893617021
0.5869565217391305
0.6428571428571429
0.6136363636363636
0.5714285714285714
0.5094339622641509
0.5384615384615384
0.48148148148148145
0.5
0.5869565217391305
0.5777777777777777
0.5185185185185185
0.6923076923076923
0.6136363636363636
0.5957446808510638
0.6
0.6
0.574468085106383
0.5625
0.574468085106383
0.5510204081632653
0.574468085106383
0.5625
0.574468085106383
0.54
0.5869565217391305
0.6
0.5294117647058824
0.54
0.54
0.56
0.6666666666666666
0.6
0.5192307692307693
0.5652173913043478
0.6136363636363636
0.6046511627906976
0.6585365853658537
0.5306122448979592
0.5192307692307693
0.5294117647058824
0.5294117647058824
0.5510204081632653
0.6428571428571429
0.5098039215686274
0.574468085106383
0.5
0.574468085106383
0.54
0.6
0.5869565217391305
0.5869565217391305
0.56
0.5869565217391305
0.6
0.5510204081632653
0.5625
0.5869565217391305
0.5625
0.6136363636363636
0.5510204081632653
0.6136363636363636
0.675
0.574468085106383
0.6428571428571429
0.6585365853658537
0.6136363636363636
0.6136363636363636
0.5510204081632653
0.5652173913043478
0.5652173913043478
0.5384615384615384
0.5652173913043478
0.5294117647058824
0.5777777777777777
0.48214285714285715
0.5294117647058824
0.627906976744186
0.5625
0.6136363636363636
0.6585365853658537
0.5510204081632653
0.5510204081632653
0.5510204081632653
0.5416666666666666
0.5510204081632653
0.574468085106383
0.5869565217391305
0.7105263157894737
0.7297297297297297
0.6136363636363636
0.5192307692307693
0.54
0.6136363636363636
0.5531914893617021
0.5625
0.5490196078431373
0.5625
0.6428571428571429
0.5531914893617021
0.5625
0.627906976744186
0.48214285714285715
0.5192307692307693
0.627906976744186
0.5869565217391305
0.5208333333333334
0.5510204081632653
0.5510204081632653
0.5777777777777777
0.6
0.5909090909090909
0.5833333333333334
0.4909090909090909
0.7297297297297297
0.6
0.6086956521739131
0.6
0.5294117647058824
0.5094339622641509
0.54
0.5625
0.5283018867924528
0.627906976744186
0.5
0.6341463414634146
0.5
0.5283018867924528
0.6923076923076923
0.6046511627906976
0.54
0.4727272727272727
0.574468085106383
0.5192307692307693
0.5
0.4909090909090909
0.6511627906976745
0.5869565217391305
0.5777777777777777
0.574468085106383
0.6
0.6428571428571429
0.6428571428571429
0.5
0.5510204081632653
0.6428571428571429
0.46551724137931033
0.5490196078431373
0.54
0.6086956521739131
0.5192307692307693
0.5777777777777777
0.54
0.6136363636363636
0.5777777777777777
0.52
0.48214285714285715
0.5283018867924528
0.5094339622641509
0.5
0.5625
0.5294117647058824
0.5098039215686274
0.54
0.4909090909090909
0.5652173913043478
0.6923076923076923
0.5909090909090909
0.5777777777777777
0.54
0.5510204081632653
0.54
0.6136363636363636
0.5510204081632653
0.6
0.5294117647058824
0.6428571428571429
0.5869565217391305
0.54
0.5510204081632653
0.5510204081632653
0.5777777777777777
0.574468085106383
0.5652173913043478
0.5869565217391305
0.54
0.6428571428571429
0.5294117647058824
0.5777777777777777
0.5531914893617021
0.5625
0.5833333333333334
0.5869565217391305
0.5306122448979592
0.5192307692307693
0.5625
0.54
0.5957446808510638
0.52
0.574468085106383
0.6190476190476191
0.574468085106383
0.5909090909090909
0.574468085106383
0.54
0.6086956521739131
0.6
0.5185185185185185
0.6428571428571429
0.49122807017543857
0.574468085106383
0.48214285714285715
0.4576271186440678
0.54
0.5510204081632653
0.5777777777777777
0.6
0.5416666666666666
0.54
0.4909090909090909
0.5510204081632653
0.5510204081632653
0.6136363636363636
0.5192307692307693
0.5294117647058824
0.7297297297297297
0.5294117647058824
0.6
0.5510204081632653
0.627906976744186
0.574468085106383
0.5192307692307693
0.54
0.5192307692307693
0.5777777777777777
0.5192307692307693
0.6
0.675
0.6
0.5510204081632653
0.6
0.574468085106383
0.5
0.5652173913043478
0.5869565217391305
0.47368421052631576
0.48148148148148145
0.6428571428571429
0.5510204081632653
0.5777777777777777
0.6136363636363636
0.5
0.5625
0.6
0.5869565217391305
0.5510204081632653
0.6341463414634146
0.47368421052631576
0.5652173913043478
0.5531914893617021
0.5652173913043478
0.5192307692307693
0.5
0.47368421052631576
0.5490196078431373
0.5283018867924528
0.574468085106383
0.52
0.5384615384615384
0.574468085106383
0.47368421052631576
0.6923076923076923
0.5869565217391305
0.49056603773584906
0.5098039215686274
0.5306122448979592
0.6
0.6136363636363636
0.52
0.6428571428571429
0.6363636363636364
0.6136363636363636
0.6136363636363636
0.5869565217391305
0.6
0.6136363636363636
0.54
0.5
0.5510204081632653
0.5869565217391305
0.6136363636363636
0.5094339622641509
0.675
0.5652173913043478
0.5094339622641509
0.54
0.4909090909090909
0.5192307692307693
0.54
0.5625
0.5510204081632653
0.5294117647058824
0.6
