0.11619718309859155
0.06690140845070422
0.13028169014084506
0.05985915492957746
0.09859154929577464
0.08450704225352113
0.07394366197183098
0.1056338028169014
0.11971830985915492
0.08098591549295775
0.06338028169014084
0.08098591549295775
0.08098591549295775
0.07042253521126761
0.10211267605633803
0.1056338028169014
0.10211267605633803
0.09154929577464789
0.06690140845070422
0.07042253521126761
0.09154929577464789
0.07394366197183098
0.0880281690140845
0.08098591549295775
0.11619718309859155
0.07042253521126761
0.1056338028169014
0.08098591549295775
0.12323943661971831
0.11619718309859155
0.10211267605633803
0.11971830985915492
0.10915492957746478
0.08098591549295775
0.07746478873239436
0.0880281690140845
0.08450704225352113
0.06338028169014084
0.09507042253521127
0.11971830985915492
0.1056338028169014
0.07746478873239436
0.11971830985915492
0.1267605633802817
0.09507042253521127
0.08098591549295775
0.08450704225352113
0.08450704225352113
0.09154929577464789
0.1056338028169014
0.056338028169014086
0.09507042253521127
0.10915492957746478
0.0528169014084507
0.11267605633802817
0.07394366197183098
0.07042253521126761
0.07746478873239436
0.12323943661971831
0.09154929577464789
0.13028169014084506
0.06338028169014084
0.06690140845070422
0.07394366197183098
0.11267605633802817
0.09507042253521127
0.09859154929577464
0.07394366197183098
0.07746478873239436
0.08098591549295775
0.0880281690140845
0.09507042253521127
0.10915492957746478
0.07746478873239436
0.05985915492957746
0.07394366197183098
0.0880281690140845
0.09154929577464789
0.09507042253521127
0.1056338028169014
0.09154929577464789
0.09859154929577464
0.1056338028169014
0.09507042253521127
0.09154929577464789
0.07746478873239436
0.11619718309859155
0.09154929577464789
0.0880281690140845
0.07746478873239436
0.1056338028169014
0.09154929577464789
0.06338028169014084
0.08098591549295775
0.08450704225352113
0.10211267605633803
0.09859154929577464
0.06690140845070422
0.07394366197183098
0.10211267605633803
0.10915492957746478
0.06690140845070422
0.11619718309859155
0.07746478873239436
0.06690140845070422
0.045774647887323945
0.1056338028169014
0.10915492957746478
0.06690140845070422
0.08450704225352113
0.11267605633802817
0.09507042253521127
0.12323943661971831
0.0880281690140845
0.10915492957746478
0.04929577464788732
0.06338028169014084
0.08450704225352113
0.07746478873239436
0.07746478873239436
0.08098591549295775
0.08450704225352113
0.07394366197183098
0.07042253521126761
0.08450704225352113
0.08450704225352113
0.08450704225352113
0.07042253521126761
0.11267605633802817
0.09154929577464789
0.08450704225352113
0.07394366197183098
0.12323943661971831
0.11619718309859155
0.06690140845070422
0.0880281690140845
0.11267605633802817
0.06690140845070422
0.056338028169014086
0.08098591549295775
0.09154929577464789
0.11971830985915492
0.08450704225352113
0.0880281690140845
0.09154929577464789
0.09154929577464789
0.0880281690140845
0.10915492957746478
0.08098591549295775
0.09154929577464789
0.08450704225352113
0.07746478873239436
0.10915492957746478
0.07746478873239436
0.0880281690140845
0.07394366197183098
0.0880281690140845
0.07746478873239436
0.1056338028169014
0.09859154929577464
0.0880281690140845
0.0880281690140845
0.09859154929577464
0.0880281690140845
0.09859154929577464
0.09507042253521127
0.11267605633802817
0.07394366197183098
0.1267605633802817
0.09154929577464789
0.08098591549295775
0.07394366197183098
0.056338028169014086
0.13028169014084506
0.08098591549295775
0.1056338028169014
0.06690140845070422
0.09507042253521127
0.1056338028169014
0.09507042253521127
0.07746478873239436
0.04929577464788732
0.08098591549295775
0.06690140845070422
0.07394366197183098
0.04929577464788732
0.08098591549295775
0.07042253521126761
0.10211267605633803
0.02464788732394366
0.11267605633802817
0.09154929577464789
0.12323943661971831
0.07746478873239436
0.09507042253521127
0.08450704225352113
0.08098591549295775
0.10915492957746478
0.05985915492957746
0.10211267605633803
0.0880281690140845
0.0880281690140845
0.06338028169014084
0.07746478873239436
0.0880281690140845
0.10915492957746478
0.10211267605633803
0.06690140845070422
0.07746478873239436
0.07394366197183098
0.0880281690140845
0.07394366197183098
0.0880281690140845
0.07394366197183098
0.03169014084507042
0.10915492957746478
0.09507042253521127
0.07394366197183098
0.07746478873239436
0.10915492957746478
0.0880281690140845
0.11971830985915492
0.0880281690140845
0.10211267605633803
0.056338028169014086
0.06338028169014084
0.11267605633802817
0.08450704225352113
0.06338028169014084
0.1056338028169014
0.13028169014084506
0.08098591549295775
0.1056338028169014
0.08098591549295775
0.09154929577464789
0.05985915492957746
0.06690140845070422
0.10211267605633803
0.1056338028169014
0.11619718309859155
0.09859154929577464
0.07394366197183098
0.09859154929577464
0.13028169014084506
0.10915492957746478
0.0528169014084507
0.14788732394366197
0.05985915492957746
0.06338028169014084
0.09154929577464789
0.09859154929577464
0.09154929577464789
0.10915492957746478
0.07394366197183098
0.12323943661971831
0.07042253521126761
0.10915492957746478
0.07394366197183098
0.07394366197183098
0.11267605633802817
0.06690140845070422
0.06690140845070422
0.056338028169014086
0.10211267605633803
0.09507042253521127
0.07394366197183098
0.08450704225352113
0.11971830985915492
0.10915492957746478
0.0880281690140845
0.09154929577464789
0.07746478873239436
0.056338028169014086
0.0880281690140845
0.11267605633802817
0.07394366197183098
0.11971830985915492
0.11619718309859155
0.08450704225352113
0.08450704225352113
0.06690140845070422
0.09154929577464789
0.07746478873239436
0.07746478873239436
0.13028169014084506
0.09507042253521127
0.0880281690140845
0.10915492957746478
0.09154929577464789
0.07042253521126761
0.07746478873239436
0.0880281690140845
0.07394366197183098
0.08098591549295775
0.07394366197183098
0.08098591549295775
0.07042253521126761
0.07042253521126761
0.10915492957746478
0.08450704225352113
0.07042253521126761
0.09507042253521127
0.07746478873239436
0.06690140845070422
0.07746478873239436
0.10211267605633803
0.07394366197183098
0.13028169014084506
0.1056338028169014
0.05985915492957746
0.07746478873239436
0.10211267605633803
0.06338028169014084
0.08098591549295775
0.07394366197183098
0.07746478873239436
0.0880281690140845
0.12323943661971831
0.08450704225352113
0.0528169014084507
0.0880281690140845
0.09859154929577464
0.12323943661971831
0.0880281690140845
0.07394366197183098
0.06690140845070422
0.07394366197183098
0.08098591549295775
0.08098591549295775
0.05985915492957746
0.08098591549295775
0.08450704225352113
0.08450704225352113
0.08098591549295775
0.09154929577464789
0.06338028169014084
0.06338028169014084
0.08450704225352113
0.1056338028169014
0.08450704225352113
0.09154929577464789
0.06338028169014084
0.07746478873239436
0.07746478873239436
0.08450704225352113
0.10211267605633803
0.09859154929577464
0.11971830985915492
0.08450704225352113
0.09507042253521127
0.0880281690140845
0.0880281690140845
0.09154929577464789
0.11619718309859155
0.09859154929577464
0.0880281690140845
0.08098591549295775
0.07746478873239436
0.09154929577464789
0.07042253521126761
0.10915492957746478
0.0880281690140845
0.0880281690140845
0.12323943661971831
0.0880281690140845
0.09507042253521127
0.10211267605633803
0.07042253521126761
0.08098591549295775
0.0880281690140845
0.12323943661971831
0.06338028169014084
0.07394366197183098
0.09154929577464789
0.09507042253521127
0.10915492957746478
0.1267605633802817
0.07746478873239436
0.09154929577464789
0.11267605633802817
0.10211267605633803
0.05985915492957746
0.09507042253521127
0.09507042253521127
0.0880281690140845
0.08098591549295775
0.0880281690140845
0.09507042253521127
0.07042253521126761
0.06690140845070422
0.09859154929577464
0.07042253521126761
0.0880281690140845
0.11267605633802817
0.0880281690140845
0.10915492957746478
0.05985915492957746
0.08450704225352113
0.09507042253521127
0.07746478873239436
0.07746478873239436
0.09154929577464789
0.07394366197183098
0.06690140845070422
0.07394366197183098
0.09154929577464789
0.07394366197183098
0.09859154929577464
0.09859154929577464
0.0528169014084507
0.08450704225352113
0.06338028169014084
0.13028169014084506
0.06338028169014084
0.09154929577464789
0.09154929577464789
0.10211267605633803
0.09507042253521127
0.11267605633802817
0.09154929577464789
0.07746478873239436
0.10211267605633803
0.11267605633802817
0.07394366197183098
0.07746478873239436
0.08098591549295775
0.09507042253521127
0.08450704225352113
0.09859154929577464
0.10211267605633803
0.09507042253521127
0.10211267605633803
0.06690140845070422
0.06690140845070422
0.11267605633802817
0.08098591549295775
0.09507042253521127
0.06690140845070422
0.04929577464788732
0.08098591549295775
0.09859154929577464
0.09507042253521127
0.07042253521126761
0.0880281690140845
0.09507042253521127
0.09154929577464789
0.11619718309859155
0.08450704225352113
0.07746478873239436
0.10211267605633803
0.09859154929577464
0.09154929577464789
0.10211267605633803
0.056338028169014086
0.08098591549295775
0.10915492957746478
0.09859154929577464
0.10915492957746478
0.11267605633802817
0.07042253521126761
0.09507042253521127
0.056338028169014086
0.1056338028169014
0.10915492957746478
0.08098591549295775
0.09507042253521127
0.11619718309859155
0.07746478873239436
0.0528169014084507
0.0880281690140845
0.08450704225352113
0.06338028169014084
0.11619718309859155
0.10211267605633803
0.07042253521126761
0.09859154929577464
0.07042253521126761
0.0880281690140845
0.1056338028169014
0.10915492957746478
0.09859154929577464
0.08450704225352113
0.0880281690140845
0.06690140845070422
0.08450704225352113
0.1056338028169014
0.09154929577464789
0.09154929577464789
0.0880281690140845
0.08450704225352113
0.10915492957746478
0.07746478873239436
0.06690140845070422
0.0528169014084507
0.07042253521126761
0.0880281690140845
0.06338028169014084
0.07746478873239436
0.08098591549295775
0.09507042253521127
