0.14666666666666667
0.19753086419753085
0.17721518987341772
0.21621621621621623
0.16216216216216217
0.13793103448275862
0.22535211267605634
0.17857142857142858
0.2073170731707317
0.22727272727272727
0.2112676056338028
0.17647058823529413
0.2962962962962963
0.14925373134328357
0.208955223880597
0.16666666666666666
0.2535211267605634
0.15476190476190477
0.18292682926829268
0.17142857142857143
0.17333333333333334
0.21875
0.189873417721519
0.2875
0.22972972972972974
0.14516129032258066
0.16129032258064516
0.1891891891891892
0.18055555555555555
0.17567567567567569
0.1917808219178082
0.1935483870967742
0.24
0.17647058823529413
0.3684210526315789
0.21518987341772153
0.16923076923076924
0.208955223880597
0.21428571428571427
0.25
0.2459016393442623
0.18292682926829268
0.16666666666666666
0.19047619047619047
0.2459016393442623
0.22972972972972974
0.26865671641791045
0.2112676056338028
0.13
0.2878787878787879
0.16666666666666666
0.275
0.22033898305084745
0.125
0.1891891891891892
0.22784810126582278
0.18181818181818182
0.16901408450704225
0.19718309859154928
0.20930232558139536
0.2597402597402597
0.18309859154929578
0.23684210526315788
0.22058823529411764
0.22857142857142856
0.16901408450704225
0.16417910447761194
0.25
0.23529411764705882
0.19696969696969696
0.19444444444444445
0.24242424242424243
0.16129032258064516
0.12857142857142856
0.23076923076923078
0.24
0.16176470588235295
0.26153846153846155
0.18518518518518517
0.17567567567567569
0.16
0.18840579710144928
0.27941176470588236
0.29411764705882354
0.18840579710144928
0.20833333333333334
0.22058823529411764
0.2463768115942029
0.14285714285714285
0.20588235294117646
0.2328767123287671
0.09722222222222222
0.16393442622950818
0.2222222222222222
0.20270270270270271
0.2459016393442623
0.2028985507246377
0.15714285714285714
0.14285714285714285
0.22077922077922077
0.14285714285714285
0.17333333333333334
0.16216216216216217
0.171875
0.15873015873015872
0.171875
0.24675324675324675
0.25925925925925924
0.208955223880597
0.20634920634920634
0.1746031746031746
0.23880597014925373
0.15714285714285714
0.22033898305084745
0.22388059701492538
0.16666666666666666
0.2328767123287671
0.15942028985507245
0.21875
0.24675324675324675
0.1625
0.25396825396825395
0.2608695652173913
0.2702702702702703
0.18181818181818182
0.20634920634920634
0.18181818181818182
0.2602739726027397
0.27419354838709675
0.24242424242424243
0.1643835616438356
0.17333333333333334
0.15873015873015872
0.2191780821917808
0.16
0.24324324324324326
0.109375
0.18181818181818182
0.1774193548387097
0.15294117647058825
0.23880597014925373
0.2777777777777778
0.175
0.2054794520547945
0.24285714285714285
0.14925373134328357
0.16666666666666666
0.24615384615384617
0.13636363636363635
0.1794871794871795
0.15625
0.1774193548387097
0.23529411764705882
0.2054794520547945
0.2054794520547945
0.2361111111111111
0.26506024096385544
0.19444444444444445
0.19642857142857142
0.1927710843373494
0.1791044776119403
0.17647058823529413
0.18571428571428572
0.16393442622950818
0.14492753623188406
0.2876712328767123
0.2716049382716049
0.17073170731707318
0.16853932584269662
0.1518987341772152
0.21686746987951808
0.14634146341463414
0.14084507042253522
0.22535211267605634
0.12280701754385964
0.22784810126582278
0.17045454545454544
0.171875
0.13432835820895522
0.1794871794871795
0.18181818181818182
0.2077922077922078
0.208955223880597
0.2112676056338028
0.25396825396825395
0.2465753424657534
0.16666666666666666
0.21568627450980393
0.29411764705882354
0.16666666666666666
0.21518987341772153
0.2125
0.16901408450704225
0.1694915254237288
0.20512820512820512
0.2235294117647059
0.2112676056338028
0.16176470588235295
0.13157894736842105
0.22666666666666666
0.2028985507246377
0.20253164556962025
0.20833333333333334
0.23076923076923078
0.15789473684210525
0.25757575757575757
0.18309859154929578
0.16
0.1935483870967742
0.16666666666666666
0.2361111111111111
0.16923076923076924
0.1891891891891892
0.1780821917808219
0.20270270270270271
0.1794871794871795
0.2328767123287671
0.17333333333333334
0.21052631578947367
0.2112676056338028
0.16393442622950818
0.23376623376623376
0.18309859154929578
0.21428571428571427
0.17647058823529413
0.2054794520547945
0.15625
0.15789473684210525
0.15789473684210525
0.1891891891891892
0.2033898305084746
0.19736842105263158
0.24193548387096775
0.23880597014925373
0.2465753424657534
0.21348314606741572
0.18666666666666668
0.2328767123287671
0.21518987341772153
0.22058823529411764
0.21739130434782608
0.1791044776119403
0.11428571428571428
0.2753623188405797
0.22535211267605634
0.16417910447761194
0.22413793103448276
0.2054794520547945
0.16901408450704225
0.19696969696969696
0.1346153846153846
0.16901408450704225
0.1643835616438356
0.18421052631578946
0.1780821917808219
0.22388059701492538
0.2537313432835821
0.19444444444444445
0.22058823529411764
0.12345679012345678
0.1875
0.14705882352941177
0.22413793103448276
0.20588235294117646
0.1506849315068493
0.18032786885245902
0.2463768115942029
0.25
0.19696969696969696
0.1267605633802817
0.23333333333333334
0.23076923076923078
0.22857142857142856
0.2
0.21518987341772153
0.2631578947368421
0.21428571428571427
0.2923076923076923
0.22413793103448276
0.2375
0.24615384615384617
0.23076923076923078
0.1791044776119403
0.18666666666666668
0.21839080459770116
0.19117647058823528
0.2
0.29850746268656714
0.16176470588235295
0.21176470588235294
0.1875
0.14102564102564102
0.16216216216216217
0.21333333333333335
0.16
0.23728813559322035
0.16176470588235295
0.23529411764705882
0.2125
0.27692307692307694
0.19047619047619047
0.25
0.20238095238095238
0.17647058823529413
0.23684210526315788
0.2222222222222222
0.2898550724637681
0.13513513513513514
0.2054794520547945
0.16883116883116883
0.18032786885245902
0.2602739726027397
0.13513513513513514
0.21333333333333335
0.2112676056338028
0.21311475409836064
0.16666666666666666
0.23809523809523808
0.2638888888888889
0.24
0.24615384615384617
0.21052631578947367
0.1506849315068493
0.14473684210526316
0.16393442622950818
0.18840579710144928
0.2318840579710145
0.26229508196721313
0.2602739726027397
0.15151515151515152
0.2753623188405797
0.29411764705882354
0.2
0.20270270270270271
0.1891891891891892
0.2777777777777778
0.16216216216216217
0.18823529411764706
0.2028985507246377
0.2328767123287671
0.16666666666666666
0.14285714285714285
0.21428571428571427
0.1891891891891892
0.21212121212121213
0.189873417721519
0.19672131147540983
0.1864406779661017
0.16049382716049382
0.17333333333333334
0.22950819672131148
0.21212121212121213
0.1864406779661017
0.19696969696969696
0.2037037037037037
0.2
0.25
0.2033898305084746
0.17721518987341772
0.296875
0.22413793103448276
0.19444444444444445
0.16666666666666666
0.2
0.18181818181818182
0.21739130434782608
0.18309859154929578
0.1323529411764706
0.16393442622950818
0.22058823529411764
0.18181818181818182
0.1891891891891892
0.18055555555555555
0.15492957746478872
0.2602739726027397
0.16901408450704225
0.24096385542168675
0.1794871794871795
0.1917808219178082
0.23529411764705882
0.30985915492957744
0.25
0.25
0.20833333333333334
0.1506849315068493
0.3013698630136986
0.1527777777777778
0.2
0.16901408450704225
0.21666666666666667
0.11290322580645161
0.16176470588235295
0.17105263157894737
0.15384615384615385
0.19298245614035087
0.16216216216216217
0.2753623188405797
0.17105263157894737
0.15151515151515152
0.20967741935483872
0.19736842105263158
0.19047619047619047
0.18571428571428572
0.19480519480519481
0.20481927710843373
0.12857142857142856
0.18666666666666668
0.2
0.12698412698412698
0.2222222222222222
0.2
0.21739130434782608
0.17105263157894737
0.17333333333333334
0.19444444444444445
0.19718309859154928
0.18571428571428572
0.1388888888888889
0.13432835820895522
0.2361111111111111
0.1891891891891892
0.2054794520547945
0.13636363636363635
0.23076923076923078
0.20224719101123595
0.20967741935483872
0.3188405797101449
0.2289156626506024
0.25
0.275
0.21739130434782608
0.2631578947368421
0.21333333333333335
0.3150684931506849
0.19718309859154928
0.15873015873015872
0.14473684210526316
0.21428571428571427
0.2711864406779661
0.08571428571428572
0.2345679012345679
0.15942028985507245
0.1746031746031746
0.18292682926829268
0.21311475409836064
0.18181818181818182
0.22058823529411764
0.25757575757575757
0.1774193548387097
0.21311475409836064
0.20833333333333334
0.21153846153846154
0.21212121212121213
0.24193548387096775
0.16216216216216217
0.2608695652173913
0.16901408450704225
0.2535211267605634
0.16666666666666666
0.19718309859154928
0.14925373134328357
0.17647058823529413
0.25
0.1951219512195122
0.2054794520547945
0.288135593220339
0.16883116883116883
0.20253164556962025
0.25609756097560976
0.23943661971830985
0.22666666666666666
0.23076923076923078
0.1267605633802817
0.14492753623188406
0.22580645161290322
0.0975609756097561
0.09722222222222222
0.1891891891891892
0.1875
0.2
0.13513513513513514
0.18571428571428572
0.21052631578947367
0.16666666666666666
0.16176470588235295
0.15384615384615385
0.18181818181818182
0.16901408450704225
0.2602739726027397
0.2
0.208955223880597
0.21518987341772153
0.21311475409836064
0.21875
0.17333333333333334
0.19117647058823528
0.1875
0.18666666666666668
0.1746031746031746
0.15714285714285714
