0.39436619718309857
0.4014084507042254
0.3485915492957746
0.38028169014084506
0.4119718309859155
0.4014084507042254
0.4612676056338028
0.47183098591549294
0.3908450704225352
0.397887323943662
0.3591549295774648
0.44366197183098594
0.3908450704225352
0.39436619718309857
0.4154929577464789
0.44014084507042256
0.44366197183098594
0.45774647887323944
0.44366197183098594
0.3873239436619718
0.397887323943662
0.3873239436619718
0.4084507042253521
0.426056338028169
0.3767605633802817
0.4295774647887324
0.4154929577464789
0.4612676056338028
0.44014084507042256
0.4295774647887324
0.4084507042253521
0.44366197183098594
0.4119718309859155
0.39436619718309857
0.47183098591549294
0.4295774647887324
0.43309859154929575
0.39436619718309857
0.4154929577464789
0.4225352112676056
0.426056338028169
0.4154929577464789
0.4084507042253521
0.45774647887323944
0.4084507042253521
0.44366197183098594
0.47183098591549294
0.45774647887323944
0.426056338028169
0.45774647887323944
0.34507042253521125
0.44366197183098594
0.3908450704225352
0.3485915492957746
0.4225352112676056
0.39436619718309857
0.4014084507042254
0.43661971830985913
0.426056338028169
0.4295774647887324
0.43309859154929575
0.4295774647887324
0.4788732394366197
0.39436619718309857
0.39436619718309857
0.4014084507042254
0.4295774647887324
0.39436619718309857
0.397887323943662
0.4119718309859155
0.3732394366197183
0.44014084507042256
0.3873239436619718
0.38380281690140844
0.40492957746478875
0.4753521126760563
0.3732394366197183
0.3767605633802817
0.4014084507042254
0.43309859154929575
0.43309859154929575
0.45774647887323944
0.4119718309859155
0.4471830985915493
0.44014084507042256
0.397887323943662
0.41901408450704225
0.4295774647887324
0.39436619718309857
0.47183098591549294
0.4612676056338028
0.4612676056338028
0.4859154929577465
0.3732394366197183
0.44014084507042256
0.4154929577464789
0.4823943661971831
0.40492957746478875
0.38380281690140844
0.41901408450704225
0.4119718309859155
0.45774647887323944
0.4225352112676056
0.397887323943662
0.4507042253521127
0.35563380281690143
0.4119718309859155
0.40492957746478875
0.4507042253521127
0.4119718309859155
0.44366197183098594
0.41901408450704225
0.38028169014084506
0.40492957746478875
0.36619718309859156
0.39436619718309857
0.4014084507042254
0.4507042253521127
0.4119718309859155
0.4119718309859155
0.3908450704225352
0.4119718309859155
0.4154929577464789
0.4612676056338028
0.4225352112676056
0.426056338028169
0.426056338028169
0.43661971830985913
0.4647887323943662
0.44014084507042256
0.4647887323943662
0.39436619718309857
0.4471830985915493
0.39436619718309857
0.4014084507042254
0.43309859154929575
0.49295774647887325
0.43661971830985913
0.38380281690140844
0.46830985915492956
0.44366197183098594
0.3873239436619718
0.40492957746478875
0.43309859154929575
0.397887323943662
0.3767605633802817
0.44366197183098594
0.35563380281690143
0.39436619718309857
0.4225352112676056
0.3908450704225352
0.3345070422535211
0.3908450704225352
0.4507042253521127
0.4154929577464789
0.4507042253521127
0.38380281690140844
0.38380281690140844
0.43661971830985913
0.43309859154929575
0.4225352112676056
0.3873239436619718
0.3485915492957746
0.426056338028169
0.3873239436619718
0.4225352112676056
0.43309859154929575
0.4225352112676056
0.39436619718309857
0.4084507042253521
0.38380281690140844
0.40492957746478875
0.397887323943662
0.36619718309859156
0.397887323943662
0.3591549295774648
0.4154929577464789
0.397887323943662
0.38380281690140844
0.4014084507042254
0.43309859154929575
0.4014084507042254
0.4295774647887324
0.40492957746478875
0.4119718309859155
0.44014084507042256
0.40492957746478875
0.426056338028169
0.43661971830985913
0.4119718309859155
0.397887323943662
0.43661971830985913
0.4295774647887324
0.4225352112676056
0.4225352112676056
0.4225352112676056
0.4471830985915493
0.4295774647887324
0.43661971830985913
0.44014084507042256
0.4119718309859155
0.41901408450704225
0.38028169014084506
0.44014084507042256
0.4154929577464789
0.426056338028169
0.46830985915492956
0.40492957746478875
0.44366197183098594
0.426056338028169
0.4084507042253521
0.40492957746478875
0.4295774647887324
0.4154929577464789
0.3908450704225352
0.397887323943662
0.4084507042253521
0.4507042253521127
0.3908450704225352
0.426056338028169
0.40492957746478875
0.4084507042253521
0.4119718309859155
0.41901408450704225
0.41901408450704225
0.39436619718309857
0.4225352112676056
0.4154929577464789
0.3591549295774648
0.4014084507042254
0.4225352112676056
0.47183098591549294
0.41901408450704225
0.45422535211267606
0.44366197183098594
0.43309859154929575
0.4084507042253521
0.3591549295774648
0.40492957746478875
0.4014084507042254
0.45422535211267606
0.397887323943662
0.4014084507042254
0.43661971830985913
0.39436619718309857
0.426056338028169
0.3485915492957746
0.4471830985915493
0.4119718309859155
0.38028169014084506
0.4612676056338028
0.4295774647887324
0.4471830985915493
0.39436619718309857
0.4119718309859155
0.4647887323943662
0.4119718309859155
0.43309859154929575
0.4647887323943662
0.4471830985915493
0.3732394366197183
0.4225352112676056
0.40492957746478875
0.3767605633802817
0.3626760563380282
0.3626760563380282
0.4014084507042254
0.40492957746478875
0.4225352112676056
0.4084507042253521
0.4507042253521127
0.40492957746478875
0.352112676056338
0.397887323943662
0.43661971830985913
0.4225352112676056
0.45422535211267606
0.4084507042253521
0.4788732394366197
0.4119718309859155
0.4084507042253521
0.41901408450704225
0.4154929577464789
0.43661971830985913
0.43661971830985913
0.3485915492957746
0.4753521126760563
0.40492957746478875
0.3732394366197183
0.3626760563380282
0.4154929577464789
0.4014084507042254
0.4225352112676056
0.3591549295774648
0.4612676056338028
0.44366197183098594
0.36971830985915494
0.38380281690140844
0.46830985915492956
0.4084507042253521
0.3908450704225352
0.31690140845070425
0.4225352112676056
0.44366197183098594
0.38380281690140844
0.4225352112676056
0.44014084507042256
0.44366197183098594
0.4119718309859155
0.44014084507042256
0.4964788732394366
0.3732394366197183
0.45774647887323944
0.4295774647887324
0.38028169014084506
0.43309859154929575
0.4295774647887324
0.397887323943662
0.3873239436619718
0.3626760563380282
0.41901408450704225
0.39436619718309857
0.46830985915492956
0.4471830985915493
0.4014084507042254
0.39436619718309857
0.4014084507042254
0.3380281690140845
0.38028169014084506
0.36619718309859156
0.3908450704225352
0.4647887323943662
0.4119718309859155
0.38380281690140844
0.44014084507042256
0.40492957746478875
0.3873239436619718
0.4119718309859155
0.4014084507042254
0.4295774647887324
0.4471830985915493
0.397887323943662
0.426056338028169
0.38380281690140844
0.35563380281690143
0.47183098591549294
0.4084507042253521
0.4084507042253521
0.4084507042253521
0.4154929577464789
0.34507042253521125
0.4154929577464789
0.43309859154929575
0.4507042253521127
0.45774647887323944
0.4119718309859155
0.45422535211267606
0.40492957746478875
0.38380281690140844
0.3415492957746479
0.41901408450704225
0.3732394366197183
0.3732394366197183
0.44014084507042256
0.44366197183098594
0.44014084507042256
0.47183098591549294
0.40492957746478875
0.4014084507042254
0.397887323943662
0.4154929577464789
0.397887323943662
0.4225352112676056
0.41901408450704225
0.4154929577464789
0.4471830985915493
0.45774647887323944
0.38380281690140844
0.4119718309859155
0.40492957746478875
0.43309859154929575
0.4014084507042254
0.4225352112676056
0.45774647887323944
0.426056338028169
0.45774647887323944
0.39436619718309857
0.40492957746478875
0.4084507042253521
0.3767605633802817
0.426056338028169
0.4471830985915493
0.44014084507042256
0.4119718309859155
0.47183098591549294
0.397887323943662
0.39436619718309857
0.397887323943662
0.38380281690140844
0.4471830985915493
0.38380281690140844
0.3732394366197183
0.4507042253521127
0.47183098591549294
0.40492957746478875
0.4894366197183099
0.4154929577464789
0.36971830985915494
0.41901408450704225
0.4225352112676056
0.45774647887323944
0.4084507042253521
0.4507042253521127
0.3873239436619718
0.4084507042253521
0.3732394366197183
0.4894366197183099
0.4823943661971831
0.40492957746478875
0.38028169014084506
0.43661971830985913
0.44014084507042256
0.4119718309859155
0.4295774647887324
0.45774647887323944
0.4154929577464789
0.426056338028169
0.4225352112676056
0.3873239436619718
0.4154929577464789
0.36971830985915494
0.4507042253521127
0.3908450704225352
0.44366197183098594
0.4471830985915493
0.38380281690140844
0.4225352112676056
0.4471830985915493
0.426056338028169
0.40492957746478875
0.46830985915492956
0.4647887323943662
0.40492957746478875
0.4225352112676056
0.40492957746478875
0.36971830985915494
0.4295774647887324
0.36971830985915494
0.3908450704225352
0.397887323943662
0.4154929577464789
0.41901408450704225
0.4507042253521127
0.40492957746478875
0.39436619718309857
0.3873239436619718
0.4225352112676056
0.4225352112676056
0.38028169014084506
0.36619718309859156
0.4014084507042254
0.40492957746478875
0.4612676056338028
0.44014084507042256
0.43661971830985913
0.3591549295774648
0.38028169014084506
0.43661971830985913
0.4647887323943662
0.44366197183098594
0.4295774647887324
0.38380281690140844
0.44014084507042256
0.397887323943662
0.4014084507042254
0.36619718309859156
0.43309859154929575
0.3873239436619718
0.4295774647887324
0.4471830985915493
0.4084507042253521
0.36619718309859156
0.44366197183098594
0.4612676056338028
0.36971830985915494
0.3908450704225352
0.4647887323943662
0.3626760563380282
0.4014084507042254
0.4471830985915493
0.43661971830985913
0.397887323943662
0.3767605633802817
0.4119718309859155
0.41901408450704225
0.3908450704225352
0.3767605633802817
0.47183098591549294
0.3591549295774648
0.4225352112676056
