0.25562254717290345
0.23658834459003691
0.2396287356213329
0.2960062818884642
0.27279589398140147
0.26069419831079466
0.2412341767411902
0.2707374791340037
0.2779381461234856
0.22939779640883204
0.24108082884708204
0.2775632470550043
0.2585886781348773
0.24890664866686874
0.24247124203686288
0.25768144478314015
0.2756921925962339
0.2481348645382872
0.2660191353549276
0.21637567976073296
0.22242403992361018
0.26559280509918537
0.2524268773508801
0.26014834139470877
0.2280310462265729
0.23480361208009645
0.2428991526017455
0.22257907456340642
0.27973199754681355
0.22062600725004441
0.22704611478710307
0.2515948757994433
0.2577821992590017
0.24372819349279226
0.24676468706922494
0.271229271719184
0.2583802581866018
0.2470919337365185
0.22487936848794488
0.2526578067662214
0.2610749842138649
0.26663879416668834
0.2569688260594749
0.24992848595252418
0.2347700897348364
0.23573641246234742
0.26539443590259426
0.26709157039013465
0.2492034019259775
0.23295488205896303
0.2682026812695437
0.2555749472876655
0.2444009109524041
0.26808260006832296
0.24431952181982736
0.23182639297121316
0.2134335739800668
0.24834878436986782
0.24236567359182928
0.22226452617996648
0.245537956159283
0.2996554732719068
0.2501915851652194
0.265110133471426
0.24471134450138976
0.2475628599243163
0.2622414747990093
0.29386502842936374
0.2610417999025464
0.25574992068406305
0.23611982680729537
0.23679412587553486
0.2348856970706781
0.24247610671564224
0.26468344074667066
0.2422483751348568
0.26244482262713864
0.21177416369337976
0.2613953068749143
0.26350381588880994
0.2407391766953773
0.2437995550199088
0.2667830571339786
0.24246318963343022
0.24581418069984004
0.22738900319850883
0.25603423408988024
0.24364855088429963
0.2588053654734945
0.24303087498260517
0.2556367804492342
0.28179602370994133
0.22373811679977762
0.26202553809162404
0.2555323904920556
0.24675878055270467
0.24191744664105447
0.23981735158946643
0.2687677928683513
0.25163725157662176
0.23973830422643333
0.274031145035154
0.2549374109198962
0.2503290444327382
0.251611811466936
0.22103742369235618
0.24403888054715242
0.22455432439867512
0.2414645836601781
0.22966222367769698
0.23967359708810754
0.2590611156363226
0.23382536667038611
0.2278443710223061
0.2875292371359042
0.26578414651545185
0.251825253673866
0.22280928413305967
0.2490849339144606
0.23740156171011254
0.21949963860483515
0.2645661573256577
0.2329299000226267
0.2440382541305802
0.24966034758061562
0.2615566804550413
0.25909771648459934
0.2529682007188908
0.22459728444010243
0.2693411653417862
0.24741330372272816
0.2629143905070612
0.21991892302233718
0.2793193607652167
0.23427933566176598
0.25126660268997547
0.23381791612107572
0.2746540440032308
0.24102694584696657
0.23286976816636765
0.23666605064341334
0.23602498851420164
0.2466283015544745
0.27076921067946064
0.2392928526352071
0.24450177433671913
0.2547371797563288
0.22373038726737546
0.28031939107132314
0.2533418945435658
0.26070671394906253
0.27187869157981565
0.26227787689435517
0.25142593328338014
0.26110729631652607
0.25752502770662844
0.2291307465822777
0.25781564403469803
0.23063493737160293
0.25233547480391677
0.2476988309867678
0.2116527940145204
0.2500010999584067
0.26416370893757546
0.24640127004252566
0.2406372086904919
0.25176291473127327
0.27162238064937055
0.26199896812419565
0.24772105607426118
0.24884450840998756
0.25706233753603386
0.2407272809872377
0.24217299363373754
0.24551262165915938
0.24692831507616536
0.2636859481830516
0.2659393989639368
0.25616270735498825
0.2203934553442006
0.23976228405307665
0.2429212486265952
0.24822329209497784
0.2364630460863955
0.23773241306449056
0.2650523337668697
0.25062545277554305
0.2445041501008643
0.2721402762858198
0.25454128263253695
0.25984693698234684
0.2361699752955017
0.2673396878376985
0.23532468284448246
0.2464082510469176
0.27379309638367444
0.24227187934134078
0.263453527217662
0.241428502583907
0.2564824271775835
0.25996955069901384
0.2341636230850094
0.2502339300313211
0.2711765379534128
0.2351393515395048
0.24868928551734815
0.2581293803644858
0.273760554235803
0.23635129504888103
0.24020464973227668
0.2374917031922715
0.2537134015947985
0.24535234379194573
0.22308046083277003
0.22496938255186058
0.26269559894362127
0.2488643134218902
0.25603662011691897
0.24146324824605292
0.2433192623504345
0.2657466697570165
0.2526549435130475
0.25931992994828057
0.26507368665401343
0.2368232179462625
0.32841215101479754
0.24451115782817873
0.2355799998465097
0.23610175660166985
0.235236116820933
0.2660265742284901
0.2524145313417844
0.25092141789360123
0.2650740447208929
0.23427341302229784
0.2469990754976472
0.25407094591151125
0.23311338555970218
0.25599607983971834
0.23245961182794286
0.23002522180272608
0.2465239388226629
0.2180671310186954
0.2511027485654252
0.23684489464000874
0.22112067456413176
0.23420221446296138
0.2452177066680441
0.25121595380959116
0.24348983997724308
0.2640024838486904
0.244981136456563
0.24292904193455092
0.21620396627811578
0.26676792298712265
0.2802332323874179
0.24417064732263816
0.24404069503733378
0.2585314581029648
0.2547661593211568
0.25838359126257504
0.23540638681491288
0.25171117346286953
0.23731403175537977
0.23866992475809098
0.2860271032258312
0.24382621473886723
0.2511330518686413
0.26961361718990356
0.22891978251254153
0.2583988237491038
0.26078837642181846
0.25722207136204756
0.22881693554905014
0.2691354479489977
0.255772187574719
0.2722291033411449
0.2229867493414362
0.23351056077833426
0.25547852342161437
0.25056459410090043
0.24461050576181975
0.26350100818396277
0.2528440673602745
0.2539417696945121
0.26333738626991243
0.2617719595213961
0.2615585301407164
0.22679978919227728
0.2578088794109855
0.24615779558481093
0.26675301374795707
0.25648103391123966
0.24301613437886466
0.23853894493751707
0.26425170259833275
0.22814721436578064
0.2709203742004061
0.2653224553325172
0.2296035676302772
0.2576708810555433
0.2343331204793635
0.2673612314136898
0.21139911470886677
0.26229078950571555
0.2325961978621811
0.25615548374355374
0.2704594192632074
0.27479166984898684
0.3018034186277433
0.29111614916019596
0.250583163891357
0.26557397592200194
0.24365790202064141
0.22731059520211755
0.25810463560136143
0.24991469035647929
0.24321473624664156
0.23167912890933454
0.24737028945451753
0.2715527032528539
0.234302735890246
0.25950325403194163
0.24694172238329137
0.2358759939874087
0.2420798730491135
0.2589961517339262
0.24441009177855202
0.2512335625497157
0.2629767227686747
0.263633639754944
0.25118346819925985
0.2497246600093286
0.2313850168432071
0.2773230068272687
0.2945918584612503
0.24082363978252536
0.2524716337664902
0.2686947436978807
0.23827389319245365
0.26945963878544515
0.2417006877263797
0.24821097677311443
0.25202583020246605
0.2555606860412656
0.23189074472480242
0.25097145021026634
0.22198435969248786
0.2830273793098861
0.25508445732795487
0.22601590168755523
0.27705070519128006
0.26229939089514326
0.23726709679364322
0.28689008866293964
0.24918254971323678
0.22932932818227209
0.2384611391208504
0.2547156034163619
0.2411563301032041
0.22141789174993448
0.22236043877713313
0.23559641856526434
0.28065093246158357
0.25274104994010466
0.24122300355159507
0.2606539549820166
0.2308999521075721
0.229455854766215
0.269083527856
0.23707432558559807
0.2708782721780305
0.24131058232691682
0.2422540595599893
0.2401572511376733
0.23564497259238779
0.25735906666881175
0.24701283198032767
0.23853984184892757
0.2408063654134349
0.2569685927791443
0.22948307523427278
0.23341869038543878
0.2722594401897729
0.2489775117768002
0.23905466847232212
0.2421221778116005
0.22249382020266598
0.2270204552789911
0.27009203161818834
0.24002323807865553
0.2595821335001475
0.2501531937533319
0.24677598825316543
0.24239442046284615
0.24013401143650648
0.28195750514176754
0.28285180963960754
0.24235426530048337
0.2455070217530721
0.2511632184366408
0.24787522590977717
0.24542704090695433
0.26155139036227626
0.25983771534097866
0.24843063554128783
0.24119668948144596
0.2906712587813231
0.22774732775390513
0.26935564836076
0.2832046678090423
0.25986072184389614
0.25098213127378355
0.27299973496098795
0.2585804590861744
0.24955923791471532
0.23323646258737582
0.2561974175196541
0.22743356692246391
0.2381456941027104
0.26003531273235886
0.24803882753943235
0.26026496668807453
0.2574959586940266
0.2563001149362685
0.23569561503114128
0.23357971570885935
0.2525003849582386
0.23334116528786808
0.25216553835107386
0.23453020115236484
0.2756938593733238
0.2394501086707863
0.24729708903962588
0.24788368004105116
0.2305283898698531
0.26913134014058027
0.25054546912941034
0.24032846525887824
0.25939855206154655
0.24181990347360494
0.2344654100263921
0.25791856990818895
0.2419713687673294
0.24650782177709757
0.2363395079826806
0.2571249379188836
0.2413455488978976
0.229995128779081
0.2652447111721046
0.21114154871699006
0.26848589448996935
0.2771721522017298
0.2508314861162404
0.2582413443231197
0.26848884653905525
0.24682551439624947
0.2552783544518407
0.2543720182746163
0.24151644753137938
0.25140469195868853
0.24075747342205192
0.24553472247010052
0.27543087085768053
0.23519212137494733
0.21917459131831715
0.2131764275542524
0.23407391942397776
0.2367728063182259
0.2389703830490868
0.2628993469775325
0.27697965462238244
0.2535371163930278
0.2370083271668295
0.2604597157004073
0.2701265291724004
0.26500616851210224
0.2453861276336894
0.2299300179005114
0.23426437151728602
0.22090177515152323
0.23805054147560661
0.2388309290222354
0.2400629167738428
0.22036744087391574
0.2509450293816218
0.22755360584016998
0.25451671345593885
0.2486372177427721
0.21844234563948606
0.26805420438709116
0.24529144626531807
0.23298616218620122
0.22082867589963334
0.22529029798170486
0.24510225177961792
0.25000622739071254
0.23893205137227866
0.24104601533012596
0.2398470761370296
