0.6004512993453679
0.5892680023804802
0.6303808768101566
0.5825976988692719
0.5634794683594525
0.5786054354294782
0.5024548700654632
0.5685627851616742
0.5910037690934338
0.614114263043047
0.5631075183495338
0.5748611386629637
0.6125768696687165
0.5854245189446539
0.5755306486808174
0.5682900218210672
0.5304751041460027
0.5854245189446539
0.5805147788137275
0.5611981749652847
0.5751834953382265
0.5894415790517754
0.5701001785360048
0.5462457845665541
0.6151557230708193
0.5174568537988494
0.5579994048799842
0.612725649672684
0.5738444753025194
0.5647936917278318
0.5717615552469748
0.5536351914302717
0.5724806585994843
0.5738940686371752
0.5647936917278318
0.5340706209085498
0.5285657607617535
0.5654384050783575
0.5649672683991271
0.5454770878793891
0.5374181709978179
0.5906070224161873
0.5552965681412418
0.5354592342789128
0.5995586193215631
0.5618180916484823
0.5526185280698274
0.5659095417575878
0.5770928387224756
0.5336490775639754
0.5783574687561991
0.5607518349533822
0.5679676651458044
0.5977980559412815
0.5688107518349534
0.562239634993057
0.5452539178734378
0.5826968855385837
0.5494941479865105
0.5664550684388019
0.5176304304701448
0.5527673080737948
0.5669014084507042
0.6082374528863321
0.5333019242213846
0.5370710176552271
0.5799692521325134
0.5830440388811744
0.5929627058123389
0.5850029756000794
0.5525937314024996
0.5787790121007738
0.5875074390001983
0.6123536996627654
0.5917228724459432
0.5267308073794882
0.5857468756199167
0.5885241023606427
0.5426998611386629
0.491618726443166
0.5590904582424122
0.5564868081729816
0.5720839119222376
0.5344177742511407
0.5682652251537393
0.5647936917278318
0.5691579051775442
0.5648184883951597
0.578134298750248
0.5500892680023804
0.5656367784169807
0.5646449117238643
0.5299295774647887
0.5822753421940091
0.5737452886332077
0.5478327712755405
0.5440140845070423
0.55246974806586
0.5839615155723071
0.5738196786351913
0.5294088474509026
0.5900366990676453
0.5868379289823448
0.5684883951596905
0.5585945248958539
0.5522713747272366
0.5068934735171593
0.5968805792501488
0.5223913905971037
0.5272515373933744
0.5275243007339814
0.5721830985915494
0.5807131521523508
0.5491717913112477
0.6183048998214641
0.5817794088474509
0.5669510017853601
0.542997421146598
0.5781590954175759
0.5573298948621305
0.5837879389010118
0.5667030351120809
0.5579250148780004
0.5133902003570721
0.5373685776631622
0.554379091450109
0.5645705217218806
0.5647936917278319
0.5447083911922237
0.5670749851219996
0.5517258480460225
0.5472376512596707
0.5366742709779805
0.5635786550287641
0.5889208490378893
0.550758778020234
0.5815562388414997
0.5420055544534814
0.6182305098194802
0.5270283673874231
0.539873041063281
0.5835151755604047
0.5852509422733584
0.5732493552866494
0.5758282086887523
0.5658103550882762
0.5528416980757785
0.5786302320968062
0.5984675659591351
0.5759025986907359
0.5720591152549097
0.5731749652846657
0.5871602856576076
0.514208490378893
0.5562388414997024
0.5796468954572506
0.5557677048204721
0.5699761951993652
0.5327811942074986
0.5724558619321564
0.5858212656219004
0.5733237452886332
0.5598095615949217
0.5614709383058917
0.579498115453283
0.6076919262051181
0.5324836341995636
0.5512795080341202
0.6020382860543543
0.5648680817298154
0.5524449513985319
0.5916732791112874
0.5789773854393969
0.5527921047411228
0.5659095417575879
0.5895159690537591
0.574489188653045
0.5743900019837334
0.5667526284467368
0.6022118627256496
0.5236560206308272
0.5776631620710176
0.5545526681214045
0.5655127950803411
0.5758778020234081
0.5768696687165246
0.5450555445348146
0.526210077365602
0.5610989882959729
0.5717119619123189
0.5492461813132314
0.5379884943463598
0.5742908153144217
0.5126463003372347
0.5796468954572506
0.5680668518151161
0.5705217218805793
0.5126215036699068
0.5958887125570322
0.5908549890894663
0.5627107716722873
0.5535112080936322
0.5659591350922435
0.5304255108113469
0.566975798452688
0.5060255901606824
0.5231352906169411
0.5939793691727833
0.5640249950406665
0.5572555048601469
0.6175114064669708
0.5818785955167626
0.5638762150366992
0.565587185082325
0.5374181709978179
0.5679676651458044
0.5705217218805791
0.5779359254116249
0.5809859154929576
0.5724310652648285
0.53964987105733
0.5593384249156912
0.5926899424717318
0.5843334655822258
0.5765969053759175
0.5356328109502082
0.5422535211267606
0.5440140845070423
0.599335449315612
0.5812338821662368
0.5863667923031144
0.5885488990279707
0.5957647292203928
0.5779855187462805
0.5257141440190438
0.559140051577068
0.5800932354691529
0.5642977583812736
0.5410136877603651
0.5656119817496529
0.5111089069629042
0.552172188057925
0.5717615552469748
0.5370710176552271
0.5631571116841896
0.5955167625471136
0.5866395556437215
0.5780847054155921
0.5437661178337632
0.6076175362031343
0.4809065661575085
0.5615453283078753
0.5665294584407855
0.5757042253521127
0.6000049593334656
0.559437611585003
0.5683644118230509
0.5546270581233882
0.5880033723467566
0.5356328109502082
0.5817794088474509
0.5553461614758977
0.5792005554453482
0.570596111882563
0.5886480856972822
0.5774151953977386
0.5802668121404483
0.5377901210077366
0.6030797460821266
0.5944505058520134
0.5889208490378892
0.5622892283277127
0.5954671692124579
0.561644514977187
0.4932801031541361
0.5629835350128942
0.543245387819877
0.5868379289823448
0.5247222773259274
0.5706705018845466
0.5547758381273558
0.5503372346756596
0.5279706407458837
0.6051874628049991
0.5762993453679826
0.5880033723467566
0.579498115453283
0.5665790517754413
0.5989139059710373
0.562190041658401
0.5692570918468558
0.5350376909343384
0.5637026383654038
0.5628347550089269
0.5423031144614164
0.5755554453481453
0.5882761356873637
0.5520234080539576
0.5706457052172188
0.5901606824042848
0.5573546915294584
0.5780599087482642
0.5473368379289822
0.5661823050981948
0.563355485022813
0.5532384447530253
0.5678684784764927
0.5435925411624678
0.54463400119024
0.5119024003173973
0.5662814917675064
0.5221682205911525
0.5288137274350327
0.5101666336044436
0.5686619718309859
0.5525689347351717
0.5460226145606031
0.592045229121206
0.6037244594326523
0.5556437214838326
0.539352311049395
0.5934090458242413
0.5247966673279112
0.5386828010315414
0.5734477286252727
0.5672237651259671
0.5509323546915295
0.5624628049990081
0.59092937909145
0.6114610196389604
0.5576026582027376
0.5520730013886134
0.5915492957746479
0.5806139654830391
0.5453035112080936
0.5755554453481452
0.5780599087482643
0.5540815314421741
0.5422535211267605
0.5423527077960723
0.5277970640745883
0.5483782979567546
0.5491965879785756
0.5261108906962904
0.5695794485221186
0.5543294981154533
0.5847798055941281
0.5510315413608411
0.5729517952787145
0.5620660583217616
0.5759521920253916
0.5606030549494148
0.6146101963896052
0.5326572108708589
0.515349137075977
0.553858361436223
0.5525937314024996
0.6295129934536798
0.5696786351914304
0.5834407855584209
0.5931610791509621
0.5816306288434835
0.5819281888514185
0.5604046816107916
0.5333019242213847
0.5145556437214839
0.5569579448522118
0.5826224955365998
0.5448571711961911
0.5499652846657409
0.5617684983138266
0.5973021225947233
0.5750347153342591
0.5907805990874827
0.5708936718904979
0.5193414005157707
0.5254909740130926
0.5668022217813926
0.5431214044832374
0.5509571513588574
0.5887720690339218
0.5579994048799841
0.5835399722277326
0.584259075580242
0.5545526681214045
0.5855237056139655
0.553585598095616
0.5624380083316802
0.5799940487998413
0.5958143225550486
0.5771424320571316
0.537963697679032
0.5465681412418171
0.5688851418369372
0.5521473913905972
0.5495933346558223
0.5395258877206903
0.6115850029756
0.5713648085697283
0.5445100178536004
0.5522961713945646
0.5567099781789326
0.5414104344376116
0.5888464590359056
0.5575034715334259
0.5225897639357271
0.5834407855584209
0.5404185677444951
0.5929379091450109
0.5241023606427296
0.538186867684983
0.5869123189843285
0.535186470938306
0.5876562190041658
0.5154483237452886
0.5581729815512795
0.5619420749851219
0.5291112874429676
0.5543294981154533
0.5696786351914304
0.5587681015671493
0.5706705018845467
0.5844574489188653
0.5487750446340013
0.5481551279508033
0.5110841102955762
0.5430718111485817
0.5796468954572506
0.5801676254711366
0.5654136084110295
0.5920204324538783
0.5462953779012101
0.544088474509026
0.5426502678040072
0.5430470144812537
0.5584705415592144
0.5649672683991273
0.5288633207696886
0.5185975004959333
0.6204126165443365
0.5689595318389209
0.5166633604443562
0.5935578258282087
0.5318389208490379
0.5655127950803412
0.60826224955366
0.5984427692918072
0.5595367982543147
0.5683148184883952
0.5640993850426502
0.5540071414401904
0.5826720888712558
0.551353898036104
0.5632562983535012
0.5768696687165246
0.5748611386629636
0.5436421344971236
0.5443364411823052
0.5763241420353105
0.5683892084903789
0.5428734378099583
0.5525689347351715
0.49608212656219003
0.5403441777425114
0.578407062090855
0.5967070025788535
0.5889952390398729
0.5752578853402103
0.5401953977385439
0.5303511208093632
0.5752330886728824
0.5829944455465186
0.5411624677643325
0.5263588573695694
0.5643225550486015
0.5940537591747669
0.5591152549097402
0.5464689545725054
0.5472624479269986
0.5645705217218806
0.579522912120611
0.5639258083713549
0.554676651458044
0.49184189644911724
0.595169609204523
0.5425014878000396
0.5357567942868479
0.5745635786550288
0.5212507439000198
0.5386828010315414
0.53739337433049
0.5714639952390399
0.5733485419559612
0.6295625867883358
0.5427742511406467
0.5570323348541956
0.6151061297361635
0.5417575877802023
0.6069480261852808
0.5611485816306289
