0.5874826423328704
0.5866891489783773
0.618577663162071
0.6077663162071019
0.5769688553858361
0.5769688553858362
0.531541360841103
0.5554949414798651
0.5850525689347352
0.589020035707201
0.5890696290418568
0.5608014282880381
0.5994346359849236
0.5733485419559613
0.5948224558619322
0.5655127950803412
0.569753025193414
0.5462457845665541
0.5614957349732196
0.592342789129141
0.5810355088276136
0.5799692521325134
0.5787046220987899
0.5716623685776631
0.5903342590755802
0.5776383654036897
0.5701745685379884
0.5416584011108907
0.5663310851021622
0.5621404483237452
0.5901606824042849
0.5681908351517556
0.5825233088672881
0.5828208688752231
0.5439892878397143
0.5627355683396152
0.5640249950406666
0.5915740924419758
0.584259075580242
0.5769192620511804
0.562487601666336
0.5815562388414998
0.5822257488593534
0.5581729815512795
0.580093235469153
0.5662071017655228
0.5502628446736758
0.5685379884943463
0.5977236659392977
0.5684388018250347
0.6087581829002183
0.5408153144217417
0.6063281095020828
0.6031293394167824
0.5736461019638962
0.5700009918666932
0.5785558420948226
0.5927891291410434
0.569480261852807
0.5897143423923825
0.5666038484427693
0.56754612180123
0.5456754612180124
0.588970442372545
0.578679825431462
0.5699266018647093
0.573943661971831
0.602112676056338
0.5858956556238842
0.5713648085697283
0.5880777623487403
0.563876215036699
0.5937314024995041
0.6064272961713946
0.5979468359452489
0.5292104741122793
0.5900614957349732
0.5882265423527078
0.5826472922039277
0.5644961317198969
0.5694306685181512
0.5695794485221187
0.5912765324340409
0.5487502479666733
0.5563380281690141
0.5794485221186273
0.5791509621106924
0.5525689347351715
0.6010216226939099
0.559462408252331
0.5524697480658599
0.5523209680618926
0.5437909145010911
0.5822753421940091
0.5673229517952787
0.577018448720492
0.5355832176155525
0.5672237651259671
0.5893671890497917
0.5671245784566554
0.5688851418369372
0.5790021821067248
0.5778615354096409
0.5839119222376513
0.5676205118032136
0.6055594128149178
0.5695794485221186
0.5840607022416188
0.5723566752628447
0.5749851219996033
0.5579498115453283
0.5734477286252728
0.5947232691926206
0.5782086887522317
0.6040220194405872
0.592640349137076
0.5889208490378893
0.5351120809363222
0.5650416584011111
0.5757290220194407
0.5866395556437215
0.5898135290616942
0.5821761555246975
0.5503124380083317
0.5713400119024004
0.5803907954770878
0.5726790319381077
0.5674469351319182
0.5449811545328308
0.5700753818686769
0.5471880579250149
0.5816306288434835
0.5584209482245586
0.5888960523705614
0.5826472922039279
0.5599335449315611
0.5396994643919857
0.5672237651259672
0.5835647688950605
0.5648184883951597
0.5690339218409046
0.6011456060305495
0.5850525689347352
0.5612477682999405
0.577291212061099
0.5959878992263441
0.5682900218210672
0.604071612775243
0.583961515572307
0.586193215631819
0.587854592342789
0.6334556635588178
0.5938057925014878
0.5543542947827812
0.5677444951398531
0.5674469351319184
0.6002777226740726
0.5783574687561992
0.5570819281888513
0.5629339416782384
0.5802916088077762
0.5781095020829201
0.6126760563380281
0.5774151953977386
0.5961118825629835
0.5893919857171197
0.5726046419361238
0.5579250148780004
0.5858956556238841
0.5910285657607618
0.5771176353898035
0.5783574687561992
0.5935578258282087
0.599583415988891
0.5726294386034518
0.5998809759968261
0.5762745487006546
0.5791013687760366
0.606576076175362
0.5801676254711366
0.5657607617536203
0.6007736560206309
0.5663062884348343
0.5814818488395159
0.5685627851616744
0.5899623090656616
0.588474509025987
0.5585201348938702
0.5612973616345963
0.5990378893076772
0.5864411823050982
0.5661079150962112
0.5672733584606229
0.5780103154136084
0.5824241221979767
0.5817794088474509
0.5646945050585201
0.5593136282483634
0.575034715334259
0.5756050386828011
0.5748859353302916
0.5785062487601667
0.5997817893275144
0.5609502082920056
0.5844078555842095
0.5706209085498909
0.5443116445149773
0.5708688752231701
0.5649672683991271
0.5601071216028566
0.5917972624479271
0.5977732592739535
0.5608262249553659
0.582597698869272
0.5751834953382265
0.5818290021821068
0.5792997421146598
0.561098988295973
0.5941777425114065
0.575629835350129
0.5844574489188653
0.5726790319381075
0.5844574489188653
0.5837631422336838
0.5790517754413808
0.6010712160285657
0.5601567149375124
0.5784566554255108
0.5971533425907558
0.5871850823249355
0.5749355286649475
0.5611485816306288
0.5720095219202539
0.5560404681610792
0.551626661376711
0.5600575282682009
0.5664054751041461
0.5987155326324141
0.578952588772069
0.5856476889506051
0.5395258877206903
0.5888712557032335
0.5914253124380083
0.5746627653243404
0.5905078357468756
0.5708192818885142
0.6222475699266018
0.5656615750843087
0.5597103749256098
0.5830688355485023
0.5461218012299147
0.5709928585598095
0.5593136282483634
0.5734973219599286
0.5806387621503669
0.5455266812140449
0.5733485419559611
0.5776135687363618
0.5635042650267804
0.5579498115453284
0.6022614560603056
0.5801428288038087
0.6019886927196985
0.5972525292600676
0.610791509621107
0.6158996230906567
0.5642233683792899
0.5802916088077762
0.572257488593533
0.5642233683792898
0.5721583019242215
0.5812834755008927
0.6099732195992859
0.5735965086292403
0.5659591350922436
0.5686371751636581
0.564496131719897
0.5773160087284269
0.5473368379289824
0.5815314421741719
0.5756050386828011
0.5858956556238841
0.5687363618329696
0.5702241618726445
0.5748363419956358
0.6027573894068637
0.5503868280103155
0.5796964887919064
0.6049146994643919
0.5986907359650864
0.5696290418567743
0.5910533624280897
0.5675957151358858
0.6114362229716326
0.561123784963301
0.5797708787938902
0.5986411426304304
0.5973021225947233
0.5651904384050783
0.5826224955365998
0.5789525887720691
0.6322158301924221
0.5728030152747471
0.5823249355286649
0.5934338424915692
0.5627851616742711
0.5787046220987899
0.5525193414005158
0.5788781987700853
0.559462408252331
0.5347153342590756
0.6144614163856377
0.5497917079944455
0.5584953382265423
0.5917476691132711
0.5614957349732196
0.575332275342194
0.5798452687958738
0.5913013291013688
0.6076175362031343
0.5775639754017061
0.5912765324340409
0.5412120610989883
0.5736461019638961
0.5891192223765126
0.6004760960126959
0.5888712557032335
0.6187016464987106
0.6072703828605436
0.601567149375124
0.6003273160087284
0.5532136480856973
0.5725798452687959
0.5916980757786154
0.5702241618726444
0.5851765522713747
0.5795477087879388
0.5782582820868875
0.5914997024399921
0.5600079349335448
0.5506843880182504
0.5691331085102163
0.5738444753025194
0.5876066256695099
0.6176849831382663
0.5396498710573299
0.5827216822059116
0.5790021821067247
0.5764233287046221
0.5594872049196589
0.6113866296369769
0.5662071017655227
0.5619916683197778
0.5577266415393771
0.5627851616742711
0.587879389010117
0.5665046617734576
0.5744395953183892
0.604641936123785
0.6204622098789923
0.5791013687760366
0.5920452291212062
0.5988891093037095
0.5522217813925808
0.5456258678833565
0.5674965284665742
0.5722574885935331
0.5905078357468757
0.5771920253917874
0.5906566157508432
0.5826720888712558
0.5964094425709184
0.5925411624677643
0.5658103550882762
0.582572902201944
0.5515770680420552
0.551626661376711
0.5912765324340409
0.5815810355088277
0.5669510017853602
0.5696786351914302
0.5882265423527078
0.5844574489188653
0.5533128347550089
0.5787542154334457
0.5723070819281888
0.5814818488395159
0.5857964689545725
0.5718111485816306
0.6026582027375521
0.5777375520730013
0.5617684983138267
0.5700257885340211
0.5875818290021821
0.5500892680023804
0.58202737552073
0.5882017456853799
0.5937809958341599
0.5860444356278516
0.5696042451894465
0.6002777226740726
0.5952192025391787
0.5651160484030946
0.5638514183693712
0.5641241817099781
0.5525193414005158
0.572282285260861
0.6141638563777029
0.5929131124776831
0.5605534616147589
0.5538583614362231
0.5909045824241222
0.5466177345764729
0.5934834358262249
0.5628843483435826
0.5939793691727833
0.5358559809561595
0.5357072009521922
0.578407062090855
0.6136679230311445
0.5785062487601667
0.5692570918468559
0.5853501289426701
0.5637026383654038
0.5401210077365602
0.5534120214243206
0.556933148184884
0.5812090854989089
0.5960126958936719
0.5716127752430074
0.6040964094425709
0.5667774251140646
0.5749355286649473
0.5679924618131325
0.5596111882562984
0.5922931957944852
0.5780103154136085
0.5718607419162864
0.5508331680222177
0.5952935925411625
0.5496925213251339
0.5386332076968856
0.5796468954572506
0.5553709581432256
0.5743900019837332
0.598194802618528
0.5607518349533823
0.6005752826820077
0.6005256893473517
0.5977980559412817
0.5724310652648285
0.5968805792501487
0.5678436818091649
0.5851517556040469
0.5833168022217814
0.5899375123983338
0.5551973814719302
0.5758778020234082
0.5895159690537591
0.613866296369768
0.590160682404285
0.5849533822654235
0.5328307875421543
0.5676949018051973
0.584854195596112
0.6125768696687165
0.5855485022812934
0.5757290220194405
0.5318389208490379
0.5574290815314421
0.571166435231105
0.590706209085499
0.5724310652648285
0.5950952192025393
0.5749851219996032
0.597649275937314
0.5614213449712359
0.5963102559016069
0.5548502281293395
0.5482047212854592
0.5821017655227139
0.6100228129339417
0.5879289823447729
0.558073794881968
0.6009472326919262
0.5916732791112874
0.532929974211466
0.5828208688752232
0.5820769688553858
0.5428734378099584
0.5716623685776633
0.5699513985320374
0.6130728030152747
0.5970045625867884
0.5768200753818687
0.5803907954770879
0.5960870858956556
0.5355088276135688
0.6021622693909938
0.5686867684983139
