0.5468616245969935
0.5817896753913233
0.5124124430285566
0.5779254774688385
0.5634972061791453
0.525798821193336
0.5711777419024234
0.5475955651123023
0.547683066826699
0.5423525988399645
0.574912641029583
0.5799305206324639
0.5610362340849255
0.5405384908521681
0.5402072558876926
0.5492628822283934
0.5194540891041597
0.542838550786878
0.5332424410637938
0.5282708228439676
0.5567485815025116
0.5615075112399676
0.5471131050948641
0.5600457905680367
0.5415596161044575
0.5504515195836444
0.5354091859804467
0.5471838503633718
0.5320473035577951
0.5287323381006342
0.5344209841810696
0.5390272943406408
0.5151534312194079
0.5581151173191989
0.5579529394573158
0.528984251538736
0.5648913730237416
0.5834516705432978
0.5483255435194859
0.5457924472357019
0.5219220203848127
0.5551522145627902
0.5069299401389984
0.5224846716068424
0.5373846386754756
0.5490879673133856
0.5365924246678393
0.5371390686998472
0.5373239125027812
0.5570304720783494
0.5749313934351736
0.5338441350519669
0.5381088970256076
0.5935306419216428
0.548210253461655
0.5791337816467055
0.5462858143430094
0.5546762310131246
0.5447852277265626
0.5388542535418086
0.5160841309175158
0.5510071314479777
0.5602212766559899
0.5835980119566095
0.5288426555307176
0.5010410900606419
0.5455701392810155
0.5675357422321443
0.5396966526847966
0.5379143134255218
0.5565271387193804
0.5559710830177277
0.5441115423136375
0.5492182285419933
0.5693841015151913
0.5675530764823961
0.5511944698152383
0.5462102024908828
0.5694879944756854
0.5373497658061099
0.5314013778586777
0.5048966280027167
0.549588207152965
0.5167018432577153
0.5611410170654441
0.5595465135557998
0.5507486181015808
0.5577222519902106
0.5643424464072191
0.5513707298957518
0.5403277988961799
0.5468426921176794
0.5877592308812465
0.546391669878071
0.5582187627076823
0.5489660545966488
0.5141406212358824
0.5664387266489989
0.5777264493488036
0.5621760203942308
0.5147930490098973
0.5674923786814031
0.5403243975711857
0.5669282176841054
0.5864698002443602
0.5781931308197723
0.5259843814537137
0.5322322945765134
0.5753011366771761
0.5508112777325026
0.5363918740394626
0.5516073462478983
0.52388312094211
0.5604690452561301
0.5512363020125953
0.5822490504161143
0.5697119627459363
0.5492921817614472
0.5245845892281943
0.5662744033060783
0.5352543298286196
0.5371657311362088
0.5394381450443274
0.5507638962266116
0.5575028376462575
0.5550750567727563
0.5632274289265382
0.5505717448182661
0.5089458057515454
0.553722177190532
0.5431886946669544
0.5451229857591585
0.5406990565274169
0.5392755995235599
0.5476937171174207
0.5467389649691986
0.4950540765968781
0.570521204406453
0.569792342349535
0.562826033968738
0.5478111422111035
0.5549536469949075
0.5175836559476912
0.5366690164845179
0.5417943486909129
0.5540884634773187
0.5604708675348976
0.5179949899670464
0.5283169465308089
0.5672602961007821
0.5546684508379316
0.5577510111145636
0.5245683667758757
0.5673449295154578
0.5621833625201106
0.555846801196658
0.5431982069468158
0.5023184939410653
0.5349566248517199
0.5682758081940779
0.5372654091680396
0.5591796728965712
0.5238494012222473
0.5614765641366839
0.5437571567915578
0.5416154087021928
0.5331272676166554
0.5637444935547788
0.5321914628939022
0.5572659626122136
0.562389681780088
0.5408563954274197
0.5690069419383178
0.526115319873949
0.5311837491026736
0.5429214269891878
0.5560945198899273
0.5528085751490761
0.5434078057967366
0.5285456504194014
0.5557607025963068
0.5857228230753542
0.5654398997790759
0.5782254928073266
0.5559006492466991
0.574725316399518
0.5640739401250802
0.5596926153349802
0.5557655044864442
0.605933422970774
0.533824131556169
0.5445809811044078
0.5126703534506963
0.5751859579463373
0.5489457518487104
0.550404427834207
0.5500771326706179
0.5097317836363678
0.5650051714159491
0.5265237294334635
0.5244944011190693
0.5442016645112322
0.5670756507641266
0.5560065819277354
0.5415620040209194
0.5367601917276138
0.5384326729275637
0.54676863135781
0.5639782944658722
0.543916416663837
0.5447651079493651
0.5406194022930113
0.5476923043045349
0.5780258102179053
0.5720351918460416
0.5273138678795484
0.5467197581492137
0.5791078257388877
0.5668633245468946
0.5388406340412626
0.5620172696139589
0.532246220986739
0.550418461403776
0.5384430977889848
0.5888654774815286
0.5644822686055035
0.5295079461364665
0.5404903323149726
0.5627674929061411
0.5404455575172401
0.5109429312384945
0.5334239731427017
0.5589648778753791
0.5200333740969107
0.548017552901927
0.5430682620752271
0.5332559748583949
0.5557184337183334
0.5009527084163623
0.517526194216169
0.5539709909163979
0.5582373187348397
0.5247320182428723
0.5225163352338804
0.5429742139178381
0.572669938361733
0.5259065837051373
0.553707879027115
0.5535110305822974
0.5538179742022944
0.5426903193133219
0.5493469160443374
0.5451406712918396
0.5211735680935479
0.5172843229582931
0.5641364404782524
0.5258649234451301
0.5451556312177568
0.5229962123363152
0.5396953179293194
0.5906982753278003
0.560417495668629
0.57649034908191
0.5138326796072327
0.5522489915944877
0.5677995938705539
0.5519459810166184
0.5293303821573757
0.5370005190382958
0.5612489923382535
0.5462771194106996
0.534595718259679
0.5782401118425735
0.5413121283122115
0.5274939465477643
0.5416034753665683
0.5099004213990543
0.512417427221377
0.5594279446300111
0.5488240298245622
0.5640129836948112
0.5627973408341513
0.5559180479459538
0.5432160734683612
0.5213091614387017
0.5226443983307574
0.5414177433801218
0.538707684186325
0.565897923700337
0.5729093934415876
0.5493319973699322
0.5321139902155844
0.5524365955986765
0.5647071028964575
0.5682809314140976
0.5592639780650299
0.5681622188827447
0.578212566616149
0.5130295668624467
0.551801273309174
0.5623231014142224
0.5346402575700014
0.5448518374843587
0.5573096736069572
0.5605378002740603
0.5483433334330069
0.5596835298687207
0.4993848223945163
0.5243402364670834
0.5914465036507871
0.5617543757015093
0.5599797342705773
0.5582017233760337
0.5527039126126826
0.576565367147673
0.5604318705483085
0.5233042699306771
0.5276200854464295
0.5431983272108521
0.5893023011945357
0.5591508086735133
0.532429681856349
0.5225797022873391
0.5550503287969989
0.5580008415598378
0.5656605659418151
0.5630686738352688
0.5245462077955728
0.561133982733834
0.5498427661217105
0.5373875921398936
0.5511196095171875
0.5734999922901136
0.5707199508697373
0.5279721408997737
0.5527834167236375
0.5338478807955943
0.5460203145037817
0.529236150283245
0.5554371467799335
0.5503742625047302
0.5689063859602154
0.5473810809150306
0.5632571412346662
0.5495566093512003
0.5481502569353016
0.5487900549782488
0.5381240490587919
0.5514640235586624
0.5704952471017604
0.5636211045282928
0.5511548969462503
0.5661155035125224
0.5456291048425589
0.5170929974147842
0.5492563939988472
0.5548792019966278
0.5514158515537056
0.5288591312735984
0.5592370729040274
0.5482224503217357
0.5673510187305637
0.5627775601940218
0.5021767628557419
0.5332480770141148
0.5382013563232599
0.5321092358961497
0.5590483183624073
0.5627361247075353
0.544880417758104
0.5553516445176636
0.5749748850156382
0.5498080320714336
0.5496910314791482
0.5591245580991278
0.5455292605658724
0.49588515827277047
0.5853861410098057
0.5582822160306438
0.5352808298874442
0.5514800451145486
0.5750306167863846
0.5476788807015418
0.5542228504357547
0.5468788725359355
0.5639843621280103
0.5250467465114005
0.5524151160543167
0.5745664587332173
0.5660161001373158
0.5476868547168283
0.5511638348605592
0.5612547580141125
0.5329386960768197
0.5405007693063248
0.523123889391135
0.5552022594762226
0.5326806127940986
0.5302812816772956
0.5107067472683127
0.5603602719489754
0.5680153774819449
0.5619976066529894
0.570017485916037
0.542531283755549
0.5502253410107761
0.5569193979221655
0.5362623866521247
0.5496241609255362
0.5583432840344567
0.5538575217203998
0.5636191404707158
0.5354126096525098
0.573944743535496
0.5398988333455735
0.5581150058877082
0.5593673663082956
0.5336202975991049
0.5321636173064571
0.5126103180506437
0.5616501223149764
0.52462006393282
0.5099224812362397
0.5855479040206748
0.543459793821194
0.5693736156248783
0.5652295949014744
0.5693106227574994
0.5435939408508585
0.5414977026622438
0.5438593414934348
0.5417064635332478
0.5634295910222749
0.5646434990877285
0.5257730760845182
0.5533446546970642
0.5428987699518619
0.5734126991851344
0.5677893469489184
0.5814136204465692
0.5555734742008772
0.5453224018894807
0.5604044512464386
0.5429403092682561
0.5209179143206113
0.5561937708387066
0.5018681448351276
0.524664589347248
0.5349001150420787
0.5630057772522314
0.5392601943020243
0.5478031886321464
0.5275999056490333
0.5619111700449101
0.5561894594517771
0.5381812267879408
0.5107796642727258
0.5552620918245718
0.523279780633438
0.5619066729665454
0.5480888447650986
0.5570473897980773
0.5339992877315208
0.5471196416747048
0.5685638912308715
0.5396802717667338
0.5388784209073347
0.5741444500905601
0.5961321909093901
0.5524770056139169
0.5642399127390796
0.5615437644693182
0.5328604512869611
0.5316370259181128
0.5878655843209746
0.5494233157239264
0.5386427362259447
0.5564566834320911
0.5528179777971234
0.528919325874532
0.5620993619471558
0.5360349308769534
0.5564391387700498
0.5726358371264657
0.5281223410892462
0.54906758380816
0.5422753890176342
0.5663791888622454
0.5594453427245764
0.5468343258405406
0.4871270545533727
0.5339746675437722
0.5746675140132704
0.5866757844273904
0.5499160301799132
0.5667748050267069
0.5863816751962283
0.5562877309023196
0.551884882686326
0.5206771633851399
