0.19507042253521129
0.19285263821736387
0.2005729291000239
0.19336016096579475
0.19335026552759177
0.19112249253094324
0.19786058120877165
0.19890250594475947
0.1994445546518548
0.20115565185987722
0.1964397496087637
0.20057099352874003
0.20432182133899288
0.207185139824454
0.1916754256884591
0.19138359569179786
0.2056338028169014
0.21267605633802816
0.2050078247261346
0.20643863179074448
0.22059859154929579
0.19890958655156749
0.2
0.21145858200047746
0.20237212750185324
0.20115391142032923
0.2057618437900128
0.19523293607800649
0.19836747759282972
0.19517102615694165
0.19944403261675317
0.20567086730911788
0.19738430583501007
0.20238048006347947
0.21014084507042252
0.2099420049710025
0.19739978331527627
0.1964397496087637
0.19530516431924883
0.2030335861321777
0.20363701194508826
0.20174525413349664
0.20711838599162546
0.20643863179074448
0.22184736324926302
0.19611461874696454
0.19890958655156749
0.22531128801796285
0.19738430583501007
0.20438184663536776
0.1978771177791386
0.19688658265381764
0.20787188886745128
0.1964683624132857
0.19436619718309858
0.19688658265381764
0.207185139824454
0.196023198011599
0.21238465274405052
0.2
0.21286525120874503
0.19288361749444033
0.19187020859333215
0.2017605633802817
0.20571315215235075
0.20504519655244904
0.20985915492957746
0.21180783330117692
0.19268388106416276
0.19944668008048289
0.20650054171180932
0.2058185176633572
0.19429303091274924
0.19695220503347957
0.20726232394366198
0.20856045363087616
0.1914381022979985
0.1968701095461659
0.19530516431924883
0.20301810865191147
0.20969752943892866
0.20508859609268515
0.19611461874696454
0.19554625047582797
0.2050078247261346
0.19788732394366199
0.21056338028169014
0.2100352112676056
0.19890453834115807
0.21497593153859867
0.19476294386034518
0.19336016096579475
0.20235257700046433
0.19323943661971832
0.20874500735757834
0.2295774647887324
0.19511737089201878
0.21640430820215412
0.19422878735829613
0.1914381022979985
0.19360487247811192
0.19429303091274924
0.19371300265360278
0.19889914197830663
0.2056338028169014
0.1891713919882934
0.21338028169014084
0.19304059652029826
0.19741784037558685
0.2100352112676056
0.21979444232965362
0.196023198011599
0.2191146881287726
0.2295239793189517
0.2
0.20795360397680202
0.2057618437900128
0.19517102615694165
0.2312206572769953
0.20520043336944746
0.20177192185370288
0.21096307575180814
0.19595521849042977
0.21096307575180814
0.2
0.20567086730911788
0.2122389509470617
0.20711838599162546
0.2191146881287726
0.19429303091274924
0.21166486096063558
0.19431762991743565
0.19389671361502347
0.19577464788732393
0.20795360397680202
0.20504519655244904
0.19352992957746482
0.19323943661971832
0.2058185176633572
0.19154929577464788
0.20057218309859154
0.1969270166453265
0.19219934994582882
0.20768245838668375
0.2042975803539184
0.20508859609268515
0.19641485275288093
0.25203854707190515
0.20057154521330883
0.19436619718309858
0.18973567431989197
0.20787188886745128
0.1964397496087637
0.19511737089201878
0.1914381022979985
0.19738430583501007
0.2030729833546735
0.20115763071580167
0.19739978331527627
0.2
0.19112249253094324
0.2099420049710025
0.21604201480066842
0.19398032027783138
0.19737089201877936
0.2050078247261346
0.2030335861321777
0.19539052496798975
0.19445028379230606
0.19838442419221208
0.21672255756762798
0.19837486457204767
0.22431806026029594
0.1983793169978777
0.21286525120874503
0.1968701095461659
0.19317114810072555
0.21682824218035485
0.1978771177791386
0.2056338028169014
0.19559093692590324
0.19166831977782187
0.19944403261675317
0.20239009816474607
0.1978682908260373
0.19317114810072555
0.20177192185370288
0.21083972187555713
0.2301484583174724
0.1969053759174767
0.19436619718309858
0.20780065005417117
0.19459547985587947
0.2289738430583501
0.19890250594475947
0.20238048006347947
0.20588531187122738
0.21843790012804096
0.20795360397680202
0.2212510356255178
0.19106514084507042
0.19738430583501007
0.2219092331768388
0.19178403755868545
0.21682824218035485
0.19511737089201878
0.20301810865191147
0.20305164319248828
0.2017605633802817
0.20238048006347947
0.1948356807511737
0.19735915492957748
0.20446452298697848
0.2030046948356808
0.19285263821736387
0.19944585546063265
0.20057099352874003
0.19275653923541247
0.1914381022979985
0.20369718309859156
0.20856045363087616
0.20969752943892866
0.19459547985587947
0.20643863179074448
0.1901225535028352
0.22414486921529175
0.19735915492957748
0.19089924160346697
0.2177909562638992
0.21356873636183296
0.2042975803539184
0.19839034205231387
0.19383802816901408
0.20657276995305165
0.1994445546518548
0.19371300265360278
0.19838442419221208
0.19288361749444033
0.20057218309859154
0.20780065005417117
0.19247359154929577
0.19382318004412014
0.19890687408030272
0.19688658265381764
0.1948356807511737
0.19351042966660725
0.20365435858393607
0.20885960926851432
0.1983793169978777
0.19523293607800649
0.20560104814936128
0.1956426056338028
0.19944515578318395
0.21083972187555713
0.21238465274405052
0.19785378940308518
0.1968701095461659
0.19173708920187793
0.22935507783543363
0.19229399384814636
0.19204415683288922
0.20504519655244904
0.19738430583501007
0.2
0.19738430583501007
0.1994435750304295
0.20238048006347947
0.19072079536039768
0.20116253073999552
0.23563549974546072
0.2
0.19517102615694165
0.21056338028169014
0.19142502071251036
0.2043496271748136
0.21356873636183296
0.19789925996657914
0.19738430583501007
0.19398424444974932
0.21448692152917503
0.1916754256884591
0.21640430820215412
0.2
0.20239009816474607
0.20864632237871678
0.19268388106416276
0.19398032027783138
0.2056338028169014
0.19389671361502347
0.19502012072434607
0.20365435858393607
0.22531128801796285
0.2225722757598221
0.20815930063137444
0.19418734630002235
0.2
0.19737089201877936
0.1978771177791386
0.2
0.20238048006347947
0.19360487247811192
0.19530516431924883
0.18946405706969086
0.20115990057995028
0.1948356807511737
0.21126760563380284
0.2043496271748136
0.1969053759174767
0.19695220503347957
0.20301810865191147
0.20504519655244904
0.18859825620389
0.20298260149130073
0.1968701095461659
0.20787188886745128
0.20176581879335717
0.19641485275288093
0.23132944005496392
0.2125114322297421
0.1969270166453265
0.2030046948356808
0.19559093692590324
0.19944668008048289
0.20504519655244904
0.212161860049184
0.20305164319248828
0.20795360397680202
0.20115763071580167
0.19336016096579475
0.19229399384814636
0.21110430700142888
0.19454793275783733
0.2077379942304429
0.21126760563380284
0.19511737089201878
0.21110430700142888
0.210261569416499
0.19890958655156749
0.196023198011599
0.1915492957746479
0.2030335861321777
0.20787188886745128
0.20787188886745128
0.2539133535389553
0.19254349627174813
0.20711838599162546
0.2017790956263899
0.2005729291000239
0.20057154521330883
0.19323943661971832
0.2030335861321777
0.196023198011599
0.19224331496223718
0.2049753063837571
0.20665813060179258
0.20115990057995028
0.19027590198726604
0.21589021307331166
0.1956426056338028
0.20706008201105366
0.18880027150856948
0.19554625047582797
0.19351042966660725
0.1983793169978777
0.20438184663536776
0.19342723004694837
0.20864632237871678
0.20057218309859154
0.20780065005417117
0.2177909562638992
0.19890687408030272
0.19511737089201878
0.2077379942304429
0.20567086730911788
0.1917728593784932
0.19788732394366199
0.20239009816474607
0.22832771275540567
0.19204415683288922
0.1914381022979985
0.2063380281690141
0.21946871100017828
0.19436619718309858
0.20365435858393607
0.2151884278644842
0.19944515578318395
0.1964683624132857
0.2056338028169014
0.2157130281690141
0.21884091433848996
0.20369718309859156
0.21180783330117692
0.21110430700142888
0.19641485275288093
0.2042975803539184
0.196023198011599
0.1964683624132857
0.20057154521330883
0.20057218309859154
0.1983793169978777
0.1896590066716086
0.19285263821736387
0.20238048006347947
0.19166831977782187
0.2
0.2132150930272996
0.19166831977782187
0.19398032027783138
0.207185139824454
0.2017605633802817
0.2219092331768388
0.1903420523138833
0.1983793169978777
0.2
0.19336016096579475
0.19371300265360278
0.19639299209893507
0.1978682908260373
0.19275653923541247
0.1978771177791386
0.19349945828819068
0.19178403755868545
0.21604201480066842
0.20301810865191147
0.2058185176633572
0.1965406473931307
0.2132150930272996
0.2043496271748136
0.2199530516431925
0.20301810865191147
0.2301484583174724
0.234955185659411
0.2030046948356808
0.19598688018522092
0.19454793275783733
0.2063849765258216
0.20365435858393607
0.212161860049184
0.19027590198726604
0.20115763071580167
0.20365435858393607
0.20735259011697305
0.21014084507042252
0.19360487247811192
0.19517102615694165
0.19360487247811192
0.19114688128772636
0.2322663252240717
0.23455399061032867
0.19342723004694837
0.2049753063837571
0.2100352112676056
0.210261569416499
0.2050078247261346
0.2140383283306396
0.19142502071251036
0.1978682908260373
0.19036323202372127
0.19890687408030272
0.1994445546518548
0.20057099352874003
0.19071612775243008
0.19266295447101212
0.19507042253521129
0.19253704042436437
0.22542434091729868
0.19530516431924883
0.19635639926515616
0.19944403261675317
0.19285263821736387
0.19431762991743565
0.20567086730911788
0.19890958655156749
0.2042975803539184
0.19114688128772636
0.1948356807511737
0.19436619718309858
0.19336016096579475
0.1964683624132857
0.2140845070422535
0.2024012930039252
0.212161860049184
0.1915492957746479
0.19944515578318395
0.19839034205231387
0.19517102615694165
0.19788732394366199
0.21110430700142888
0.20057218309859154
0.20360816584902675
0.19890687408030272
0.20367421922841397
0.19738430583501007
0.2017605633802817
0.2219092331768388
0.1994431706518179
0.19285263821736387
0.19890958655156749
0.2151884278644842
0.19135012092758574
