0.15853658536585366
0.18309859154929578
0.2
0.140625
0.2191780821917808
0.24242424242424243
0.11475409836065574
0.16901408450704225
0.16216216216216217
0.13414634146341464
0.15625
0.25
0.19753086419753085
0.20833333333333334
0.2222222222222222
0.23595505617977527
0.171875
0.2318840579710145
0.20930232558139536
0.18181818181818182
0.20512820512820512
0.12962962962962962
0.28169014084507044
0.21333333333333335
0.19444444444444445
0.16666666666666666
0.2125
0.14492753623188406
0.10344827586206896
0.136986301369863
0.2463768115942029
0.1794871794871795
0.22857142857142856
0.23076923076923078
0.16176470588235295
0.2459016393442623
0.13924050632911392
0.15384615384615385
0.22950819672131148
0.2318840579710145
0.2535211267605634
0.22857142857142856
0.22535211267605634
0.19736842105263158
0.2112676056338028
0.25
0.15
0.2571428571428571
0.19047619047619047
0.24285714285714285
0.25
0.175
0.18181818181818182
0.1891891891891892
0.2236842105263158
0.16923076923076924
0.15384615384615385
0.21428571428571427
0.24050632911392406
0.2535211267605634
0.23529411764705882
0.18055555555555555
0.2153846153846154
0.18055555555555555
0.2459016393442623
0.22077922077922077
0.1095890410958904
0.22580645161290322
0.17073170731707318
0.17647058823529413
0.23684210526315788
0.24561403508771928
0.1518987341772152
0.19402985074626866
0.171875
0.1875
0.19047619047619047
0.17894736842105263
0.2112676056338028
0.14864864864864866
0.20270270270270271
0.20588235294117646
0.18666666666666668
0.17333333333333334
0.171875
0.20588235294117646
0.19402985074626866
0.23880597014925373
0.24193548387096775
0.1875
0.1875
0.18333333333333332
0.22727272727272727
0.15492957746478872
0.13253012048192772
0.2698412698412698
0.2236842105263158
0.265625
0.24050632911392406
0.2159090909090909
0.18840579710144928
0.2
0.15384615384615385
0.1282051282051282
0.20270270270270271
0.18666666666666668
0.21505376344086022
0.3088235294117647
0.16071428571428573
0.323943661971831
0.20967741935483872
0.16216216216216217
0.1935483870967742
0.265625
0.1746031746031746
0.14814814814814814
0.17567567567567569
0.23076923076923078
0.14545454545454545
0.2638888888888889
0.18421052631578946
0.1746031746031746
0.2537313432835821
0.15
0.2028985507246377
0.2926829268292683
0.1791044776119403
0.18032786885245902
0.14285714285714285
0.265625
0.2222222222222222
0.22972972972972974
0.17567567567567569
0.2
0.19298245614035087
0.1323529411764706
0.25
0.2
0.18461538461538463
0.22388059701492538
0.17543859649122806
0.19480519480519481
0.15
0.1643835616438356
0.22535211267605634
0.15151515151515152
0.15254237288135594
0.2
0.14492753623188406
0.23880597014925373
0.15492957746478872
0.19047619047619047
0.2459016393442623
0.14925373134328357
0.23529411764705882
0.14084507042253522
0.14705882352941177
0.2682926829268293
0.15517241379310345
0.21794871794871795
0.20588235294117646
0.23529411764705882
0.2077922077922078
0.18309859154929578
0.20987654320987653
0.14492753623188406
0.189873417721519
0.25301204819277107
0.1891891891891892
0.2
0.208955223880597
0.20634920634920634
0.208955223880597
0.2
0.23529411764705882
0.18055555555555555
0.1506849315068493
0.11864406779661017
0.14814814814814814
0.1388888888888889
0.25
0.15942028985507245
0.16666666666666666
0.15
0.16393442622950818
0.27692307692307694
0.21875
0.17391304347826086
0.17721518987341772
0.265625
0.1375
0.22666666666666666
0.2
0.17142857142857143
0.13114754098360656
0.14772727272727273
0.21428571428571427
0.22077922077922077
0.18840579710144928
0.2
0.2
0.11940298507462686
0.19444444444444445
0.17567567567567569
0.11940298507462686
0.20253164556962025
0.15873015873015872
0.07462686567164178
0.19753086419753085
0.2602739726027397
0.2
0.21311475409836064
0.1875
0.2191780821917808
0.22807017543859648
0.2112676056338028
0.18840579710144928
0.29577464788732394
0.18333333333333332
0.1686746987951807
0.25287356321839083
0.18181818181818182
0.16923076923076924
0.17721518987341772
0.23809523809523808
0.19444444444444445
0.15789473684210525
0.11842105263157894
0.21875
0.18292682926829268
0.2028985507246377
0.22388059701492538
0.1746031746031746
0.21621621621621623
0.16
0.22807017543859648
0.15714285714285714
0.15942028985507245
0.18181818181818182
0.2361111111111111
0.3076923076923077
0.2318840579710145
0.25
0.11666666666666667
0.10606060606060606
0.2676056338028169
0.21739130434782608
0.2054794520547945
0.22580645161290322
0.2153846153846154
0.2
0.1643835616438356
0.21739130434782608
0.16216216216216217
0.2608695652173913
0.11392405063291139
0.17333333333333334
0.1896551724137931
0.1527777777777778
0.18309859154929578
0.208955223880597
0.1111111111111111
0.19718309859154928
0.22857142857142856
0.20930232558139536
0.1625
0.12698412698412698
0.1875
0.15942028985507245
0.25609756097560976
0.17333333333333334
0.2222222222222222
0.2125
0.109375
0.19047619047619047
0.21428571428571427
0.11594202898550725
0.19718309859154928
0.2753623188405797
0.19402985074626866
0.23684210526315788
0.1791044776119403
0.2786885245901639
0.323943661971831
0.15873015873015872
0.22666666666666666
0.23684210526315788
0.24324324324324326
0.20588235294117646
0.16901408450704225
0.19480519480519481
0.16091954022988506
0.2
0.22857142857142856
0.2714285714285714
0.1388888888888889
0.21052631578947367
0.3181818181818182
0.22666666666666666
0.18292682926829268
0.20253164556962025
0.19480519480519481
0.1891891891891892
0.19117647058823528
0.2191780821917808
0.17333333333333334
0.18571428571428572
0.14084507042253522
0.2
0.22580645161290322
0.22058823529411764
0.18055555555555555
0.25806451612903225
0.19718309859154928
0.2289156626506024
0.2463768115942029
0.16176470588235295
0.21212121212121213
0.2222222222222222
0.17142857142857143
0.16666666666666666
0.14925373134328357
0.14285714285714285
0.1794871794871795
0.2033898305084746
0.22388059701492538
0.16666666666666666
0.273972602739726
0.15789473684210525
0.13541666666666666
0.1527777777777778
0.17333333333333334
0.24561403508771928
0.203125
0.2625
0.08955223880597014
0.19402985074626866
0.2191780821917808
0.13043478260869565
0.15789473684210525
0.14864864864864866
0.2077922077922078
0.20689655172413793
0.1044776119402985
0.22666666666666666
0.1864406779661017
0.19736842105263158
0.19672131147540983
0.15492957746478872
0.20512820512820512
0.225
0.13846153846153847
0.1643835616438356
0.22413793103448276
0.1746031746031746
0.1506849315068493
0.21621621621621623
0.21212121212121213
0.18055555555555555
0.23880597014925373
0.21052631578947367
0.2727272727272727
0.15151515151515152
0.19402985074626866
0.23809523809523808
0.25757575757575757
0.28205128205128205
0.22388059701492538
0.18309859154929578
0.16216216216216217
0.18309859154929578
0.19540229885057472
0.17567567567567569
0.1527777777777778
0.11764705882352941
0.2463768115942029
0.11940298507462686
0.16666666666666666
0.28
0.27692307692307694
0.24705882352941178
0.2711864406779661
0.25
0.22535211267605634
0.22950819672131148
0.20987654320987653
0.19047619047619047
0.22857142857142856
0.24050632911392406
0.21311475409836064
0.20253164556962025
0.14814814814814814
0.22972972972972974
0.20481927710843373
0.23943661971830985
0.22972972972972974
0.21518987341772153
0.21621621621621623
0.19402985074626866
0.2465753424657534
0.17647058823529413
0.15
0.2537313432835821
0.1891891891891892
0.15625
0.13559322033898305
0.19607843137254902
0.18181818181818182
0.1774193548387097
0.24050632911392406
0.2222222222222222
0.16091954022988506
0.22388059701492538
0.08823529411764706
0.2028985507246377
0.3125
0.18309859154929578
0.19444444444444445
0.1780821917808219
0.18604651162790697
0.2987012987012987
0.1728395061728395
0.2328767123287671
0.14285714285714285
0.17333333333333334
0.16216216216216217
0.234375
0.19480519480519481
0.21212121212121213
0.1527777777777778
0.21333333333333335
0.2911392405063291
0.12903225806451613
0.2463768115942029
0.21666666666666667
0.16666666666666666
0.14516129032258066
0.22784810126582278
0.2676056338028169
0.1791044776119403
0.18666666666666668
0.21212121212121213
0.1891891891891892
0.15476190476190477
0.20987654320987653
0.12941176470588237
0.25316455696202533
0.16666666666666666
0.14634146341463414
0.09090909090909091
0.18571428571428572
0.25
0.17105263157894737
0.26666666666666666
0.20833333333333334
0.21052631578947367
0.15714285714285714
0.18840579710144928
0.25806451612903225
0.24285714285714285
0.22093023255813954
0.20238095238095238
0.24193548387096775
0.26744186046511625
0.12903225806451613
0.2714285714285714
0.18840579710144928
0.1206896551724138
0.13043478260869565
0.2465753424657534
0.1875
0.16883116883116883
0.19718309859154928
0.22388059701492538
0.20634920634920634
0.25
0.2638888888888889
0.21739130434782608
0.22727272727272727
0.12
0.11842105263157894
0.15942028985507245
0.20253164556962025
0.18181818181818182
0.23684210526315788
0.2535211267605634
0.21621621621621623
0.1566265060240964
0.16176470588235295
0.2054794520547945
0.1917808219178082
0.1875
0.15714285714285714
0.13793103448275862
0.2318840579710145
0.175
0.16091954022988506
0.16176470588235295
0.25
0.18571428571428572
