0.4736842105263158
0.4821428571428571
0.4736842105263158
0.45
0.453781512605042
0.4642857142857143
0.4615384615384615
0.4406779661016949
0.47787610619469023
0.4695652173913043
0.416
0.453781512605042
0.42276422764227645
0.4655172413793103
0.456140350877193
0.44628099173553726
0.45762711864406785
0.4695652173913043
0.4615384615384615
0.45762711864406785
0.4090909090909091
0.4406779661016949
0.4695652173913043
0.45
0.4705882352941176
0.42519685039370075
0.43333333333333335
0.44628099173553726
0.4426229508196721
0.42622950819672134
0.42975206611570255
0.4695652173913043
0.4444444444444444
0.42975206611570255
0.43548387096774194
0.45762711864406785
0.45762711864406785
0.4615384615384615
0.4736842105263158
0.45762711864406785
0.45217391304347826
0.42857142857142855
0.416
0.44628099173553726
0.42857142857142855
0.45217391304347826
0.4406779661016949
0.45762711864406785
0.4695652173913043
0.45762711864406785
0.4736842105263158
0.45
0.4642857142857143
0.4655172413793103
0.4655172413793103
0.4426229508196721
0.44628099173553726
0.4655172413793103
0.4426229508196721
0.42187499999999994
0.4369747899159664
0.4369747899159664
0.4736842105263158
0.432
0.453781512605042
0.42857142857142855
0.43902439024390244
0.47863247863247865
0.5
0.4406779661016949
0.4736842105263158
0.4615384615384615
0.4369747899159664
0.42857142857142855
0.46017699115044247
0.4369747899159664
0.44628099173553726
0.45
0.43548387096774194
0.45
0.4628099173553719
0.4615384615384615
0.4615384615384615
0.49090909090909096
0.4695652173913043
0.47706422018348627
0.4655172413793103
0.4655172413793103
0.4695652173913043
0.45762711864406785
0.4869565217391304
0.45762711864406785
0.4186046511627907
0.453781512605042
0.4695652173913043
0.453781512605042
0.453781512605042
0.43548387096774194
0.4695652173913043
0.4666666666666667
0.49090909090909096
0.45
0.44628099173553726
0.4655172413793103
0.43548387096774194
0.45762711864406785
0.432
0.44799999999999995
0.45762711864406785
0.43902439024390244
0.49090909090909096
0.4615384615384615
0.4655172413793103
0.4695652173913043
0.47787610619469023
0.4695652173913043
0.47787610619469023
0.4695652173913043
0.45
0.47787610619469023
0.45762711864406785
0.4695652173913043
0.4369747899159664
0.4193548387096774
0.453781512605042
0.45762711864406785
0.45
0.4628099173553719
0.4695652173913043
0.456140350877193
0.4821428571428571
0.47787610619469023
0.42519685039370075
0.4482758620689655
0.47787610619469023
0.4655172413793103
0.45762711864406785
0.47706422018348627
0.45762711864406785
0.4444444444444444
0.4482758620689655
0.4426229508196721
0.43333333333333335
0.4628099173553719
0.4655172413793103
0.4705882352941176
0.4655172413793103
0.432
0.4426229508196721
0.43548387096774194
0.453781512605042
0.4426229508196721
0.456140350877193
0.456140350877193
0.4821428571428571
0.4655172413793103
0.44628099173553726
0.44628099173553726
0.4426229508196721
0.4482758620689655
0.4426229508196721
0.42857142857142855
0.4736842105263158
0.47787610619469023
0.4628099173553719
0.4695652173913043
0.4695652173913043
0.509090909090909
0.4821428571428571
0.4655172413793103
0.4954128440366972
0.4655172413793103
0.4695652173913043
0.456140350877193
0.4406779661016949
0.45762711864406785
0.45
0.4655172413793103
0.42519685039370075
0.4655172413793103
0.453781512605042
0.43548387096774194
0.4705882352941176
0.45762711864406785
0.42857142857142855
0.4666666666666667
0.45
0.45762711864406785
0.4655172413793103
0.45762711864406785
0.45762711864406785
0.42187499999999994
0.4482758620689655
0.4821428571428571
0.4065040650406504
0.4821428571428571
0.44628099173553726
0.4406779661016949
0.4615384615384615
0.47787610619469023
0.4695652173913043
0.4666666666666667
0.43548387096774194
0.4552845528455284
0.416
0.42276422764227645
0.4615384615384615
0.4482758620689655
0.44799999999999995
0.49090909090909096
0.4695652173913043
0.4745762711864407
0.4655172413793103
0.4655172413793103
0.45762711864406785
0.453781512605042
0.45762711864406785
0.45
0.45762711864406785
0.453781512605042
0.45762711864406785
0.44628099173553726
0.4615384615384615
0.4655172413793103
0.4426229508196721
0.44628099173553726
0.44628099173553726
0.4628099173553719
0.4727272727272727
0.4655172413793103
0.43902439024390244
0.4444444444444444
0.4695652173913043
0.456140350877193
0.4821428571428571
0.43333333333333335
0.43902439024390244
0.4426229508196721
0.4426229508196721
0.45
0.47787610619469023
0.42622950819672134
0.45762711864406785
0.4409448818897638
0.45762711864406785
0.44628099173553726
0.4655172413793103
0.4615384615384615
0.4615384615384615
0.4628099173553719
0.4615384615384615
0.4655172413793103
0.45
0.453781512605042
0.4615384615384615
0.453781512605042
0.4695652173913043
0.45
0.4695652173913043
0.48648648648648646
0.45762711864406785
0.47787610619469023
0.4821428571428571
0.4695652173913043
0.4695652173913043
0.45
0.4444444444444444
0.4444444444444444
0.4552845528455284
0.4444444444444444
0.4426229508196721
0.4482758620689655
0.42519685039370075
0.4426229508196721
0.4736842105263158
0.453781512605042
0.4695652173913043
0.4821428571428571
0.45
0.45
0.45
0.4369747899159664
0.45
0.45762711864406785
0.4615384615384615
0.4954128440366972
0.5
0.4695652173913043
0.43902439024390244
0.44628099173553726
0.4695652173913043
0.4406779661016949
0.453781512605042
0.45901639344262296
0.453781512605042
0.47787610619469023
0.4406779661016949
0.453781512605042
0.4736842105263158
0.42519685039370075
0.43902439024390244
0.4736842105263158
0.4615384615384615
0.42016806722689076
0.45
0.45
0.4482758620689655
0.4655172413793103
0.45217391304347826
0.4705882352941176
0.42857142857142855
0.5
0.4655172413793103
0.47863247863247865
0.4655172413793103
0.4426229508196721
0.43548387096774194
0.44628099173553726
0.453781512605042
0.4516129032258064
0.4736842105263158
0.42276422764227645
0.4642857142857143
0.432
0.4516129032258064
0.49090909090909096
0.456140350877193
0.44628099173553726
0.4126984126984127
0.45762711864406785
0.43902439024390244
0.42276422764227645
0.42857142857142855
0.4912280701754386
0.4615384615384615
0.4482758620689655
0.45762711864406785
0.4655172413793103
0.47787610619469023
0.47787610619469023
0.432
0.45
0.47787610619469023
0.4186046511627907
0.45901639344262296
0.44628099173553726
0.47863247863247865
0.43902439024390244
0.4482758620689655
0.44628099173553726
0.4695652173913043
0.4482758620689655
0.42975206611570255
0.42519685039370075
0.4516129032258064
0.43548387096774194
0.432
0.453781512605042
0.4426229508196721
0.42622950819672134
0.44628099173553726
0.42857142857142855
0.4444444444444444
0.49090909090909096
0.45217391304347826
0.4482758620689655
0.44628099173553726
0.45
0.44628099173553726
0.4695652173913043
0.45
0.4655172413793103
0.4426229508196721
0.47787610619469023
0.4615384615384615
0.44628099173553726
0.45
0.45
0.4482758620689655
0.45762711864406785
0.4444444444444444
0.4615384615384615
0.44628099173553726
0.47787610619469023
0.4426229508196721
0.4482758620689655
0.4406779661016949
0.453781512605042
0.4705882352941176
0.4615384615384615
0.43333333333333335
0.43902439024390244
0.453781512605042
0.44628099173553726
0.4745762711864407
0.42975206611570255
0.45762711864406785
0.46017699115044247
0.45762711864406785
0.45217391304347826
0.45762711864406785
0.44628099173553726
0.47863247863247865
0.4655172413793103
0.44799999999999995
0.47787610619469023
0.4375
0.45762711864406785
0.42519685039370075
0.41538461538461535
0.44628099173553726
0.45
0.4482758620689655
0.4655172413793103
0.4369747899159664
0.44628099173553726
0.42857142857142855
0.45
0.45
0.4695652173913043
0.43902439024390244
0.4426229508196721
0.5
0.4426229508196721
0.4655172413793103
0.45
0.4736842105263158
0.45762711864406785
0.43902439024390244
0.44628099173553726
0.43902439024390244
0.4482758620689655
0.43902439024390244
0.4655172413793103
0.48648648648648646
0.4655172413793103
0.45
0.4655172413793103
0.45762711864406785
0.4409448818897638
0.4444444444444444
0.4615384615384615
0.42187499999999994
0.416
0.47787610619469023
0.45
0.4482758620689655
0.4695652173913043
0.432
0.453781512605042
0.4655172413793103
0.4615384615384615
0.45
0.4642857142857143
0.42187499999999994
0.4444444444444444
0.4406779661016949
0.4444444444444444
0.43902439024390244
0.432
0.42187499999999994
0.45901639344262296
0.4516129032258064
0.45762711864406785
0.42975206611570255
0.4552845528455284
0.45762711864406785
0.42187499999999994
0.49090909090909096
0.4615384615384615
0.4193548387096774
0.42622950819672134
0.43333333333333335
0.4655172413793103
0.4695652173913043
0.42975206611570255
0.47787610619469023
0.4869565217391304
0.4695652173913043
0.4695652173913043
0.4615384615384615
0.4655172413793103
0.4695652173913043
0.44628099173553726
0.432
0.45
0.4615384615384615
0.4695652173913043
0.43548387096774194
0.48648648648648646
0.4444444444444444
0.43548387096774194
0.44628099173553726
0.42857142857142855
0.43902439024390244
0.44628099173553726
0.453781512605042
0.45
0.4426229508196721
0.4655172413793103
