0.59939523289275
0.445770090297991
0.5378599531620137
0.5282808513497612
0.5433832237636542
0.4944838210168975
0.5418768286612721
0.5110398574963733
0.4730098057156581
0.5410898116361124
0.532390981148289
0.46461874491702293
0.5034416398859581
0.5178236319335837
0.5127651394952351
0.4944701396149974
0.44068794157975394
0.474168593920545
0.5118874557644841
0.5380115677150864
0.48507371202745686
0.48483901876365154
0.46099963596984095
0.4859473399994203
0.5231162937707076
0.4915390654659264
0.5574035438017483
0.49791409786888896
0.504554918256943
0.5190196973093978
0.5207179376579701
0.49498985550356744
0.4689186407910829
0.48520703909571816
0.6108753387268175
0.5041360029495825
0.5279134898710249
0.530579102793449
0.5582532639554783
0.5459859936165163
0.5280205769682699
0.47040724710736403
0.5329170822730213
0.4858739178096334
0.5167755207052355
0.5232509446433384
0.5224071253565998
0.49565059175253406
0.5489761672883686
0.5510052961389069
0.5009322841968423
0.5121692127863972
0.5645368324325111
0.5339841322589114
0.5452018610372622
0.5352592086219381
0.4650915002815563
0.5130985590711418
0.4843284666988073
0.47752346674029267
0.4841879548075814
0.5303556019648098
0.5227596034313315
0.5084940434890666
0.5347648792038747
0.4831737415219759
0.48149886867434566
0.48766826260127394
0.6101797451644607
0.5103773191140819
0.4839813718720928
0.5411392512071079
0.5318750310456841
0.475471507885796
0.5132234401552623
0.5024153901103119
0.4678496168601146
0.532050838556801
0.5383193635842503
0.4896819514170662
0.5313810581847466
0.5191449381433415
0.5628269684931524
0.5182522706997953
0.501333472162762
0.44736790087019174
0.5120559634051866
0.5015400699789422
0.4769324911560612
0.5068163896102709
0.5054320769438392
0.5131649856244229
0.522134607354247
0.5045130015644494
0.4846163393740928
0.5265198937198131
0.5340415225740064
0.5925082764723798
0.5239601670770997
0.4714386692050595
0.5794170973525214
0.5735921871462394
0.5204991968366972
0.502899778008934
0.5045440989211339
0.5276514971908985
0.49049752938327407
0.49306917250276266
0.5644107083672582
0.512130857267708
0.5651505755783159
0.5399143717192361
0.5070913276841735
0.5474829256202256
0.5174380575959955
0.5491937095641488
0.5389984787749662
0.40786932579861523
0.5014632371986657
0.48444897194129116
0.5224727721593218
0.5049820719878727
0.5210659844489868
0.5305771577946388
0.5172382831363453
0.5282890984730112
0.4666780188271133
0.4724535848580319
0.4433742237136004
0.5356512692368505
0.6093018763231994
0.5554079863006756
0.46436034330945664
0.49574158378863137
0.4821718940978762
0.5114134974850206
0.5193410014414532
0.5031428694087023
0.5098152839238784
0.5419527013363169
0.5322102617140847
0.5140784953533415
0.5131907635185745
0.5242128424556642
0.5041547503051461
0.5522188465998934
0.506521839184693
0.5089268006904575
0.4753677245123794
0.5460335360208332
0.53081528735418
0.522338501902781
0.5115527887142715
0.47720889453684745
0.498895163566627
0.5063681120467006
0.5636190356983181
0.5193183769826901
0.5043877036233895
0.48373362405546266
0.507374041454308
0.5097804246532747
0.47657123487606046
0.4797018775759704
0.5323289355900559
0.47795879877639263
0.48414778264905156
0.5297123364364139
0.552378226089228
0.507126366323595
0.5304553840476302
0.5356639583194452
0.5295588885781158
0.5528959054429582
0.48857667920897246
0.5160671261211468
0.5275061200250843
0.4744434032668625
0.4935666907597719
0.4570297847077902
0.498356206499121
0.4967725659448557
0.5577903200818493
0.5032513792078963
0.4927707669904343
0.5106927149712326
0.533277550173022
0.5516511732491368
0.5266290768195419
0.5300849540870958
0.5215682207165993
0.49735384740696226
0.5177128499313668
0.5510910140711293
0.5560880433787772
0.552821462480887
0.5564766644494825
0.5366687160410262
0.49806503332577085
0.5250937512527721
0.44132775337334845
0.5216458262420124
0.47660529949221475
0.5516350238366854
0.5917635248921062
0.5081648502689796
0.48724489284639433
0.5286774204229702
0.5178747240480661
0.5547938138242037
0.5607273015073011
0.4856482212629254
0.5010498739862318
0.49436618819501477
0.5063428241830179
0.5505786029054924
0.5390903233210707
0.48029640759168407
0.4610336188719245
0.5389929957048448
0.48772543914729766
0.5154392537757229
0.5069581464491082
0.47071278102364894
0.5260867705724688
0.5416272062159746
0.4984857558217652
0.509187048474123
0.5253441671543025
0.5560685864868393
0.5388412301345533
0.5410769381630639
0.5120047860979227
0.5147238121354742
0.5588052693070942
0.5914516871479016
0.5136933011475654
0.4710492386626494
0.502009852961693
0.5082945528066478
0.5787298894054855
0.5089142518705957
0.5195794342958278
0.4564484279318516
0.5367616885842271
0.4992004546232801
0.5135861415676684
0.47325641628491566
0.46730763716416274
0.4270964353605231
0.4406964005087448
0.53974504097983
0.4939481619271358
0.5156226315986605
0.5216211257585189
0.5530801554563323
0.45140714559026796
0.4907706905761191
0.446353708691041
0.4835451401058541
0.5366676597250116
0.453687997162934
0.5440054730861559
0.5037671913923745
0.5741977827287599
0.5292103970466435
0.484359354121054
0.517758993321164
0.48760689687306746
0.5040115557163272
0.5368790478324053
0.542969923500279
0.5024645386713019
0.4533804404599028
0.4737314920867238
0.46126947286526854
0.5188215474485928
0.520756398537995
0.5035885549682904
0.4996031354406156
0.4814305437382468
0.5759224566021292
0.5751408311761963
0.44204058967573867
0.4899020550646928
0.4775399080606212
0.5227462777864174
0.5608494288842385
0.5099430638171507
0.4915136753089302
0.47370124933134566
0.5045902450113177
0.47921382822125647
0.5379910923116558
0.5152301133787275
0.5175238502767542
0.513566723774358
0.4684752859225072
0.4824371674756095
0.48996350671703315
0.5227452022706572
0.5672578244219393
0.5449582205815807
0.47937820159995315
0.5424856399078347
0.46458757102952103
0.5702904576363289
0.5462894530802702
0.5112404295747781
0.5238236973410821
0.5433769953347912
0.5375509555940462
0.5131499664973488
0.5006551967960869
0.5025173134948484
0.518451797497466
0.48319374996300835
0.5215229248384402
0.5330710844883105
0.4616941987015857
0.507767069838755
0.5269818938655682
0.5172441896484583
0.45371462342252294
0.5056900371200267
0.5121849166791266
0.5293295948444323
0.4992659379138925
0.496817843174846
0.5033491647171575
0.46244399903896405
0.5405305329558425
0.46312499756722264
0.54572302408617
0.5559325376909492
0.45612320856546934
0.4442572557031875
0.4778990028710716
0.5224067062930824
0.46150308381210214
0.5221621116725449
0.4923244515513471
0.5268716604672505
0.5358041150850551
0.5578657464444977
0.5022302568204267
0.5309982038258858
0.46290084437012197
0.4719784126911585
0.4726593591665521
0.5044229276145435
0.51860448844096
0.537019833635488
0.45595137892825804
0.5068756397493541
0.4271518568059001
0.4944393707540912
0.520849383390946
0.42461027869255497
0.5121280567325819
0.4842680403073413
0.5507709718656775
0.5182203813543187
0.48453716643644823
0.5458542451415356
0.5326103943800656
0.507117728983349
0.5388130196205443
0.5013474254192147
0.47593236042538534
0.49606333371976313
0.5082890847313635
0.5264133192137566
0.4834681706891504
0.5230273066808125
0.4965165898212414
0.47494759914037443
0.548229348840128
0.46793599590386326
0.6063890404367546
0.5595655111173196
0.5065054363174867
0.4598640005862629
0.5350734709320715
0.4813630980547094
0.5224672670103724
0.49437569619129373
0.5245164654440522
0.5670745544980991
0.6010588436798612
0.5453857119952846
0.5258968777039232
0.5050865871344875
0.479118976202518
0.47876083497236516
0.56523485236969
0.44701861046832075
0.5667280509678073
0.5543355625172666
0.48965989718119113
0.5493349036965574
0.4862947074393903
0.48615145049311814
0.473908385985233
0.4919690438888916
0.5251136291655228
0.5853316011809516
0.45241797155935815
0.4964317900589875
0.5320087001422278
0.5031759956299604
0.5336395846200551
0.5306049541937454
0.5613689031225874
0.48610223944520836
0.49663542438000285
0.4861305604977356
0.505971453306754
0.50864699100032
0.4828731433598593
0.5070043550962422
0.500159483008568
0.549001589742095
0.48617810323949573
0.5504076017364025
0.44476779617735307
0.46225752319774516
0.48870968298227846
0.5097270884210019
0.5283720249260672
0.52915352319146
0.4595451909502981
0.5730190155945578
0.5871830182115041
0.5592228366060381
0.5649158925854371
0.5898470073015527
0.531330262467326
0.4981415207088462
0.42876658617778407
0.47617663796377196
0.5159277355913212
0.5809301361786335
0.5074323604723199
0.4962268308990456
0.5146133157818822
0.5429293617363393
0.5355787258359238
0.5440877470460347
0.58045407383151
0.5385002434765565
0.5343288683147838
0.5889741748734646
0.49716452875529366
0.48421799385180486
0.5347086454471393
0.5072076865112911
0.44339470677501774
0.5297364680004455
0.48280432161408154
0.5281855864924142
0.5029525563801935
0.5400275664292228
0.46725586142858916
0.5438094532129958
0.447726670285334
0.48444171054289253
0.5484170217031983
0.5069510267902712
0.5110913698328411
0.5636832411014865
0.4764321438866457
0.4875736089875905
0.5317036749408994
0.49881028147500184
0.5652926838814909
0.5259316158808169
0.5284935366838255
0.5109275420263305
0.5631841371439374
0.5240069448984475
0.5272571439802708
0.5444043649255632
0.4765267397530417
0.5403082619728392
0.43731542962145437
0.5630606891870524
0.5421084711809605
0.44150770689645125
0.5578798911314546
0.56440179663425
0.5683969777758568
0.5136711718306531
0.5418401319729679
0.4686095733124697
0.5308938854991785
0.4504357021809079
0.51266663978101
0.4471704302035653
0.488342561491263
