0.5
0.45
0.4821428571428571
0.4821428571428571
0.49090909090909096
0.47706422018348627
0.5142857142857142
0.4814814814814815
0.49090909090909096
0.4736842105263158
0.46846846846846846
0.4821428571428571
0.456140350877193
0.49090909090909096
0.4406779661016949
0.49090909090909096
0.4695652173913043
0.4695652173913043
0.49090909090909096
0.49090909090909096
0.47787610619469023
0.4642857142857143
0.453781512605042
0.47787610619469023
0.4745762711864407
0.4736842105263158
0.46846846846846846
0.453781512605042
0.49090909090909096
0.4859813084112149
0.456140350877193
0.4736842105263158
0.4482758620689655
0.4406779661016949
0.5
0.4821428571428571
0.4821428571428571
0.5
0.5
0.4821428571428571
0.4642857142857143
0.4615384615384615
0.46846846846846846
0.4821428571428571
0.4821428571428571
0.46017699115044247
0.456140350877193
0.4821428571428571
0.5
0.4736842105263158
0.4695652173913043
0.48648648648648646
0.46846846846846846
0.4736842105263158
0.49090909090909096
0.4736842105263158
0.4736842105263158
0.45
0.453781512605042
0.4655172413793103
0.4859813084112149
0.4859813084112149
0.48648648648648646
0.4736842105263158
0.47787610619469023
0.49090909090909096
0.45762711864406785
0.45901639344262296
0.5045045045045045
0.456140350877193
0.4695652173913043
0.5
0.4814814814814815
0.4821428571428571
0.46017699115044247
0.4642857142857143
0.4736842105263158
0.48648648648648646
0.4954128440366972
0.4695652173913043
0.4912280701754386
0.47787610619469023
0.47787610619469023
0.48648648648648646
0.48648648648648646
0.4642857142857143
0.47787610619469023
0.47787610619469023
0.4655172413793103
0.47787610619469023
0.4827586206896552
0.4736842105263158
0.4695652173913043
0.453781512605042
0.4821428571428571
0.4821428571428571
0.5
0.4695652173913043
0.5
0.4827586206896552
0.47787610619469023
0.5142857142857142
0.49090909090909096
0.4954128440366972
0.5142857142857142
0.4821428571428571
0.4954128440366972
0.4705882352941176
0.5094339622641509
0.4821428571428571
0.48648648648648646
0.4821428571428571
0.4954128440366972
0.4655172413793103
0.4695652173913043
0.5094339622641509
0.4695652173913043
0.4695652173913043
0.5
0.45
0.5046728971962617
0.47787610619469023
0.46846846846846846
0.46846846846846846
0.4695652173913043
0.48648648648648646
0.4695652173913043
0.4912280701754386
0.4655172413793103
0.4727272727272727
0.5094339622641509
0.4954128440366972
0.4736842105263158
0.47706422018348627
0.49090909090909096
0.47787610619469023
0.4655172413793103
0.4859813084112149
0.4821428571428571
0.46846846846846846
0.45217391304347826
0.47787610619469023
0.456140350877193
0.4666666666666667
0.453781512605042
0.5045045045045045
0.4695652173913043
0.48648648648648646
0.4736842105263158
0.5
0.49090909090909096
0.4821428571428571
0.47706422018348627
0.4482758620689655
0.48648648648648646
0.47787610619469023
0.44628099173553726
0.5142857142857142
0.4821428571428571
0.4444444444444444
0.4655172413793103
0.47787610619469023
0.49090909090909096
0.45
0.4869565217391304
0.49090909090909096
0.4695652173913043
0.4912280701754386
0.47787610619469023
0.47787610619469023
0.4821428571428571
0.4695652173913043
0.5046728971962617
0.4727272727272727
0.4482758620689655
0.4736842105263158
0.47787610619469023
0.4954128440366972
0.4695652173913043
0.4695652173913043
0.4954128440366972
0.4821428571428571
0.5
0.4736842105263158
0.4954128440366972
0.509090909090909
0.4695652173913043
0.4954128440366972
0.47787610619469023
0.45762711864406785
0.5046728971962617
0.4736842105263158
0.46846846846846846
0.48648648648648646
0.44247787610619466
0.5094339622641509
0.47787610619469023
0.4727272727272727
0.47787610619469023
0.4821428571428571
0.4695652173913043
0.5045045045045045
0.45
0.5185185185185185
0.4814814814814815
0.4406779661016949
0.4736842105263158
0.46846846846846846
0.5233644859813084
0.48648648648648646
0.5
0.47863247863247865
0.4954128440366972
0.48648648648648646
0.5094339622641509
0.5046728971962617
0.4954128440366972
0.42519685039370075
0.4695652173913043
0.48648648648648646
0.45762711864406785
0.47787610619469023
0.4736842105263158
0.45762711864406785
0.48648648648648646
0.4655172413793103
0.4615384615384615
0.4912280701754386
0.46846846846846846
0.49090909090909096
0.5142857142857142
0.4859813084112149
0.4821428571428571
0.46846846846846846
0.5
0.49523809523809526
0.4695652173913043
0.48648648648648646
0.4821428571428571
0.45762711864406785
0.5
0.4727272727272727
0.4695652173913043
0.4705882352941176
0.4736842105263158
0.4655172413793103
0.48648648648648646
0.4655172413793103
0.4615384615384615
0.4705882352941176
0.49090909090909096
0.4695652173913043
0.4821428571428571
0.4695652173913043
0.44628099173553726
0.49090909090909096
0.44628099173553726
0.4695652173913043
0.453781512605042
0.4695652173913043
0.5
0.4655172413793103
0.5
0.4954128440366972
0.4954128440366972
0.4736842105263158
0.456140350877193
0.49056603773584906
0.5137614678899082
0.46017699115044247
0.5
0.49056603773584906
0.4954128440366972
0.4695652173913043
0.4695652173913043
0.45762711864406785
0.4615384615384615
0.48648648648648646
0.4736842105263158
0.4695652173913043
0.4615384615384615
0.47706422018348627
0.5
0.43902439024390244
0.4426229508196721
0.4655172413793103
0.4821428571428571
0.4954128440366972
0.47787610619469023
0.45
0.5
0.47706422018348627
0.4736842105263158
0.4827586206896552
0.49090909090909096
0.5
0.4642857142857143
0.453781512605042
0.45762711864406785
0.4615384615384615
0.4821428571428571
0.5
0.5094339622641509
0.4587155963302752
0.4821428571428571
0.47787610619469023
0.4482758620689655
0.49090909090909096
0.46846846846846846
0.47863247863247865
0.5
0.4736842105263158
0.48648648648648646
0.4705882352941176
0.453781512605042
0.49090909090909096
0.4695652173913043
0.47787610619469023
0.4655172413793103
0.45901639344262296
0.4615384615384615
0.49056603773584906
0.456140350877193
0.4736842105263158
0.5137614678899082
0.47787610619469023
0.4727272727272727
0.4821428571428571
0.4444444444444444
0.5046728971962617
0.4655172413793103
0.4727272727272727
0.4655172413793103
0.509090909090909
0.4954128440366972
0.45217391304347826
0.4736842105263158
0.49090909090909096
0.49090909090909096
0.45762711864406785
0.5046728971962617
0.453781512605042
0.4821428571428571
0.4821428571428571
0.5233644859813084
0.4695652173913043
0.495575221238938
0.45
0.4482758620689655
0.4655172413793103
0.4954128440366972
0.4814814814814815
0.47706422018348627
0.44628099173553726
0.5
0.4426229508196721
0.4821428571428571
0.47787610619469023
0.43548387096774194
0.47706422018348627
0.453781512605042
0.5094339622641509
0.47706422018348627
0.453781512605042
0.4642857142857143
0.4727272727272727
0.4615384615384615
0.4655172413793103
0.4736842105263158
0.47787610619469023
0.4954128440366972
0.45
0.4695652173913043
0.4695652173913043
0.4695652173913043
0.4655172413793103
0.4426229508196721
0.5142857142857142
0.45217391304347826
0.5094339622641509
0.5
0.47787610619469023
0.4821428571428571
0.4821428571428571
0.4655172413793103
0.46846846846846846
0.46846846846846846
0.4736842105263158
0.5
0.49090909090909096
0.4727272727272727
0.47787610619469023
0.44628099173553726
0.45762711864406785
0.4912280701754386
0.46846846846846846
0.43902439024390244
0.4727272727272727
0.48648648648648646
0.46017699115044247
0.5142857142857142
0.4821428571428571
0.4869565217391304
0.4821428571428571
0.5045045045045045
0.49090909090909096
0.4912280701754386
0.44628099173553726
0.5
0.5094339622641509
0.4736842105263158
0.48648648648648646
0.4727272727272727
0.4615384615384615
0.4814814814814815
0.49090909090909096
0.4821428571428571
0.4736842105263158
0.4821428571428571
0.48648648648648646
0.4736842105263158
0.4695652173913043
0.48648648648648646
0.47787610619469023
0.48648648648648646
0.4615384615384615
0.4655172413793103
0.4821428571428571
0.4954128440366972
0.45762711864406785
0.47787610619469023
0.4444444444444444
0.4954128440366972
0.5094339622641509
0.4821428571428571
0.5046728971962617
0.5046728971962617
0.5
0.47787610619469023
0.4628099173553719
0.46017699115044247
0.4736842105263158
0.4954128440366972
0.456140350877193
0.48648648648648646
0.49090909090909096
0.4814814814814815
0.4695652173913043
0.5046728971962617
0.4736842105263158
0.49090909090909096
0.49090909090909096
0.4954128440366972
0.4482758620689655
0.4736842105263158
0.45217391304347826
0.4642857142857143
0.46017699115044247
0.4821428571428571
0.49090909090909096
0.4736842105263158
0.4827586206896552
0.4869565217391304
0.47787610619469023
0.4859813084112149
0.4827586206896552
0.49090909090909096
0.4655172413793103
0.5
0.4695652173913043
0.46846846846846846
0.4482758620689655
0.46017699115044247
0.49090909090909096
0.48648648648648646
0.49523809523809526
0.49090909090909096
0.4827586206896552
0.4736842105263158
0.5
0.47787610619469023
0.4821428571428571
0.4615384615384615
0.4655172413793103
0.4655172413793103
0.4426229508196721
0.5242718446601942
0.49090909090909096
0.45762711864406785
0.4954128440366972
0.4859813084112149
0.4736842105263158
0.45
0.4821428571428571
0.48648648648648646
0.4695652173913043
0.4736842105263158
0.44628099173553726
0.4655172413793103
0.453781512605042
