0.6808510638297872
0.48484848484848486
0.5714285714285714
0.6274509803921569
0.5957446808510638
0.6274509803921569
0.5555555555555556
0.62
0.5849056603773585
0.6122448979591837
0.5849056603773585
0.48936170212765956
0.5490196078431373
0.5909090909090909
0.6111111111111112
0.6078431372549019
0.5272727272727272
0.5409836065573771
0.5172413793103449
0.6111111111111112
0.543859649122807
0.5652173913043478
0.5423728813559322
0.5818181818181818
0.5344827586206896
0.5192307692307693
0.5660377358490566
0.5272727272727272
0.5522388059701493
0.5789473684210527
0.5925925925925926
0.5660377358490566
0.5576923076923077
0.5409836065573771
0.75
0.5869565217391305
0.6444444444444445
0.6153846153846154
0.6296296296296297
0.6037735849056604
0.5166666666666667
0.4915254237288136
0.5714285714285714
0.5849056603773585
0.5681818181818182
0.5849056603773585
0.5862068965517241
0.62
0.5789473684210527
0.5454545454545454
0.5555555555555556
0.5490196078431373
0.6274509803921569
0.6274509803921569
0.6181818181818182
0.5555555555555556
0.4642857142857143
0.5714285714285714
0.6274509803921569
0.5636363636363636
0.56
0.6382978723404256
0.62
0.6382978723404256
0.6530612244897959
0.6346153846153846
0.5254237288135594
0.55
0.7021276595744681
0.6
0.5
0.5892857142857143
0.5892857142857143
0.5161290322580645
0.5636363636363636
0.5666666666666667
0.5166666666666667
0.6818181818181818
0.6938775510204082
0.5517241379310345
0.5614035087719298
0.5178571428571429
0.6181818181818182
0.5535714285714286
0.5849056603773585
0.5925925925925926
0.625
0.6274509803921569
0.5517241379310345
0.5614035087719298
0.5925925925925926
0.5849056603773585
0.5490196078431373
0.5423728813559322
0.6
0.5576923076923077
0.6274509803921569
0.6808510638297872
0.5849056603773585
0.5471698113207547
0.6226415094339622
0.7
0.66
0.5849056603773585
0.5882352941176471
0.5263157894736842
0.5490196078431373
0.5185185185185185
0.6458333333333334
0.6222222222222222
0.6888888888888889
0.6122448979591837
0.6304347826086957
0.6226415094339622
0.6111111111111112
0.6521739130434783
0.673469387755102
0.5076923076923077
0.6521739130434783
0.6071428571428571
0.5172413793103449
0.5806451612903226
0.6428571428571429
0.5925925925925926
0.5416666666666666
0.5892857142857143
0.5686274509803921
0.5434782608695652
0.5344827586206896
0.6666666666666666
0.8048780487804879
0.6363636363636364
0.5081967213114754
0.5918367346938775
0.5660377358490566
0.5740740740740741
0.5849056603773585
0.5681818181818182
0.6458333333333334
0.5892857142857143
0.603448275862069
0.576271186440678
0.5555555555555556
0.5238095238095238
0.5686274509803921
0.5531914893617021
0.5892857142857143
0.6041666666666666
0.5555555555555556
0.6363636363636364
0.5925925925925926
0.673469387755102
0.6041666666666666
0.5084745762711864
0.5471698113207547
0.64
0.5925925925925926
0.6666666666666666
0.6140350877192983
0.5849056603773585
0.543859649122807
0.5555555555555556
0.5957446808510638
0.5818181818181818
0.6666666666666666
0.5882352941176471
0.5789473684210527
0.6078431372549019
0.6078431372549019
0.5849056603773585
0.5660377358490566
0.5925925925925926
0.58
0.6
0.5555555555555556
0.55
0.6666666666666666
0.5490196078431373
0.6
0.5
0.6170212765957447
0.56
0.6
0.5686274509803921
0.6153846153846154
0.5517241379310345
0.5740740740740741
0.6666666666666666
0.625
0.5625
0.6458333333333334
0.559322033898305
0.6037735849056604
0.5614035087719298
0.7021276595744681
0.64
0.58
0.5925925925925926
0.543859649122807
0.6415094339622641
0.5471698113207547
0.6041666666666666
0.55
0.6037735849056604
0.6875
0.6226415094339622
0.5555555555555556
0.6078431372549019
0.6521739130434783
0.660377358490566
0.625
0.55
0.5818181818181818
0.5918367346938775
0.54
0.5686274509803921
0.6415094339622641
0.4827586206896552
0.4838709677419355
0.6521739130434783
0.5714285714285714
0.5689655172413793
0.5344827586206896
0.56
0.6
0.5555555555555556
0.4925373134328358
0.6153846153846154
0.6481481481481481
0.6666666666666666
0.6444444444444445
0.5714285714285714
0.5357142857142857
0.5892857142857143
0.7
0.6481481481481481
0.6808510638297872
0.5087719298245614
0.6274509803921569
0.5818181818181818
0.6666666666666666
0.574468085106383
0.6122448979591837
0.5961538461538461
0.5789473684210527
0.5166666666666667
0.5964912280701754
0.5882352941176471
0.5
0.4375
0.5208333333333334
0.56
0.5869565217391305
0.5961538461538461
0.6078431372549019
0.6153846153846154
0.484375
0.5423728813559322
0.5
0.5471698113207547
0.62
0.54
0.6538461538461539
0.5957446808510638
0.6545454545454545
0.5818181818181818
0.5454545454545454
0.6
0.6181818181818182
0.5818181818181818
0.6363636363636364
0.6458333333333334
0.58
0.5471698113207547
0.5084745762711864
0.4915254237288136
0.6808510638297872
0.6296296296296297
0.6590909090909091
0.5166666666666667
0.5471698113207547
0.6938775510204082
0.6111111111111112
0.47692307692307695
0.576271186440678
0.5471698113207547
0.5873015873015873
0.7045454545454546
0.45454545454545453
0.5423728813559322
0.6041666666666666
0.5882352941176471
0.5
0.5849056603773585
0.6363636363636364
0.66
0.5849056603773585
0.5172413793103449
0.5245901639344263
0.55
0.5925925925925926
0.6458333333333334
0.6818181818181818
0.5087719298245614
0.5740740740740741
0.559322033898305
0.6296296296296297
0.673469387755102
0.62
0.6511627906976745
0.5849056603773585
0.6470588235294118
0.6037735849056604
0.5737704918032787
0.5555555555555556
0.6415094339622641
0.5384615384615384
0.5740740740740741
0.5660377358490566
0.515625
0.5254237288135594
0.5849056603773585
0.5614035087719298
0.5185185185185185
0.5882352941176471
0.6122448979591837
0.6296296296296297
0.543859649122807
0.55
0.6153846153846154
0.5849056603773585
0.5818181818181818
0.5714285714285714
0.5555555555555556
0.6111111111111112
0.5344827586206896
0.4918032786885246
0.543859649122807
0.6271186440677966
0.5666666666666667
0.6170212765957447
0.5666666666666667
0.5849056603773585
0.5740740740740741
0.6078431372549019
0.4838709677419355
0.5576923076923077
0.53125
0.6037735849056604
0.5614035087719298
0.5471698113207547
0.58
0.673469387755102
0.5
0.5471698113207547
0.46153846153846156
0.5357142857142857
0.532258064516129
0.47619047619047616
0.5686274509803921
0.5555555555555556
0.6888888888888889
0.5882352941176471
0.5357142857142857
0.6111111111111112
0.576271186440678
0.5081967213114754
0.64
0.6037735849056604
0.5849056603773585
0.5925925925925926
0.5576923076923077
0.5714285714285714
0.5666666666666667
0.5636363636363636
0.5818181818181818
0.4918032786885246
0.6739130434782609
0.543859649122807
0.7111111111111111
0.6078431372549019
0.5686274509803921
0.5454545454545454
0.7111111111111111
0.5652173913043478
0.6181818181818182
0.5882352941176471
0.5471698113207547
0.6428571428571429
0.6181818181818182
0.6458333333333334
0.68
0.5737704918032787
0.4915254237288136
0.54
0.6122448979591837
0.55
0.6808510638297872
0.5961538461538461
0.6346153846153846
0.6122448979591837
0.54
0.5652173913043478
0.5535714285714286
0.5490196078431373
0.5660377358490566
0.5932203389830508
0.48333333333333334
0.5918367346938775
0.6595744680851063
0.532258064516129
0.56
0.6470588235294118
0.5892857142857143
0.6
0.6
0.5535714285714286
0.5535714285714286
0.5614035087719298
0.6415094339622641
0.5686274509803921
0.5789473684210527
0.5882352941176471
0.58
0.64
0.5384615384615384
0.5263157894736842
0.5961538461538461
0.6181818181818182
0.5636363636363636
0.6071428571428571
0.5423728813559322
0.6739130434782609
0.6818181818181818
0.6296296296296297
0.6382978723404256
0.7727272727272727
0.6
0.6122448979591837
0.5454545454545454
0.5471698113207547
0.559322033898305
0.7111111111111111
0.5370370370370371
0.5531914893617021
0.6382978723404256
0.6153846153846154
0.6326530612244898
0.5769230769230769
0.6875
0.5576923076923077
0.5833333333333334
0.7560975609756098
0.6808510638297872
0.5636363636363636
0.6304347826086957
0.5961538461538461
0.543859649122807
0.6041666666666666
0.5471698113207547
0.5230769230769231
0.625
0.5666666666666667
0.5666666666666667
0.6122448979591837
0.5319148936170213
0.6
0.6140350877192983
0.5357142857142857
0.5333333333333333
0.6041666666666666
0.5454545454545454
0.6274509803921569
0.62
0.509090909090909
0.6938775510204082
0.5192307692307693
0.5957446808510638
0.6153846153846154
0.5869565217391305
0.6122448979591837
0.6382978723404256
0.6304347826086957
0.4838709677419355
0.5737704918032787
0.4838709677419355
0.6904761904761905
0.5789473684210527
0.5084745762711864
0.68
0.6739130434782609
0.62
0.5454545454545454
0.6739130434782609
0.5531914893617021
0.5689655172413793
0.5370370370370371
0.5084745762711864
0.5
0.4909090909090909
