0.2204724409448819
0.2222222222222222
0.22535211267605634
0.2318840579710145
0.22900763358778625
0.19444444444444445
0.2222222222222222
0.2647058823529412
0.2222222222222222
0.2116788321167883
0.248
0.2028985507246377
0.21935483870967742
0.22962962962962963
0.21897810218978103
0.24822695035460993
0.21875
0.22388059701492538
0.23622047244094488
0.2463768115942029
0.16304347826086957
0.24812030075187969
0.20833333333333334
0.24113475177304963
0.23809523809523808
0.24444444444444444
0.20714285714285716
0.19230769230769232
0.2727272727272727
0.2037037037037037
0.19078947368421054
0.22142857142857142
0.2112676056338028
0.2348993288590604
0.27611940298507465
0.21052631578947367
0.19594594594594594
0.2
0.23076923076923078
0.24347826086956523
0.21710526315789475
0.2537313432835821
0.2077922077922078
0.23076923076923078
0.2214765100671141
0.18292682926829268
0.24444444444444444
0.2
0.24822695035460993
0.22058823529411764
0.20437956204379562
0.1889763779527559
0.2248062015503876
0.22972972972972974
0.22012578616352202
0.20588235294117646
0.24647887323943662
0.2214765100671141
0.21768707482993196
0.19767441860465115
0.24113475177304963
0.2661290322580645
0.22794117647058823
0.20408163265306123
0.21212121212121213
0.18243243243243243
0.2413793103448276
0.23015873015873015
0.24817518248175183
0.2185430463576159
0.2391304347826087
0.203125
0.16455696202531644
0.22627737226277372
0.232
0.2147239263803681
0.28125
0.2191780821917808
0.20833333333333334
0.23577235772357724
0.2198581560283688
0.24369747899159663
0.20270270270270271
0.2198581560283688
0.24444444444444444
0.1986754966887417
0.23703703703703705
0.2727272727272727
0.23577235772357724
0.25925925925925924
0.20863309352517986
0.2627118644067797
0.21019108280254778
0.24793388429752067
0.2463768115942029
0.2037037037037037
0.22900763358778625
0.18471337579617833
0.23972602739726026
0.23076923076923078
0.2127659574468085
0.1895424836601307
0.2158273381294964
0.23529411764705882
0.2088607594936709
0.17647058823529413
0.24060150375939848
0.19594594594594594
0.2206896551724138
0.22818791946308725
0.17142857142857143
0.21804511278195488
0.24161073825503357
0.23404255319148937
0.21641791044776118
0.22727272727272727
0.20437956204379562
0.2222222222222222
0.25
0.2446043165467626
0.2215568862275449
0.2323943661971831
0.22302158273381295
0.22556390977443608
0.25
0.2661290322580645
0.18238993710691823
0.24444444444444444
0.2
0.25806451612903225
0.2119205298013245
0.23880597014925373
0.22448979591836735
0.23076923076923078
0.2116788321167883
0.20422535211267606
0.1875
0.24324324324324326
0.20437956204379562
0.25
0.2558139534883721
0.2
0.2426470588235294
0.256
0.23776223776223776
0.24603174603174602
0.22794117647058823
0.2158273381294964
0.23846153846153847
0.2318840579710145
0.23943661971830985
0.21428571428571427
0.22142857142857142
0.24812030075187969
0.2246376811594203
0.2421875
0.2229299363057325
0.22900763358778625
0.22058823529411764
0.234375
0.1958041958041958
0.21379310344827587
0.22535211267605634
0.26119402985074625
0.23026315789473684
0.22962962962962963
0.18115942028985507
0.24087591240875914
0.2619047619047619
0.23255813953488372
0.23484848484848486
0.1793103448275862
0.19718309859154928
0.22012578616352202
0.19148936170212766
0.21678321678321677
0.23225806451612904
0.2
0.21019108280254778
0.21374045801526717
0.2236842105263158
0.2743362831858407
0.22727272727272727
0.22916666666666666
0.19879518072289157
0.19333333333333333
0.21084337349397592
0.2222222222222222
0.22916666666666666
0.25892857142857145
0.21621621621621623
0.2734375
0.2097902097902098
0.2
0.22727272727272727
0.24603174603174602
0.18238993710691823
0.2391304347826087
0.2391304347826087
0.22602739726027396
0.2698412698412698
0.2463768115942029
0.22794117647058823
0.2537313432835821
0.21476510067114093
0.2119205298013245
0.23015873015873015
0.16058394160583941
0.19375
0.2206896551724138
0.2097902097902098
0.20610687022900764
0.2206896551724138
0.21656050955414013
0.208955223880597
0.23076923076923078
0.20588235294117646
0.23404255319148937
0.2302158273381295
0.2153846153846154
0.26119402985074625
0.25
0.24305555555555555
0.2196969696969697
0.20270270270270271
0.24
0.2857142857142857
0.23703703703703705
0.23178807947019867
0.19393939393939394
0.22377622377622378
0.20945945945945946
0.21710526315789475
0.23703703703703705
0.25203252032520324
0.2158273381294964
0.25806451612903225
0.20253164556962025
0.22916666666666666
0.18705035971223022
0.22377622377622378
0.203125
0.1949685534591195
0.24806201550387597
0.21666666666666667
0.18666666666666668
0.22758620689655173
0.2605633802816901
0.22388059701492538
0.234375
0.2571428571428571
0.2196969696969697
0.21641791044776118
0.2085889570552147
0.2396694214876033
0.25161290322580643
0.23529411764705882
0.2108843537414966
0.2536231884057971
0.2366412213740458
0.23880597014925373
0.22929936305732485
0.23776223776223776
0.1910828025477707
0.2391304347826087
0.2537313432835821
0.21323529411764705
0.21768707482993196
0.23225806451612904
0.2198581560283688
0.22727272727272727
0.22448979591836735
0.25517241379310346
0.2214765100671141
0.265625
0.24444444444444444
0.23255813953488372
0.225
0.1917808219178082
0.27941176470588236
0.21379310344827587
0.2236024844720497
0.25735294117647056
0.21341463414634146
0.2619047619047619
0.20863309352517986
0.2631578947368421
0.21774193548387097
0.19708029197080293
0.2644628099173554
0.19540229885057472
0.27205882352941174
0.256
0.2158273381294964
0.2119205298013245
0.24
0.2222222222222222
0.22377622377622378
0.21768707482993196
0.2119205298013245
0.2624113475177305
0.21641791044776118
0.2992125984251969
0.22875816993464052
0.23333333333333334
0.23648648648648649
0.24647887323943662
0.23770491803278687
0.2426470588235294
0.23809523809523808
0.24113475177304963
0.20408163265306123
0.22448979591836735
0.23943661971830985
0.26277372262773724
0.20408163265306123
0.25
0.24285714285714285
0.2013888888888889
0.18493150684931506
0.21774193548387097
0.21333333333333335
0.1962025316455696
0.2302158273381295
0.23622047244094488
0.21333333333333335
0.22695035460992907
0.21052631578947367
0.23134328358208955
0.2147239263803681
0.2619047619047619
0.21794871794871795
0.19375
0.2748091603053435
0.23015873015873015
0.21014492753623187
0.2328767123287671
0.25757575757575757
0.22695035460992907
0.21476510067114093
0.2357142857142857
0.1780821917808219
0.23015873015873015
0.21656050955414013
0.2601626016260163
0.1895424836601307
0.2595419847328244
0.18633540372670807
0.21568627450980393
0.24503311258278146
0.23225806451612904
0.21804511278195488
0.18831168831168832
0.22929936305732485
0.2767857142857143
0.18796992481203006
0.23178807947019867
0.21678321678321677
0.25806451612903225
0.2661290322580645
0.23529411764705882
0.19653179190751446
0.20833333333333334
0.21951219512195122
0.23308270676691728
0.2323943661971831
0.2366412213740458
0.20833333333333334
0.23484848484848486
0.2536231884057971
0.20253164556962025
0.2440944881889764
0.21212121212121213
0.2153846153846154
0.21935483870967742
0.20833333333333334
0.23741007194244604
0.2348993288590604
0.23943661971830985
0.20437956204379562
0.26153846153846155
0.23129251700680273
0.22151898734177214
0.25
0.2462686567164179
0.19607843137254902
0.23880597014925373
0.2246376811594203
0.1917808219178082
0.28888888888888886
0.22666666666666666
0.21568627450980393
0.19736842105263158
0.19594594594594594
0.2080536912751678
0.2206896551724138
0.2077922077922078
0.21774193548387097
0.25675675675675674
0.22818791946308725
0.22695035460992907
0.24193548387096775
0.23484848484848486
0.18831168831168832
0.2631578947368421
0.23529411764705882
0.24183006535947713
0.25396825396825395
0.22535211267605634
0.1917808219178082
0.22916666666666666
0.2631578947368421
0.19424460431654678
0.24242424242424243
0.24427480916030533
0.2446043165467626
0.23809523809523808
0.19285714285714287
0.1891891891891892
0.2642857142857143
0.23684210526315788
0.23703703703703705
0.21739130434782608
0.24242424242424243
0.23770491803278687
0.24489795918367346
0.20930232558139536
0.21830985915492956
0.2191780821917808
0.1888111888111888
0.2647058823529412
0.23684210526315788
0.21014492753623187
0.21476510067114093
0.18181818181818182
0.21212121212121213
0.2440944881889764
0.20666666666666667
0.1895424836601307
0.3023255813953488
0.2054794520547945
0.21830985915492956
0.30303030303030304
0.2222222222222222
0.2518518518518518
0.21621621621621623
0.22794117647058823
0.22142857142857142
0.2012987012987013
0.2191780821917808
0.20945945945945946
0.2246376811594203
0.2366412213740458
0.21641791044776118
0.19117647058823528
0.2608695652173913
0.2198581560283688
0.22627737226277372
0.2265625
0.21739130434782608
0.21052631578947367
0.22377622377622378
0.22058823529411764
0.24087591240875914
0.21428571428571427
0.22818791946308725
0.21014492753623187
0.25
0.2518518518518518
0.26515151515151514
0.23333333333333334
0.22764227642276422
0.2185430463576159
0.2052980132450331
0.24060150375939848
0.24647887323943662
0.2786885245901639
0.2302158273381295
0.1871345029239766
0.23972602739726026
0.21379310344827587
0.2054794520547945
0.2706766917293233
0.2191780821917808
0.23404255319148937
0.256
0.21232876712328766
0.2265625
0.21052631578947367
0.22602739726027396
0.21379310344827587
0.22448979591836735
0.2214765100671141
0.24183006535947713
0.20422535211267606
0.2196969696969697
0.22875816993464052
0.1968503937007874
0.2052980132450331
0.2158273381294964
