0.5714285714285714
0.5454545454545454
0.4861111111111111
0.46153846153846156
0.5172413793103449
0.48333333333333334
0.4745762711864407
0.4461538461538462
0.47692307692307695
0.546875
0.5454545454545454
0.5
0.4722222222222222
0.4225352112676056
0.47761194029850745
0.4594594594594595
0.4657534246575342
0.4393939393939394
0.5666666666666667
0.5384615384615384
0.5254237288135594
0.5833333333333334
0.5333333333333333
0.49230769230769234
0.5
0.5517241379310345
0.4482758620689655
0.5166666666666667
0.4266666666666667
0.45588235294117646
0.4492753623188406
0.5245901639344263
0.48333333333333334
0.4461538461538462
0.55
0.463768115942029
0.5
0.6666666666666666
0.4714285714285714
0.47692307692307695
0.5272727272727272
0.46153846153846156
0.5535714285714286
0.4696969696969697
0.4657534246575342
0.4426229508196721
0.4444444444444444
0.5454545454545454
0.532258064516129
0.4492753623188406
0.5254237288135594
0.45454545454545453
0.64
0.5357142857142857
0.4461538461538462
0.5818181818181818
0.5535714285714286
0.5409836065573771
0.47368421052631576
0.4745762711864407
0.4918032786885246
0.46875
0.6274509803921569
0.484375
0.4696969696969697
0.46875
0.5238095238095238
0.5
0.48333333333333334
0.5161290322580645
0.55
0.6
0.5238095238095238
0.5964912280701754
0.5263157894736842
0.6296296296296297
0.5344827586206896
0.5076923076923077
0.49206349206349204
0.4782608695652174
0.5370370370370371
0.5072463768115942
0.55
0.5238095238095238
0.5263157894736842
0.4918032786885246
0.4383561643835616
0.4918032786885246
0.5076923076923077
0.48484848484848486
0.4603174603174603
0.45588235294117646
0.48333333333333334
0.5
0.5294117647058824
0.42857142857142855
0.4788732394366197
0.5423728813559322
0.5818181818181818
0.5
0.4444444444444444
0.5636363636363636
0.463768115942029
0.5535714285714286
0.5471698113207547
0.5961538461538461
0.45588235294117646
0.43283582089552236
0.5625
0.46296296296296297
0.5072463768115942
0.5245901639344263
0.49206349206349204
0.5245901639344263
0.5
0.6
0.576271186440678
0.45454545454545453
0.4915254237288136
0.5161290322580645
0.5666666666666667
0.4507042253521127
0.532258064516129
0.45714285714285713
0.4838709677419355
0.5254237288135594
0.46875
0.509090909090909
0.4583333333333333
0.5166666666666667
0.5396825396825397
0.5769230769230769
0.46875
0.48333333333333334
0.5178571428571429
0.55
0.4166666666666667
0.46551724137931033
0.5254237288135594
0.603448275862069
0.4696969696969697
0.5
0.4722222222222222
0.5087719298245614
0.4375
0.5254237288135594
0.5344827586206896
0.5
0.47761194029850745
0.5079365079365079
0.5079365079365079
0.5645161290322581
0.3382352941176471
0.5263157894736842
0.5166666666666667
0.56
0.5238095238095238
0.45
0.532258064516129
0.5370370370370371
0.4838709677419355
0.5238095238095238
0.5087719298245614
0.5263157894736842
0.4927536231884058
0.49122807017543857
0.4657534246575342
0.5636363636363636
0.5
0.5081967213114754
0.5076923076923077
0.5
0.5636363636363636
0.42105263157894735
0.48214285714285715
0.47368421052631576
0.5087719298245614
0.5849056603773585
0.4411764705882353
0.5161290322580645
0.45588235294117646
0.5818181818181818
0.532258064516129
0.5166666666666667
0.5161290322580645
0.5614035087719298
0.47540983606557374
0.5
0.5272727272727272
0.6140350877192983
0.4782608695652174
0.5
0.4603174603174603
0.5
0.5666666666666667
0.5471698113207547
0.5714285714285714
0.5072463768115942
0.5686274509803921
0.4696969696969697
0.47058823529411764
0.49206349206349204
0.5471698113207547
0.47540983606557374
0.4918032786885246
0.4788732394366197
0.47761194029850745
0.5925925925925926
0.49206349206349204
0.5777777777777777
0.5
0.5409836065573771
0.43283582089552236
0.5454545454545454
0.5283018867924528
0.4142857142857143
0.5074626865671642
0.4461538461538462
0.5
0.4576271186440678
0.5074626865671642
0.3974358974358974
0.515625
0.5636363636363636
0.5882352941176471
0.4918032786885246
0.484375
0.45714285714285713
0.5
0.5423728813559322
0.4576271186440678
0.5818181818181818
0.5076923076923077
0.5074626865671642
0.5409836065573771
0.47540983606557374
0.5517241379310345
0.453125
0.4927536231884058
0.46153846153846156
0.4918032786885246
0.5490196078431373
0.46551724137931033
0.463768115942029
0.47692307692307695
0.6274509803921569
0.4657534246575342
0.6111111111111112
0.4393939393939394
0.5
0.5079365079365079
0.49230769230769234
0.532258064516129
0.5471698113207547
0.4393939393939394
0.5423728813559322
0.46774193548387094
0.5151515151515151
0.4925373134328358
0.4262295081967213
0.47540983606557374
0.5454545454545454
0.5166666666666667
0.5081967213114754
0.5357142857142857
0.5714285714285714
0.47058823529411764
0.43661971830985913
0.453125
0.5517241379310345
0.48333333333333334
0.5333333333333333
0.5660377358490566
0.46153846153846156
0.4264705882352941
0.6037735849056604
0.49206349206349204
0.5076923076923077
0.5272727272727272
0.45901639344262296
0.509090909090909
0.47619047619047616
0.5660377358490566
0.5423728813559322
0.4626865671641791
0.6078431372549019
0.4342105263157895
0.5
0.4838709677419355
0.5
0.5862068965517241
0.5084745762711864
0.6
0.5254237288135594
0.5892857142857143
0.546875
0.5333333333333333
0.6530612244897959
0.4461538461538462
0.5263157894736842
0.5818181818181818
0.5344827586206896
0.47540983606557374
0.48333333333333334
0.5272727272727272
0.5303030303030303
0.5081967213114754
0.4838709677419355
0.4117647058823529
0.5849056603773585
0.49122807017543857
0.5245901639344263
0.5614035087719298
0.5892857142857143
0.5714285714285714
0.47761194029850745
0.4603174603174603
0.4838709677419355
0.4375
0.7272727272727273
0.47692307692307695
0.484375
0.44594594594594594
0.5
0.5535714285714286
0.5714285714285714
0.5245901639344263
0.4
0.6078431372549019
0.5409836065573771
0.58
0.5079365079365079
0.543859649122807
0.5254237288135594
0.5178571428571429
0.4603174603174603
0.5423728813559322
0.4714285714285714
0.5614035087719298
0.5166666666666667
0.4666666666666667
0.5238095238095238
0.47058823529411764
0.48214285714285715
0.484375
0.4838709677419355
0.5
0.5
0.47692307692307695
0.5245901639344263
0.4788732394366197
0.5925925925925926
0.5294117647058824
0.4838709677419355
0.4918032786885246
0.45588235294117646
0.4915254237288136
0.453125
0.5
0.6274509803921569
0.5483870967741935
0.5084745762711864
0.55
0.46875
0.4666666666666667
0.46153846153846156
0.5245901639344263
0.5454545454545454
0.45901639344262296
0.53125
0.45901639344262296
0.5245901639344263
0.576271186440678
0.5
0.5079365079365079
0.4838709677419355
0.44285714285714284
0.6078431372549019
0.5
0.5072463768115942
0.4246575342465753
0.6
0.6
0.48333333333333334
0.5245901639344263
0.5409836065573771
0.4745762711864407
0.4852941176470588
0.5789473684210527
0.5686274509803921
0.5230769230769231
0.5161290322580645
0.55
0.410958904109589
0.4603174603174603
0.5769230769230769
0.5185185185185185
0.4444444444444444
0.5161290322580645
0.4166666666666667
0.6481481481481481
0.5076923076923077
0.47619047619047616
0.543859649122807
0.5384615384615384
0.43283582089552236
0.58
0.5079365079365079
0.5
0.5522388059701493
0.5
0.5303030303030303
0.47692307692307695
0.6181818181818182
0.48484848484848486
0.5471698113207547
0.4857142857142857
0.4583333333333333
0.47761194029850745
0.5344827586206896
0.5
0.4461538461538462
0.532258064516129
0.5686274509803921
0.47692307692307695
0.576271186440678
0.5
0.5538461538461539
0.46153846153846156
0.5
0.5230769230769231
0.5
0.5483870967741935
0.5166666666666667
0.453125
0.5272727272727272
0.5573770491803278
0.4925373134328358
0.5961538461538461
0.5576923076923077
0.5166666666666667
0.4603174603174603
0.6
0.4857142857142857
0.47619047619047616
0.49230769230769234
0.45588235294117646
0.4782608695652174
0.4714285714285714
0.5084745762711864
0.4307692307692308
0.5510204081632653
0.43478260869565216
0.5892857142857143
0.5344827586206896
0.5172413793103449
0.390625
0.5333333333333333
0.45454545454545453
0.5740740740740741
0.5344827586206896
0.45901639344262296
0.43283582089552236
0.48484848484848486
0.5172413793103449
0.48333333333333334
0.5
0.559322033898305
0.6444444444444445
0.576271186440678
0.5
0.4666666666666667
0.44871794871794873
0.5396825396825397
0.6274509803921569
0.5517241379310345
0.4852941176470588
0.5081967213114754
0.4603174603174603
0.4507042253521127
0.6122448979591837
0.6415094339622641
0.5409836065573771
0.5737704918032787
0.4603174603174603
0.5166666666666667
0.5
0.5245901639344263
0.5357142857142857
0.55
0.4507042253521127
0.4307692307692308
0.5
0.5849056603773585
0.6481481481481481
0.5166666666666667
0.46774193548387094
0.5254237288135594
0.5660377358490566
0.5076923076923077
