0.8041311247768301
0.7601666336044437
0.7943116445149772
0.7766068240428486
0.7872693909938505
0.786823050981948
0.8087185082324936
0.7937413211664353
0.7971384645903592
0.7816653441777424
0.7783921840904583
0.7716722872445942
0.7858807776234874
0.7755653640150765
0.7810702241618727
0.7978079746082127
0.77231700059512
0.755281690140845
0.7862031342987503
0.7774499107319975
0.7751934140051576
0.7918071811148581
0.7519093433842492
0.788534021027574
0.7881372743503274
0.7797312041261655
0.7800039674667726
0.79297262447927
0.7920551477881372
0.7987254512993454
0.7690438405078357
0.7803263241420354
0.7669609204522913
0.774275937314025
0.7951299345367984
0.7644812537195
0.7944108311842889
0.7921791311247768
0.8000396746677247
0.7824588375322357
0.7728377306090062
0.7789377107716722
0.7921543344574489
0.7762100773656021
0.7841698075778616
0.7799047807974608
0.7735816306288434
0.7734080539575481
0.7741519539773853
0.7722426105931364
0.7775243007339815
0.7885588176949018
0.7956010712160285
0.7830291608807776
0.7916336044435628
0.7789377107716722
0.7632662170204325
0.7525292600674469
0.7894762943860345
0.7827068042055146
0.7880132910136878
0.7970888712557034
0.7774499107319974
0.7736808172981552
0.7813181908351517
0.7859303709581432
0.7952787145407657
0.7771771473913907
0.7858807776234873
0.7803759174766911
0.7760117040269787
0.8039079547708788
0.8034864114263043
0.7712011505653641
0.7937413211664353
0.7796816107915097
0.7719450505852014
0.7883852410236064
0.7923527077960723
0.782632414203531
0.7798055941281493
0.777077960722079
0.7854096409442569
0.7877901210077364
0.7969152945844078
0.774077563975402
0.7781938107518349
0.7831779408847451
0.7767060107121604
0.7730113072803015
0.7791856774449514
0.7695893671890499
0.7720938305891687
0.7825580242015474
0.7833515175560405
0.7874677643324737
0.7937413211664353
0.766985717119619
0.799642927990478
0.7845665542551082
0.7848889109303709
0.7989982146399524
0.7889059710374925
0.7924023011307282
0.8017506447133506
0.7851120809363221
0.7939148978377306
0.7657210870858957
0.7988494346359849
0.7823596508629238
0.7999156913310851
0.7915344177742512
0.7858807776234874
0.7992213846459035
0.7760612973616346
0.794361237849633
0.7679775838127356
0.768423923824638
0.792699861138663
0.7728129339416783
0.7863271176353898
0.7791112874429678
0.7940140845070423
0.7896250743900021
0.7822108708589566
0.7852608609402897
0.7761356873636183
0.7874925609998016
0.7733832572902202
0.787120610989883
0.7930718111485816
0.7983039079547709
0.7803511208093633
0.7918071811148581
0.7837978575679428
0.77955762745487
0.795154731204126
0.7828307875421543
0.7762596707002579
0.7919807577861536
0.7616048403094624
0.7695645705217219
0.7526036500694308
0.7554304701448126
0.7761108906962904
0.7812685975004958
0.7914352311049396
0.7821116841896449
0.7818141241817099
0.7934437611585005
0.7833515175560405
0.7906665344177742
0.8079002182106725
0.7638861337036303
0.8051229914699465
0.7989238246379687
0.7769787740527673
0.7965929379091449
0.7811694108311844
0.7857815909541758
0.7721434239238247
0.7664401904384051
0.7910136877603651
0.7804503074786749
0.7793592541162468
0.7835746875619918
0.7817397341797262
0.7867734576472922
0.7918815711168419
0.7814421741717913
0.7936173378297957
0.7800783574687562
0.7942124578456656
0.7792848641142631
0.7671344971235866
0.7905921444157904
0.7899722277325927
0.7773507240626859
0.7843929775838128
0.7526036500694308
0.7894514977187066
0.7821612775243006
0.7843433842491571
0.7663162071017655
0.7991965879785757
0.7934437611585003
0.7695645705217219
0.7948819678635191
0.7890051577068042
0.786823050981948
0.7883852410236065
0.7829795675461219
0.7864511009720294
0.7883852410236065
0.791584011108907
0.7881124776829995
0.7837978575679431
0.7977831779408848
0.7837234675659592
0.7805742908153144
0.7753421940091252
0.7989238246379685
0.7485865899623092
0.7917575877802023
0.7985766712953778
0.7726641539377108
0.7804999008133308
0.7886084110295575
0.8083465582225748
0.7835002975600078
0.802990478079746
0.7702588772069034
0.7825580242015473
0.784616147589764
0.7953283078754215
0.8045774647887323
0.7913608411029557
0.7588028169014085
0.7511158500297559
0.7870710176552272
0.769242213846459
0.7925262844673675
0.7775490974013093
0.7794832374528864
0.7947579845268795
0.7799543741321167
0.7609105336242811
0.7793344574489187
0.780673477484626
0.7861783376314224
0.7970888712557032
0.7844921642531244
0.7736560206308272
0.7804751041460027
0.7922039277921048
0.7998413013291014
0.7852360642729618
0.7830539575481056
0.7793096607815909
0.7687710771672289
0.7949563578655029
0.7976096012695895
0.7850624876016664
0.7789129141043444
0.7853104542749454
0.7751934140051578
0.7689198571711963
0.7646548303907955
0.7654731204126166
0.7557032334854196
0.793518151160484
0.7784169807577862
0.7930966078159096
0.7724905772664153
0.7691182305098194
0.800510811346955
0.7512150366990678
0.7729369172783178
0.7789377107716722
0.7858807776234873
0.7916584011108907
0.778169014084507
0.7779954374132116
0.7930470144812538
0.7979071612775243
0.7770779607220789
0.7712507439000199
0.7858559809561594
0.7909888910930369
0.7788385241023607
0.802742511406467
0.7981551279508033
0.774548700654632
0.7938901011704027
0.7680519738147193
0.760910533624281
0.7777970640745884
0.7853848442769291
0.7949563578655029
0.7821364808569728
0.7784913707597699
0.7775243007339814
0.7933197778218608
0.7533475500892681
0.7722674072604642
0.7563975401706011
0.7724409839317596
0.7966673279111288
0.7669361237849635
0.7780946240825234
0.779284864114263
0.7830787542154336
0.7729865106129737
0.7764580440388812
0.7903193810751836
0.7828555842094822
0.7785409640944256
0.7754661773457647
0.770110097202936
0.781293394167824
0.7832027375520729
0.7906417377504463
0.8031640547510415
0.7719450505852015
0.7868726443166039
0.7775490974013093
0.7810454274945445
0.8004116246776434
0.7896746677246579
0.7860543542947828
0.8059908748264234
0.7735816306288437
0.7958738345566356
0.7827316008728428
0.7687462804999008
0.7925510811346954
0.7733584606228924
0.7819629041856775
0.7747966673279112
0.7455613965483039
0.7776730807379488
0.8216127752430074
0.7757389406863716
0.7864263043047015
0.7878397143423925
0.7843185875818289
0.7827316008728428
0.7801527474707399
0.7743255306486809
0.7930470144812537
0.7583812735568339
0.7816157508430868
0.7690438405078358
0.7915096211069231
0.7879141043443763
0.7742511406466971
0.7814173775044633
0.7796568141241818
0.7805742908153145
0.7793096607815909
0.7943364411823051
0.7587036302320969
0.7915840111089069
0.7796816107915097
0.794906764530847
0.7736064272961714
0.7806982741519539
0.7591003769093434
0.7729865106129736
0.7669857171196192
0.7934685578258283
0.7922039277921048
0.7842937909145011
0.7491321166435232
0.7906913310851023
0.760836143622297
0.7704820472128545
0.7653243404086492
0.7552816901408452
0.7848145209283872
0.7786897440983933
0.801899424717318
0.7866742709779806
0.7730609006149575
0.7788881174370165
0.7712755405673478
0.7720938305891687
0.7833515175560405
0.7844673675857965
0.7884844276929182
0.7924023011307281
0.7734328506248761
0.7755405673477483
0.7679775838127355
0.7859303709581433
0.7706060305494941
0.7524548700654631
0.7888811743701647
0.7633158103550882
0.806610791509621
0.8004860146796271
0.7808222574885936
0.7601418369371158
0.7898978377306091
0.7851616742709779
0.7859055742908155
0.7767308073794882
0.7778962507439001
0.7992213846459036
0.7937165244991075
0.7967665145804405
0.789625074390002
0.761704026978774
0.7670353104542751
0.7790368974409839
0.7896002777226742
0.7573150168617339
0.788236461019639
0.7902449910731998
0.7790864907756399
0.7988990279706407
0.7859551676254711
0.7937413211664353
0.7846161475897638
0.7653491370759768
0.7777226740726046
0.7815661575084311
0.7647540170601071
0.78347550089268
0.7914848244395953
0.7821860741916287
0.7881372743503273
0.7859055742908153
0.7755157706804207
0.7731104939496132
0.7783425907558024
0.7946835945248959
0.7806486808172982
0.7855088276135688
0.7910136877603651
0.7810950208292007
0.778441777425114
0.7818389208490378
0.7858311842888317
0.7957994445546518
0.7729121206109898
0.7516613767109703
0.7768795873834559
0.7814917675064471
0.7874181709978179
0.7996429279904781
0.7664401904384052
0.7799047807974608
0.8112229716326126
0.7864511009720293
0.7915344177742512
0.7922287244594326
0.8023457647292204
0.7885588176949018
0.7734080539575482
0.7662914104344377
0.7772267407260463
0.7984278912914103
0.7837978575679428
0.7821612775243008
0.7827563975401706
0.784566554255108
0.7820124975203333
0.7814917675064473
0.7927742511406467
0.7828307875421543
0.7790616941083119
0.8053461614758978
0.7824588375322357
0.7950307478674866
0.7862031342987503
0.7828059908748266
0.7749206506645507
0.7920799444554651
0.7841202142432058
0.784318587581829
0.787641341003769
0.7853104542749454
0.7955514778813727
0.7820620908549891
0.7769539773854395
0.7928486411426303
0.7838474509025987
0.7803015274747076
0.7790864907756399
0.7820620908549891
0.7715731005752827
0.7629686570124974
0.7870214243205713
0.7873437809958341
0.7893027177147391
0.7786153540964095
0.7773507240626859
0.783450704225352
0.7926998611386629
0.7876165443364411
0.7939148978377306
0.7668121404483238
0.7593731402499504
0.7832275342194011
0.7660682404284864
0.8101815116048403
0.7787641341003769
0.7666881571116844
0.8004116246776433
0.7938405078357468
0.7955266812140449
0.772341797262448
0.7920551477881372
0.7747718706605833
0.7647292203927794
0.7781938107518349
0.7746230906566157
0.761431263638167
0.7877901210077366
