0.035211267605633804
0.07746478873239436
0.04929577464788732
0.04929577464788732
0.04225352112676056
0.04225352112676056
0.02464788732394366
0.03873239436619718
0.04225352112676056
0.056338028169014086
0.04929577464788732
0.04929577464788732
0.05985915492957746
0.04225352112676056
0.07394366197183098
0.04225352112676056
0.05985915492957746
0.05985915492957746
0.04225352112676056
0.04225352112676056
0.0528169014084507
0.0528169014084507
0.07394366197183098
0.0528169014084507
0.06690140845070422
0.056338028169014086
0.04929577464788732
0.07394366197183098
0.04225352112676056
0.035211267605633804
0.05985915492957746
0.056338028169014086
0.06690140845070422
0.07394366197183098
0.035211267605633804
0.04929577464788732
0.04929577464788732
0.035211267605633804
0.035211267605633804
0.04929577464788732
0.0528169014084507
0.06690140845070422
0.04929577464788732
0.04929577464788732
0.04929577464788732
0.056338028169014086
0.05985915492957746
0.04929577464788732
0.035211267605633804
0.056338028169014086
0.05985915492957746
0.045774647887323945
0.04929577464788732
0.056338028169014086
0.04225352112676056
0.056338028169014086
0.056338028169014086
0.07746478873239436
0.07394366197183098
0.06338028169014084
0.035211267605633804
0.035211267605633804
0.045774647887323945
0.056338028169014086
0.0528169014084507
0.04225352112676056
0.07042253521126761
0.08098591549295775
0.04225352112676056
0.05985915492957746
0.05985915492957746
0.035211267605633804
0.03873239436619718
0.04929577464788732
0.056338028169014086
0.0528169014084507
0.056338028169014086
0.045774647887323945
0.03873239436619718
0.05985915492957746
0.0528169014084507
0.0528169014084507
0.0528169014084507
0.045774647887323945
0.045774647887323945
0.0528169014084507
0.0528169014084507
0.0528169014084507
0.06338028169014084
0.0528169014084507
0.05985915492957746
0.056338028169014086
0.05985915492957746
0.07394366197183098
0.04929577464788732
0.04929577464788732
0.035211267605633804
0.05985915492957746
0.035211267605633804
0.05985915492957746
0.0528169014084507
0.02464788732394366
0.04225352112676056
0.03873239436619718
0.02464788732394366
0.04929577464788732
0.03873239436619718
0.07042253521126761
0.028169014084507043
0.04929577464788732
0.045774647887323945
0.04929577464788732
0.03873239436619718
0.06338028169014084
0.05985915492957746
0.028169014084507043
0.05985915492957746
0.05985915492957746
0.035211267605633804
0.07746478873239436
0.03169014084507042
0.0528169014084507
0.04929577464788732
0.04929577464788732
0.05985915492957746
0.045774647887323945
0.05985915492957746
0.0528169014084507
0.06338028169014084
0.045774647887323945
0.028169014084507043
0.03873239436619718
0.056338028169014086
0.04225352112676056
0.04225352112676056
0.0528169014084507
0.06338028169014084
0.035211267605633804
0.04929577464788732
0.04929577464788732
0.06338028169014084
0.0528169014084507
0.05985915492957746
0.07394366197183098
0.07394366197183098
0.04225352112676056
0.05985915492957746
0.045774647887323945
0.056338028169014086
0.035211267605633804
0.04225352112676056
0.04929577464788732
0.04225352112676056
0.06690140845070422
0.045774647887323945
0.0528169014084507
0.08098591549295775
0.02464788732394366
0.04929577464788732
0.07042253521126761
0.06338028169014084
0.0528169014084507
0.04225352112676056
0.07746478873239436
0.056338028169014086
0.04225352112676056
0.05985915492957746
0.0528169014084507
0.0528169014084507
0.0528169014084507
0.04929577464788732
0.05985915492957746
0.03169014084507042
0.045774647887323945
0.06690140845070422
0.056338028169014086
0.0528169014084507
0.03873239436619718
0.05985915492957746
0.05985915492957746
0.03873239436619718
0.04929577464788732
0.045774647887323945
0.056338028169014086
0.03873239436619718
0.03873239436619718
0.05985915492957746
0.03873239436619718
0.0528169014084507
0.07042253521126761
0.03169014084507042
0.056338028169014086
0.04929577464788732
0.045774647887323945
0.05985915492957746
0.028169014084507043
0.0528169014084507
0.045774647887323945
0.0528169014084507
0.04929577464788732
0.05985915492957746
0.04225352112676056
0.07746478873239436
0.03169014084507042
0.03873239436619718
0.07394366197183098
0.056338028169014086
0.04929577464788732
0.028169014084507043
0.045774647887323945
0.035211267605633804
0.06338028169014084
0.03873239436619718
0.045774647887323945
0.028169014084507043
0.03169014084507042
0.03873239436619718
0.10211267605633803
0.05985915492957746
0.045774647887323945
0.07042253521126761
0.0528169014084507
0.056338028169014086
0.07042253521126761
0.045774647887323945
0.06338028169014084
0.06690140845070422
0.0528169014084507
0.04929577464788732
0.04225352112676056
0.02464788732394366
0.035211267605633804
0.04929577464788732
0.04929577464788732
0.035211267605633804
0.028169014084507043
0.05985915492957746
0.045774647887323945
0.04929577464788732
0.07042253521126761
0.035211267605633804
0.045774647887323945
0.05985915492957746
0.07042253521126761
0.056338028169014086
0.06338028169014084
0.045774647887323945
0.06338028169014084
0.06690140845070422
0.07042253521126761
0.04225352112676056
0.05985915492957746
0.04929577464788732
0.05985915492957746
0.08098591549295775
0.04225352112676056
0.08098591549295775
0.05985915492957746
0.07394366197183098
0.05985915492957746
0.035211267605633804
0.06338028169014084
0.035211267605633804
0.03873239436619718
0.03873239436619718
0.056338028169014086
0.05985915492957746
0.03169014084507042
0.035211267605633804
0.056338028169014086
0.035211267605633804
0.03169014084507042
0.03873239436619718
0.05985915492957746
0.05985915492957746
0.07042253521126761
0.06690140845070422
0.045774647887323945
0.056338028169014086
0.05985915492957746
0.06690140845070422
0.04225352112676056
0.035211267605633804
0.0880281690140845
0.08450704225352113
0.06338028169014084
0.04929577464788732
0.03873239436619718
0.0528169014084507
0.07746478873239436
0.035211267605633804
0.04225352112676056
0.056338028169014086
0.05985915492957746
0.04225352112676056
0.035211267605633804
0.0528169014084507
0.07394366197183098
0.07042253521126761
0.06690140845070422
0.04929577464788732
0.035211267605633804
0.028169014084507043
0.045774647887323945
0.04929577464788732
0.0528169014084507
0.06690140845070422
0.04225352112676056
0.04929577464788732
0.06338028169014084
0.035211267605633804
0.056338028169014086
0.045774647887323945
0.07042253521126761
0.07394366197183098
0.04225352112676056
0.05985915492957746
0.0528169014084507
0.06338028169014084
0.08098591549295775
0.06690140845070422
0.03169014084507042
0.05985915492957746
0.056338028169014086
0.035211267605633804
0.0528169014084507
0.045774647887323945
0.04929577464788732
0.07042253521126761
0.03169014084507042
0.06338028169014084
0.045774647887323945
0.06338028169014084
0.03873239436619718
0.03873239436619718
0.06338028169014084
0.056338028169014086
0.04225352112676056
0.04225352112676056
0.07042253521126761
0.03169014084507042
0.07394366197183098
0.04929577464788732
0.04929577464788732
0.028169014084507043
0.05985915492957746
0.04929577464788732
0.07746478873239436
0.06690140845070422
0.06338028169014084
0.03873239436619718
0.03873239436619718
0.04225352112676056
0.08098591549295775
0.045774647887323945
0.08450704225352113
0.04929577464788732
0.0528169014084507
0.09154929577464789
0.04225352112676056
0.07394366197183098
0.028169014084507043
0.04225352112676056
0.07394366197183098
0.0528169014084507
0.045774647887323945
0.06690140845070422
0.06338028169014084
0.056338028169014086
0.0528169014084507
0.03873239436619718
0.07746478873239436
0.05985915492957746
0.05985915492957746
0.05985915492957746
0.06338028169014084
0.08450704225352113
0.02464788732394366
0.06338028169014084
0.028169014084507043
0.02464788732394366
0.0528169014084507
0.04929577464788732
0.04929577464788732
0.06338028169014084
0.04929577464788732
0.04929577464788732
0.056338028169014086
0.045774647887323945
0.04225352112676056
0.045774647887323945
0.0528169014084507
0.08098591549295775
0.07042253521126761
0.0528169014084507
0.04929577464788732
0.0880281690140845
0.045774647887323945
0.045774647887323945
0.056338028169014086
0.02464788732394366
0.04929577464788732
0.056338028169014086
0.04929577464788732
0.04225352112676056
0.04225352112676056
0.0528169014084507
0.08098591549295775
0.035211267605633804
0.028169014084507043
0.056338028169014086
0.045774647887323945
0.045774647887323945
0.06690140845070422
0.03873239436619718
0.04225352112676056
0.04929577464788732
0.056338028169014086
0.04929577464788732
0.045774647887323945
0.056338028169014086
0.05985915492957746
0.045774647887323945
0.0528169014084507
0.045774647887323945
0.06690140845070422
0.06338028169014084
0.04929577464788732
0.03873239436619718
0.07042253521126761
0.0528169014084507
0.07042253521126761
0.03873239436619718
0.028169014084507043
0.04929577464788732
0.03169014084507042
0.03169014084507042
0.035211267605633804
0.0528169014084507
0.07746478873239436
0.056338028169014086
0.056338028169014086
0.03873239436619718
0.05985915492957746
0.045774647887323945
0.04225352112676056
0.03873239436619718
0.05985915492957746
0.03169014084507042
0.056338028169014086
0.04225352112676056
0.04225352112676056
0.03873239436619718
0.06690140845070422
0.056338028169014086
0.06338028169014084
0.0528169014084507
0.056338028169014086
0.04929577464788732
0.04225352112676056
0.056338028169014086
0.05985915492957746
0.056338028169014086
0.0528169014084507
0.035211267605633804
0.05985915492957746
0.04225352112676056
0.06338028169014084
0.035211267605633804
0.05985915492957746
0.04929577464788732
0.06690140845070422
0.056338028169014086
0.04225352112676056
0.045774647887323945
0.028169014084507043
0.04225352112676056
0.05985915492957746
0.056338028169014086
0.035211267605633804
0.0528169014084507
0.04929577464788732
0.06690140845070422
0.06338028169014084
0.06338028169014084
0.08450704225352113
0.017605633802816902
0.04225352112676056
0.07042253521126761
0.03873239436619718
0.035211267605633804
0.056338028169014086
0.07746478873239436
0.04929577464788732
0.045774647887323945
0.05985915492957746
0.056338028169014086
0.08098591549295775
0.06338028169014084
0.07394366197183098
