0.4780923421081978
0.44990531640868375
0.5274291200823208
0.44760845575713554
0.4936680759081292
0.49972229508782995
0.49770650339447386
0.48192817429976614
0.4912737633889942
0.43612666777916886
0.5222520471617574
0.4428423831194463
0.4897845048436866
0.49305571044362506
0.4246548620794402
0.44729245030603165
0.478314753062441
0.5235324785320687
0.44165904442833737
0.5613853657296833
0.49393163882140334
0.466991966731643
0.4418321734199047
0.4830071784875037
0.4643301199200587
0.3920742242488869
0.46623765439916776
0.46687502800609765
0.4847270939717662
0.45086170574380496
0.4575783882996665
0.5196666654526237
0.39817829871852933
0.4575735770259734
0.5018450765971347
0.4860205191589749
0.5199291125353556
0.5073095966551701
0.48353495717222106
0.502471822457579
0.4137040306408683
0.42848939601991387
0.448339494701831
0.5115904500814417
0.48607729173645187
0.42800976458716544
0.4421665657004402
0.480908331376045
0.5182746657712387
0.4842275190144212
0.43027279641813904
0.46941603982231234
0.5585195565160639
0.4404225278406683
0.4951991975396912
0.4975456634576977
0.451625177429237
0.41696955802507063
0.445454450523918
0.5442513956598665
0.4174777465792843
0.4191974279330698
0.49558964729835503
0.4214380237594876
0.48104409133632525
0.4394211814968718
0.4661530548513525
0.4728788132752922
0.44888154911507017
0.5175798315952242
0.4357405100280506
0.5113040270494451
0.4816533193154653
0.4106596629106649
0.43703659703168274
0.43602912472834143
0.4409316381840645
0.44780152058531375
0.4708986017575086
0.4937150587212097
0.4972032425673835
0.39566181680717705
0.4674967036307129
0.47046894741009576
0.5009913459236791
0.5490407382861117
0.457543038901536
0.44261837025476714
0.42516835576314
0.4566263510142522
0.5164990527056215
0.4327435029384571
0.46927700295522246
0.4874125194848118
0.5175343150100025
0.48804368179508856
0.46298520941021365
0.434620870608372
0.44517425945055694
0.4592840191992791
0.4829465974939326
0.547190974776274
0.41519421771354936
0.5248089354272159
0.4218894233305077
0.494609633222916
0.5261767945457643
0.4520677046148542
0.49186282249810226
0.4927567502564495
0.509474180901656
0.5054982908139523
0.49196081764936717
0.507457530822574
0.47834747151412554
0.5281078214884213
0.429737919862594
0.42667330499949646
0.49232946094091545
0.42056719691110706
0.4981786568341858
0.49344464761246243
0.46469845247829455
0.517451712513727
0.5425511479481196
0.4604971183373158
0.47153432907686865
0.4959190518601574
0.4729833322957693
0.4740368752892747
0.5019971106195988
0.5175944250888578
0.4298121206888511
0.4641711573277828
0.4991445391069146
0.41849084795715324
0.4899164416783954
0.49601832753295244
0.49641003488434
0.5120574282913049
0.3964249627183913
0.4069299667867948
0.47520620539149794
0.48539282574825604
0.5132597976127833
0.41749270192862814
0.45402248984276505
0.5271764545442222
0.4751384685709924
0.4996236395415141
0.4644279914212811
0.46104764244475327
0.5001931344355433
0.4189531203883434
0.535700779980681
0.47932473909801027
0.48555267497831445
0.5101372411995604
0.4497551451747189
0.48479676526390897
0.4549568432303699
0.47519888077996986
0.49473579214612273
0.4727032493082227
0.48270646797585814
0.46659491190968216
0.49631752371908616
0.425928852875294
0.47236576896571897
0.41783719481645776
0.4812163416123094
0.5388399717283037
0.49047210577359174
0.4833714944145139
0.4114692639453089
0.49294089115386047
0.4681378472628478
0.5109351586797876
0.5281138926527963
0.5519764495825787
0.5094390744090963
0.47496166502953796
0.4493464335087137
0.46633340819534286
0.4486913603423893
0.465535200490868
0.4350203443143372
0.4260517076094514
0.5427277459115479
0.40932660734378973
0.5085283801872764
0.44837450521163347
0.4675239013264581
0.42447546608562914
0.4553990901087261
0.4825115141174029
0.4417234113397826
0.5115146351034906
0.47724455206302674
0.5214705592853166
0.44738058882852305
0.4581716153810392
0.39040260247149805
0.4785134651130889
0.5562375111154604
0.4999838378517247
0.44138371830023126
0.5263119378987873
0.5219837935964867
0.4619646252671517
0.4652885521928428
0.4665260904913461
0.49796924270974013
0.5339218659369966
0.5267566145706213
0.524415811787552
0.5367067459509347
0.508999869274502
0.4045052969412293
0.4680990263626319
0.4337283854996523
0.4450012730253662
0.5199337050510507
0.4631436200170397
0.48695145781721794
0.41926221523604706
0.4458201175161667
0.45068942932973766
0.49713737641665134
0.5315528842167346
0.47072881276508066
0.4699439230605602
0.5429211132482047
0.514989403707408
0.5282537790049481
0.5369366643359258
0.45609830828528053
0.48090296346922895
0.5059263441130439
0.5285481531390763
0.4733600446912098
0.5199405779496308
0.42869274151256137
0.4551228388514971
0.5340563835609894
0.4727815710377365
0.47052288675114484
0.47613242044459175
0.4400931281566127
0.4135183125234093
0.5195229914930792
0.43782612216103184
0.4807651388605436
0.46315164378374907
0.48232838148487006
0.5309751652707579
0.41477170473970526
0.4935237890626301
0.4732357976771873
0.5322298341724057
0.40261557070845944
0.4983093909674289
0.4599615807476777
0.4581561804021439
0.45494462232071314
0.5253563983032155
0.4924339818302986
0.5074033838252865
0.5249377918730315
0.4628075401221746
0.45622625568012276
0.4621029636066232
0.5324977114920527
0.529901337173886
0.4517915698156504
0.4913384478905305
0.47389606681796
0.4515950628621783
0.4342592434590031
0.45363952731425006
0.5433626402189584
0.5665461729395112
0.48015660114704956
0.39980480696980236
0.3805581671096675
0.4328491390816352
0.5189264989647174
0.4963239023547066
0.4951315137979052
0.40331041836688303
0.5209577039617946
0.44244676554108475
0.4539628155496939
0.494900764661017
0.5456502428188177
0.48161713271800766
0.5128952033232375
0.4966422952255661
0.40469739739344135
0.4821859829502618
0.469302915778107
0.4455359155667454
0.5464890153624428
0.5010356891037627
0.4694634653189196
0.44984473075249054
0.39803471986170624
0.5491265346240521
0.49131184973924513
0.47627984591665423
0.5851794403507795
0.4501412542725309
0.47686217296621064
0.43646727682164055
0.4324388493015908
0.5661759836206621
0.4718910989645135
0.45928739856065803
0.49086994206262613
0.48302890509512364
0.3688612944930483
0.5188926730438087
0.5219158661682255
0.47922057839225096
0.48573945315807887
0.5429920518511698
0.5111836930499262
0.48124153885488125
0.4140884995155919
0.4697033957799448
0.5247671682994558
0.4291920210178277
0.4096221289560431
0.45895317744007735
0.5288543842662841
0.5497653185020467
0.5316475303066126
0.4364968148810645
0.41294281060314686
0.48372409075713196
0.4449882770023411
0.4546184107048361
0.4659897565459148
0.437349183698784
0.4470939567830719
0.45477461237293687
0.46967048422385005
0.47333348469005254
0.4808597241135062
0.4456255630445754
0.45273422251985174
0.4896703248398097
0.46221355008485127
0.43977544674289504
0.48522881360518105
0.43892860717002546
0.5054957551495444
0.43692833948283577
0.47815129967700765
0.496722607646898
0.48570622522875617
0.4485891744386239
0.5095912819680343
0.45799971784942806
0.43514551276454094
0.44804147274549316
0.43157951963618163
0.5273940736189724
0.4075024441319692
0.5200693393620569
0.4332465626124549
0.46080216922728723
0.47400849546359564
0.4261443077990523
0.43396971282209745
0.42784503589456
0.49752362905462977
0.4762407119970283
0.46333614603488793
0.46803934650134676
0.4910666352192573
0.5030414178777017
0.4375433661797691
0.49378062940619
0.4232800052541193
0.5426742895325297
0.49692731575897975
0.4676962893029346
0.4432395197091222
0.43584773802626914
0.540503000981933
0.4729403035696931
0.40804080508965246
0.46970751094604246
0.42867284005410256
0.4994636044886394
0.5061957900123607
0.4784182945007745
0.47265548426397547
0.44450077835250396
0.5028889798389197
0.49883070999232987
0.4763588498622219
0.44649361970839146
0.4339154323013084
0.489639972960188
0.46562286266271785
0.5039868656289151
0.4288949923608831
0.4744290258699541
0.49830805690399477
0.45435660252054155
0.454622371715737
0.4751824447137867
0.4490900520130618
0.45280707912431567
0.41983445746045933
0.44400745235512057
0.5149749649815777
0.528598767643149
0.45448693168653564
0.44802968636626783
0.471156210238862
0.39761879168296016
0.5348185358399898
0.48526829054039006
0.3968592575922592
0.449850157964793
0.46513259907367877
0.4630434727427992
0.4838360158189202
0.4798556539582008
0.41885134710975835
0.4644615131451849
0.42451959417467355
0.5387623698534916
0.509483686705326
0.4550788382346647
0.5288414935230036
0.48465025333420714
0.4345122850543404
0.47300532822217684
0.49825937018871036
0.47977627955653873
0.45320162671551634
0.5325756478712498
0.531648123706144
0.5096950630539265
0.5170165590137463
0.48191827527622755
0.4854774804561585
0.46576402624646
0.6004667599148406
0.5134905088143139
0.5267256874868094
0.4943889361127442
0.46442757660290224
0.4310230204105982
0.4656645676745806
0.518471743427359
0.48020608923361
0.42881903432878965
0.48164950728390266
0.5233350489486798
0.4409933613479674
0.4702269221347122
0.5454780375186828
0.5076359825501193
0.5293697167177659
0.4801658459046156
0.44099934212601816
0.49405346362064584
0.43572483698345
0.48865882338345545
0.44546700567005787
0.5098030680168968
0.43277809228176023
0.4863117593447554
0.44174160640076215
0.49093858629261344
0.5012872478910542
0.5827595487415955
0.48552567452939
0.4775926541480363
0.5035554086701486
0.48659284223175486
0.5064425753188195
0.5024363187984122
0.4793247336019672
0.5064270479963349
0.4697987589572739
0.4771370759637669
0.4601173330713163
0.5457344280211773
0.5016382143552245
0.45821388723465295
0.49031302628108747
0.49525833387009877
0.42715663406086185
0.4248502100338128
