0.8309859154929577
0.8274647887323944
0.8450704225352113
0.8098591549295775
0.8345070422535211
0.8415492957746479
0.8309859154929577
0.8626760563380281
0.8591549295774648
0.8309859154929577
0.823943661971831
0.8274647887323944
0.8345070422535211
0.8626760563380281
0.8028169014084507
0.8204225352112676
0.852112676056338
0.823943661971831
0.8274647887323944
0.8450704225352113
0.8485915492957746
0.823943661971831
0.8485915492957746
0.8274647887323944
0.852112676056338
0.7816901408450704
0.8028169014084507
0.8556338028169014
0.8204225352112676
0.8345070422535211
0.7992957746478874
0.8661971830985915
0.8169014084507042
0.8380281690140845
0.8767605633802817
0.8204225352112676
0.8661971830985915
0.8591549295774648
0.8626760563380281
0.8309859154929577
0.8098591549295775
0.8169014084507042
0.8380281690140845
0.8626760563380281
0.8450704225352113
0.8063380281690141
0.8204225352112676
0.8169014084507042
0.8626760563380281
0.8274647887323944
0.8133802816901409
0.823943661971831
0.8450704225352113
0.7992957746478874
0.8415492957746479
0.8309859154929577
0.8133802816901409
0.8169014084507042
0.8204225352112676
0.8697183098591549
0.8133802816901409
0.7922535211267606
0.8450704225352113
0.7887323943661971
0.8380281690140845
0.8274647887323944
0.795774647887324
0.8169014084507042
0.8169014084507042
0.8626760563380281
0.8098591549295775
0.8450704225352113
0.8415492957746479
0.795774647887324
0.8133802816901409
0.8169014084507042
0.795774647887324
0.8028169014084507
0.852112676056338
0.823943661971831
0.8556338028169014
0.8063380281690141
0.8098591549295775
0.852112676056338
0.8591549295774648
0.8626760563380281
0.8556338028169014
0.8274647887323944
0.7887323943661971
0.8274647887323944
0.852112676056338
0.823943661971831
0.8626760563380281
0.8204225352112676
0.8415492957746479
0.8556338028169014
0.8204225352112676
0.8098591549295775
0.8098591549295775
0.8204225352112676
0.8556338028169014
0.8556338028169014
0.8063380281690141
0.8380281690140845
0.823943661971831
0.8345070422535211
0.8485915492957746
0.8133802816901409
0.8661971830985915
0.8485915492957746
0.8415492957746479
0.8415492957746479
0.8380281690140845
0.8345070422535211
0.795774647887324
0.8767605633802817
0.7640845070422535
0.8309859154929577
0.8415492957746479
0.7922535211267606
0.8204225352112676
0.8380281690140845
0.8380281690140845
0.8485915492957746
0.8661971830985915
0.8380281690140845
0.8309859154929577
0.852112676056338
0.8098591549295775
0.8485915492957746
0.8556338028169014
0.8169014084507042
0.8380281690140845
0.8345070422535211
0.8274647887323944
0.795774647887324
0.8274647887323944
0.8380281690140845
0.8556338028169014
0.8309859154929577
0.7887323943661971
0.8274647887323944
0.8345070422535211
0.795774647887324
0.8450704225352113
0.7992957746478874
0.8204225352112676
0.8697183098591549
0.8380281690140845
0.8450704225352113
0.8380281690140845
0.8098591549295775
0.8626760563380281
0.795774647887324
0.8697183098591549
0.8415492957746479
0.8345070422535211
0.8450704225352113
0.8345070422535211
0.8380281690140845
0.8169014084507042
0.8204225352112676
0.8204225352112676
0.8380281690140845
0.823943661971831
0.8098591549295775
0.8380281690140845
0.8485915492957746
0.8274647887323944
0.8450704225352113
0.8591549295774648
0.8450704225352113
0.8697183098591549
0.8556338028169014
0.7922535211267606
0.8309859154929577
0.8345070422535211
0.8274647887323944
0.8450704225352113
0.8626760563380281
0.8380281690140845
0.823943661971831
0.8345070422535211
0.8415492957746479
0.823943661971831
0.8098591549295775
0.7922535211267606
0.8169014084507042
0.8556338028169014
0.7887323943661971
0.8309859154929577
0.8380281690140845
0.823943661971831
0.8098591549295775
0.823943661971831
0.8697183098591549
0.823943661971831
0.8380281690140845
0.8345070422535211
0.8485915492957746
0.8169014084507042
0.8591549295774648
0.7992957746478874
0.8309859154929577
0.8485915492957746
0.8345070422535211
0.8169014084507042
0.8485915492957746
0.8908450704225352
0.8415492957746479
0.8380281690140845
0.8345070422535211
0.852112676056338
0.852112676056338
0.8697183098591549
0.8697183098591549
0.8591549295774648
0.8309859154929577
0.7746478873239436
0.8345070422535211
0.8204225352112676
0.8098591549295775
0.8591549295774648
0.8415492957746479
0.8450704225352113
0.795774647887324
0.8204225352112676
0.8098591549295775
0.8626760563380281
0.8697183098591549
0.8063380281690141
0.8345070422535211
0.8380281690140845
0.8591549295774648
0.8345070422535211
0.8838028169014085
0.7992957746478874
0.8169014084507042
0.8591549295774648
0.8345070422535211
0.8204225352112676
0.8626760563380281
0.8028169014084507
0.8274647887323944
0.8661971830985915
0.8380281690140845
0.8274647887323944
0.8169014084507042
0.8204225352112676
0.8274647887323944
0.8485915492957746
0.795774647887324
0.8345070422535211
0.8063380281690141
0.8697183098591549
0.8450704225352113
0.7922535211267606
0.8204225352112676
0.8661971830985915
0.8415492957746479
0.8098591549295775
0.8204225352112676
0.8345070422535211
0.8556338028169014
0.8380281690140845
0.8450704225352113
0.8274647887323944
0.8485915492957746
0.8732394366197183
0.8661971830985915
0.8415492957746479
0.8309859154929577
0.823943661971831
0.8345070422535211
0.8169014084507042
0.8591549295774648
0.8309859154929577
0.852112676056338
0.8450704225352113
0.8591549295774648
0.8450704225352113
0.8838028169014085
0.823943661971831
0.7992957746478874
0.7887323943661971
0.778169014084507
0.8626760563380281
0.852112676056338
0.8309859154929577
0.8169014084507042
0.8485915492957746
0.8345070422535211
0.8415492957746479
0.8274647887323944
0.8661971830985915
0.823943661971831
0.8204225352112676
0.8415492957746479
0.8133802816901409
0.823943661971831
0.8556338028169014
0.823943661971831
0.8591549295774648
0.823943661971831
0.8204225352112676
0.8169014084507042
0.7852112676056338
0.8908450704225352
0.823943661971831
0.8169014084507042
0.8838028169014085
0.8204225352112676
0.8556338028169014
0.8450704225352113
0.7711267605633803
0.8697183098591549
0.823943661971831
0.8274647887323944
0.8415492957746479
0.8415492957746479
0.7887323943661971
0.8556338028169014
0.8450704225352113
0.8274647887323944
0.8063380281690141
0.8345070422535211
0.8485915492957746
0.8626760563380281
0.8309859154929577
0.8415492957746479
0.8485915492957746
0.8063380281690141
0.8028169014084507
0.852112676056338
0.8309859154929577
0.8767605633802817
0.8380281690140845
0.852112676056338
0.8133802816901409
0.8450704225352113
0.8556338028169014
0.8169014084507042
0.8485915492957746
0.8204225352112676
0.823943661971831
0.8415492957746479
0.8591549295774648
0.8169014084507042
0.8450704225352113
0.8169014084507042
0.8169014084507042
0.8380281690140845
0.8309859154929577
0.795774647887324
0.8309859154929577
0.8063380281690141
0.8556338028169014
0.8309859154929577
0.8345070422535211
0.8838028169014085
0.7922535211267606
0.8098591549295775
0.823943661971831
0.8485915492957746
0.823943661971831
0.8309859154929577
0.8204225352112676
0.8591549295774648
0.7535211267605634
0.8415492957746479
0.8133802816901409
0.8063380281690141
0.8661971830985915
0.8133802816901409
0.8204225352112676
0.8169014084507042
0.823943661971831
0.823943661971831
0.8133802816901409
0.852112676056338
0.8450704225352113
0.8169014084507042
0.8133802816901409
0.8345070422535211
0.7676056338028169
0.8626760563380281
0.823943661971831
0.8309859154929577
0.8169014084507042
0.8098591549295775
0.8485915492957746
0.8274647887323944
0.8133802816901409
0.8028169014084507
0.7992957746478874
0.8556338028169014
0.8450704225352113
0.8591549295774648
0.8345070422535211
0.8169014084507042
0.8415492957746479
0.8450704225352113
0.8204225352112676
0.8309859154929577
0.8415492957746479
0.7992957746478874
0.8204225352112676
0.8485915492957746
0.8098591549295775
0.8415492957746479
0.8345070422535211
0.8309859154929577
0.8309859154929577
0.8415492957746479
0.8204225352112676
0.8169014084507042
0.7852112676056338
0.8028169014084507
0.8767605633802817
0.8626760563380281
0.8274647887323944
0.8028169014084507
0.8133802816901409
0.7887323943661971
0.852112676056338
0.8133802816901409
0.778169014084507
0.8133802816901409
0.8063380281690141
0.823943661971831
0.8345070422535211
0.8450704225352113
0.795774647887324
0.8274647887323944
0.7922535211267606
0.8556338028169014
0.8309859154929577
0.8309859154929577
0.852112676056338
0.852112676056338
0.8169014084507042
0.8309859154929577
0.8133802816901409
0.8450704225352113
0.8169014084507042
0.8661971830985915
0.852112676056338
0.8556338028169014
0.8415492957746479
0.8309859154929577
0.8697183098591549
0.823943661971831
0.8732394366197183
0.8169014084507042
0.8380281690140845
0.823943661971831
0.8485915492957746
0.8204225352112676
0.8485915492957746
0.8556338028169014
0.8309859154929577
0.852112676056338
0.8591549295774648
0.8485915492957746
0.8415492957746479
0.8450704225352113
0.8274647887323944
0.8591549295774648
0.8732394366197183
0.8345070422535211
0.8274647887323944
0.8309859154929577
0.8309859154929577
0.8345070422535211
0.8274647887323944
0.8556338028169014
0.8098591549295775
0.8133802816901409
0.8415492957746479
0.8450704225352113
0.8345070422535211
0.8943661971830986
0.8345070422535211
0.7992957746478874
0.8450704225352113
0.8204225352112676
0.852112676056338
0.8345070422535211
0.8450704225352113
0.8802816901408451
0.8485915492957746
0.8591549295774648
0.8133802816901409
0.8450704225352113
0.8450704225352113
0.8380281690140845
0.8345070422535211
0.8415492957746479
0.8028169014084507
0.8345070422535211
