0.13028169014084506
0.11619718309859155
0.13380281690140844
0.15140845070422534
0.15140845070422534
0.13380281690140844
0.1443661971830986
0.13028169014084506
0.14084507042253522
0.11267605633802817
0.15845070422535212
0.13028169014084506
0.1443661971830986
0.12323943661971831
0.1056338028169014
0.13732394366197184
0.13380281690140844
0.10915492957746478
0.15492957746478872
0.11619718309859155
0.14788732394366197
0.10211267605633803
0.13380281690140844
0.13732394366197184
0.11267605633802817
0.176056338028169
0.11971830985915492
0.1443661971830986
0.13380281690140844
0.15492957746478872
0.1267605633802817
0.10915492957746478
0.15492957746478872
0.15492957746478872
0.09507042253521127
0.11267605633802817
0.11267605633802817
0.11619718309859155
0.10915492957746478
0.11619718309859155
0.13732394366197184
0.11619718309859155
0.14084507042253522
0.14788732394366197
0.14084507042253522
0.13732394366197184
0.11971830985915492
0.11619718309859155
0.09507042253521127
0.15140845070422534
0.1056338028169014
0.1443661971830986
0.1056338028169014
0.11267605633802817
0.11971830985915492
0.10211267605633803
0.16901408450704225
0.14788732394366197
0.15492957746478872
0.15140845070422534
0.13028169014084506
0.11971830985915492
0.10915492957746478
0.14084507042253522
0.13380281690140844
0.15140845070422534
0.1267605633802817
0.14084507042253522
0.11971830985915492
0.14084507042253522
0.13732394366197184
0.08450704225352113
0.15492957746478872
0.1443661971830986
0.10915492957746478
0.14084507042253522
0.10915492957746478
0.14788732394366197
0.13732394366197184
0.09859154929577464
0.10915492957746478
0.11619718309859155
0.15492957746478872
0.13380281690140844
0.11267605633802817
0.11971830985915492
0.10915492957746478
0.12323943661971831
0.13028169014084506
0.11619718309859155
0.13380281690140844
0.12323943661971831
0.1619718309859155
0.10915492957746478
0.10915492957746478
0.11267605633802817
0.10915492957746478
0.12323943661971831
0.09507042253521127
0.08450704225352113
0.15492957746478872
0.13380281690140844
0.11971830985915492
0.11267605633802817
0.10211267605633803
0.1267605633802817
0.13732394366197184
0.15845070422535212
0.10915492957746478
0.13028169014084506
0.1267605633802817
0.1443661971830986
0.10211267605633803
0.14084507042253522
0.13732394366197184
0.12323943661971831
0.1267605633802817
0.08098591549295775
0.14084507042253522
0.1443661971830986
0.11619718309859155
0.11267605633802817
0.12323943661971831
0.1443661971830986
0.11971830985915492
0.14084507042253522
0.11971830985915492
0.11971830985915492
0.11267605633802817
0.13028169014084506
0.10915492957746478
0.09859154929577464
0.14084507042253522
0.13732394366197184
0.11971830985915492
0.10915492957746478
0.0880281690140845
0.11971830985915492
0.13380281690140844
0.13380281690140844
0.13028169014084506
0.13380281690140844
0.13732394366197184
0.12323943661971831
0.11619718309859155
0.1443661971830986
0.12323943661971831
0.13732394366197184
0.1443661971830986
0.11619718309859155
0.1443661971830986
0.11971830985915492
0.10915492957746478
0.09154929577464789
0.13028169014084506
0.13380281690140844
0.13732394366197184
0.1443661971830986
0.12323943661971831
0.15492957746478872
0.1056338028169014
0.13380281690140844
0.13028169014084506
0.10915492957746478
0.11267605633802817
0.13028169014084506
0.10915492957746478
0.11619718309859155
0.11971830985915492
0.11619718309859155
0.07394366197183098
0.1056338028169014
0.14084507042253522
0.11267605633802817
0.1056338028169014
0.14788732394366197
0.1267605633802817
0.11619718309859155
0.15845070422535212
0.176056338028169
0.10211267605633803
0.16901408450704225
0.10915492957746478
0.11971830985915492
0.14084507042253522
0.1443661971830986
0.14084507042253522
0.13380281690140844
0.12323943661971831
0.1267605633802817
0.13028169014084506
0.15492957746478872
0.11267605633802817
0.09154929577464789
0.13732394366197184
0.11619718309859155
0.13028169014084506
0.16549295774647887
0.12323943661971831
0.10915492957746478
0.13732394366197184
0.18309859154929578
0.1619718309859155
0.10915492957746478
0.13380281690140844
0.16901408450704225
0.11619718309859155
0.11971830985915492
0.11971830985915492
0.11267605633802817
0.11971830985915492
0.13732394366197184
0.13028169014084506
0.13380281690140844
0.1267605633802817
0.11971830985915492
0.10915492957746478
0.11267605633802817
0.15140845070422534
0.11971830985915492
0.14084507042253522
0.13028169014084506
0.10915492957746478
0.11971830985915492
0.14788732394366197
0.13380281690140844
0.1056338028169014
0.14788732394366197
0.12323943661971831
0.13380281690140844
0.15845070422535212
0.11971830985915492
0.11971830985915492
0.13732394366197184
0.07394366197183098
0.15492957746478872
0.1267605633802817
0.15140845070422534
0.16549295774647887
0.11971830985915492
0.1267605633802817
0.11971830985915492
0.14084507042253522
0.11971830985915492
0.1056338028169014
0.15492957746478872
0.11267605633802817
0.10211267605633803
0.12323943661971831
0.15140845070422534
0.11619718309859155
0.10915492957746478
0.14084507042253522
0.1443661971830986
0.13380281690140844
0.13380281690140844
0.11619718309859155
0.11267605633802817
0.11267605633802817
0.11619718309859155
0.11971830985915492
0.09859154929577464
0.1267605633802817
0.15140845070422534
0.13028169014084506
0.15492957746478872
0.1267605633802817
0.1267605633802817
0.15492957746478872
0.11971830985915492
0.15492957746478872
0.12323943661971831
0.15845070422535212
0.13380281690140844
0.16549295774647887
0.1267605633802817
0.11619718309859155
0.13732394366197184
0.16549295774647887
0.15140845070422534
0.15492957746478872
0.13732394366197184
0.11619718309859155
0.14788732394366197
0.1267605633802817
0.11267605633802817
0.08450704225352113
0.1267605633802817
0.15845070422535212
0.15492957746478872
0.11267605633802817
0.13028169014084506
0.15140845070422534
0.13732394366197184
0.15140845070422534
0.10915492957746478
0.13380281690140844
0.14084507042253522
0.14788732394366197
0.13732394366197184
0.14788732394366197
0.10211267605633803
0.15492957746478872
0.14084507042253522
0.17253521126760563
0.15845070422535212
0.10211267605633803
0.13380281690140844
0.09507042253521127
0.14084507042253522
0.15845070422535212
0.11267605633802817
0.14084507042253522
0.13028169014084506
0.13732394366197184
0.13732394366197184
0.13380281690140844
0.11267605633802817
0.13380281690140844
0.16549295774647887
0.10915492957746478
0.11971830985915492
0.1267605633802817
0.1443661971830986
0.15492957746478872
0.13732394366197184
0.13732394366197184
0.15845070422535212
0.1267605633802817
0.13732394366197184
0.15140845070422534
0.12323943661971831
0.15140845070422534
0.13380281690140844
0.1056338028169014
0.1795774647887324
0.11267605633802817
0.13380281690140844
0.11619718309859155
0.13028169014084506
0.11971830985915492
0.1443661971830986
0.1056338028169014
0.1619718309859155
0.1443661971830986
0.13380281690140844
0.10211267605633803
0.1267605633802817
0.11619718309859155
0.13380281690140844
0.13028169014084506
0.11971830985915492
0.13028169014084506
0.15140845070422534
0.1443661971830986
0.12323943661971831
0.15140845070422534
0.13732394366197184
0.14788732394366197
0.14788732394366197
0.13028169014084506
0.15492957746478872
0.15492957746478872
0.09859154929577464
0.13732394366197184
0.1443661971830986
0.12323943661971831
0.1056338028169014
0.12323943661971831
0.13028169014084506
0.12323943661971831
0.09507042253521127
0.11619718309859155
0.13028169014084506
0.1267605633802817
0.1267605633802817
0.14788732394366197
0.11971830985915492
0.09154929577464789
0.13732394366197184
0.15140845070422534
0.12323943661971831
0.14084507042253522
0.11619718309859155
0.15492957746478872
0.14788732394366197
0.11619718309859155
0.11971830985915492
0.13732394366197184
0.13028169014084506
0.13732394366197184
0.15492957746478872
0.11619718309859155
0.13380281690140844
0.11971830985915492
0.1267605633802817
0.13380281690140844
0.11971830985915492
0.11971830985915492
0.11267605633802817
0.14084507042253522
0.1267605633802817
0.1056338028169014
0.11619718309859155
0.15492957746478872
0.10211267605633803
0.14788732394366197
0.1267605633802817
0.13732394366197184
0.1267605633802817
0.13028169014084506
0.15140845070422534
0.13732394366197184
0.1056338028169014
0.1267605633802817
0.13380281690140844
0.15492957746478872
0.13380281690140844
0.10211267605633803
0.10211267605633803
0.13028169014084506
0.13028169014084506
0.1267605633802817
0.18309859154929578
0.15492957746478872
0.1443661971830986
0.13028169014084506
0.11971830985915492
0.1443661971830986
0.13028169014084506
0.13732394366197184
0.10211267605633803
0.13732394366197184
0.1267605633802817
0.08098591549295775
0.14788732394366197
0.19014084507042253
0.10211267605633803
0.13028169014084506
0.11971830985915492
0.10915492957746478
0.14084507042253522
0.1443661971830986
0.176056338028169
0.11619718309859155
0.11619718309859155
0.14084507042253522
0.12323943661971831
0.16901408450704225
0.13028169014084506
0.11619718309859155
0.13732394366197184
0.10211267605633803
0.09507042253521127
0.1443661971830986
0.176056338028169
0.11267605633802817
0.12323943661971831
0.11267605633802817
0.13380281690140844
0.13732394366197184
0.14788732394366197
0.176056338028169
0.13732394366197184
0.14788732394366197
0.11619718309859155
0.11619718309859155
0.11971830985915492
0.1056338028169014
0.1267605633802817
0.1443661971830986
0.11971830985915492
0.13732394366197184
0.1267605633802817
0.13732394366197184
0.1056338028169014
0.1267605633802817
0.09859154929577464
0.1056338028169014
0.0880281690140845
0.1056338028169014
0.10915492957746478
0.13028169014084506
0.11619718309859155
0.10211267605633803
0.11267605633802817
0.13028169014084506
0.13732394366197184
0.14788732394366197
0.1267605633802817
0.09507042253521127
0.14084507042253522
0.14084507042253522
0.14788732394366197
0.13380281690140844
0.12323943661971831
0.1619718309859155
0.11971830985915492
0.15492957746478872
0.11267605633802817
