0.4840764331210191
0.45161290322580644
0.49673202614379086
0.4662576687116564
0.4774193548387097
0.4935064935064935
0.4936708860759494
0.5034013605442176
0.52
0.4936708860759494
0.4779874213836478
0.4615384615384615
0.5063291139240507
0.5034013605442176
0.49704142011834324
0.46540880503144655
0.48322147651006714
0.4683544303797468
0.490566037735849
0.49673202614379086
0.48
0.4779874213836478
0.4900662251655629
0.47133757961783435
0.4933333333333333
0.4352941176470589
0.4606060606060606
0.4761904761904762
0.4556962025316456
0.5157232704402516
0.4578313253012048
0.5068493150684932
0.4625
0.4805194805194805
0.5174825174825174
0.47500000000000003
0.5170068027210885
0.5
0.5135135135135136
0.4840764331210191
0.4662576687116564
0.4814814814814815
0.47058823529411764
0.5034013605442176
0.48684210526315785
0.4727272727272727
0.49382716049382724
0.4814814814814815
0.523489932885906
0.4615384615384615
0.45962732919254656
0.4683544303797468
0.48684210526315785
0.4578313253012048
0.48366013071895425
0.5031446540880503
0.4785276073619632
0.4720496894409938
0.4556962025316456
0.56
0.4785276073619632
0.4431137724550898
0.5064935064935066
0.4311377245508982
0.4805194805194805
0.4810126582278481
0.4457831325301205
0.4814814814814815
0.4814814814814815
0.4931506849315068
0.4472049689440994
0.49673202614379086
0.48366013071895425
0.4457831325301205
0.4691358024691358
0.4625
0.49122807017543857
0.4606060606060606
0.4933333333333333
0.49689440993788825
0.48648648648648646
0.4819277108433735
0.4472049689440994
0.4933333333333333
0.5
0.5333333333333333
0.5066666666666666
0.4615384615384615
0.4588235294117647
0.4810126582278481
0.5033112582781457
0.4683544303797468
0.4931506849315068
0.484472049689441
0.4935064935064935
0.5066666666666666
0.46540880503144655
0.4662576687116564
0.475609756097561
0.4358974358974359
0.5165562913907285
0.5359477124183006
0.4539877300613497
0.5095541401273885
0.5061728395061728
0.5063291139240507
0.4999999999999999
0.4785276073619632
0.527027027027027
0.5098039215686274
0.47368421052631576
0.48366013071895425
0.5
0.48717948717948717
0.4642857142857143
0.5174825174825174
0.4228571428571429
0.4840764331210191
0.503225806451613
0.47058823529411764
0.49382716049382724
0.5095541401273885
0.4903225806451613
0.4900662251655629
0.5068493150684932
0.4903225806451613
0.4840764331210191
0.4933333333333333
0.45679012345679015
0.48
0.5359477124183006
0.4625
0.5095541401273885
0.4774193548387097
0.490566037735849
0.4457831325301205
0.47133757961783435
0.5095541401273885
0.4761904761904762
0.4840764331210191
0.4497041420118343
0.4810126582278481
0.4675324675324675
0.45508982035928147
0.5064935064935066
0.47619047619047616
0.445859872611465
0.4895104895104895
0.4903225806451613
0.5064935064935066
0.4903225806451613
0.4662576687116564
0.5333333333333333
0.4363636363636364
0.5
0.4935064935064935
0.49681528662420377
0.49673202614379086
0.49681528662420377
0.4805194805194805
0.509090909090909
0.484472049689441
0.484472049689441
0.5
0.48750000000000004
0.4662576687116564
0.4903225806451613
0.48
0.47133757961783435
0.49673202614379086
0.5298013245033112
0.5064935064935066
0.5503355704697986
0.48648648648648646
0.4523809523809524
0.4545454545454546
0.49681528662420377
0.45161290322580644
0.5256410256410257
0.5034013605442176
0.4805194805194805
0.48750000000000004
0.4774193548387097
0.48366013071895425
0.45859872611464964
0.4662576687116564
0.46153846153846156
0.43312101910828027
0.49664429530201337
0.4588235294117647
0.47435897435897434
0.47058823529411764
0.49689440993788825
0.4472049689440994
0.4779874213836478
0.5405405405405406
0.4779874213836478
0.5
0.48717948717948717
0.4900662251655629
0.4814814814814815
0.52
0.4578313253012048
0.47435897435897434
0.4900662251655629
0.4675324675324675
0.4625
0.4999999999999999
0.5531914893617021
0.47368421052631576
0.4805194805194805
0.5063291139240507
0.5033112582781457
0.513157894736842
0.5103448275862069
0.5405405405405406
0.5100671140939597
0.4936708860759494
0.4302325581395348
0.49681528662420377
0.484472049689441
0.475609756097561
0.52
0.4935064935064935
0.4768211920529802
0.4457831325301205
0.46540880503144655
0.4472049689440994
0.4931506849315068
0.5405405405405406
0.46341463414634143
0.5063291139240507
0.47058823529411764
0.489795918367347
0.48717948717948717
0.5454545454545454
0.4578313253012048
0.4720496894409938
0.5
0.49681528662420377
0.46540880503144655
0.4931506849315068
0.4512195121951219
0.4810126582278481
0.527027027027027
0.4805194805194805
0.47133757961783435
0.4814814814814815
0.484472049689441
0.47133757961783435
0.4999999999999999
0.4457831325301205
0.48717948717948717
0.4539877300613497
0.5405405405405406
0.49673202614379086
0.4431137724550898
0.49382716049382724
0.5170068027210885
0.5128205128205128
0.45679012345679015
0.49382716049382724
0.4774193548387097
0.49664429530201337
0.4903225806451613
0.4768211920529802
0.4615384615384615
0.4999999999999999
0.5241379310344828
0.527027027027027
0.48366013071895425
0.4936708860759494
0.45859872611464964
0.48717948717948717
0.4625
0.5100671140939597
0.4936708860759494
0.4933333333333333
0.5064935064935066
0.5
0.48684210526315785
0.5142857142857142
0.49689440993788825
0.46706586826347307
0.44047619047619047
0.43274853801169594
0.523489932885906
0.48322147651006714
0.47435897435897434
0.4720496894409938
0.4900662251655629
0.48717948717948717
0.48366013071895425
0.44155844155844154
0.5170068027210885
0.48750000000000004
0.4556962025316456
0.503225806451613
0.45962732919254656
0.4779874213836478
0.5165562913907285
0.45859872611464964
0.52
0.4779874213836478
0.47500000000000003
0.44303797468354433
0.44705882352941173
0.5217391304347826
0.48750000000000004
0.4720496894409938
0.524822695035461
0.46540880503144655
0.5165562913907285
0.4768211920529802
0.4093567251461988
0.5205479452054794
0.4779874213836478
0.4810126582278481
0.47368421052631576
0.47368421052631576
0.44047619047619047
0.5066666666666666
0.5256410256410257
0.4615384615384615
0.46341463414634143
0.48717948717948717
0.4999999999999999
0.523489932885906
0.5031446540880503
0.503225806451613
0.5098039215686274
0.4539877300613497
0.441717791411043
0.522875816993464
0.47435897435897434
0.5379310344827587
0.4805194805194805
0.48322147651006714
0.4785276073619632
0.48684210526315785
0.49664429530201337
0.4720496894409938
0.4900662251655629
0.484472049689441
0.5061728395061728
0.503225806451613
0.5100671140939597
0.4625
0.49673202614379086
0.4625
0.4528301886792453
0.4805194805194805
0.47435897435897434
0.4457831325301205
0.47435897435897434
0.4819277108433735
0.5263157894736842
0.5125
0.4774193548387097
0.524822695035461
0.4431137724550898
0.4472049689440994
0.45859872611464964
0.4999999999999999
0.4779874213836478
0.4840764331210191
0.47500000000000003
0.489795918367347
0.4157303370786517
0.4935064935064935
0.45962732919254656
0.4727272727272727
0.5068493150684932
0.45962732919254656
0.47500000000000003
0.4625
0.48750000000000004
0.45859872611464964
0.4691358024691358
0.513157894736842
0.49673202614379086
0.4528301886792453
0.48780487804878053
0.49681528662420377
0.4342857142857142
0.5135135135135136
0.45859872611464964
0.4545454545454546
0.4625
0.4662576687116564
0.5098039215686274
0.490566037735849
0.4785276073619632
0.4512195121951219
0.47619047619047616
0.48648648648648646
0.5161290322580645
0.52
0.48717948717948717
0.44303797468354433
0.4935064935064935
0.5161290322580645
0.4556962025316456
0.4840764331210191
0.503225806451613
0.485207100591716
0.484472049689441
0.5194805194805195
0.4662576687116564
0.48366013071895425
0.48717948717948717
0.4840764331210191
0.4840764331210191
0.4935064935064935
0.47500000000000003
0.4814814814814815
0.4285714285714286
0.4698795180722891
0.5174825174825174
0.5135135135135136
0.5000000000000001
0.4512195121951219
0.44025157232704404
0.4497041420118343
0.513157894736842
0.4691358024691358
0.43274853801169594
0.45
0.4539877300613497
0.4779874213836478
0.48717948717948717
0.49673202614379086
0.4363636363636364
0.4615384615384615
0.4242424242424242
0.5165562913907285
0.47435897435897434
0.5031446540880503
0.5033112582781457
0.47297297297297297
0.4720496894409938
0.4840764331210191
0.45
0.4666666666666667
0.4720496894409938
0.5170068027210885
0.48322147651006714
0.4761904761904762
0.503225806451613
0.5031446540880503
0.5
0.4779874213836478
0.513888888888889
0.4814814814814815
0.4903225806451613
0.4683544303797468
0.48
0.46540880503144655
0.48
0.5066666666666666
0.4840764331210191
0.5033112582781457
0.5
0.48
0.4935064935064935
0.5064935064935066
0.4615384615384615
0.5
0.5241379310344828
0.49681528662420377
0.4810126582278481
0.5031446540880503
0.47435897435897434
0.48717948717948717
0.47133757961783435
0.48648648648648646
0.45679012345679015
0.48780487804878053
0.47368421052631576
0.4768211920529802
0.48717948717948717
0.5774647887323944
0.48717948717948717
0.46706586826347307
0.48684210526315785
0.484472049689441
0.4933333333333333
0.4774193548387097
0.49673202614379086
0.5517241379310345
0.4900662251655629
0.4794520547945206
0.49696969696969695
0.49673202614379086
0.48684210526315785
0.47058823529411764
0.4774193548387097
0.48366013071895425
0.4606060606060606
0.4774193548387097
