0.4861111111111111
0.47692307692307695
0.5084745762711864
0.4647887323943662
0.4807692307692308
0.5352112676056338
0.532258064516129
0.559322033898305
0.5272727272727272
0.44642857142857145
0.5230769230769231
0.44594594594594594
0.5230769230769231
0.5925925925925926
0.4915254237288136
0.453125
0.4782608695652174
0.5
0.4117647058823529
0.5932203389830508
0.4915254237288136
0.4492753623188406
0.5333333333333333
0.46551724137931033
0.5538461538461539
0.49206349206349204
0.47297297297297297
0.6415094339622641
0.5178571428571429
0.4647887323943662
0.44776119402985076
0.5517241379310345
0.49230769230769234
0.5147058823529411
0.6415094339622641
0.5303030303030303
0.5862068965517241
0.5079365079365079
0.49056603773584906
0.6153846153846154
0.43243243243243246
0.41333333333333333
0.46875
0.5076923076923077
0.49122807017543857
0.463768115942029
0.5666666666666667
0.4714285714285714
0.6363636363636364
0.47619047619047616
0.4084507042253521
0.453125
0.62
0.463768115942029
0.453125
0.5230769230769231
0.5217391304347826
0.4492753623188406
0.453125
0.5873015873015873
0.42857142857142855
0.4492753623188406
0.49206349206349204
0.44594594594594594
0.46774193548387094
0.44642857142857145
0.40625
0.4788732394366197
0.44594594594594594
0.5102040816326531
0.515625
0.6166666666666667
0.484375
0.4262295081967213
0.4852941176470588
0.4714285714285714
0.47619047619047616
0.47761194029850745
0.5645161290322581
0.47619047619047616
0.4393939393939394
0.4383561643835616
0.5172413793103449
0.532258064516129
0.5072463768115942
0.4647887323943662
0.5576923076923077
0.5714285714285714
0.4605263157894737
0.5471698113207547
0.5423728813559322
0.5066666666666667
0.6101694915254238
0.4852941176470588
0.48333333333333334
0.5517241379310345
0.4857142857142857
0.4230769230769231
0.4827586206896552
0.484375
0.5576923076923077
0.6296296296296297
0.4857142857142857
0.5666666666666667
0.5084745762711864
0.4794520547945205
0.5373134328358209
0.4852941176470588
0.543859649122807
0.5789473684210527
0.4745762711864407
0.4696969696969697
0.47692307692307695
0.45714285714285713
0.4782608695652174
0.5081967213114754
0.41975308641975306
0.4852941176470588
0.5223880597014925
0.44
0.4925373134328358
0.4782608695652174
0.5238095238095238
0.5333333333333333
0.48148148148148145
0.5344827586206896
0.55
0.4603174603174603
0.5
0.4642857142857143
0.6
0.5
0.45714285714285713
0.4666666666666667
0.46875
0.3950617283950617
0.5223880597014925
0.5
0.5303030303030303
0.5454545454545454
0.4647887323943662
0.46153846153846156
0.532258064516129
0.453125
0.5238095238095238
0.4225352112676056
0.5333333333333333
0.5961538461538461
0.4647887323943662
0.5573770491803278
0.546875
0.4714285714285714
0.5862068965517241
0.4266666666666667
0.5161290322580645
0.5535714285714286
0.44594594594594594
0.627906976744186
0.4827586206896552
0.3972602739726027
0.46774193548387094
0.47297297297297297
0.4426229508196721
0.4603174603174603
0.4647887323943662
0.44776119402985076
0.5384615384615384
0.47540983606557374
0.5079365079365079
0.4603174603174603
0.5689655172413793
0.4745762711864407
0.5283018867924528
0.4393939393939394
0.4583333333333333
0.5
0.49333333333333335
0.5
0.45454545454545453
0.49295774647887325
0.47761194029850745
0.410958904109589
0.4626865671641791
0.5
0.47761194029850745
0.45454545454545453
0.4225352112676056
0.46551724137931033
0.5178571428571429
0.4657534246575342
0.5142857142857142
0.453125
0.4444444444444444
0.5147058823529411
0.45901639344262296
0.5818181818181818
0.3939393939393939
0.48484848484848486
0.5151515151515151
0.5454545454545454
0.4266666666666667
0.47540983606557374
0.410958904109589
0.5076923076923077
0.543859649122807
0.5081967213114754
0.4264705882352941
0.5483870967741935
0.5714285714285714
0.4861111111111111
0.48484848484848486
0.463768115942029
0.5573770491803278
0.5
0.4411764705882353
0.5789473684210527
0.5555555555555556
0.417910447761194
0.4342105263157895
0.46774193548387094
0.4925373134328358
0.4657534246575342
0.5185185185185185
0.49206349206349204
0.5555555555555556
0.4461538461538462
0.47692307692307695
0.4583333333333333
0.5645161290322581
0.5084745762711864
0.5238095238095238
0.47540983606557374
0.55
0.5076923076923077
0.5087719298245614
0.5172413793103449
0.46875
0.5384615384615384
0.5483870967741935
0.4838709677419355
0.49230769230769234
0.5689655172413793
0.4393939393939394
0.5692307692307692
0.5666666666666667
0.44776119402985076
0.5161290322580645
0.423728813559322
0.42424242424242425
0.4393939393939394
0.4915254237288136
0.4625
0.4925373134328358
0.4411764705882353
0.5074626865671642
0.4927536231884058
0.5454545454545454
0.4931506849315068
0.546875
0.5737704918032787
0.4696969696969697
0.46153846153846156
0.5
0.5333333333333333
0.4696969696969697
0.5238095238095238
0.45714285714285713
0.49206349206349204
0.5370370370370371
0.4666666666666667
0.5
0.46875
0.5333333333333333
0.5254237288135594
0.4603174603174603
0.5535714285714286
0.5285714285714286
0.5396825396825397
0.4411764705882353
0.5161290322580645
0.5
0.48333333333333334
0.5
0.4492753623188406
0.44047619047619047
0.3974358974358974
0.6271186440677966
0.5409836065573771
0.5076923076923077
0.4657534246575342
0.453125
0.4782608695652174
0.4375
0.4838709677419355
0.5740740740740741
0.515625
0.5303030303030303
0.6101694915254238
0.4189189189189189
0.543859649122807
0.5344827586206896
0.5151515151515151
0.5625
0.515625
0.5396825396825397
0.48
0.4647887323943662
0.625
0.4583333333333333
0.5245901639344263
0.603448275862069
0.42857142857142855
0.5614035087719298
0.4307692307692308
0.4084507042253521
0.6153846153846154
0.5757575757575758
0.45454545454545453
0.5
0.4852941176470588
0.4583333333333333
0.543859649122807
0.5588235294117647
0.4603174603174603
0.5573770491803278
0.5081967213114754
0.53125
0.5
0.4852941176470588
0.4788732394366197
0.4117647058823529
0.5666666666666667
0.4714285714285714
0.559322033898305
0.4411764705882353
0.5892857142857143
0.4444444444444444
0.532258064516129
0.4166666666666667
0.5818181818181818
0.5087719298245614
0.48
0.515625
0.5223880597014925
0.5357142857142857
0.5373134328358209
0.5172413793103449
0.4666666666666667
0.4927536231884058
0.4444444444444444
0.47761194029850745
0.4838709677419355
0.532258064516129
0.5294117647058824
0.5166666666666667
0.4583333333333333
0.5396825396825397
0.417910447761194
0.5
0.49122807017543857
0.5238095238095238
0.45454545454545453
0.4461538461538462
0.5
0.4492753623188406
0.47692307692307695
0.5692307692307692
0.47619047619047616
0.4090909090909091
0.5636363636363636
0.5507246376811594
0.4098360655737705
0.5423728813559322
0.46153846153846156
0.47540983606557374
0.47619047619047616
0.46774193548387094
0.484375
0.4461538461538462
0.48214285714285715
0.5245901639344263
0.5074626865671642
0.3974358974358974
0.47692307692307695
0.4230769230769231
0.45454545454545453
0.48484848484848486
0.44285714285714284
0.5
0.484375
0.532258064516129
0.48333333333333334
0.4225352112676056
0.4444444444444444
0.45454545454545453
0.47540983606557374
0.5
0.5161290322580645
0.5818181818181818
0.4722222222222222
0.4576271186440678
0.5
0.43283582089552236
0.42857142857142855
0.47692307692307695
0.49122807017543857
0.4461538461538462
0.5
0.5084745762711864
0.5333333333333333
0.42028985507246375
0.53125
0.5
0.417910447761194
0.5081967213114754
0.47761194029850745
0.4507042253521127
0.49206349206349204
0.5689655172413793
0.5423728813559322
0.45714285714285713
0.4788732394366197
0.4626865671641791
0.47297297297297297
0.5573770491803278
0.5072463768115942
0.44285714285714284
0.4918032786885246
0.5084745762711864
0.4722222222222222
0.578125
0.5076923076923077
0.4852941176470588
0.5416666666666666
0.5135135135135135
0.5555555555555556
0.48484848484848486
0.45
0.5
0.49230769230769234
0.43283582089552236
0.47540983606557374
0.3888888888888889
0.47761194029850745
0.509090909090909
0.576271186440678
0.5072463768115942
0.48214285714285715
0.5573770491803278
0.547945205479452
0.5409836065573771
0.5333333333333333
0.5740740740740741
0.45
0.5517241379310345
0.53125
0.515625
0.4383561643835616
0.46774193548387094
0.5384615384615384
0.5
0.4657534246575342
0.47761194029850745
0.59375
0.5166666666666667
0.5230769230769231
0.5
0.5
0.543859649122807
0.559322033898305
0.5076923076923077
0.49230769230769234
0.48333333333333334
0.46551724137931033
0.42857142857142855
0.5178571428571429
0.5151515151515151
0.45454545454545453
0.44155844155844154
0.5166666666666667
0.5230769230769231
0.5789473684210527
0.47297297297297297
0.45454545454545453
0.4722222222222222
0.5230769230769231
0.5818181818181818
0.47761194029850745
0.4576271186440678
0.6166666666666667
0.48333333333333334
0.5818181818181818
0.4177215189873418
0.5409836065573771
0.5606060606060606
0.546875
0.45714285714285713
0.5423728813559322
0.4864864864864865
0.43283582089552236
