0.7945348145209283
0.717913112477683
0.784318587581829
0.7542402301130728
0.776780400714144
0.7703332672088872
0.7705068438801825
0.789352311049395
0.746379686570125
0.7985766712953779
0.7604889902797064
0.7435528664947431
0.7718210672485618
0.7527276334060702
0.7486361832969648
0.7560999801626661
0.7419906764530846
0.7320720095219203
0.7494296766514581
0.7761356873636183
0.7366841896449118
0.7467268399127157
0.7424370164649872
0.7471235865899624
0.759745090259869
0.7266167427097798
0.7656219004165841
0.7781194207498512
0.733535012894267
0.7736312239634993
0.7922535211267605
0.7488097599682602
0.7342789129141043
0.7368329696488791
0.8131571116841896
0.7570174568537988
0.787120610989883
0.7618032136480857
0.8053709581432256
0.7779458440785558
0.7601914302717715
0.7320224161872644
0.7711763538980361
0.7306585994842294
0.7682751438206705
0.7584804602261457
0.7723170005951201
0.7414451497718706
0.769564570521722
0.7706804205514779
0.7382463796865701
0.7495784566554256
0.7554056734774846
0.7385935330291609
0.7765820273755207
0.7699117238643126
0.7308569728228527
0.7559264034913707
0.7521325133902004
0.7560751834953382
0.7429081531442174
0.7872941876611784
0.7674072604641936
0.7655227137472724
0.7736560206308272
0.7253769093433842
0.7621999603253323
0.7552073001388613
0.7842937909145011
0.7565959135092244
0.7521077167228725
0.7842689942471732
0.7810950208292005
0.7410979964292799
0.7708787938901012
0.7610097202935926
0.7602410236064273
0.752777226740726
0.7850128942670105
0.7497024399920651
0.7477930966078159
0.7742511406466971
0.7594227335846062
0.7673824637968657
0.7367337829795675
0.743577663162071
0.7794584407855585
0.7724161872644316
0.7495288633207697
0.763935727038286
0.7572902201944058
0.7623239436619718
0.7752182106724856
0.7850872842689942
0.7608113469549693
0.7887571910335252
0.7517109700456259
0.7714243205713152
0.7297411227930967
0.7213350525689348
0.7806486808172981
0.7806238841499702
0.762547113667923
0.728798849434636
0.7441231898432851
0.7787393374330489
0.7723913905971038
0.7330886728823647
0.782086887522317
0.7487353699662765
0.7703332672088872
0.7929478278119422
0.739387026383654
0.7932205911525492
0.755281690140845
0.7657458837532236
0.7853848442769291
0.7404532830787542
0.7549345367982543
0.7765572307081928
0.7462557032334853
0.7439992065066455
0.7528516167427097
0.7688950605038682
0.7408252330886729
0.7472971632612577
0.7456357865502876
0.7476939099385043
0.7580341202142432
0.775119024003174
0.7883852410236064
0.7835994842293197
0.7262199960325333
0.7348988295973021
0.7330142828803808
0.7581085102162268
0.7718954572505456
0.7774499107319977
0.7472475699266019
0.7891043443761159
0.7372297163261258
0.729889902797064
0.760017853600476
0.7660682404284864
0.7869222376512597
0.7886580043642135
0.7265919460424519
0.7975352112676056
0.7377752430073399
0.774275937314025
0.7677296171394564
0.7600178536004761
0.7675312438008333
0.7639109303709581
0.7885588176949019
0.7469252132513391
0.7886580043642135
0.760910533624281
0.7526780400714144
0.7859303709581433
0.7604889902797063
0.7284268994247173
0.7316008728426899
0.7500743900019837
0.7678288038087682
0.7493056933148184
0.7573894068637175
0.7719450505852014
0.7746230906566157
0.7490577266415395
0.7917575877802023
0.7667873437809958
0.7709531838920849
0.7691678238444752
0.7443959531838922
0.744718309859155
0.7817645308470542
0.7267159293790915
0.7574637968657012
0.7311793294981155
0.7531987700853005
0.7456853798849434
0.7834755008926801
0.73492362626463
0.7291707994445547
0.7392382463796866
0.7546617734576473
0.7579845268795875
0.77623487403293
0.7681263638167031
0.7571910335250942
0.7742263439793693
0.7633406070224162
0.7549841301329101
0.7975104146002777
0.8151160484030946
0.7690934338424915
0.7737800039674667
0.739932553064868
0.7498512199960325
0.7478426899424717
0.7907905177544139
0.7379240230113073
0.7593979369172783
0.7746726839912716
0.7802271374727237
0.7638365403689744
0.7435280698274152
0.7964193612378496
0.7545625867883357
0.7791112874429676
0.7560255901606824
0.7320224161872644
0.7539674667724658
0.7611337036302321
0.7808718508232494
0.7456357865502876
0.7605881769490181
0.7029359254116248
0.7709035905574291
0.7466772465780598
0.7651259670700258
0.7787641341003768
0.7550833168022217
0.7781194207498513
0.7609601269589367
0.7156318190835151
0.7800287641341004
0.787641341003769
0.7793592541162468
0.7737304106328109
0.7548105534616147
0.7484378099583415
0.7587532235667527
0.760885736956953
0.805246974806586
0.7890299543741321
0.742437016464987
0.7773259273953581
0.758133306883555
0.7861039476294386
0.7534467367585798
0.7535707200952191
0.7532979567546121
0.7913112477683
0.7809462408252331
0.7813181908351516
0.7333862328902996
0.7441479865106131
0.7225500892680023
0.7338325729022019
0.7470987899226345
0.7775490974013093
0.7736064272961714
0.7701596905375918
0.7898234477286252
0.7059859154929577
0.754736163459631
0.742486609799643
0.7790368974409839
0.7634893870263837
0.7482394366197183
0.7877901210077365
0.7621007736560206
0.7907657210870859
0.7707052172188058
0.7397341797262449
0.7539178734378099
0.7573150168617337
0.7445695298551875
0.761431263638167
0.7732096806189248
0.7529508034120214
0.7530003967466772
0.7498512199960325
0.7470739932553065
0.7845665542551081
0.7705068438801825
0.754463400119024
0.7460573298948622
0.7319232295179527
0.7869222376512597
0.7643820670501884
0.7075481055346161
0.7690934338424916
0.7429825431462012
0.7792848641142629
0.7665145804403888
0.7431065264828407
0.758678833564769
0.7671840904582423
0.7514134100376909
0.7555296568141242
0.7611337036302321
0.7773259273953581
0.7421146597897244
0.7687958738345566
0.7554552668121405
0.7425857964689546
0.7503967466772465
0.7867982543146201
0.763935727038286
0.8015770680420551
0.7506447133505256
0.7694405871850823
0.7002330886728824
0.7751686173378298
0.7908897044237255
0.7549097401309264
0.7650019837333862
0.7869718309859155
0.7612080936322159
0.7727881372743504
0.7451150565364015
0.7519093433842492
0.7438256298353502
0.7339813529061694
0.7608113469549693
0.7662914104344376
0.7290964094425709
0.7404036897440984
0.7632414203531046
0.7657210870858957
0.756967863519143
0.7703084705415593
0.7792104741122793
0.7675808371354891
0.7562487601666337
0.7511902400317397
0.7697877405276731
0.7457101765522713
0.7752182106724856
0.7587532235667527
0.7727881372743504
0.7788881174370165
0.7461565165641737
0.7351219996032534
0.7576125768696687
0.7587036302320967
0.7424618131323151
0.7583068835548503
0.7495288633207696
0.7448918865304502
0.7696637571910335
0.7671344971235865
0.758083713548899
0.7629686570124976
0.7451398532037294
0.7517605633802817
0.7653491370759771
0.7635389803610395
0.7438008331680221
0.773730410632811
0.743304899821464
0.7582820868875224
0.7602410236064273
0.7196488791906368
0.7551081134695496
0.7411227930966078
0.7655227137472723
0.7381967863519143
0.7772515373933744
0.7190785558420949
0.7523556833961516
0.7748214639952391
0.7440240031739734
0.7547609601269589
0.7450406665344178
0.7633158103550882
0.7579349335449315
0.7503967466772465
0.7480658599484229
0.7558272168220591
0.7365602063082721
0.757810950208292
0.7128049990081333
0.7215086292402301
0.7648284070620908
0.7462061098988295
0.7859303709581431
0.7670849037889307
0.7507191033525095
0.7437760365006942
0.7579597302122596
0.747495536599881
0.7511902400317397
0.7422882364610197
0.7609849236262646
0.77457349732196
0.7892035310454275
0.7760365006943066
0.760340210275739
0.7412715731005752
0.7526036500694306
0.7436272564967268
0.7886828010315414
0.7469252132513391
0.7842441975798453
0.7765572307081928
0.7411475897639357
0.7648036103947629
0.743304899821464
0.7481898432850624
0.7716226939099384
0.713722475699266
0.7663162071017655
0.7968161079150962
0.744098393175957
0.736039476294386
0.752777226740726
0.7542898234477287
0.7611089069629041
0.7557776234874033
0.7859551676254711
0.7483882166236857
0.7569430668518151
0.7558272168220591
0.7556784368180917
0.7730361039476294
0.7487105732989485
0.7468508232493553
0.7522812933941678
0.7719450505852012
0.7569430668518151
0.7869470343185876
0.7430073398135291
0.7262447926998612
0.7376512596707002
0.7728625272763341
0.7504463400119024
0.74382562983535
0.7604146002777226
0.776482840706209
0.787641341003769
0.7811694108311843
0.7591251735766713
0.7886580043642135
0.7685975004959333
0.7447431065264829
0.7439744098393176
0.7607369569529856
0.7553312834755009
0.7866494743106527
0.7615056536401508
0.7647044237254513
0.766712953779012
0.7672832771275541
0.737155326324142
0.7521077167228725
0.7852608609402896
0.7674568537988493
0.770382860543543
0.8172981551279508
0.7330390795477089
0.738816703035112
0.7583812735568339
0.741073199761952
0.7457349732195993
0.768101567149375
0.733807776234874
0.7652747470739933
0.7533971434239239
0.7676304304701448
0.7833515175560405
0.766192223765126
0.7291212061098988
0.7507686966871652
0.7998413013291015
0.7327415195397738
0.7772019440587186
0.7644068637175163
0.7448422931957945
0.7574390001983734
0.7400069430668519
0.7416187264431662
0.7717962705812338
0.7596707002578853
0.7623735369966276
0.7549345367982543
0.7732096806189248
0.7479170799444554
0.7776482840706209
0.7517853600476097
0.7223021225947233
0.761183296964888
0.733535012894267
0.7811198174965285
0.7764828407062091
0.7503719500099186
0.7553064868081729
0.7909392977583812
0.7834507042253521
0.7677296171394565
0.7561991668319779
0.7354691529458441
0.7782186074191629
0.7271870660583217
0.7802023408053957
0.7262199960325332
0.7320472128545923
