0.5
0.43881856540084385
0.4351851851851852
0.42975206611570244
0.5077720207253886
0.41964285714285715
0.47222222222222227
0.5
0.44859813084112155
0.4744186046511628
0.44897959183673464
0.44642857142857145
0.43564356435643564
0.4931506849315069
0.48000000000000004
0.42500000000000004
0.48430493273542596
0.4444444444444444
0.4549763033175355
0.4556962025316456
0.5326633165829147
0.45933014354066987
0.4146341463414634
0.44859813084112155
0.460093896713615
0.42290748898678415
0.45945945945945943
0.4414414414414414
0.4534412955465587
0.4444444444444445
0.4657534246575342
0.5023255813953489
0.4372093023255814
0.42424242424242425
0.48372093023255813
0.5067873303167421
0.5070422535211268
0.4566210045662101
0.5
0.44339622641509435
0.4
0.42790697674418604
0.4232365145228216
0.4602510460251046
0.5209302325581395
0.48148148148148145
0.4137931034482759
0.44541484716157204
0.5025641025641027
0.4595744680851064
0.4566210045662101
0.48623853211009177
0.45794392523364486
0.4587155963302752
0.4684684684684685
0.4666666666666666
0.47826086956521735
0.43220338983050854
0.4144144144144144
0.4748858447488585
0.4541484716157206
0.4663677130044843
0.44635193133047213
0.44827586206896547
0.4644549763033175
0.44239631336405527
0.4788732394366197
0.4953271028037383
0.43636363636363634
0.4396551724137931
0.5118483412322274
0.49056603773584906
0.5221674876847291
0.4147465437788019
0.48803827751196166
0.43636363636363634
0.4510638297872341
0.4587155963302752
0.44255319148936173
0.47342995169082125
0.42654028436018965
0.4807692307692307
0.4206008583690987
0.4818181818181818
0.5
0.47222222222222227
0.4657534246575342
0.48803827751196166
0.4700854700854701
0.47321428571428564
0.42666666666666664
0.4736842105263157
0.46551724137931033
0.4953271028037383
0.46808510638297873
0.4864864864864865
0.4956521739130435
0.4840182648401826
0.4340425531914894
0.44725738396624476
0.4854368932038835
0.4549763033175355
0.4417670682730923
0.4910714285714286
0.48826291079812206
0.4757709251101322
0.45544554455445546
0.46222222222222226
0.48780487804878053
0.4107142857142857
0.4927536231884059
0.4573991031390134
0.5188679245283019
0.4675324675324675
0.459016393442623
0.46788990825688076
0.4426229508196721
0.4291845493562231
0.43153526970954353
0.4247787610619469
0.4537037037037037
0.4528301886792453
0.5327102803738318
0.4642857142857143
0.4952380952380952
0.4607843137254902
0.49056603773584906
0.4453781512605042
0.45098039215686275
0.4403669724770642
0.4792626728110599
0.4510638297872341
0.44933920704845814
0.45535714285714285
0.49289099526066354
0.4694835680751174
0.48780487804878053
0.4636363636363637
0.4854368932038835
0.49765258215962443
0.41025641025641024
0.425925925925926
0.4835164835164835
0.4566210045662101
0.4607329842931937
0.45070422535211263
0.47659574468085114
0.4588744588744589
0.42727272727272725
0.4573991031390134
0.46788990825688076
0.4369747899159664
0.46788990825688076
0.4526748971193416
0.45714285714285713
0.43037974683544306
0.425925925925926
0.45238095238095233
0.480392156862745
0.46017699115044247
0.4077669902912621
0.43859649122807015
0.46017699115044247
0.46153846153846145
0.47272727272727266
0.4247787610619469
0.4453441295546559
0.4672897196261682
0.4750000000000001
0.4369747899159664
0.4453781512605042
0.45161290322580644
0.48803827751196166
0.4107142857142857
0.47747747747747743
0.5023696682464455
0.41493775933609955
0.3934426229508196
0.41777777777777775
0.48803827751196166
0.453781512605042
0.47747747747747743
0.480392156862745
0.4234234234234234
0.47004608294930883
0.4528301886792453
0.4757709251101322
0.4383561643835616
0.47572815533980584
0.47004608294930883
0.4426877470355731
0.47058823529411764
0.44019138755980863
0.4355555555555556
0.47004608294930883
0.4736842105263157
0.4716157205240175
0.47321428571428564
0.4304932735426009
0.4577114427860696
0.448
0.460093896713615
0.4166666666666667
0.49122807017543857
0.47715736040609136
0.4424778761061947
0.4453781512605042
0.4573991031390134
0.5130434782608696
0.4595744680851064
0.45333333333333337
0.4
0.43362831858407075
0.5135135135135135
0.4366812227074236
0.4784688995215311
0.4806866952789699
0.45945945945945943
0.44155844155844154
0.4558139534883721
0.46222222222222226
0.4796380090497737
0.4864864864864865
0.44725738396624476
0.49246231155778897
0.4232365145228216
0.4566210045662101
0.40869565217391307
0.4886877828054299
0.48205128205128206
0.48514851485148514
0.4444444444444445
0.47457627118644063
0.4717948717948718
0.4672897196261682
0.48034934497816595
0.4285714285714286
0.4736842105263157
0.4585365853658537
0.48510638297872344
0.46491228070175433
0.5112107623318385
0.4471544715447154
0.49090909090909085
0.502283105022831
0.4372093023255814
0.4840182648401826
0.4682926829268293
0.4210526315789474
0.4
0.4953271028037383
0.4587155963302752
0.48717948717948717
0.4444444444444445
0.4770642201834862
0.40637450199203184
0.42677824267782427
0.5
0.4474885844748858
0.45320197044334976
0.41777777777777775
0.4675324675324675
0.44339622641509435
0.4636363636363637
0.4358974358974359
0.45333333333333337
0.4757709251101322
0.4587155963302752
0.4716157205240175
0.47787610619469023
0.4716157205240175
0.4711538461538462
0.4644549763033175
0.4947368421052632
0.46082949308755755
0.47572815533980584
0.45248868778280543
0.47787610619469023
0.4739336492890995
0.48847926267281105
0.4405286343612336
0.48148148148148145
0.4736842105263157
0.48148148148148145
0.462882096069869
0.4513274336283186
0.44545454545454544
0.5368421052631579
0.42152466367713004
0.45689655172413796
0.43220338983050854
0.44541484716157204
0.4298245614035088
0.43946188340807174
0.4566210045662101
0.4705882352941177
0.4663677130044843
0.4807692307692307
0.48430493273542596
0.4811320754716981
0.4818181818181818
0.4653061224489795
0.5302325581395348
0.46861924686192463
0.4434389140271493
0.4396551724137931
0.4663677130044843
0.5051546391752577
0.4192139737991266
0.45000000000000007
0.497737556561086
0.44933920704845814
0.4845814977973569
0.47004608294930883
0.4741379310344827
0.48847926267281105
0.4752475247524753
0.48803827751196166
0.4502164502164502
0.4694835680751174
0.4916666666666667
0.46017699115044247
0.4784688995215311
0.4690265486725664
0.4715447154471545
0.4729064039408866
0.4310344827586207
0.48034934497816595
0.44843049327354256
0.4351851851851852
0.4413145539906103
0.43333333333333335
0.4351851851851852
0.45070422535211263
0.4588744588744589
0.5116279069767441
0.49760765550239233
0.47272727272727266
0.44813278008298746
0.4462809917355372
0.48571428571428565
0.4541484716157206
0.45933014354066987
0.4615384615384616
0.4653465346534653
0.44859813084112155
0.4931506849315069
0.4466019417475728
0.463768115942029
0.4682926829268293
0.4513274336283186
0.4476190476190476
0.4657534246575342
0.43333333333333335
0.4552845528455285
0.4744186046511628
0.46017699115044247
0.4840182648401826
0.44725738396624476
0.4949494949494949
0.48847926267281105
0.4292237442922374
0.41228070175438597
0.4951456310679612
0.4474885844748858
0.47257383966244715
0.4736842105263157
0.46341463414634143
0.44635193133047213
0.5067873303167421
0.43333333333333335
0.4886877828054299
0.42000000000000004
0.42452830188679247
0.44954128440366975
0.4491525423728814
0.415929203539823
0.4317180616740088
0.47272727272727266
0.43220338983050854
0.4595744680851064
0.45098039215686275
0.44843049327354256
0.5094339622641509
0.42990654205607476
0.4380952380952381
0.4573991031390134
0.5
0.49056603773584906
0.4811320754716981
0.45070422535211263
0.4888888888888889
0.47210300429184543
0.4192139737991266
0.44545454545454544
0.44843049327354256
0.5024154589371981
0.4380952380952381
0.4711538461538462
0.45614035087719296
0.45945945945945943
0.42790697674418604
0.49339207048458156
0.4184100418410041
0.4690265486725664
0.41350210970464135
0.45814977973568277
0.4840182648401826
0.44859813084112155
0.4366812227074236
0.4573991031390134
0.48372093023255813
0.4526748971193416
0.410958904109589
0.44635193133047213
0.47257383966244715
0.4424778761061947
0.4424778761061947
0.5240641711229946
0.5047619047619049
0.4502164502164502
0.45098039215686275
0.4615384615384615
0.47210300429184543
0.4807692307692307
0.4414414414414414
0.45161290322580644
0.48826291079812206
0.4669603524229075
0.5123152709359605
0.43362831858407075
0.4827586206896551
0.43119266055045874
0.4748858447488585
0.4358974358974359
0.502283105022831
0.47533632286995514
0.4663677130044843
0.4739336492890995
0.47787610619469023
0.4366812227074236
0.5090909090909091
0.42857142857142855
0.4220183486238532
0.44347826086956516
0.43776824034334766
0.4818181818181818
0.48000000000000004
0.44545454545454544
0.460093896713615
0.4873096446700507
0.504950495049505
0.48847926267281105
0.5046728971962617
0.4886877828054299
0.46551724137931033
0.5
0.4818181818181818
0.48571428571428565
0.4951456310679612
0.47619047619047616
0.44230769230769224
0.45000000000000007
0.4502164502164502
0.4566210045662101
0.504424778761062
0.4324324324324324
0.5
0.45794392523364486
0.4748858447488585
0.46491228070175433
0.4383561643835616
0.47222222222222227
0.4051724137931034
0.4811320754716981
0.4795918367346939
0.4556962025316456
0.4663677130044843
0.4181818181818182
0.5090909090909091
0.44545454545454544
0.4788732394366197
0.45814977973568277
0.4444444444444444
0.4383561643835616
0.45814977973568277
0.45814977973568277
0.45918367346938777
0.46551724137931033
0.48
0.5161290322580645
0.47272727272727266
0.4669603524229075
0.4784688995215311
0.4444444444444445
0.47533632286995514
0.4474885844748858
0.502283105022831
0.4502164502164502
0.4700854700854701
