0.7529508034120214
0.71320174568538
0.7468756199166833
0.7330886728823647
0.7566703035112081
0.7341053362428089
0.7405028764134101
0.7263439793691728
0.7525788534021027
0.7458837532235668
0.7353203729418766
0.735791509621107
0.7463796865701249
0.7521573100575283
0.7318984328506248
0.7256992660186471
0.7408748264233286
0.7257736560206308
0.7342789129141044
0.7571166435231105
0.7595715135885736
0.7418666931164452
0.7172931957944852
0.7452886332076969
0.7433792898234478
0.7367089863122396
0.7278317794088475
0.7394862130529657
0.7347748462606626
0.7361634596310256
0.7330886728823646
0.7323943661971831
0.7229220392779211
0.7434288831581035
0.7419658797857568
0.7529012100773655
0.7378496330093235
0.761728823646102
0.7500247966673279
0.7454374132116645
0.7122098789922635
0.7418914897837731
0.7193513191827019
0.7504711366792303
0.7558024201547312
0.731303312834755
0.72602162269391
0.7247321959928585
0.7500991866693116
0.7207647292203927
0.7118379289823447
0.7411227930966078
0.7443215631819082
0.7497272366593929
0.7576621702043245
0.7481650466177345
0.7272118627256497
0.714540765721087
0.7336341995635787
0.7490577266415392
0.7312785161674271
0.7302618528069827
0.7134745090259871
0.7225500892680023
0.7355683396151557
0.7367337829795676
0.7209135092243603
0.7467268399127157
0.7115899623090657
0.7228724459432652
0.7520829200555444
0.7640845070422535
0.7483634199563578
0.7375520730013886
0.7450406665344177
0.7359402896250742
0.7276829994048799
0.7639109303709581
0.7516117833763142
0.7272366593929775
0.7390894663757192
0.738023209680619
0.7188553858361436
0.7402797064074589
0.7697877405276731
0.7523308867288236
0.7462804999008134
0.7364114263043047
0.7341797262447927
0.7311049394961319
0.7487105732989486
0.7115403689744099
0.7279805594128148
0.7669609204522913
0.7210870858956556
0.7403540964094426
0.7389654830390795
0.7384447530251934
0.7134249156913312
0.7356675262844674
0.7439744098393176
0.7491073199761952
0.7262695893671891
0.7548849434635985
0.712061098988296
0.758133306883555
0.7395853997222773
0.7243602459829399
0.7478426899424716
0.7321959928585597
0.7348988295973021
0.7328159095417577
0.750818290021821
0.7555048601467963
0.7369569529855188
0.758926800238048
0.7435032731600872
0.7198968458639159
0.746379686570125
0.7565711168418964
0.7255504860146795
0.7379488196786351
0.7370313429875025
0.7455613965483039
0.7464292799047807
0.7430817298155128
0.729369172783178
0.7291707994445547
0.7341797262447928
0.7585052568934734
0.7384695496925212
0.7435032731600872
0.7363618329696489
0.7447431065264828
0.7548601467962707
0.7164749057726642
0.7288732394366196
0.7286500694306686
0.74050287641341
0.7476691132711765
0.7089863122396349
0.7553560801428286
0.7470491965879784
0.7499008133306884
0.7343285062487602
0.7203679825431462
0.7464292799047807
0.7663658004364213
0.7288236461019639
0.7370065463201746
0.748041063281095
0.7245090259869074
0.7499256099980163
0.7247321959928585
0.7644068637175163
0.7307825828208688
0.7395606030549493
0.72934437611585
0.725476096012696
0.750272763340607
0.7222277325927396
0.7196984725252926
0.743875223170006
0.7345516762547113
0.7086391588970443
0.7190785558420948
0.7400813330688356
0.7434784764927593
0.769242213846459
0.7404532830787542
0.7468508232493554
0.7512398333663954
0.7456357865502877
0.7429825431462012
0.7192769291807181
0.739957349732196
0.7398829597302122
0.7193513191827019
0.7253025193414006
0.7544386034516961
0.7182354691529458
0.737403292997421
0.7414947431065265
0.7417179131124777
0.7324191628645109
0.715978972426106
0.7133753223566752
0.7467764332473715
0.7366097996429279
0.7322207895258876
0.7355187462805
0.7344276929180719
0.7182602658202738
0.7403788930767705
0.7426601864709382
0.7519837333862328
0.7213846459035905
0.7363618329696489
0.7489089466375718
0.7335846062289229
0.7536947034318587
0.7367833763142234
0.7135241023606427
0.736857766316207
0.7693166038484427
0.7373536996627653
0.7514630033723467
0.741321166435231
0.7465780599087484
0.7519837333862329
0.7345764729220392
0.7005802420154731
0.7454374132116643
0.7412963697679031
0.744147986510613
0.7475203332672089
0.7320224161872644
0.7401805197381472
0.7170700257885341
0.7444455465185479
0.7032086887522317
0.7426601864709382
0.7677048204721285
0.7588772069033921
0.7610097202935926
0.7255256893473517
0.7281541360841104
0.7407508430866893
0.7572158301924221
0.7724161872644317
0.7302866494743107
0.7332870462209878
0.7404780797460822
0.7378000396746677
0.7483882166236858
0.7407260464193612
0.7484874032929975
0.7359650862924023
0.7715731005752826
0.7473715532632413
0.7359898829597303
0.7428585598095615
0.727385439396945
0.7206655425510812
0.7546121801229915
0.7279309660781591
0.7479914699464392
0.7567198968458639
0.7164749057726642
0.7364114263043046
0.7509422733584606
0.7439744098393176
0.7253521126760563
0.7188553858361435
0.7798799841301328
0.7436768498313826
0.7174419757984526
0.7408500297560009
0.739957349732196
0.7225500892680023
0.7451150565364015
0.7408252330886729
0.7250049593334656
0.7611089069629041
0.7359650862924024
0.7149871057329896
0.745239039873041
0.739114263043047
0.7249553659988097
0.7500991866693116
0.7549345367982543
0.7222773259273954
0.7183594524895854
0.7644812537195
0.7442719698472526
0.7328655028764135
0.734378099583416
0.7449166831977783
0.7398581630628843
0.7500247966673279
0.7476195199365205
0.7465036699067645
0.7248561793294981
0.7311545328307877
0.7198968458639159
0.7322455861932157
0.7570422535211268
0.7752182106724856
0.7227732592739535
0.7366593929775838
0.7320224161872644
0.7620015869867091
0.730460226145606
0.7350476096012696
0.7468012299146995
0.7153094624082523
0.7368081729815512
0.7453630232096807
0.7156070224161872
0.7325183495338228
0.7423130331283475
0.7337581829002181
0.7419162864511011
0.7037294187661178
0.7375520730013886
0.7420402697877405
0.7194505058520135
0.756397540170601
0.7338821662368579
0.7491073199761952
0.7549841301329101
0.7395358063876214
0.753074786748661
0.7350724062685975
0.7175411624677643
0.7709531838920849
0.7487353699662765
0.7468012299146995
0.7319728228526086
0.7314024995040665
0.7286500694306683
0.7356179329498116
0.7372545129934537
0.7444455465185479
0.7397837730609006
0.748065859948423
0.7315512795080341
0.7475451299345368
0.7260712160285657
0.7453878198770085
0.7354443562785161
0.7294187661178337
0.741916286451101
0.734675659591351
0.740775639754017
0.7457597698869272
0.761704026978774
0.7366841896449118
0.7250545526681215
0.7174419757984527
0.7437512398333666
0.7353451696092045
0.7545625867883355
0.7265423527077961
0.7448670898631223
0.7319976195199365
0.7474707399325531
0.7386679230311446
0.7623735369966276
0.7257984526879587
0.7365106129736163
0.7411227930966078
0.7378992263439793
0.7278565760761754
0.7361634596310256
0.7333366395556438
0.7643324737155327
0.7523060900614957
0.7278565760761754
0.7500743900019837
0.7467268399127157
0.7403292997421147
0.7434288831581035
0.76281987700853
0.7316752628446737
0.7124578456655425
0.7391886530450308
0.7476195199365205
0.7140944257091848
0.7413955564372148
0.7214094425709184
0.7407260464193614
0.7583316802221781
0.7337333862328903
0.7297907161277524
0.7298155127950804
0.7197480658599484
0.724608212656219
0.7299146994643919
0.7405276730807379
0.7303610394762943
0.7358163062884349
0.7234923626264631
0.7526780400714144
0.7266911327117636
0.7535211267605633
0.736361832969649
0.7309561594921642
0.7787889307677048
0.7185330291608807
0.7442471731799246
0.7424866097996429
0.7199960325332275
0.7304106328109502
0.7295179527871455
0.7436520531640547
0.736064272961714
0.7373784963300932
0.7519341400515771
0.7447431065264829
0.7341301329101368
0.7397589763935727
0.7395853997222773
0.7177643324737154
0.7298155127950804
0.7163013291013688
0.7488593533029161
0.7595219202539177
0.7365354096409443
0.7369321563181908
0.7189049791707994
0.7529012100773657
0.7528764134100377
0.7322951795278715
0.7526532434040865
0.735196389605237
0.7356179329498115
0.7354691529458439
0.7767308073794882
0.7527276334060702
0.7596954969252132
0.7258480460226145
0.7277325927395358
0.7179131124776831
0.7416683197778218
0.7545129934536798
0.7164749057726642
0.7478674866097996
0.7485617932949813
0.748586589962309
0.739684586391589
0.737403292997421
0.7295179527871454
0.7525788534021027
0.7264431660384844
0.7414947431065265
0.7453878198770084
0.730509819480262
0.7507934933544932
0.750843086689149
0.7320472128545924
0.7533475500892679
0.7461317198968459
0.7544386034516961
0.7195496925213251
0.7497520333267209
0.7278565760761753
0.7461565165641737
0.7500495933346557
0.7419410831184289
0.7359650862924023
0.738543939694505
0.7611585002975599
0.7442223765125966
0.7517605633802816
0.7341053362428089
0.7709531838920849
0.7247817893275144
0.7629190636778417
0.756695100178536
0.7476939099385043
0.7530995834159889
0.7421146597897242
0.7627454870065462
0.7396597897242609
0.7321959928585599
0.7418914897837731
0.7649771870660582
0.7510910533624281
0.751140646697084
0.7488345566355881
0.7391142630430471
0.7399077563975401
0.7375024796667328
0.7552073001388614
0.7478178932751438
0.7383951596905376
0.7220293592541163
0.7251537393374331
0.7572654235270779
0.7599682602658203
0.7746478873239436
0.7434288831581035
0.7254017060107122
0.741866693116445
0.7420402697877405
0.7533723467565959
0.7691926205118031
0.7462061098988296
0.7556288434834357
0.7647292203927791
0.7470243999206507
0.7427097798055942
0.7493552866494744
0.7324191628645111
0.7493304899821464
0.7287244594326522
0.7593979369172783
0.7299394961317199
0.7548601467962706
