0.5537073710016783
0.4747826235983472
0.4439615039073007
0.4314531643997788
0.45301818875882405
0.5420742357266942
0.5182408177091059
0.42753683646322754
0.4697085172482614
0.44042440264033217
0.4706532335458899
0.49257185055512315
0.5088415895693925
0.495612378527005
0.520609994197471
0.501649933448145
0.4419854442232781
0.46060904316055484
0.46191733596958484
0.5419990730381259
0.5222473320862894
0.5501704528804707
0.5307193320418935
0.5083734391199007
0.5642668920681467
0.550158728575519
0.49273711851472834
0.4610177062209922
0.49857222069537943
0.5001911646429045
0.4794011826332122
0.42282301943319156
0.5069221399166657
0.44807466531506807
0.46262932671640167
0.6118314320910069
0.5014443089256426
0.5496261472251431
0.5256923917772813
0.54619506970923
0.5809691725450182
0.42929322351196614
0.45410547627192177
0.5476629021123199
0.551576307050066
0.4699100259239392
0.5048056253654125
0.46573419614688905
0.4975204643469112
0.433941151039678
0.5489610119959935
0.45807495963692213
0.47275419255783935
0.4191976374764326
0.4683959114003574
0.38853946372987636
0.4902078542021585
0.4257187152626313
0.4742849473624861
0.481304946105524
0.4715783490079816
0.5636781171370535
0.48159844506418314
0.5423365385450479
0.4657378450326638
0.4379417809631013
0.4738832363541075
0.5254515967459468
0.48365935776899677
0.5807349777417639
0.44961442148756936
0.5053920305965622
0.46195651873337473
0.5686401492950869
0.5305559337921639
0.5140026112677482
0.5405081516356118
0.5036773915804843
0.45195587427033707
0.37661453143905177
0.494586754362234
0.46568001928958436
0.46683792755769205
0.403547232528399
0.5040049372140418
0.45775480574961186
0.47191042664694327
0.4685508837092461
0.4715868225831247
0.46641279867943175
0.48503257451865694
0.5273803572658317
0.4859241561187506
0.4840344173480347
0.46137616751710797
0.49829240491943405
0.4478275528545308
0.49733315042774506
0.4897042456525571
0.45085645097697835
0.5043607734722406
0.4667544876400923
0.5077958612953353
0.5304024006833086
0.49138419154337043
0.46730024994552366
0.5636065650725487
0.4384334254731526
0.5230662078146626
0.4204661339802315
0.5395671003300477
0.44173829327511377
0.5432435849098458
0.40993944385770287
0.5202975523993264
0.5108386233250488
0.5256562856923985
0.49606827600854375
0.4270282566700292
0.42373362089627614
0.4934753427466207
0.5194134743559778
0.4891247363811453
0.5180515156543704
0.5779737852751856
0.5314251545916676
0.4269516113460108
0.4665148126810261
0.4436322547879124
0.5382399945890881
0.4756172870073477
0.530440348436996
0.45191075142107034
0.4626078633347547
0.4661153977353777
0.4897073098832882
0.4534933718098152
0.49110535150998036
0.5164845647166049
0.4155480777969137
0.5402272097301524
0.6017211064819246
0.4332611911739899
0.48395023820550503
0.48409583092383546
0.5121164929254731
0.5160515539413104
0.47781867564731284
0.496059709154538
0.5043248426514018
0.48874429856990564
0.5270260065917052
0.5357989663621519
0.5599431712371884
0.5204672748977843
0.5401423144182981
0.4820332941851232
0.529651685731657
0.47887905653927404
0.5431572807168602
0.4362459351012426
0.47020915791953805
0.4406941509701049
0.46043455268515043
0.4411547509598896
0.4700995001395494
0.5172438859504023
0.44556863192468305
0.5011142008372095
0.5047964907035503
0.5111399207554235
0.5589709198628748
0.5035762841084725
0.5078130560929695
0.5197169992886448
0.4673355131408583
0.44969255760581217
0.512013995994081
0.4782932182552275
0.47564536628454535
0.4898477067837854
0.49417332758377097
0.47478371694008603
0.5547274204674546
0.5255237381981003
0.5171865302035942
0.49158455114191796
0.49922056793100905
0.4955256388034866
0.577173298449079
0.4531896580492693
0.5244282560040017
0.48235417495936245
0.5271694720920492
0.4635389750259762
0.4910549921735676
0.45635186085885826
0.4839990030731681
0.4826485234952813
0.5502945841110782
0.44598455618184585
0.4775346469739239
0.5572688546608625
0.3993834994432175
0.4404657345329748
0.43539480412252773
0.5152882812691936
0.49962637750197014
0.41847335797522855
0.5317817122306298
0.4699714925106042
0.4620093573205882
0.45481076452406166
0.4379062596432001
0.45940490613183477
0.4479391652779069
0.48735488438517294
0.5332067967204891
0.5195373477456289
0.48834920245636687
0.5613770254530575
0.49582200075068805
0.43244561413183424
0.509038951856007
0.5203166194184381
0.4498179712770273
0.4950554478334396
0.49602444000534596
0.5664077122743705
0.5034173342070931
0.43041897595848655
0.4330693483293448
0.5466862409281301
0.6062213268575366
0.5474915313158714
0.5160898232072036
0.4589477388014088
0.5341580045825784
0.4731974523521324
0.43589422994240457
0.4840480206284007
0.46591242267559
0.4891767910737045
0.47280557096209264
0.44868534938188387
0.4983054758255354
0.39627640822642135
0.44716793837614965
0.43481780517593294
0.5454904948198738
0.5129546757119761
0.509921494123805
0.4837925673853584
0.4474048627145206
0.49842270660450805
0.4559500065895362
0.4914349400331025
0.524105790762879
0.46945452245428526
0.5313900186218596
0.5291581429043264
0.4867517797646115
0.5041448039747036
0.43438501226488824
0.3876854935614611
0.559828496649273
0.4670983823496059
0.5032410473113188
0.4583739514267182
0.4927915386541305
0.47200633620920507
0.535566191532502
0.4874949698152902
0.44682131056809193
0.4933060379807578
0.49671880941286684
0.5016484164831737
0.5292961803954894
0.5053229509422988
0.47382766725215464
0.4588004744779972
0.4538590914837056
0.4685326540766808
0.5450345018078784
0.4360094114905872
0.5774267977788505
0.49249638241925775
0.47559938974759275
0.5227560610270958
0.5370605837601452
0.4503108605482751
0.5310619140110696
0.4299896110219376
0.43159025632773446
0.49765630453707843
0.5302230682156497
0.5020484807802508
0.46310327590018197
0.41430736300928955
0.4728586156268707
0.4447045043504631
0.483873815635683
0.5262232219810592
0.49406711121065294
0.4316217563190552
0.4324266521422409
0.5014940706008454
0.46303487105772034
0.498951240079567
0.5304932296025213
0.4974700457482158
0.46263358373987634
0.48529224727468157
0.48716056930649004
0.5179709261897966
0.4967750679551227
0.49732045164111777
0.49407540446115816
0.46405111723290426
0.5667821096300151
0.5411563293608218
0.4150816813210539
0.48053434356725444
0.5633197635285274
0.5332934825871356
0.5206805436824881
0.4904841824449633
0.45007570341174524
0.5877697879763473
0.5022668456426442
0.512065158098736
0.4794425437166199
0.442826160928621
0.54917248440647
0.5098913455288014
0.4788833925004277
0.4470985858639946
0.49270650776968217
0.5178862364490935
0.5152897454129218
0.5023698144284439
0.5107584883126048
0.5236817033451932
0.4909089999808795
0.49595199104155974
0.482973552436383
0.4715206887793738
0.4538303365342383
0.535157256446837
0.44481915300153907
0.535406608341161
0.5435941619711505
0.47694265195331675
0.4244397659602462
0.5515863474848859
0.44738495469701733
0.5166625500983455
0.43762049835704
0.5339641422477297
0.507412910932364
0.5567552078373771
0.4788792512926334
0.5148151737543292
0.510124203429069
0.5747320265712612
0.5242864256198078
0.4946053055354798
0.44877555681187864
0.628796863271117
0.4333594232182892
0.4638024974594216
0.5664251508263816
0.50891159143809
0.543156899716037
0.45600853065575947
0.5112734890247652
0.45430907131689363
0.5316146044924754
0.5374675968657835
0.4721650920356322
0.4568568940402349
0.4088787539002781
0.4122020677556283
0.46006200667351804
0.5201663190782038
0.4348384742872622
0.4667866754000368
0.46917430232591484
0.4209892947917021
0.4913011349962103
0.5167454352944242
0.5027656634207139
0.4693685169568148
0.4212132517140918
0.44155999541969004
0.5109550928452113
0.5178587357483522
0.4528690525914928
0.43452692221885464
0.4813168257180308
0.4758473531073332
0.5404002594976645
0.4640944336597982
0.49907185275511273
0.5715087262811878
0.4679383474209812
0.40738752467912626
0.5010179532979259
0.4383919648497474
0.4741576983207151
0.48435554053665486
0.5994224135780206
0.4531875111847159
0.5226212615678357
0.44598042536865967
0.5297314028989295
0.5302025742141521
0.5415561958606048
0.41273920530731323
0.5664506352401284
0.43377113801876643
0.525373964321933
0.5429467118016642
0.5588834949887433
0.46037494809576157
0.6170771220421117
0.519023355416683
0.491236209893932
0.4464398121660891
0.49624456325241134
0.5297174723652123
0.534520655150174
0.5140971578604592
0.41932639750805556
0.5542158897820095
0.5561640747843216
0.5484315480280764
0.4624648105088151
0.5236342552126575
0.45568406634563646
0.4986853832279793
0.5015599135664971
0.43140396839932793
0.45385725557413586
0.5005729082167512
0.5186563263398328
0.47716844031451455
0.5095658420507454
0.4628139756461044
0.5301498909862805
0.5460202720448402
0.5519506186559402
0.5049276255377516
0.4724995331761188
0.4891426629057309
0.48036642042503364
0.48843447718558136
0.5766738219177876
0.4516681416544378
0.5463907689535494
0.5210368770577227
0.45538801354915115
0.5700514421347078
0.5989773357204123
0.46252266613644344
0.477228063414351
0.4493784501826164
0.4671527068988224
0.4845730247728856
0.4836964108474282
0.5177240201847572
0.5130542642814504
0.4480394218043392
0.45758997159234643
0.4802422136288294
0.46810852363009187
0.509195449731222
0.511421132224427
0.46487044892474644
0.5136971818088646
0.4841679114869666
0.4687497362039995
0.5195066331755082
0.5429604612511902
0.41391180689725354
0.530850130437793
0.4606565627384707
0.47466175648416886
0.4843444859593352
0.49578758783926236
0.4876439312140191
0.45589477059970507
0.5239365521558306
0.5311293275469352
0.47196340816025295
0.5667903412065308
0.48804211998201796
0.5322480777299444
0.5014148378860568
0.5231685390822887
