0.743032136480857
0.7449662765324341
0.7101517556040469
0.6915046617734576
0.7216574092441976
0.6903888117437017
0.6778664947431065
0.6912566951001785
0.7246826026582027
0.7482890299543742
0.6961912318984328
0.6966871652449911
0.728228526086094
0.7250297560007934
0.6856526482840707
0.6655177544138067
0.7035310454274946
0.6826522515373934
0.6759323546915295
0.695596111882563
0.70144812537195
0.6468458639158898
0.67913112477683
0.7030599087482642
0.6981749652846658
0.6681462011505653
0.7343285062487602
0.7052916088077763
0.6742957746478874
0.6694356278516168
0.7332622495536599
0.7472475699266019
0.6857270382860544
0.7163261257686968
0.6684437611585002
0.7041013687760365
0.6982989486213054
0.684735171592938
0.6763786947034318
0.7058123388216624
0.6492263439793692
0.7607865502876413
0.6913558817694903
0.674940487998413
0.7020432453878199
0.6936123784963302
0.6985717119619124
0.6876859750049594
0.7231948026185281
0.7061594921642531
0.6863469549692521
0.6783128347550089
0.7177147391390598
0.7126562190041659
0.7098541955961118
0.6965879785756793
0.6784368180916486
0.6972078952588773
0.6851071216028567
0.7077960722078953
0.7127306090061496
0.7141688157111684
0.6942570918468558
0.6885290616941083
0.7353699662765325
0.7142184090458242
0.7316504661773457
0.7582324935528665
0.6338028169014084
0.6681214044832374
0.7134497123586591
0.7008282086887522
0.6905871850823249
0.7117387423130331
0.7039277921047411
0.6652201944058719
0.7163509224360245
0.7060603054949415
0.7272862527276334
0.6592689942471732
0.7055891688157111
0.6544584407855585
0.7209631025590161
0.6926205118032137
0.6690636778416981
0.6919757984526881
0.7052420154731204
0.6880827216822059
0.6966127752430074
0.7056139654830391
0.7104741122793098
0.6673775044634
0.6597897242610593
0.6995139853203729
0.6935875818290023
0.742213846459036
0.6573844475302519
0.7297411227930967
0.7005306486808173
0.6912071017655228
0.6768250347153343
0.68696687165245
0.7123586589962309
0.7247321959928587
0.6828010315413607
0.7260960126958936
0.6921493751239833
0.7268151160484032
0.6895953183892084
0.7353947629438603
0.7067298155127951
0.7089863122396349
0.6935627851616741
0.7128297956754613
0.699761951993652
0.7215830192422139
0.6848095615949217
0.673849434635985
0.6659392977583813
0.6886778416980757
0.7329150962110692
0.7221037492561
0.7183842491569133
0.6805445348145209
0.7282533227534219
0.7114411823050981
0.7022168220591152
0.7276829994048799
0.6575580242015472
0.6878595516762546
0.7301130728030152
0.6753372346756596
0.6912071017655227
0.7095566355881769
0.760340210275739
0.7027127554056734
0.671320174568538
0.7052420154731204
0.691653441777425
0.7428833564768895
0.7176403491370761
0.6899920650664552
0.6785608014282881
0.7046220987899227
0.7460821265621901
0.6935627851616742
0.7268647093830589
0.7021424320571317
0.6733287046220988
0.7353947629438604
0.6578555842094822
0.7355187462805001
0.7090607022416188
0.6793047014481254
0.7004314620115057
0.7089615155723071
0.7177643324737156
0.6971583019242213
0.6919014084507042
0.6726096012695894
0.749454473318786
0.6528714540765721
0.7036302320968062
0.6813380281690141
0.7065066455068438
0.7279309660781591
0.7234923626264631
0.7213846459035905
0.7073745288633208
0.7222029359254116
0.7151110890696291
0.6628893076770482
0.7484378099583415
0.7138960523705614
0.6836441182305099
0.7035806387621505
0.6848343582622496
0.7131025590160682
0.6821067248561794
0.6843632215830193
0.6898432850624876
0.7078456655425511
0.6737502479666734
0.7354691529458441
0.6632860543542948
0.7048452687958738
0.7534219400912519
0.7105237056139655
0.6792551081134696
0.7514878000396746
0.7311793294981154
0.6611039476294386
0.6767258480460226
0.6947034318587582
0.739634993056933
0.728228526086094
0.7280301527474707
0.7050932354691529
0.7049196587978575
0.661550287641341
0.6977038286054354
0.7327415195397738
0.7466276532434041
0.6831233882166237
0.7191529458440785
0.7198472525292602
0.7033574687561991
0.6784616147589764
0.7007042253521127
0.6879835350128943
0.6838424915691332
0.7072505455266813
0.700059512001587
0.6920749851219997
0.671320174568538
0.6587234675659591
0.6812636381670304
0.6748413013291014
0.7386183296964888
0.7188305891688157
0.69028962507439
0.7381223963499306
0.6777921047411228
0.7526780400714144
0.7349732195992857
0.7068537988494347
0.7395358063876216
0.720690339218409
0.673824637968657
0.7195496925213252
0.6929428684784765
0.686396548303908
0.7301626661376711
0.6564421741717913
0.6427544138067844
0.7217565959135092
0.7210374925609997
0.6969599285855981
0.7104493156119818
0.7117387423130331
0.6710970045625868
0.6706506645506844
0.6910087284268994
0.7229964292799047
0.7218309859154929
0.7365354096409443
0.6756347946835946
0.7149375123983336
0.667427097798056
0.7128297956754612
0.6752380480063479
0.7257488593533029
0.6908351517556041
0.6732295179527872
0.7510910533624281
0.689719301725848
0.7156566157508432
0.6921245784566554
0.6848095615949217
0.7080688355485023
0.6483832572902202
0.7027375520730015
0.7315512795080341
0.7212358658996232
0.7281789327514382
0.7517357667129537
0.7147887323943661
0.6634348343582623
0.7596954969252133
0.7282285260860941
0.6771721880579251
0.7170948224558619
0.625570323348542
0.6779160880777623
0.6592937909145011
0.6784616147589764
0.700605038682801
0.7101021622693909
0.6706754612180124
0.7024895853997223
0.740230113072803
0.7086143622297163
0.6639555643721484
0.7186570124975203
0.709854195596112
0.6782632414203531
0.6542104741122794
0.6581531442174172
0.6853302916088078
0.7031095020829201
0.7128297956754612
0.7363618329696489
0.6826522515373934
0.7174915691331086
0.6830737948819678
0.6760315413608411
0.6864709383058917
0.7198472525292601
0.6723616345963103
0.6976294386034517
0.6990676453084705
0.7428337631422336
0.6767754413806785
0.7067298155127951
0.7020680420551478
0.7253769093433843
0.6965879785756794
0.623313826621702
0.693909938504265
0.6581779408847451
0.6674518944653839
0.689744098393176
0.7026383654036897
0.6922485617932951
0.6639555643721484
0.7388662963697679
0.7081184288831581
0.7397093830589169
0.7359154929577465
0.6838672882364609
0.7038286054354294
0.7087879389010117
0.6413410037690934
0.7093830589168817
0.6976790319381074
0.6899424717317992
0.7132513390200357
0.7449414798651062
0.6945298551874628
0.7239387026383655
0.6811148581630628
0.6823298948621305
0.7420154731204126
0.7083911922237652
0.7041261654433645
0.6962904185677445
0.7356427296171394
0.7168468557825828
0.7110940289625075
0.6721880579250149
0.6928932751438206
0.718756199166832
0.7056387621503669
0.6708242412219798
0.7653987304106328
0.6866941083118429
0.6594921642531244
0.6965879785756793
0.649796667327911
0.7199464391985717
0.7579845268795874
0.6789575481055347
0.6963648085697282
0.7324439595318389
0.7039525887720691
0.7238395159690537
0.7089863122396349
0.7147143423923825
0.7388910930370958
0.7310057528268201
0.6966375719103352
0.6883058916881571
0.6982989486213053
0.6951001785360047
0.7241618726443166
0.6875867883356477
0.7048700654632017
0.6968111485816306
0.6884050783574687
0.6975054552668122
0.7167228724459433
0.6992412219797659
0.67746974806586
0.7113915889704424
0.7055395754810553
0.6848839515969054
0.6896201150565364
0.7282533227534219
0.7008034120214244
0.7218805792501487
0.7033326720888713
0.7421642531243801
0.6992908153144217
0.6899176750644713
0.7153590557429081
0.7018200753818686
0.6851071216028567
0.6836937115651658
0.7185578258282087
0.7265423527077961
0.6866197183098592
0.706481848839516
0.6643027177147391
0.7082920055544535
0.674940487998413
0.7225252926006744
0.6974558619321563
0.7012497520333267
0.6928188851418369
0.6909343384249157
0.7070769688553858
0.7177643324737155
0.7025887720690339
0.6776681214044832
0.705068438801825
0.6418121404483238
0.6752380480063479
0.6973070819281889
0.713176949018052
0.667154334457449
0.7008034120214243
0.7287244594326523
0.6662616544336442
0.6808916881571117
0.6797758381273558
0.7342541162467765
0.6569381075183495
0.6917774251140647
0.6976542352707795
0.6667079944455465
0.6797510414600277
0.6855286649474311
0.6993404086490774
0.6842640349137077
0.6577068042055148
0.7236907359650863
0.6644514977187067
0.7381719896845864
0.7261704026978775
0.6681214044832374
0.7120363023209682
0.7163261257686967
0.6945546518547907
0.6643275143820672
0.6451348938702639
0.6936123784963302
0.6905127950803411
0.6862725649672683
0.7055891688157111
0.7044485221186273
0.651532434040865
0.6462011505653641
0.6711218012299146
0.7046716921245785
0.6653689744098393
0.7060107121602857
0.723219599285856
0.6882067050188454
0.705688355485023
0.6966127752430074
0.6817843681809165
0.7048700654632017
0.7022168220591154
0.756124776829994
0.687760365006943
0.7268151160484031
0.7046220987899225
0.7285260860940291
0.680842094822456
0.7189049791707995
0.6921245784566554
0.7008034120214243
0.6901904384050784
0.6764778813727435
0.687239634993057
0.7325679428684784
0.742734576472922
0.7122842689942471
0.710970045625868
0.7036054354294783
0.6547560007934934
0.6994643919857171
0.7210870858956556
0.7108460622892284
0.6755356080142829
0.6521523507240626
0.7116643523110494
0.6900416584011109
0.7393126363816703
0.6595417575877802
0.7143175957151359
0.7185330291608808
0.6901408450704225
0.705068438801825
0.7402797064074588
0.7184090458242413
0.6511356873636184
0.7322703828605436
0.7063578655028765
0.6853550882761357
0.722401309264035
0.6802717714739138
0.7109204522912121
0.696711961912319
0.6525738940686371
0.6988692719698472
0.7096310255901607
0.7243602459829399
0.6997619519936521
0.729641936123785
