0.21197183098591552
0.19204415683288922
0.2368238416003266
0.19737089201877936
0.20237212750185324
0.20057154521330883
0.20856045363087616
0.19436619718309858
0.20856045363087616
0.19838442419221208
0.2157130281690141
0.20917130691123487
0.20432182133899288
0.20925056511910972
0.20299295774647888
0.18985915492957744
0.20238048006347947
0.20571315215235075
0.20885960926851432
0.20795360397680202
0.19304861426624262
0.21308496138119037
0.20438184663536776
0.1964397496087637
0.20238048006347947
0.20934025203854706
0.2
0.21659223634489866
0.19102112676056338
0.2059652029826015
0.21979444232965362
0.19598688018522092
0.23775379550027437
0.19507042253521129
0.2187793427230047
0.21040086673889494
0.19360487247811192
0.20115763071580167
0.19650159018627897
0.19389671361502347
0.20864632237871678
0.2030335861321777
0.21427230046948356
0.19445028379230606
0.19502899751449876
0.2043496271748136
0.19073836961160906
0.2
0.19445028379230606
0.19517102615694165
0.19944403261675317
0.20427625996945528
0.2050078247261346
0.19738430583501007
0.21589021307331166
0.19838442419221208
0.19288361749444033
0.20363701194508826
0.21180783330117692
0.20115990057995028
0.20175599048838488
0.19641485275288093
0.20115990057995028
0.1978682908260373
0.21110430700142888
0.2056338028169014
0.19890958655156749
0.20365435858393607
0.19253704042436437
0.2030046948356808
0.2122389509470617
0.20934025203854706
0.19285263821736387
0.21338028169014084
0.19268388106416276
0.19360487247811192
0.2005700871898055
0.19511737089201878
0.2063380281690141
0.19398424444974932
0.1978682908260373
0.19559093692590324
0.1916754256884591
0.19530516431924883
0.19006471259992386
0.19598688018522092
0.21497593153859867
0.2
0.19219934994582882
0.20643863179074448
0.2042975803539184
0.19349945828819068
0.19650159018627897
0.1978682908260373
0.19789925996657914
0.19944403261675317
0.19431762991743565
0.19554625047582797
0.19304861426624262
0.19139280125195618
0.2080482897384306
0.19890687408030272
0.23619880200744703
0.19351042966660725
0.210261569416499
0.19071612775243008
0.19248826291079812
0.21110430700142888
0.1969270166453265
0.21308496138119037
0.2030335861321777
0.19247359154929577
0.19838442419221208
0.19072079536039768
0.20239009816474607
0.19890250594475947
0.2043496271748136
0.20650054171180932
0.22173038229376257
0.2050078247261346
0.19127669241253975
0.20056971039721475
0.19086410354015987
0.19530516431924883
0.20305164319248828
0.2043496271748136
0.20856045363087616
0.1963736441638336
0.21776465243071333
0.20379419373383156
0.19447249534945524
0.20115763071580167
0.1920583743424402
0.1964397496087637
0.21427230046948356
0.20944257091846857
0.19351042966660725
0.2063849765258216
0.1904289372599232
0.2212510356255178
0.20178764897074755
0.1954728370221328
0.22083735288442985
0.2
0.19086312748284578
0.19371300265360278
0.1969053759174767
0.194076222038111
0.19383802816901408
0.19890453834115807
0.2
0.1931338028169014
0.20305164319248828
0.19034205231388332
0.20241448692152916
0.1956426056338028
0.1965406473931307
0.19890250594475947
0.19944515578318395
0.19598688018522092
0.2063849765258216
0.19422878735829613
0.2050078247261346
0.19944585546063265
0.20504519655244904
0.19890453834115807
0.19944668008048289
0.1969053759174767
0.19445028379230606
0.19890072140158022
0.21110430700142888
0.19454793275783733
0.20438184663536776
0.20795360397680202
0.22170057381324987
0.19944585546063265
0.19476294386034518
0.2023474178403756
0.20301810865191147
0.21197183098591552
0.2017605633802817
0.19260563380281692
0.21448692152917503
0.2
0.19275653923541247
0.20057099352874003
0.19141299409359383
0.1905865573185951
0.19523293607800649
0.19890687408030272
0.19611461874696454
0.2132150930272996
0.20571315215235075
0.1983793169978777
0.1955072205384204
0.21946871100017828
0.2
0.20560104814936128
0.20706008201105366
0.19890250594475947
0.19559093692590324
0.19688658265381764
0.19738430583501007
0.2
0.19317114810072555
0.2151884278644842
0.19890250594475947
0.19429303091274924
0.19285263821736387
0.1969053759174767
0.2358964598401218
0.210261569416499
0.1964397496087637
0.20735259011697305
0.2030046948356808
0.19944585546063265
0.19351042966660725
0.19598688018522092
0.19415753781950967
0.20239009816474607
0.21110430700142888
0.23601939505887787
0.2043496271748136
0.20864632237871678
0.21083972187555713
0.1960652805723228
0.19837486457204767
0.20175599048838488
0.2
0.20780065005417117
0.20115565185987722
0.19944585546063265
0.20057051167766093
0.19688658265381764
0.21166486096063558
0.1978771177791386
0.20726232394366198
0.1978771177791386
0.19739978331527627
0.20369718309859156
0.21709702660406885
0.20367421922841397
0.20657276995305165
0.2057618437900128
0.20115763071580167
0.2030335861321777
0.20301810865191147
0.19159547448626185
0.20365435858393607
0.20369718309859156
0.20299295774647888
0.20239009816474607
0.19200363471149479
0.1914381022979985
0.2030729833546735
0.19086312748284578
0.20787188886745128
0.21448692152917503
0.19429303091274924
0.2
0.2416498993963783
0.2042975803539184
0.2
0.1919517102615694
0.20432182133899288
0.20629660314830156
0.20650054171180932
0.19204415683288922
0.1983793169978777
0.19349945828819068
0.19739978331527627
0.20567086730911788
0.21497593153859867
0.19224331496223718
0.20237212750185324
0.20711838599162546
0.1964683624132857
0.20504519655244904
0.2125114322297421
0.19418734630002235
0.196023198011599
0.20238048006347947
0.20241448692152916
0.20795360397680202
0.20427625996945528
0.22414486921529175
0.20735259011697305
0.19789925996657914
0.20780065005417117
0.20622683469236472
0.20301810865191147
0.21799687010954616
0.19641485275288093
0.19890687408030272
0.20726232394366198
0.196023198011599
0.2
0.19429303091274924
0.19554625047582797
0.2030046948356808
0.20643863179074448
0.194076222038111
0.1927428980663643
0.19641485275288093
0.19248826291079812
0.19944585546063265
0.19511737089201878
0.19114688128772636
0.20726232394366198
0.2077379942304429
0.2017605633802817
0.20726232394366198
0.19436619718309858
0.19335337869916128
0.21979444232965362
0.20115763071580167
0.20367421922841397
0.19554625047582797
0.21110430700142888
0.20115391142032923
0.19944585546063265
0.19838442419221208
0.20874500735757834
0.20305164319248828
0.19890687408030272
0.19739978331527627
0.18964598401218122
0.19738430583501007
0.20787188886745128
0.19187020859333215
0.19371300265360278
0.20494675369288903
0.19944515578318395
0.20956039265898424
0.20650054171180932
0.19786058120877165
0.21356873636183296
0.19890250594475947
0.2174059281059491
0.1930063137445362
0.1994445546518548
0.20369718309859156
0.2201673810981833
0.20057099352874003
0.20780065005417117
0.19436619718309858
0.21448692152917503
0.19839034205231387
0.21238465274405052
0.20301810865191147
0.20571315215235075
0.19476294386034518
0.20367421922841397
0.19086312748284578
0.19253704042436437
0.19093095156303674
0.1948356807511737
0.19890687408030272
0.19371300265360278
0.19219934994582882
0.20177192185370288
0.19112249253094324
0.19169252804965387
0.20367421922841397
0.20711838599162546
0.20175197526623156
0.19595521849042977
0.19398032027783138
0.19890453834115807
0.19837486457204767
0.20780065005417117
0.21110430700142888
0.2225722757598221
0.20239009816474607
0.19511737089201878
0.21979444232965362
0.24015076373735372
0.2137857447716603
0.20175599048838488
0.19944515578318395
0.2
0.1919517102615694
0.1968701095461659
0.20432182133899288
0.19590268886043535
0.19890958655156749
0.21197183098591552
0.2177909562638992
0.19559093692590324
0.19641485275288093
0.24100552683187737
0.19254349627174813
0.19248826291079812
0.2189270454185789
0.22184736324926302
0.19327897207808253
0.19224331496223718
0.19838442419221208
0.21809164848244394
0.1983793169978777
0.19224331496223718
0.20934025203854706
0.1968701095461659
0.1927664753955834
0.20650054171180932
0.19554625047582797
0.20864632237871678
0.20057154521330883
0.19323943661971832
0.2100352112676056
0.1960652805723228
0.19641485275288093
0.19436619718309858
0.21709702660406885
0.2201673810981833
0.21096307575180814
0.2056338028169014
0.20874500735757834
0.19476294386034518
0.1960652805723228
0.20815930063137444
0.1960652805723228
0.20944257091846857
0.19739978331527627
0.19371300265360278
0.22047670639219935
0.20238048006347947
0.2049753063837571
0.2157130281690141
0.23601939505887787
0.22173038229376257
0.20504519655244904
0.1955072205384204
0.20848505668155273
0.18979732050841636
0.1903420523138833
0.19371300265360278
0.19071612775243008
0.20301810865191147
0.21014084507042252
0.21549295774647886
0.22083735288442985
0.19598688018522092
0.20874500735757834
0.19944585546063265
0.20115099197334546
0.20780065005417117
0.20115565185987722
0.19784776072163318
0.2058185176633572
0.19091864620559176
0.2056338028169014
0.19351042966660725
0.19027590198726604
0.20175599048838488
0.1960652805723228
0.19381386357359848
0.20236480612067467
0.19698189134808852
0.1917728593784932
0.19944515578318395
0.20934025203854706
0.1948356807511737
0.20237212750185324
0.1978771177791386
0.19173708920187793
0.19371300265360278
0.20301810865191147
0.1988977342314758
0.21729446446118572
0.19688658265381764
0.20175599048838488
0.19418734630002235
0.2080482897384306
0.19371300265360278
0.19342723004694837
0.21267605633802816
0.21096307575180814
0.21096307575180814
0.1930063137445362
0.2005729291000239
0.19304861426624262
0.22083735288442985
0.2043496271748136
0.1964683624132857
0.1920583743424402
0.22902262057191636
0.22236703804919067
0.22774858103846962
0.2
0.19166831977782187
0.20238048006347947
0.1969053759174767
0.19890072140158022
0.2140845070422535
0.1994435750304295
0.21589021307331166
0.19559093692590324
0.1978682908260373
0.2151884278644842
