0.7027027027027027
0.5952380952380952
0.6341463414634146
0.6585365853658537
0.65
0.65
0.6923076923076923
0.7714285714285715
0.627906976744186
0.8387096774193549
0.7428571428571429
0.675
0.5681818181818182
0.6046511627906976
0.7027027027027027
0.675
0.6666666666666666
0.7297297297297297
0.7222222222222222
0.6136363636363636
0.7647058823529411
0.7368421052631579
0.6666666666666666
0.6666666666666666
0.7105263157894737
0.7297297297297297
0.6410256410256411
0.6410256410256411
0.6428571428571429
0.627906976744186
0.675
0.7222222222222222
0.6428571428571429
0.7027027027027027
0.7878787878787878
0.7575757575757576
0.6842105263157895
0.7027027027027027
0.7567567567567568
0.7222222222222222
0.7575757575757576
0.6585365853658537
0.6666666666666666
0.675
0.65
0.6190476190476191
0.6842105263157895
0.5813953488372093
0.6842105263157895
0.7105263157894737
0.6842105263157895
0.6923076923076923
0.8
0.7297297297297297
0.6944444444444444
0.8333333333333334
0.7428571428571429
0.6410256410256411
0.8181818181818182
0.6666666666666666
0.6585365853658537
0.6190476190476191
0.5909090909090909
0.6578947368421053
0.5777777777777777
0.6428571428571429
0.627906976744186
0.8125
0.6923076923076923
0.7878787878787878
0.65
0.8666666666666667
0.6857142857142857
0.7142857142857143
0.6666666666666666
0.5777777777777777
0.6585365853658537
0.7297297297297297
0.6428571428571429
0.6923076923076923
0.6428571428571429
0.7
0.6341463414634146
0.6585365853658537
0.7297297297297297
0.627906976744186
0.7
0.65
0.6
0.65
0.65
0.5192307692307693
0.75
0.6842105263157895
0.6097560975609756
0.7222222222222222
0.7941176470588235
0.6666666666666666
0.7297297297297297
0.6585365853658537
0.7941176470588235
0.6046511627906976
0.6578947368421053
0.5098039215686274
0.7428571428571429
0.6923076923076923
0.65
0.7105263157894737
0.7222222222222222
0.6666666666666666
0.7027027027027027
0.675
0.7142857142857143
0.627906976744186
0.574468085106383
0.6842105263157895
0.7027027027027027
0.7105263157894737
0.5531914893617021
0.6511627906976745
0.65
0.675
0.6410256410256411
0.7105263157894737
0.7352941176470589
0.6842105263157895
0.7222222222222222
0.6578947368421053
0.75
0.5909090909090909
0.6046511627906976
0.6136363636363636
0.7297297297297297
0.7647058823529411
0.6923076923076923
0.7297297297297297
0.627906976744186
0.7297297297297297
0.5909090909090909
0.6
0.6923076923076923
0.7027027027027027
0.6136363636363636
0.7027027027027027
0.6944444444444444
0.6578947368421053
0.6923076923076923
0.7027027027027027
0.65
0.75
0.7428571428571429
0.7428571428571429
0.6585365853658537
0.6842105263157895
0.7647058823529411
0.7027027027027027
0.7105263157894737
0.7222222222222222
0.65
0.6666666666666666
0.7105263157894737
0.7027027027027027
0.65
0.65
0.7297297297297297
0.65
0.7
0.7105263157894737
0.7647058823529411
0.6756756756756757
0.631578947368421
0.6578947368421053
0.7027027027027027
0.717948717948718
0.6410256410256411
0.7428571428571429
0.7105263157894737
0.7941176470588235
0.6756756756756757
0.7297297297297297
0.627906976744186
0.7714285714285715
0.7428571428571429
0.627906976744186
0.7297297297297297
0.6666666666666666
0.6428571428571429
0.7027027027027027
0.6585365853658537
0.7027027027027027
0.7428571428571429
0.65
0.6341463414634146
0.75
0.6046511627906976
0.6666666666666666
0.7714285714285715
0.7222222222222222
0.7142857142857143
0.5434782608695652
0.7105263157894737
0.7222222222222222
0.6136363636363636
0.7878787878787878
0.6190476190476191
0.7027027027027027
0.6923076923076923
0.7428571428571429
0.6578947368421053
0.6756756756756757
0.6585365853658537
0.7575757575757576
0.7647058823529411
0.7105263157894737
0.6190476190476191
0.8
0.7714285714285715
0.6923076923076923
0.65
0.6585365853658537
0.7222222222222222
0.7352941176470589
0.6
0.6756756756756757
0.7428571428571429
0.7222222222222222
0.6585365853658537
0.7222222222222222
0.6944444444444444
0.5777777777777777
0.7352941176470589
0.6428571428571429
0.675
0.7222222222222222
0.65
0.6190476190476191
0.6923076923076923
0.6585365853658537
0.6944444444444444
0.6842105263157895
0.65
0.6341463414634146
0.6136363636363636
0.6923076923076923
0.6923076923076923
0.7222222222222222
0.6
0.7027027027027027
0.7297297297297297
0.675
0.7027027027027027
0.6585365853658537
0.6666666666666666
0.7027027027027027
0.7027027027027027
0.6666666666666666
0.7222222222222222
0.75
0.7878787878787878
0.7222222222222222
0.7714285714285715
0.7027027027027027
0.5777777777777777
0.5681818181818182
0.6046511627906976
0.6666666666666666
0.6341463414634146
0.6046511627906976
0.7105263157894737
0.6829268292682927
0.8620689655172413
0.5777777777777777
0.675
0.6842105263157895
0.6666666666666666
0.6923076923076923
0.6216216216216216
0.5625
0.65
0.6046511627906976
0.6666666666666666
0.574468085106383
0.6190476190476191
0.8125
0.9285714285714286
0.7428571428571429
0.7027027027027027
0.7105263157894737
0.6428571428571429
0.7222222222222222
0.7352941176470589
0.7297297297297297
0.6578947368421053
0.6842105263157895
0.6341463414634146
0.7647058823529411
0.6756756756756757
0.6842105263157895
0.5652173913043478
0.6190476190476191
0.7142857142857143
0.7222222222222222
0.6190476190476191
0.5416666666666666
0.6136363636363636
0.6756756756756757
0.6666666666666666
0.5869565217391305
0.7647058823529411
0.7222222222222222
0.65
0.65
0.6428571428571429
0.7297297297297297
0.6190476190476191
0.6046511627906976
0.75
0.6585365853658537
0.6756756756756757
0.675
0.78125
0.7368421052631579
0.6190476190476191
0.7352941176470589
0.6923076923076923
0.7647058823529411
0.6842105263157895
0.6842105263157895
0.6666666666666666
0.7142857142857143
0.65
0.7878787878787878
0.6666666666666666
0.7027027027027027
0.6842105263157895
0.7142857142857143
0.7714285714285715
0.5531914893617021
0.8125
0.6578947368421053
0.5909090909090909
0.6
0.6136363636363636
0.7941176470588235
0.65
0.6842105263157895
0.6578947368421053
0.8125
0.7575757575757576
0.7878787878787878
0.8125
0.625
0.6046511627906976
0.574468085106383
0.7428571428571429
0.6410256410256411
0.7222222222222222
0.7714285714285715
0.6428571428571429
0.65
0.675
0.5434782608695652
0.78125
0.7297297297297297
0.7105263157894737
0.6666666666666666
0.6341463414634146
0.65
0.675
0.6923076923076923
0.7714285714285715
0.7575757575757576
0.65
0.627906976744186
0.6756756756756757
0.675
0.675
0.5952380952380952
0.6341463414634146
0.6842105263157895
0.7428571428571429
0.6756756756756757
0.5777777777777777
0.7027027027027027
0.6341463414634146
0.6428571428571429
0.78125
0.6046511627906976
0.6136363636363636
0.7297297297297297
0.7105263157894737
0.6410256410256411
0.6666666666666666
0.6046511627906976
0.5813953488372093
0.6666666666666666
0.7027027027027027
0.6046511627906976
0.7297297297297297
0.6341463414634146
0.75
0.6341463414634146
0.6046511627906976
0.6923076923076923
0.65
0.65
0.6097560975609756
0.6842105263157895
0.5531914893617021
0.65
0.625
0.7428571428571429
0.6842105263157895
0.6666666666666666
0.675
0.6842105263157895
0.7027027027027027
0.6428571428571429
0.6756756756756757
0.7105263157894737
0.5777777777777777
0.6341463414634146
0.6136363636363636
0.6666666666666666
0.6944444444444444
0.7714285714285715
0.7647058823529411
0.675
0.8125
0.6046511627906976
0.7647058823529411
0.6842105263157895
0.6410256410256411
0.6666666666666666
0.7428571428571429
0.7027027027027027
0.75
0.7941176470588235
0.6190476190476191
0.6944444444444444
0.7878787878787878
0.627906976744186
0.78125
0.6428571428571429
0.675
0.7105263157894737
0.6756756756756757
0.6341463414634146
0.6944444444444444
0.6756756756756757
0.6341463414634146
0.7142857142857143
0.6666666666666666
0.5652173913043478
0.6756756756756757
0.6756756756756757
0.6428571428571429
0.7352941176470589
0.7222222222222222
0.7027027027027027
0.6842105263157895
0.6842105263157895
0.6842105263157895
0.6842105263157895
0.6944444444444444
0.6341463414634146
0.5681818181818182
0.7297297297297297
0.54
0.6585365853658537
0.6666666666666666
0.574468085106383
0.6428571428571429
0.6923076923076923
0.7027027027027027
0.7352941176470589
0.7105263157894737
0.6842105263157895
0.5813953488372093
0.675
0.6585365853658537
0.7878787878787878
0.7027027027027027
0.6511627906976745
0.6046511627906976
0.6923076923076923
0.6428571428571429
0.7027027027027027
0.5909090909090909
0.6046511627906976
0.7027027027027027
0.7428571428571429
0.7647058823529411
0.8571428571428571
0.7428571428571429
0.7222222222222222
0.6341463414634146
0.7027027027027027
0.7647058823529411
0.7878787878787878
