0.7438504265026781
0.7276582027375522
0.740254909740131
0.7396349930569331
0.7663658004364213
0.7436520531640547
0.7521325133902004
0.7606625669510018
0.7627454870065463
0.736634596310256
0.7427097798055942
0.7546121801229915
0.7744991073199762
0.7262447926998612
0.7442471731799247
0.7608609402896251
0.7444455465185478
0.7271870660583217
0.7570918468557826
0.7506199166831978
0.7387671097004563
0.7538186867684983
0.7245090259869075
0.7224756992660186
0.7415443364411822
0.7439496131719896
0.7736808172981552
0.7521821067248563
0.7366593929775838
0.7637869470343186
0.7389406863717516
0.7398829597302122
0.7469996032533228
0.7432553064868083
0.7652499504066653
0.7445447331878595
0.7438256298353503
0.7393374330489981
0.77065562388415
0.7592739535806388
0.7496776433247372
0.7284021027573894
0.7541658401110891
0.737155326324142
0.7448918865304502
0.756124776829994
0.7387175163658004
0.7701844872049196
0.7226988692719699
0.7326175362031343
0.742213846459036
0.7474459432652252
0.7475699266018647
0.7536699067645309
0.7655971037492562
0.746379686570125
0.7329646895457251
0.7453878198770085
0.7578357468756199
0.7375768696687166
0.7445695298551875
0.7468260265820273
0.7477930966078159
0.7441975798452688
0.749727236659393
0.7198224558619322
0.7468508232493554
0.7384943463598492
0.7453134298750248
0.7278317794088475
0.7272118627256496
0.7461565165641738
0.756149573497322
0.7200952192025392
0.7653243404086492
0.7291707994445548
0.7454126165443364
0.7509422733584606
0.7387175163658004
0.7442471731799245
0.7464788732394365
0.752504463400119
0.7330638762150368
0.7576869668716525
0.7646548303907955
0.7398085697282285
0.7475947232691926
0.7420650664550685
0.736064272961714
0.7473715532632415
0.738816703035112
0.745263836540369
0.7343037095814323
0.7419658797857569
0.75557925014878
0.7464788732394366
0.7523556833961516
0.7355931362824836
0.7474707399325531
0.75557925014878
0.7375520730013886
0.753645110097203
0.7543642134497123
0.7351715929379091
0.751958936718905
0.7619271969847252
0.7515621900416585
0.7437512398333664
0.7681759571513588
0.7486609799642927
0.7524548700654633
0.7335350128942669
0.7415691331085101
0.7518349533822655
0.7449166831977782
0.7516365800436422
0.732419162864511
0.7300138861337038
0.751958936718905
0.732741519539774
0.7525044634001191
0.7503223566752629
0.7495784566554256
0.7289476294386035
0.7602410236064274
0.7432305098194804
0.7411971830985916
0.7491817099781789
0.7465532632414204
0.7380480063479469
0.7637869470343186
0.7645556437214839
0.7395853997222773
0.7459085498908946
0.7644316603848443
0.748884149970244
0.7416931164451499
0.7462061098988296
0.7476939099385044
0.746950009918667
0.7381471930172585
0.7402301130728031
0.7293443761158501
0.7221533425907559
0.7421642531243801
0.7519093433842492
0.7471731799246182
0.7494048799841302
0.737700853005356
0.757017456853799
0.7431065264828407
0.7633902003570721
0.7471235865899623
0.7533723467565959
0.7519837333862329
0.7376264630033724
0.7480906566157509
0.7590259869073597
0.7544881967863519
0.7455118032136481
0.7106228922832771
0.7420402697877405
0.7476195199365205
0.7481650466177346
0.7263439793691728
0.7492065066455069
0.74109799642928
0.7471979765919462
0.7433296964887919
0.7529260067446937
0.7619024003173974
0.73718012299147
0.7519589367189051
0.7485121999603254
0.7557776234874033
0.7436272564967268
0.7477930966078159
0.7430817298155128
0.7470739932553065
0.7287244594326523
0.7579597302122595
0.7483634199563579
0.7430569331481849
0.743900019837334
0.7619767903193811
0.7347252529260068
0.7445447331878595
0.7558024201547312
0.7476939099385043
0.731848839515969
0.7797064074588376
0.7470739932553065
0.7451150565364015
0.7476195199365205
0.7469004165840111
0.760340210275739
0.7503719500099186
0.7785409640944259
0.7265423527077961
0.7374032929974212
0.7443215631819085
0.7660434437611585
0.7242114659789725
0.7487353699662764
0.7699117238643127
0.7423130331283475
0.760588176949018
0.7291955961118826
0.7851864709383058
0.7554056734774847
0.75391787343781
0.7207399325530649
0.7571166435231105
0.7521821067248563
0.7873189843285062
0.7541410434437611
0.7637621503669907
0.7294187661178338
0.7414203531045428
0.7479170799444554
0.7146151557230709
0.7345764729220393
0.751686173378298
0.7326919262051181
0.7307329894862131
0.7459085498908947
0.7473467565959134
0.7418666931164452
0.7281541360841104
0.7458837532235668
0.7456605832176154
0.7547609601269589
0.7268151160484031
0.7276582027375521
0.7276086094028963
0.7500247966673279
0.7467516365800437
0.7377752430073399
0.7496280499900814
0.7308321761555248
0.7540170601071217
0.7530251934140052
0.7746974806585996
0.7408500297560008
0.7496776433247372
0.7294435627851616
0.7443215631819083
0.7375272763340608
0.7377504463400119
0.7306338028169014
0.7401557230708193
0.7472475699266019
0.7612080936322159
0.7271622693909939
0.7387919063677841
0.775119024003174
0.736907359650863
0.7164253124380084
0.7069777821860741
0.7454870065463203
0.765944257091847
0.730460226145606
0.7504959333465582
0.7575381868676849
0.7426849831382663
0.7302122594723269
0.7299642927990478
0.7642084903788932
0.7497024399920651
0.7451398532037294
0.7363866296369769
0.7453382265423527
0.7305594128149178
0.7588772069033922
0.7582572902201944
0.7349980162666139
0.7446439198571713
0.7574390001983734
0.7576373735369967
0.7394366197183099
0.7418418964491174
0.7487849633009322
0.7375520730013887
0.7375520730013885
0.7181610791509621
0.7197232691926205
0.7426601864709383
0.7534219400912517
0.7128297956754612
0.7444703431858758
0.7422634397936918
0.7414699464391986
0.7435032731600872
0.7443215631819085
0.7567694901805198
0.7531491767506446
0.7505951200158698
0.7362626463003372
0.7432801031541361
0.7290468161079151
0.7404532830787541
0.7674568537988494
0.7624727236659393
0.7514382067050188
0.7373289029954373
0.7570422535211268
0.7437760365006942
0.7548601467962707
0.7471979765919461
0.7423874231303313
0.756124776829994
0.7548353501289428
0.7639109303709581
0.7407260464193612
0.7540418567744495
0.733287046220988
0.7450654632017457
0.741048403094624
0.7352955762745488
0.7188801825034715
0.7368577663162073
0.765597103749256
0.7645060503868281
0.7516365800436421
0.7474211465978973
0.7510166633604443
0.7440487998413015
0.7713747272366595
0.7297907161277525
0.7458837532235668
0.7490825233088673
0.7400317397341797
0.7461317198968459
0.7473467565959135
0.751909343384249
0.7352707796072209
0.7262943860345169
0.7386431263638168
0.7328655028764135
0.7243850426502679
0.7614064669708392
0.751934140051577
0.7653987304106329
0.7434040864907756
0.7349732195992859
0.7375520730013886
0.7479170799444554
0.7196984725252926
0.7379736163459631
0.7426353898036104
0.7544386034516961
0.7545129934536798
0.7512894267010514
0.7252529260067446
0.7629438603451697
0.7270878793890102
0.7791856774449515
0.7212854592342791
0.7361386629636977
0.7465284665740926
0.7426849831382663
0.7592739535806388
0.761406466970839
0.7172683991271573
0.7513390200357072
0.7427345764729221
0.730509819480262
0.75166137671097
0.733807776234874
0.7453134298750249
0.7345764729220393
0.7301626661376711
0.7386431263638167
0.751115850029756
0.7398581630628844
0.7276334060702242
0.7482642332870463
0.7647788137274351
0.7360890696290419
0.7508678833564769
0.7407260464193612
0.7331878595516763
0.7335598095615949
0.7605385836143623
0.7476691132711764
0.7707052172188059
0.7345516762547113
0.7477930966078161
0.7473963499305692
0.7307825828208688
0.7452638365403691
0.7593731402499504
0.728228526086094
0.753074786748661
0.7559759968260268
0.7602906169410831
0.7381471930172585
0.769539773854394
0.7499008133306884
0.7358163062884349
0.7563727435032732
0.739932553064868
0.752802023408054
0.7456109898829597
0.7181610791509622
0.7388910930370958
0.7551329101368776
0.7217317992461815
0.7484626066256694
0.772341797262448
0.741618726443166
0.74833862328903
0.7460325332275343
0.7294683594524897
0.7306833961515571
0.734402896250744
0.7497768299940488
0.750843086689149
0.7485617932949812
0.7629190636778417
0.7584804602261457
0.7334854195596112
0.7648532037294188
0.749429676651458
0.7478426899424718
0.7263191827018449
0.7355931362824837
0.7560007934933545
0.7456853798849435
0.7349980162666138
0.7642084903788932
0.7297163261257686
0.7339317595715136
0.7651507637373538
0.7626215036699068
0.7465780599087483
0.7588524102360643
0.7542650267804006
0.7447926998611386
0.748611386629637
0.7201200158698671
0.7318984328506248
0.7470491965879786
0.7473963499305694
0.7597450902598691
0.7664153937710771
0.773730410632811
0.7261704026978772
0.750272763340607
0.7612328902995438
0.7428089664749059
0.7481650466177346
0.7454374132116643
0.7581333068835548
0.7534715334259074
0.7425114064669709
0.7511902400317398
0.7523060900614957
0.7577117635389803
0.7501487800039675
0.7461813132315017
0.7546865701249752
0.7387175163658004
0.7409988097599683
0.7504215433445746
0.7490081333068835
0.7585300535608015
0.7347252529260068
0.7292451894465384
0.7218061892481651
0.7503223566752628
0.748041063281095
0.7462309065661575
0.7579845268795874
0.7467268399127157
0.7608361436222972
0.747495536599881
0.7451398532037294
0.7615056536401508
0.7590507835746877
0.7358658996230907
0.7407756397540171
0.7555544534814521
0.7162021424320572
0.7353451696092046
0.7356427296171395
0.7705316405475104
0.7303114461416386
0.7205663558817695
0.7388414997024401
0.7526036500694306
0.7529756000793494
0.7388167030351122
0.7378496330093236
0.7517605633802817
0.722649275937314
0.7540666534417775
0.7365850029756001
0.7361882562983535
0.7494792699861139
