0.4894366197183099
0.5299295774647887
0.48063380281690143
0.5105633802816901
0.5123239436619719
0.47887323943661975
0.4630281690140845
0.4894366197183099
0.5035211267605634
0.5140845070422535
0.4330985915492958
0.5369718309859155
0.4735915492957746
0.4894366197183099
0.4894366197183099
0.49471830985915494
0.48591549295774644
0.48767605633802813
0.5352112676056339
0.4823943661971831
0.5387323943661972
0.5105633802816901
0.522887323943662
0.49471830985915494
0.5334507042253521
0.47183098591549294
0.551056338028169
0.5669014084507042
0.48767605633802813
0.5475352112676056
0.4947183098591549
0.5193661971830986
0.471830985915493
0.5140845070422535
0.522887323943662
0.4683098591549296
0.5176056338028169
0.5070422535211268
0.5070422535211268
0.5299295774647886
0.5264084507042254
0.4911971830985915
0.4859154929577465
0.5475352112676056
0.48591549295774644
0.5334507042253521
0.5211267605633804
0.5158450704225352
0.5105633802816901
0.5633802816901408
0.5035211267605634
0.4630281690140845
0.5035211267605634
0.4735915492957746
0.4683098591549296
0.5580985915492959
0.4911971830985915
0.47887323943661975
0.5017605633802816
0.47711267605633806
0.49295774647887325
0.5176056338028169
0.448943661971831
0.49471830985915494
0.4735915492957747
0.48767605633802813
0.5404929577464789
0.4683098591549296
0.5475352112676056
0.5352112676056339
0.5334507042253521
0.5070422535211268
0.5387323943661971
0.5105633802816901
0.4612676056338028
0.477112676056338
0.46654929577464793
0.4876760563380282
0.5264084507042254
0.47887323943661975
0.5017605633802816
0.4454225352112676
0.5158450704225352
0.4700704225352112
0.48591549295774644
0.46126760563380287
0.4859154929577465
0.47535211267605637
0.5211267605633804
0.45774647887323944
0.5352112676056339
0.5088028169014085
0.5140845070422535
0.5211267605633803
0.47887323943661975
0.47711267605633806
0.47007042253521125
0.5193661971830986
0.46830985915492956
0.49823943661971826
0.5017605633802816
0.5633802816901409
0.5140845070422535
0.48063380281690143
0.540492957746479
0.5088028169014084
0.44014084507042256
0.5105633802816901
0.5017605633802816
0.477112676056338
0.505281690140845
0.5422535211267606
0.5211267605633803
0.5035211267605635
0.5070422535211268
0.49295774647887325
0.4911971830985915
0.5140845070422535
0.5246478873239436
0.5352112676056339
0.5158450704225352
0.47007042253521125
0.5035211267605634
0.5
0.5334507042253521
0.5105633802816901
0.47887323943661975
0.4683098591549296
0.4823943661971831
0.47183098591549294
0.48415492957746475
0.49471830985915494
0.5105633802816901
0.49471830985915494
0.5140845070422535
0.47887323943661975
0.49471830985915494
0.5158450704225352
0.573943661971831
0.5352112676056339
0.5123239436619719
0.5246478873239436
0.4859154929577465
0.5246478873239437
0.5246478873239436
0.47711267605633806
0.4876760563380282
0.5422535211267606
0.5211267605633803
0.5422535211267605
0.49471830985915494
0.5123239436619719
0.5105633802816901
0.5035211267605634
0.4964788732394366
0.477112676056338
0.5017605633802816
0.4911971830985915
0.4683098591549296
0.47887323943661975
0.44366197183098594
0.477112676056338
0.5017605633802816
0.4841549295774648
0.5211267605633803
0.4964788732394366
0.5140845070422535
0.4507042253521127
0.4876760563380282
0.5422535211267606
0.48239436619718307
0.49471830985915494
0.45422535211267606
0.5193661971830986
0.4894366197183099
0.5369718309859156
0.4454225352112676
0.49823943661971826
0.4859154929577465
0.5035211267605634
0.4823943661971831
0.5140845070422535
0.4665492957746479
0.4612676056338028
0.5299295774647887
0.505281690140845
0.4859154929577465
0.5140845070422535
0.5052816901408451
0.533450704225352
0.4823943661971831
0.528169014084507
0.4348591549295774
0.5140845070422535
0.5
0.5264084507042253
0.517605633802817
0.528169014084507
0.4964788732394366
0.5211267605633804
0.5123239436619719
0.4665492957746479
0.5598591549295775
0.517605633802817
0.505281690140845
0.48591549295774644
0.5334507042253521
0.46478873239436624
0.5352112676056339
0.4947183098591549
0.46126760563380287
0.4859154929577465
0.5017605633802816
0.471830985915493
0.48767605633802813
0.4630281690140845
0.5211267605633803
0.5369718309859156
0.505281690140845
0.4964788732394366
0.4876760563380282
0.5440140845070424
0.49471830985915494
0.4859154929577465
0.47711267605633806
0.477112676056338
0.5387323943661972
0.5140845070422535
0.4735915492957746
0.49295774647887325
0.5193661971830986
0.5510563380281691
0.4894366197183098
0.5422535211267605
0.49471830985915494
0.4735915492957747
0.47007042253521125
0.471830985915493
0.5017605633802817
0.5246478873239437
0.4665492957746479
0.47535211267605637
0.4964788732394366
0.5352112676056339
0.545774647887324
0.4630281690140845
0.4630281690140845
0.4911971830985915
0.4964788732394366
0.4841549295774648
0.49295774647887325
0.5088028169014085
0.5475352112676056
0.4806338028169014
0.4823943661971831
0.5017605633802816
0.4964788732394366
0.5140845070422535
0.4911971830985915
0.5
0.5088028169014084
0.4577464788732395
0.4735915492957746
0.5264084507042254
0.5105633802816901
0.46126760563380287
0.47711267605633806
0.5369718309859155
0.49823943661971826
0.5246478873239436
0.4630281690140845
0.5105633802816901
0.5299295774647887
0.5404929577464788
0.5
0.47183098591549294
0.5246478873239436
0.5193661971830985
0.5211267605633803
0.5158450704225351
0.5369718309859156
0.5
0.4894366197183099
0.47183098591549294
0.44366197183098594
0.4823943661971831
0.4964788732394366
0.5158450704225352
0.5088028169014085
0.5088028169014084
0.522887323943662
0.5070422535211268
0.5140845070422535
0.46830985915492956
0.4911971830985915
0.5545774647887324
0.545774647887324
0.4964788732394366
0.49295774647887325
0.5035211267605634
0.505281690140845
0.5052816901408451
0.49295774647887325
0.5158450704225351
0.4595070422535211
0.48415492957746475
0.4894366197183099
0.505281690140845
0.5369718309859155
0.5070422535211268
0.5088028169014085
0.5264084507042254
0.545774647887324
0.49647887323943657
0.5387323943661971
0.5176056338028169
0.5264084507042254
0.5369718309859155
0.5440140845070423
0.4894366197183098
0.46302816901408456
0.4630281690140845
0.5352112676056339
0.4876760563380282
0.49295774647887325
0.5070422535211268
0.4911971830985915
0.49471830985915494
0.5105633802816901
0.4366197183098592
0.505281690140845
0.5088028169014085
0.4947183098591549
0.46478873239436624
0.49295774647887325
0.47535211267605637
0.4894366197183099
0.5123239436619719
0.5035211267605634
0.44190140845070425
0.5140845070422535
0.4683098591549296
0.5334507042253521
0.5580985915492959
0.4894366197183099
0.49823943661971837
0.4823943661971831
0.5
0.5193661971830985
0.4964788732394366
0.4735915492957746
0.5017605633802816
0.5475352112676056
0.5070422535211268
0.5070422535211268
0.4612676056338028
0.5246478873239436
0.48415492957746475
0.47711267605633806
0.4647887323943662
0.46126760563380287
0.5088028169014084
0.5140845070422535
0.4823943661971831
0.5246478873239437
0.4964788732394366
0.4894366197183099
0.5140845070422535
0.5334507042253521
0.4559859154929578
0.4964788732394366
0.5140845070422535
0.5140845070422535
0.5246478873239436
0.5193661971830986
0.5510563380281691
0.522887323943662
0.5316901408450704
0.5052816901408451
0.5299295774647887
0.49295774647887325
0.5176056338028169
0.5
0.4700704225352112
0.4753521126760563
0.5035211267605634
0.5193661971830985
0.4859154929577465
0.5017605633802816
0.5140845070422535
0.5193661971830986
0.5140845070422535
0.4806338028169014
0.5105633802816901
0.5299295774647887
0.4859154929577465
0.505281690140845
0.5264084507042254
0.49295774647887325
0.48591549295774644
0.48063380281690143
0.477112676056338
0.522887323943662
0.49295774647887325
0.5228873239436619
0.47535211267605637
0.5264084507042254
0.4630281690140845
0.48591549295774644
0.5158450704225352
0.5105633802816902
0.4806338028169014
0.46126760563380287
0.5
0.49823943661971826
0.5246478873239436
0.5123239436619718
0.5316901408450704
0.4630281690140845
0.4894366197183099
0.49471830985915494
0.5246478873239436
0.471830985915493
0.5123239436619718
0.5017605633802817
0.48063380281690143
0.4947183098591549
0.5264084507042253
0.5035211267605634
0.5352112676056339
0.49823943661971837
0.49823943661971826
0.5563380281690141
0.48415492957746475
0.49999999999999994
0.522887323943662
0.477112676056338
0.5035211267605634
0.4665492957746479
0.5017605633802816
0.5088028169014084
0.5035211267605634
0.48767605633802813
0.4735915492957746
0.5140845070422535
0.4524647887323944
0.4735915492957746
0.5035211267605634
0.47007042253521125
0.5070422535211268
0.5140845070422535
0.4894366197183099
0.5140845070422535
0.48415492957746475
0.5246478873239437
0.5563380281690142
0.5598591549295775
0.4630281690140845
0.5563380281690141
0.4665492957746479
0.5
0.5281690140845071
0.5017605633802816
0.48063380281690143
0.4454225352112676
0.5035211267605634
0.5035211267605634
0.5422535211267606
0.5440140845070423
0.46478873239436624
0.4823943661971831
0.5264084507042254
0.5140845070422535
0.5387323943661971
0.471830985915493
0.5827464788732394
0.46126760563380287
0.4823943661971831
0.505281690140845
0.4876760563380282
0.48591549295774644
0.5475352112676056
0.5193661971830986
0.4454225352112676
0.5334507042253521
0.5686619718309859
0.540492957746479
0.4753521126760563
0.4964788732394366
0.48591549295774644
0.505281690140845
0.46654929577464793
0.4859154929577465
0.4894366197183099
0.4894366197183099
0.4894366197183099
0.5017605633802817
0.49823943661971826
0.5105633802816901
0.522887323943662
