0.569108201684791
0.55469767649213
0.5521598897024904
0.5771788084140751
0.5645271242749264
0.5700479004728232
0.5703836772660268
0.6037320454651841
0.56183375786155
0.6057801969578764
0.6042168627435449
0.5606104156672876
0.529956050193309
0.5534954918554046
0.5980173826518845
0.5424003670256858
0.5816421846852271
0.5725046991406048
0.5807708884046898
0.5578692229775613
0.5676178880096603
0.5657518908361191
0.5841697618068272
0.5935401391637449
0.566664152264365
0.5981142634248696
0.5881858399035693
0.5572324229983285
0.5534638586797178
0.5742965064781522
0.564474139806361
0.5971699332326752
0.589092274561476
0.5780405816438687
0.5883003874251957
0.5914447628187559
0.5573328552156238
0.5685967387624844
0.6075688978547591
0.5757425262201246
0.5870187782366354
0.5734513948768007
0.5861172430212167
0.5633497761869172
0.5896606989868637
0.5739368270016155
0.5719216428116841
0.5624862799096422
0.57556218697845
0.5718589839008312
0.57796687603912
0.5574800943864547
0.6009040782347645
0.6002174429006913
0.5433238381358071
0.6026568600048868
0.591897054948772
0.5742388863159391
0.6019912406427292
0.5816338856543338
0.5647629096478943
0.5170118437060597
0.5613351050465405
0.5860742081107235
0.5522738022808217
0.5757793161117066
0.5806922762768134
0.6107365475457085
0.5579874233877467
0.5742137303467088
0.5760757972745515
0.6139676355352636
0.5858537482164217
0.5711073874135468
0.5739796360150492
0.5392778704719015
0.5697671437956181
0.5980380836553947
0.554997616455347
0.5608355214678118
0.5426298897265064
0.5909647079357301
0.5574947552072353
0.5731114012552495
0.5905561126828616
0.5509699300763893
0.592774400274906
0.5806071272196889
0.5480112221611498
0.5646447421802745
0.5654198587531822
0.5314497490125437
0.5970340378602385
0.5681518256644119
0.571405188483139
0.5849333471553985
0.5958820077855121
0.5507293322751408
0.5908756408815906
0.5778352693900523
0.580044314601537
0.5716153753425863
0.5767727084255007
0.5420108391055152
0.5851776570692767
0.5972057762303324
0.5714393646684911
0.6057605714491242
0.5667081238387547
0.5595592766372776
0.5733685410500101
0.5713526043717039
0.5880905820074575
0.5656762841746789
0.536290732033864
0.5730497704129465
0.5683681067113497
0.582239794880129
0.5137129332464896
0.5825048936079431
0.5594892248104648
0.5840380870774118
0.5692658893939946
0.6042370830760585
0.5908136948051643
0.5822807115690636
0.5747306182261901
0.5549332688173251
0.6029834651306752
0.5080694000509369
0.5647392851948357
0.5552713101632685
0.5652163396266856
0.5675969454959671
0.5660038805450476
0.5903496470918184
0.5655761232000022
0.6002999928955126
0.5350147385760832
0.5605906273995795
0.5732328793758296
0.5760094153354327
0.544365813575671
0.5626577140489235
0.5480994135677
0.5276177624153883
0.5733641346610358
0.5828360988620678
0.5733269708648653
0.5858456394459399
0.5832009938402013
0.5743778554378036
0.555897147457592
0.5701560785378177
0.579594352115388
0.5591335217010841
0.5901821055500711
0.5793038551300671
0.5726248154177481
0.5742181305511348
0.591668575353842
0.5501348860791132
0.5461799492066863
0.5760672233262119
0.5785963273149021
0.5595240711995395
0.5451570043568102
0.5719623857025351
0.5929936717368274
0.5518936955459838
0.544258543178409
0.5570988919740575
0.5837962230710951
0.5745312728752748
0.581826152804289
0.5914102694668507
0.5825695099834365
0.595290382342214
0.5712902142684847
0.5705575215353249
0.565223085915906
0.5951902966584834
0.606709541841974
0.5651403562724673
0.5934732314258385
0.5604453693817909
0.55156900884329
0.5801197320502923
0.5546218760678401
0.5790864808860225
0.5805556004651371
0.564208079384088
0.5720490886164326
0.6051170206453156
0.5625562203100769
0.5875263114847284
0.5887895041555316
0.585640692113905
0.5650981169195274
0.5407209369041339
0.5846156429822922
0.5856904397344613
0.5548396995590072
0.5914886976293086
0.5558114838083434
0.6086135210790807
0.5464338424418758
0.5839056169899278
0.578601839345587
0.571604572084429
0.5538542607665985
0.6038669319576833
0.587175861330344
0.5737208134444872
0.578326949249309
0.5886827397573547
0.5873132361526232
0.5923140918163781
0.5721220462938489
0.5804853208639991
0.5724274478525138
0.5796113728815446
0.5535236031478761
0.5997160691042718
0.5983332974002242
0.5692007791108795
0.580472786258916
0.5590029188126382
0.5763640911509815
0.5403685619517206
0.5645505960394347
0.5444711757953113
0.5735929884600769
0.5931693596203005
0.5669230086341022
0.5567803000848519
0.5687255502678096
0.5290332890234054
0.5957871399709963
0.566595240242117
0.56775735335367
0.5662801672481111
0.5689387934087976
0.5887590404997695
0.5826268171075739
0.5539024546980383
0.5380414004521777
0.5554167445029845
0.5795960091494451
0.5888843417940657
0.5935028887635928
0.5762889908682002
0.5657228007545725
0.5865687233497086
0.5865318726869304
0.5803639623871156
0.5798835962183382
0.579428012689744
0.6024143501051196
0.5713661463064326
0.6033271614273756
0.5801213660848037
0.5437222745277238
0.5457423152439621
0.5627449792772368
0.5809084771703718
0.5536530804947211
0.5397374397074688
0.5938354282149677
0.5759371893290218
0.5969309358145187
0.5525465444742571
0.5771113222412716
0.5700682579220725
0.5917713853134826
0.5910202208310102
0.5728784600586485
0.5066045369348403
0.5849260334702935
0.5362485007256687
0.569176498142696
0.5531190539136102
0.5507488950585961
0.5922392739084198
0.6183621499407376
0.5845295402892317
0.5805064620495193
0.5917775920075955
0.5657753502732735
0.600448900009137
0.5871287776979689
0.5937979366206326
0.5782476416744033
0.5811606941100249
0.5467921442028761
0.6042247541949204
0.5627807651742596
0.5518892700908654
0.5455224781851697
0.5703413548298835
0.5690978016791021
0.5693218018234653
0.5592573565567718
0.5588513265018173
0.5415370350086698
0.6058855170698175
0.5635710717182938
0.5454496911480675
0.5906581787157589
0.5552770112601012
0.5869209191360444
0.5572983786578185
0.5668528491879177
0.5538443871475338
0.5725162525518827
0.5252158984446565
0.5986207478396842
0.584642283145334
0.5569387918459499
0.5695259463187198
0.600875147525999
0.604208768954337
0.5714811647127025
0.5820217037848736
0.575372024553401
0.58117812490621
0.6000186536825789
0.5552209915471488
0.575105909767016
0.584925632579996
0.5775957817940511
0.6036298928819004
0.5735748777141837
0.5804493915039568
0.5634692003775098
0.5599653093877893
0.5602718435674794
0.5332421319254647
0.6031293339948787
0.571410614582644
0.5682844363990531
0.5705618198554531
0.5547607612526604
0.6100045172337542
0.5736393621863071
0.547385556979596
0.5699801749791968
0.5921079482900091
0.5912739524439438
0.5820138182098833
0.6018016892824003
0.5731330963283621
0.5629749416080222
0.5515029219999952
0.5790040830897507
0.5856586337106869
0.6014082692348574
0.6056264660260098
0.5952647685431751
0.5595408305041853
0.5777550334039848
0.5317452503955501
0.600587536717431
0.5984162485978552
0.5999386824223287
0.5518857248270108
0.5630039369952695
0.5682479935535443
0.5902732330636666
0.5751837717145042
0.5978275715289525
0.5853246367432494
0.5826112629070863
0.5635550109636306
0.5720290691958037
0.5796518032992334
0.5751648805958729
0.5472787042483678
0.5550843155292222
0.5541316488112359
0.5793385215201018
0.5883282368905804
0.5598301706767211
0.5886463024081465
0.574892756713389
0.5456423099943977
0.5765119896909755
0.5625953648765272
0.5636666956278178
0.5941848465366106
0.5629377843258354
0.5793202597218614
0.570751634186411
0.5715214388979225
0.5529927331297746
0.5658333700058584
0.5872471277485988
0.535542806445856
0.5975476331699069
0.5259364023411696
0.5952389664811548
0.5693071919359347
0.5452132366162952
0.5814643690316369
0.5656800252327105
0.5783229476917723
0.5644647185804282
0.5671552323543217
0.5513973721200198
0.5633357212943922
0.5736190684057583
0.5880336124343425
0.5854193252838814
0.5692704739857574
0.5595584700584552
0.5908395269746781
0.583497265511653
0.582392653046997
0.5707623503325773
0.5720526535424307
0.547244761170383
0.5806332129530305
0.5515271224613274
0.5642347964410688
0.5745916387165779
0.5891195529162659
0.6136874829910958
0.5624079787501162
0.6193797757074412
0.5483611388712306
0.6043742833270372
0.5698308673552601
0.5751058773614288
0.5740604591281485
0.5923505101975328
0.5601864326591465
0.5842568418963681
0.6087606147389752
0.5579821970269487
0.5956372279317762
0.5907951060459211
0.5363098493702152
0.5924210237220909
0.5758079067015692
0.5682911561055511
0.5723998270474622
0.5891780431951779
0.5499126727257817
0.5467963739678484
0.5922882191368278
0.5458661107248708
0.5909883952790446
0.562211843751375
0.5567678119018925
0.5622364231050347
0.578711829362446
0.5569611240245146
0.5798747524473626
0.5943022147887138
0.5767080041924195
0.5833382932756989
0.5840401804247608
0.5761913624444349
0.5840236609116393
0.5478727609473283
0.5746115887177965
0.5421695760600208
0.5880626282499921
0.5253777923311803
0.5650572459962198
0.5656244132944289
0.5559235936566714
0.5503262943456605
0.5501318866857906
0.5669257874408953
0.5900885165756177
0.577186365190073
0.580644775750668
0.5531562926059654
0.5802927082418021
0.5780171252747717
0.5967632519946232
0.581308604683538
0.5602152222090572
0.5505176755655875
0.5776272354754659
0.5674846178443679
0.5673561397895528
0.561557998368407
0.5598508816032197
0.5865568576128928
0.5848790792731067
0.6087087407193044
0.6321188390270358
0.555478482469476
0.5945982882174128
0.5705102121662682
0.5635412304536388
0.6071686946804785
0.5908390832164914
