0.136986301369863
0.19230769230769232
0.2413793103448276
0.19117647058823528
0.19047619047619047
0.171875
0.18309859154929578
0.2037037037037037
0.2222222222222222
0.25675675675675674
0.22388059701492538
0.19718309859154928
0.18181818181818182
0.16393442622950818
0.17105263157894737
0.1375
0.2112676056338028
0.1917808219178082
0.19047619047619047
0.19696969696969696
0.2073170731707317
0.08571428571428572
0.16666666666666666
0.20512820512820512
0.2028985507246377
0.19047619047619047
0.18181818181818182
0.18461538461538463
0.2125
0.16666666666666666
0.18461538461538463
0.23809523809523808
0.12987012987012986
0.2
0.16417910447761194
0.20512820512820512
0.2222222222222222
0.2911392405063291
0.20833333333333334
0.1891891891891892
0.23076923076923078
0.2361111111111111
0.2375
0.3088235294117647
0.20967741935483872
0.288135593220339
0.23943661971830985
0.19718309859154928
0.2753623188405797
0.2125
0.09230769230769231
0.21951219512195122
0.18840579710144928
0.23529411764705882
0.16883116883116883
0.07246376811594203
0.25333333333333335
0.22077922077922077
0.21212121212121213
0.11666666666666667
0.18309859154929578
0.1875
0.23529411764705882
0.16216216216216217
0.1595744680851064
0.2222222222222222
0.2054794520547945
0.14705882352941177
0.21333333333333335
0.1935483870967742
0.2153846153846154
0.21052631578947367
0.20689655172413793
0.19230769230769232
0.19047619047619047
0.27419354838709675
0.18571428571428572
0.22535211267605634
0.21568627450980393
0.20270270270270271
0.16
0.2235294117647059
0.23333333333333334
0.17333333333333334
0.2535211267605634
0.15853658536585366
0.13333333333333333
0.1643835616438356
0.13432835820895522
0.2542372881355932
0.208955223880597
0.16923076923076924
0.2786885245901639
0.18666666666666668
0.175
0.22666666666666666
0.140625
0.15492957746478872
0.27941176470588236
0.21052631578947367
0.20270270270270271
0.1780821917808219
0.2898550724637681
0.20481927710843373
0.17105263157894737
0.14492753623188406
0.07352941176470588
0.19480519480519481
0.20512820512820512
0.17073170731707318
0.2028985507246377
0.18181818181818182
0.20833333333333334
0.26506024096385544
0.15853658536585366
0.2727272727272727
0.2714285714285714
0.15
0.23943661971830985
0.25
0.1917808219178082
0.1794871794871795
0.16901408450704225
0.2692307692307692
0.2236842105263158
0.20512820512820512
0.2
0.11428571428571428
0.18823529411764706
0.23809523809523808
0.27941176470588236
0.17391304347826086
0.20987654320987653
0.1917808219178082
0.24242424242424243
0.16666666666666666
0.16176470588235295
0.20588235294117646
0.14705882352941177
0.21052631578947367
0.16129032258064516
0.16666666666666666
0.17391304347826086
0.2125
0.21311475409836064
0.2236842105263158
0.2647058823529412
0.2441860465116279
0.20967741935483872
0.2537313432835821
0.18571428571428572
0.24285714285714285
0.27941176470588236
0.15151515151515152
0.2647058823529412
0.15
0.21052631578947367
0.17567567567567569
0.24675324675324675
0.2191780821917808
0.21176470588235294
0.21621621621621623
0.25
0.25
0.2638888888888889
0.23076923076923078
0.1625
0.19230769230769232
0.19402985074626866
0.1875
0.21951219512195122
0.20833333333333334
0.24675324675324675
0.26666666666666666
0.3125
0.1791044776119403
0.25
0.2465753424657534
0.16666666666666666
0.21052631578947367
0.2
0.18072289156626506
0.1643835616438356
0.22807017543859648
0.1780821917808219
0.2465753424657534
0.2702702702702703
0.2328767123287671
0.22413793103448276
0.22388059701492538
0.13333333333333333
0.19230769230769232
0.18666666666666668
0.19718309859154928
0.18840579710144928
0.16
0.16923076923076924
0.18309859154929578
0.15789473684210525
0.10666666666666667
0.17647058823529413
0.2463768115942029
0.1724137931034483
0.08955223880597014
0.16923076923076924
0.2191780821917808
0.22413793103448276
0.21621621621621623
0.1791044776119403
0.21875
0.12857142857142856
0.12048192771084337
0.18571428571428572
0.2537313432835821
0.29411764705882354
0.16417910447761194
0.19117647058823528
0.2558139534883721
0.2727272727272727
0.1506849315068493
0.125
0.2222222222222222
0.18571428571428572
0.24096385542168675
0.20634920634920634
0.14285714285714285
0.29896907216494845
0.24
0.19444444444444445
0.1746031746031746
0.15873015873015872
0.21794871794871795
0.19696969696969696
0.1774193548387097
0.21212121212121213
0.1780821917808219
0.15853658536585366
0.17105263157894737
0.2318840579710145
0.21212121212121213
0.2535211267605634
0.20512820512820512
0.25
0.17647058823529413
0.1951219512195122
0.14864864864864866
0.2073170731707317
0.18181818181818182
0.2153846153846154
0.13559322033898305
0.25925925925925924
0.17647058823529413
0.14492753623188406
0.203125
0.17142857142857143
0.18840579710144928
0.30985915492957744
0.1875
0.1780821917808219
0.18840579710144928
0.1724137931034483
0.25396825396825395
0.20253164556962025
0.1728395061728395
0.1506849315068493
0.2289156626506024
0.23076923076923078
0.19480519480519481
0.21428571428571427
0.17142857142857143
0.19117647058823528
0.18309859154929578
0.2191780821917808
0.16393442622950818
0.2191780821917808
0.24324324324324326
0.21839080459770116
0.19117647058823528
0.09090909090909091
0.21311475409836064
0.31746031746031744
0.1917808219178082
0.21686746987951808
0.19047619047619047
0.2
0.16901408450704225
0.20833333333333334
0.22972972972972974
0.1780821917808219
0.2676056338028169
0.25806451612903225
0.13513513513513514
0.2191780821917808
0.109375
0.0958904109589041
0.21428571428571427
0.16279069767441862
0.1791044776119403
0.225
0.22727272727272727
0.3194444444444444
0.19736842105263158
0.21176470588235294
0.15942028985507245
0.2222222222222222
0.15476190476190477
0.21518987341772153
0.17721518987341772
0.2631578947368421
0.20689655172413793
0.25675675675675674
0.20833333333333334
0.16901408450704225
0.30158730158730157
0.21518987341772153
0.2054794520547945
0.18181818181818182
0.1791044776119403
0.1643835616438356
0.12195121951219512
0.125
0.23809523809523808
0.1643835616438356
0.18666666666666668
0.23076923076923078
0.23333333333333334
0.2638888888888889
0.16129032258064516
0.1728395061728395
0.20833333333333334
0.17105263157894737
0.16216216216216217
0.1746031746031746
0.12857142857142856
0.16883116883116883
0.22535211267605634
0.1643835616438356
0.23943661971830985
0.208955223880597
0.2857142857142857
0.21951219512195122
0.19117647058823528
0.17073170731707318
0.21052631578947367
0.14705882352941177
0.24285714285714285
0.18666666666666668
0.12280701754385964
0.136986301369863
0.21621621621621623
0.19230769230769232
0.1746031746031746
0.20833333333333334
0.1791044776119403
0.17333333333333334
0.2692307692307692
0.17073170731707318
0.2191780821917808
0.16666666666666666
0.19230769230769232
0.1917808219178082
0.21052631578947367
0.2
0.21739130434782608
0.17142857142857143
0.1694915254237288
0.18309859154929578
0.26229508196721313
0.1095890410958904
0.25
0.16666666666666666
0.2318840579710145
0.18181818181818182
0.17567567567567569
0.15492957746478872
0.2571428571428571
0.15942028985507245
0.2878787878787879
0.1791044776119403
0.18181818181818182
0.21212121212121213
0.23809523809523808
0.23076923076923078
0.16981132075471697
0.15492957746478872
0.18666666666666668
0.1388888888888889
0.234375
0.273972602739726
0.20454545454545456
0.18840579710144928
0.19444444444444445
0.15873015873015872
0.15
0.25675675675675674
0.2191780821917808
0.14516129032258066
0.1917808219178082
0.21333333333333335
0.25
0.24358974358974358
0.17105263157894737
0.15584415584415584
0.21875
0.19696969696969696
0.2222222222222222
0.22388059701492538
0.14285714285714285
0.20634920634920634
0.16883116883116883
0.19672131147540983
0.34375
0.15
0.1794871794871795
0.24615384615384617
0.13846153846153847
0.21212121212121213
0.20930232558139536
0.203125
0.19402985074626866
0.1724137931034483
0.16666666666666666
0.21666666666666667
0.22058823529411764
0.2125
0.2753623188405797
0.21052631578947367
0.13432835820895522
0.15789473684210525
0.21428571428571427
0.18666666666666668
0.20967741935483872
0.2028985507246377
0.2602739726027397
0.26153846153846155
0.16216216216216217
0.17142857142857143
0.24615384615384617
0.18666666666666668
0.21333333333333335
0.13253012048192772
0.208955223880597
0.16901408450704225
0.13157894736842105
0.21311475409836064
0.1951219512195122
0.18055555555555555
0.2459016393442623
0.20238095238095238
0.25675675675675674
0.1625
0.2638888888888889
0.1095890410958904
0.1780821917808219
0.18181818181818182
0.16666666666666666
0.18571428571428572
0.24242424242424243
0.20238095238095238
0.2608695652173913
0.21739130434782608
0.14473684210526316
0.18461538461538463
0.16853932584269662
0.25757575757575757
0.1320754716981132
0.23376623376623376
0.16393442622950818
0.2597402597402597
0.14666666666666667
0.22058823529411764
0.1935483870967742
0.21428571428571427
0.171875
0.2222222222222222
0.20481927710843373
0.1728395061728395
0.25
0.23076923076923078
0.21333333333333335
0.1875
0.24242424242424243
0.2328767123287671
0.18181818181818182
0.1875
0.26666666666666666
0.1506849315068493
0.19444444444444445
0.13559322033898305
0.15942028985507245
0.1267605633802817
0.22972972972972974
0.1643835616438356
0.21333333333333335
0.1794871794871795
0.16176470588235295
0.2112676056338028
0.17073170731707318
0.04918032786885246
0.11428571428571428
