0.8123884149970245
0.7758381273556834
0.7657706804205514
0.7460325332275342
0.7848641142630429
0.7985766712953779
0.8021225947232693
0.7775738940686372
0.7727137472723665
0.7720938305891687
0.7920551477881373
0.7702340805395754
0.8096607815909542
0.7928734378099583
0.8358460622892283
0.816653441777425
0.7333118428883159
0.7855832176155525
0.7817645308470541
0.816157508430867
0.8056685181511605
0.8173973417972624
0.821439198571712
0.8351517556040468
0.8284814520928387
0.8191827018448721
0.8031144614163854
0.7685231104939496
0.7721930172584804
0.8124380083316801
0.7957746478873238
0.7702588772069034
0.8076026582027377
0.7792600674469351
0.8045774647887324
0.8605435429478278
0.8175709184685579
0.7948819678635192
0.8132067050188455
0.8447480658599483
0.8254066653441777
0.793542947827812
0.7784665740924419
0.8014034913707597
0.8296468954572506
0.7814421741717913
0.8132562983535012
0.769564570521722
0.7764332473715532
0.7593483435826226
0.7970888712557032
0.7772515373933743
0.7944604245189447
0.7406020630827217
0.7896746677246579
0.7524052767308073
0.8024201547312041
0.761183296964888
0.7964193612378495
0.7892035310454274
0.763142233683793
0.8126363816703035
0.7995189446538385
0.8207200952192026
0.7589020035707201
0.767035310454275
0.7936669311644515
0.8034120214243207
0.7762844673675858
0.8441529458440786
0.7767308073794882
0.7983039079547709
0.7662418170997818
0.7978823646101963
0.8018002380480064
0.8172733584606228
0.8098839515969054
0.7875421543344575
0.788806784368181
0.7277077960722078
0.7762100773656021
0.7764332473715533
0.7433544931561198
0.7662666137671098
0.808321761555247
0.796022614560603
0.7983535012894266
0.8007339813529062
0.7690438405078358
0.8038087681015671
0.797708787938901
0.8068587581829002
0.8060900614957349
0.7585548502281294
0.7835994842293197
0.8106030549494148
0.7696389605237057
0.7819629041856775
0.7963201745685379
0.7640349137075976
0.8142729617139456
0.782929974211466
0.7997917079944457
0.8104046816107915
0.8246131719896845
0.7817397341797262
0.790988891093037
0.7713251339020036
0.8158351517556041
0.7757637373536996
0.816678238444753
0.8042551081134697
0.8085449315611981
0.7068785955167626
0.7813181908351517
0.8192074985122
0.7963449712358659
0.7844921642531245
0.7745239039873041
0.7583068835548502
0.8081233882166237
0.814446538385241
0.8137274350327316
0.8124876016663359
0.8179924618131323
0.8229022019440587
0.7790368974409838
0.7726393572703829
0.7787145407657211
0.8368875223170007
0.8010315413608411
0.8033128347550089
0.7838970442372546
0.779284864114263
0.7759125173576672
0.7986510612973617
0.7730361039476293
0.7752182106724856
0.8177444951398533
0.7554056734774847
0.8109254116246776
0.8304155921444157
0.7895754810553464
0.7679527871454077
0.811917278317794
0.8182900218210672
0.8190091251735767
0.8049742114659789
0.8002628446736759
0.7871206109898828
0.7915592144415791
0.8097599682602659
0.8210672485617933
0.8187115651656418
0.788806784368181
0.8161079150962111
0.778243404086491
0.8073546915294585
0.8242412219797659
0.8087185082324935
0.7886828010315415
0.8092640349137076
0.7722922039277922
0.7924766911327118
0.7694405871850823
0.7793840507835748
0.8059660781590954
0.781268597500496
0.8146201150565364
0.789873041063281
0.7999404879984131
0.8192074985122
0.7952043245387821
0.8070075381868677
0.7750198373338625
0.7901706010712161
0.7814173775044634
0.7930718111485817
0.7646052370561397
0.7905673477484626
0.7690934338424916
0.7921047411227932
0.8072803015274747
0.8232741519539774
0.8075778615354096
0.7750942273358461
0.7951795278714541
0.7892283277127554
0.7873685776631622
0.8092640349137075
0.7794832374528864
0.8141985717119619
0.7871454076572109
0.8156119817496529
0.7883852410236066
0.7898730410632812
0.7658946637571911
0.8036351914302718
0.8012547113667924
0.8462358658996231
0.7751190240031739
0.8068587581829001
0.83760662566951
0.7527276334060703
0.7638117437016465
0.7847897242610593
0.8029904780797461
0.7897490577266414
0.7703828605435429
0.8116693116445151
0.7655971037492562
0.8032136480856973
0.801329101368776
0.7788137274350327
0.815016861733783
0.7616544336441182
0.7992709779805593
0.8103054949414799
0.8095615949216426
0.7756893473517159
0.8299940487998413
0.7868230509819482
0.7498264233287046
0.8199761951993653
0.8206705018845467
0.7900714144019043
0.8043047014481254
0.7987254512993455
0.8280599087482642
0.8147936917278317
0.7969152945844078
0.7796568141241816
0.8248859353302915
0.8286302320968062
0.8174221384645903
0.8031144614163856
0.7889555643721484
0.8149424717317992
0.7802271374727237
0.7565215235072406
0.8015274747073994
0.7890051577068042
0.7950803412021425
0.783227534219401
0.7718706605832175
0.7854592342789128
0.7395606030549494
0.7425609998016267
0.7647292203927792
0.8277871454076572
0.7973120412616544
0.829845268795874
0.7884844276929182
0.7654731204126166
0.8076522515373934
0.778169014084507
0.8000892680023804
0.8176949018051974
0.7747718706605833
0.8118428883158104
0.8341102955762746
0.7834507042253521
0.7931462011505654
0.8034368180916485
0.7454870065463202
0.8295973021225949
0.7877157310057529
0.821439198571712
0.7772019440587185
0.7967417179131125
0.7973616345963103
0.807181114858163
0.7978079746082126
0.7946340011902399
0.8217863519143026
0.8037591747669114
0.7601418369371157
0.8166534417774252
0.7984030946240825
0.785161674270978
0.7842194009125174
0.7513638167030352
0.7587532235667526
0.8274647887323943
0.7770035707200952
0.8148432850624876
0.7847649275937314
0.803288038087681
0.808321761555247
0.8189595318389209
0.7750942273358461
0.7931214044832375
0.7841946042451895
0.7543394167823845
0.7994197579845269
0.8001388613370363
0.7796816107915095
0.7647540170601071
0.7547609601269588
0.8061396548303909
0.7872941876611783
0.7967169212457845
0.8015026780400715
0.7947827811942074
0.7762100773656021
0.7509422733584606
0.8091896449117238
0.787690934338425
0.791336044435628
0.8025689347351717
0.7929974211465979
0.7861783376314223
0.774846260662567
0.7992709779805593
0.8146449117238642
0.811123784963301
0.7808718508232494
0.8084953382265424
0.7889307677048205
0.8173477484626066
0.8098839515969054
0.7728129339416782
0.8015522713747272
0.8403590557429081
0.7968657012497522
0.803312834755009
0.7963945645705217
0.775962110692323
0.8424915691331085
0.8110741916286451
0.8072555048601466
0.7911624677643324
0.7682255504860147
0.8217367585796469
0.8117684983138268
0.8031392580837136
0.7761852806982742
0.779036897440984
0.8008827613568736
0.8014282880380877
0.7992461813132316
0.8086937115651657
0.7997917079944457
0.7959730212259474
0.7880876810156716
0.7929230311446142
0.7979319579448522
0.7991469946439199
0.8143721483832573
0.7970888712557033
0.7984526879587384
0.8022961713945647
0.785434437611585
0.76899424717318
0.8175461218012299
0.7710771672287244
0.7923031144614164
0.8014778813727435
0.8177444951398531
0.8267456853798849
0.8335895655623884
0.7807726641539379
0.8126115850029758
0.8134050783574688
0.8159591350922436
0.8074290815314421
0.7994693513191827
0.758951596905376
0.8438305891688157
0.7705068438801824
0.7555048601467962
0.8059412814917675
0.807181114858163
0.8073050981948027
0.7885588176949018
0.8170005951200158
0.7625719103352508
0.8307379488196787
0.7959234278912914
0.7480162666137671
0.780673477484626
0.7504215433445744
0.7570422535211268
0.7807230708192818
0.8220343185875819
0.764233287046221
0.7830539575481055
0.7923031144614163
0.7455118032136482
0.8010067446935132
0.7835746875619918
0.7995685379884944
0.7892779210474112
0.7666633604443561
0.7967665145804405
0.7893027177147391
0.8175213251339021
0.7666881571116841
0.7629934536798255
0.7790864907756397
0.7830043642134497
0.7840706209085498
0.8028416980757788
0.7869222376512597
0.8160831184288831
0.7777474707399324
0.7553808768101568
0.7930966078159095
0.7543642134497125
0.8082721682205912
0.800238048006348
0.8138018250347153
0.7655227137472723
0.819777821860742
0.7519837333862328
0.8215631819083515
0.8340607022416188
0.790195397738544
0.7650019837333862
0.8207944852211864
0.7690686371751636
0.7844425709184687
0.818091648482444
0.8384249156913312
0.774871057329895
0.8365899623090657
0.8175957151358857
0.7832523308867289
0.7677296171394564
0.8127107716722872
0.8196290418567744
0.8156119817496529
0.805569331481849
0.7488097599682603
0.8080737948819678
0.8066851815116048
0.8000892680023806
0.7662666137671097
0.8230013886133705
0.7830291608807778
0.8137026383654037
0.777375520730014
0.7543642134497124
0.7900466177345765
0.7976343979369173
0.8041559214441578
0.7844921642531243
0.8125619916683199
0.7766564173775045
0.8035855980956159
0.8227782186074192
0.8342094822455861
0.7995685379884944
0.7827563975401706
0.7739535806387621
0.7920055544534816
0.8086689148978378
0.8447480658599483
0.7819133108510217
0.8260513786947035
0.7999156913310851
0.7707300138861337
0.8191579051775442
0.8299940487998413
0.807726641539377
0.7936421344971236
0.7789873041063281
0.7621007736560207
0.8072307081928187
0.7548105534616147
0.8142233683792897
0.8109750049593335
0.7959978178932752
0.7900466177345765
0.787641341003769
0.8074042848641143
0.8115453283078754
0.8136778416980758
0.7870710176552271
0.8069331481848838
0.7997917079944455
0.7783921840904582
0.8071315215235073
0.8087928982344772
0.7664153937710771
0.8261009720293593
0.7924023011307282
0.7611089069629042
0.8121156516564174
0.81137175163658
0.779582424122198
0.8004860146796271
0.801056338028169
0.7894019043840509
0.7746726839912715
0.8063628248363418
0.7987750446340012
0.8210920452291213
0.819480261852807
0.8000396746677247
