0.38028169014084506
0.36971830985915494
0.3732394366197183
0.43309859154929575
0.36971830985915494
0.41901408450704225
0.3732394366197183
0.3415492957746479
0.38028169014084506
0.3767605633802817
0.35563380281690143
0.36971830985915494
0.426056338028169
0.36619718309859156
0.323943661971831
0.3485915492957746
0.3591549295774648
0.36619718309859156
0.38028169014084506
0.4225352112676056
0.3873239436619718
0.36971830985915494
0.35563380281690143
0.41901408450704225
0.36971830985915494
0.3873239436619718
0.4154929577464789
0.3767605633802817
0.3873239436619718
0.3485915492957746
0.426056338028169
0.3380281690140845
0.3591549295774648
0.36971830985915494
0.29577464788732394
0.3767605633802817
0.3732394366197183
0.3591549295774648
0.35563380281690143
0.4084507042253521
0.39436619718309857
0.3873239436619718
0.4014084507042254
0.3767605633802817
0.38380281690140844
0.352112676056338
0.3873239436619718
0.38028169014084506
0.3767605633802817
0.3485915492957746
0.3591549295774648
0.3485915492957746
0.40492957746478875
0.352112676056338
0.352112676056338
0.3767605633802817
0.4119718309859155
0.3345070422535211
0.3908450704225352
0.3591549295774648
0.36971830985915494
0.43309859154929575
0.3626760563380282
0.4154929577464789
0.36619718309859156
0.38028169014084506
0.4225352112676056
0.323943661971831
0.30633802816901406
0.38028169014084506
0.36971830985915494
0.38380281690140844
0.34507042253521125
0.4295774647887324
0.4014084507042254
0.2887323943661972
0.3732394366197183
0.3591549295774648
0.40492957746478875
0.33098591549295775
0.352112676056338
0.352112676056338
0.3732394366197183
0.352112676056338
0.3873239436619718
0.38380281690140844
0.35563380281690143
0.3767605633802817
0.397887323943662
0.36619718309859156
0.3626760563380282
0.3873239436619718
0.3345070422535211
0.4084507042253521
0.40492957746478875
0.3591549295774648
0.39436619718309857
0.35563380281690143
0.33098591549295775
0.3204225352112676
0.352112676056338
0.36619718309859156
0.36619718309859156
0.36619718309859156
0.3345070422535211
0.3767605633802817
0.3767605633802817
0.40492957746478875
0.3732394366197183
0.40492957746478875
0.38380281690140844
0.352112676056338
0.3873239436619718
0.4084507042253521
0.3873239436619718
0.38380281690140844
0.40492957746478875
0.3591549295774648
0.3626760563380282
0.3767605633802817
0.38028169014084506
0.352112676056338
0.38380281690140844
0.3626760563380282
0.35563380281690143
0.38380281690140844
0.39436619718309857
0.38380281690140844
0.3274647887323944
0.3732394366197183
0.3591549295774648
0.397887323943662
0.36619718309859156
0.38380281690140844
0.41901408450704225
0.34507042253521125
0.36971830985915494
0.38028169014084506
0.33098591549295775
0.38028169014084506
0.3767605633802817
0.3485915492957746
0.352112676056338
0.35563380281690143
0.4119718309859155
0.36619718309859156
0.34507042253521125
0.3908450704225352
0.3767605633802817
0.3626760563380282
0.3380281690140845
0.4084507042253521
0.39436619718309857
0.3415492957746479
0.36971830985915494
0.3908450704225352
0.352112676056338
0.39436619718309857
0.352112676056338
0.38380281690140844
0.4154929577464789
0.397887323943662
0.3767605633802817
0.3380281690140845
0.397887323943662
0.36971830985915494
0.3415492957746479
0.35563380281690143
0.41901408450704225
0.40492957746478875
0.3767605633802817
0.352112676056338
0.397887323943662
0.38380281690140844
0.3626760563380282
0.397887323943662
0.36971830985915494
0.4154929577464789
0.3485915492957746
0.3767605633802817
0.3908450704225352
0.4014084507042254
0.3732394366197183
0.4014084507042254
0.36971830985915494
0.3626760563380282
0.3873239436619718
0.3415492957746479
0.3767605633802817
0.41901408450704225
0.36619718309859156
0.31690140845070425
0.352112676056338
0.38380281690140844
0.4154929577464789
0.4014084507042254
0.4014084507042254
0.36619718309859156
0.34507042253521125
0.3485915492957746
0.34507042253521125
0.3204225352112676
0.43661971830985913
0.3732394366197183
0.3767605633802817
0.3908450704225352
0.3485915492957746
0.36971830985915494
0.352112676056338
0.3380281690140845
0.397887323943662
0.3380281690140845
0.3626760563380282
0.35563380281690143
0.397887323943662
0.3626760563380282
0.4014084507042254
0.352112676056338
0.3873239436619718
0.3626760563380282
0.43661971830985913
0.3626760563380282
0.3626760563380282
0.4225352112676056
0.4471830985915493
0.35563380281690143
0.36971830985915494
0.4084507042253521
0.38028169014084506
0.40492957746478875
0.3873239436619718
0.352112676056338
0.3908450704225352
0.38380281690140844
0.33098591549295775
0.39436619718309857
0.3626760563380282
0.3732394366197183
0.397887323943662
0.4014084507042254
0.35563380281690143
0.352112676056338
0.3732394366197183
0.3908450704225352
0.38380281690140844
0.36971830985915494
0.44014084507042256
0.3485915492957746
0.3591549295774648
0.38028169014084506
0.35563380281690143
0.3415492957746479
0.3415492957746479
0.35563380281690143
0.4225352112676056
0.3415492957746479
0.3732394366197183
0.38380281690140844
0.29577464788732394
0.3908450704225352
0.34507042253521125
0.3732394366197183
0.4647887323943662
0.397887323943662
0.39436619718309857
0.46830985915492956
0.39436619718309857
0.3380281690140845
0.38028169014084506
0.4014084507042254
0.38028169014084506
0.36619718309859156
0.3908450704225352
0.3274647887323944
0.3591549295774648
0.397887323943662
0.38380281690140844
0.4014084507042254
0.352112676056338
0.41901408450704225
0.38380281690140844
0.4014084507042254
0.3274647887323944
0.38028169014084506
0.38380281690140844
0.38380281690140844
0.3415492957746479
0.3345070422535211
0.38028169014084506
0.3626760563380282
0.38028169014084506
0.3591549295774648
0.3908450704225352
0.4154929577464789
0.3767605633802817
0.3732394366197183
0.36971830985915494
0.3908450704225352
0.3873239436619718
0.352112676056338
0.3767605633802817
0.3908450704225352
0.3274647887323944
0.4014084507042254
0.3873239436619718
0.35563380281690143
0.38380281690140844
0.3380281690140845
0.3767605633802817
0.3345070422535211
0.3591549295774648
0.3767605633802817
0.36619718309859156
0.3626760563380282
0.3732394366197183
0.3626760563380282
0.3274647887323944
0.4154929577464789
0.4154929577464789
0.4119718309859155
0.4295774647887324
0.4014084507042254
0.3415492957746479
0.39436619718309857
0.3873239436619718
0.397887323943662
0.40492957746478875
0.3626760563380282
0.40492957746478875
0.34507042253521125
0.4084507042253521
0.36971830985915494
0.41901408450704225
0.33098591549295775
0.36619718309859156
0.38380281690140844
0.3873239436619718
0.39436619718309857
0.3873239436619718
0.3274647887323944
0.36971830985915494
0.40492957746478875
0.3908450704225352
0.38028169014084506
0.47183098591549294
0.30985915492957744
0.3380281690140845
0.3591549295774648
0.352112676056338
0.397887323943662
0.4084507042253521
0.35563380281690143
0.3626760563380282
0.36971830985915494
0.35563380281690143
0.3873239436619718
0.31690140845070425
0.3908450704225352
0.4225352112676056
0.3908450704225352
0.3485915492957746
0.4119718309859155
0.4084507042253521
0.3908450704225352
0.3274647887323944
0.4084507042253521
0.3732394366197183
0.3873239436619718
0.3873239436619718
0.3732394366197183
0.38380281690140844
0.4119718309859155
0.3873239436619718
0.36971830985915494
0.35563380281690143
0.39436619718309857
0.31338028169014087
0.3626760563380282
0.3873239436619718
0.4014084507042254
0.40492957746478875
0.3415492957746479
0.3626760563380282
0.3485915492957746
0.36971830985915494
0.3591549295774648
0.34507042253521125
0.397887323943662
0.3908450704225352
0.426056338028169
0.397887323943662
0.34507042253521125
0.352112676056338
0.352112676056338
0.36619718309859156
0.44014084507042256
0.36971830985915494
0.4084507042253521
0.38380281690140844
0.3485915492957746
0.3767605633802817
0.3380281690140845
0.3591549295774648
0.35563380281690143
0.3767605633802817
0.38028169014084506
0.39436619718309857
0.4119718309859155
0.36971830985915494
0.3732394366197183
0.3873239436619718
0.4014084507042254
0.36971830985915494
0.3873239436619718
0.3873239436619718
0.36971830985915494
0.3732394366197183
0.30985915492957744
0.3626760563380282
0.43309859154929575
0.323943661971831
0.3732394366197183
0.4014084507042254
0.3732394366197183
0.3626760563380282
0.36971830985915494
0.323943661971831
0.39436619718309857
0.426056338028169
0.3732394366197183
0.39436619718309857
0.3732394366197183
0.3415492957746479
0.3485915492957746
0.3873239436619718
0.39436619718309857
0.36619718309859156
0.3380281690140845
0.3767605633802817
0.43661971830985913
0.3345070422535211
0.3380281690140845
0.36971830985915494
0.41901408450704225
0.3591549295774648
0.3732394366197183
0.4014084507042254
0.36619718309859156
0.3591549295774648
0.4014084507042254
0.3415492957746479
0.44014084507042256
0.35563380281690143
0.4084507042253521
0.35563380281690143
0.3767605633802817
0.38380281690140844
0.3380281690140845
0.3908450704225352
0.397887323943662
0.40492957746478875
0.36619718309859156
0.38380281690140844
0.3908450704225352
0.3873239436619718
0.41901408450704225
0.4295774647887324
0.4084507042253521
0.3732394366197183
0.3732394366197183
0.36619718309859156
0.3908450704225352
0.3485915492957746
0.3591549295774648
0.3591549295774648
0.35563380281690143
0.38028169014084506
0.397887323943662
0.4471830985915493
0.3380281690140845
0.4084507042253521
0.4295774647887324
0.4154929577464789
0.34507042253521125
0.426056338028169
0.3908450704225352
0.33098591549295775
0.40492957746478875
0.34507042253521125
0.3908450704225352
0.3873239436619718
0.40492957746478875
0.3873239436619718
0.3873239436619718
0.36619718309859156
0.3345070422535211
0.36971830985915494
0.352112676056338
0.4084507042253521
0.3767605633802817
