0.6919262051180323
0.7003818686768498
0.6930668518151161
0.6883306883554852
0.662938901011704
0.6879587383455664
0.6656913310851023
0.6522763340607023
0.70477087879389
0.6958440785558421
0.6911575084308669
0.6687165244991072
0.7072009521920254
0.6790815314421741
0.6700803412021424
0.6632612576869669
0.6622197976591946
0.6582027375520729
0.6781640547510415
0.6964144019043841
0.688925808371355
0.6670055544534814
0.6752628446736758
0.7048204721285459
0.6759075580242014
0.6868924816504661
0.6935875818290023
0.6751884546716921
0.6682205911525492
0.6649970243999206
0.6977534219400913
0.6694852211862725
0.6568885141836937
0.6754860146796271
0.6341747669113271
0.6870660583217615
0.6775193414005157
0.6755852013489386
0.6584259075580242
0.6889754017060107
0.6734526879587382
0.7162021424320572
0.6748908946637571
0.6685181511604841
0.6880083316802221
0.6567645308470542
0.6762547113667923
0.6734030946240824
0.6909095417575878
0.6796270581233883
0.657682007538187
0.6798750247966674
0.6873636183296965
0.6566901408450703
0.6480609006149572
0.6675014878000397
0.6769986113866295
0.6650466177345764
0.6715681412418171
0.6743205713152152
0.6714441579051775
0.6940587185082324
0.6825530648680816
0.7091350922436025
0.6864213449712359
0.6608807776234874
0.7056387621503669
0.69646399523904
0.6485816306288434
0.6756843880182504
0.6887274350327316
0.684140051577068
0.674667724657806
0.7144663757191033
0.6981997619519936
0.6445149771870661
0.6898680817298155
0.6803709581432256
0.6988444753025194
0.6538881174370165
0.6771721880579251
0.6713201745685379
0.6774945447331879
0.6500446340011903
0.7008282086887522
0.6737750446340012
0.6642283277127554
0.6834457448918865
0.6983237452886332
0.6934140051577068
0.6673775044634002
0.6841152549097402
0.6661376710970046
0.6779656814124182
0.6747173179924617
0.6764778813727436
0.6721136679230313
0.6766514580440387
0.6767010513786946
0.6552519341400515
0.6652945844078556
0.6688653045030749
0.6783624280896647
0.6790071414401904
0.6517060107121603
0.7090854989089467
0.6630132910136878
0.681957944852212
0.6692372545129934
0.6910583217615553
0.6872644316603849
0.649846260662567
0.6756347946835944
0.6938603451696093
0.6847351715929381
0.6893473517159293
0.6739238246379686
0.6537889307677048
0.6666088077762348
0.7060603054949415
0.7103253322753422
0.6792303114461417
0.710077365602063
0.6584259075580242
0.6797758381273556
0.6999355286649475
0.6928684784764929
0.683867288236461
0.668270184487205
0.6854294782781194
0.6646994643919856
0.7052668121404483
0.6700555445348144
0.6988444753025194
0.7094574489188652
0.6571364808569728
0.6828010315413608
0.675783574687562
0.6475153739337433
0.6922485617932949
0.6779408847450903
0.6751884546716921
0.6758579646895456
0.6717665145804403
0.6929428684784764
0.7026879587383458
0.6631124776829994
0.7082424122197976
0.6893473517159293
0.6944058718508233
0.6447629438603452
0.680519738147193
0.680222178139258
0.6756595913509224
0.663484427692918
0.6831233882166237
0.7007042253521126
0.6942818885141838
0.6674518944653839
0.6753868280103154
0.7127306090061495
0.6845120015869867
0.7062834755008928
0.6800733981352906
0.6850327316008727
0.6695100178536005
0.6728327712755405
0.6686173378297957
0.7037294187661178
0.7064322555048601
0.6645506843880182
0.6896449117238642
0.6896697083911922
0.7037046220987898
0.6581035508827613
0.6873636183296964
0.6931164451497718
0.7040765721087087
0.6723616345963104
0.6850823249355286
0.6797262447926999
0.7025143820670501
0.684140051577068
0.70144812537195
0.6718904979170799
0.6871404483237452
0.7000843086689148
0.6604840309462408
0.6478377306090062
0.7010513786947035
0.6788831581035509
0.6504413806784368
0.6806189248165047
0.6548055941281492
0.6996875619916684
0.6869668716524499
0.6878843483435827
0.6683693711565166
0.6857022416187264
0.6646994643919858
0.664873041063281
0.6716673279111287
0.6900912517357667
0.6762051180321365
0.6667575877802023
0.6766762547113667
0.6789327514382066
0.6673527077960723
0.6691876611783376
0.6544336441182306
0.6772217813925808
0.6580539575481056
0.6806685181511605
0.6636580043642134
0.6627405276730807
0.6866941083118429
0.6686917278317794
0.6763786947034318
0.6929180718111486
0.6815364015076373
0.684437611585003
0.6765770680420552
0.6761555246974806
0.7088871255703233
0.708143225550486
0.6694108311842888
0.6874132116643523
0.6886034516960919
0.6936123784963301
0.6800238048006348
0.669906764530847
0.6625669510017855
0.689992065066455
0.6805693314818488
0.6465731005752826
0.6858262249553659
0.6820571315215235
0.6833961515572307
0.6830737948819678
0.6968111485816305
0.6619718309859156
0.6714193612378496
0.6641539377107717
0.6946042451894465
0.6869916683197778
0.6746181313231502
0.7023903987304108
0.6885786550287643
0.6635092243602458
0.6811396548303907
0.6815611981749653
0.6707498512199961
0.6388613370363023
0.6697827811942075
0.7077712755405673
0.6595169609204524
0.6732543146201151
0.6784616147589765
0.662095814322555
0.6758579646895457
0.6798006347946836
0.6795278714540764
0.6949266018647093
0.7003074786748661
0.705638762150367
0.7129537790121007
0.6981997619519936
0.6850823249355287
0.6733287046220989
0.7110692322951795
0.6805197381471929
0.6924469351319182
0.6733782979567545
0.6720144812537194
0.674667724657806
0.6788831581035508
0.6731303312834755
0.7048948621305297
0.66239337433049
0.6878347550089268
0.6895209283872248
0.6822555048601469
0.6603104542749453
0.660707200952192
0.6884050783574688
0.6726343979369173
0.6602112676056338
0.6748660979964293
0.6951993652053166
0.6745437413211665
0.6822059115254908
0.6985221186272565
0.6763291013687761
0.694182701844872
0.664575481055346
0.6812884348343581
0.6768002380480064
0.678288038087681
0.6733535012894267
0.6747669113271176
0.6809164848244396
0.7212110692322952
0.6639803610394762
0.6868180916484824
0.7023408053957548
0.6769242213846459
0.6636332076968856
0.6410682404284864
0.6980509819480262
0.6468210672485617
0.6642035310454275
0.6932404284864114
0.6787095814322555
0.6842144415790518
0.6727831779408848
0.6721880579250148
0.6496974806585994
0.6871404483237452
0.7016464987105734
0.6934883951596906
0.6975054552668121
0.7225748859353304
0.6488791906367783
0.7039277921047411
0.6733287046220988
0.6766514580440389
0.6925213251339021
0.6947282285260862
0.7035806387621503
0.6837928982344773
0.6935875818290022
0.664625074390002
0.6915294584407856
0.6532682007538186
0.68803312834755
0.6864709383058917
0.6977782186074192
0.6856774449513985
0.6960424518944655
0.6454572505455267
0.6585002975600079
0.672683991271573
0.6879835350128943
0.6653689744098392
0.724037889307677
0.6591946042451895
0.6585746875619917
0.6642779210474113
0.6770482047212855
0.6763291013687759
0.7089367189049792
0.6680222178139259
0.6500694306685182
0.6851319182701845
0.678833564768895
0.6829994048799841
0.6638563777028368
0.7021920253917874
0.7203183892084903
0.690562388414997
0.6851319182701845
0.6950753818686769
0.6634844276929182
0.6962160285657607
0.6741221979765919
0.6850575282682008
0.6809164848244396
0.6848343582622496
0.6801229914699465
0.6755604046816108
0.68803312834755
0.6900664550684388
0.693091648482444
0.6636580043642134
0.6716673279111287
0.6997371553263242
0.6341003769093434
0.6921245784566555
0.6873388216623686
0.6805445348145208
0.6840408649077564
0.6845367982543147
0.6791311247768299
0.6829250148780004
0.6951001785360047
0.6672783177940884
0.6662368577663162
0.687512398333664
0.6917526284467368
0.7001834953382265
0.7108460622892283
0.6734278912914105
0.6644762943860345
0.6742957746478873
0.6737006546320174
0.7066802221781392
0.6840656615750843
0.7063826621702044
0.6642779210474111
0.6656417377504463
0.6818339615155723
0.6933396151557232
0.6640547510414601
0.6717169212457846
0.6692868478476492
0.6686917278317794
0.6661872644316604
0.7096310255901607
0.6796766514580439
0.6754364213449713
0.6685925411624678
0.6892481650466178
0.6751140646697082
0.6793047014481254
0.6880083316802221
0.703977385439397
0.6720144812537194
0.6599880975996827
0.6795278714540766
0.688330688355485
0.6562685975004959
0.6593929775838127
0.7107220789525889
0.6732047212854592
0.6541360841102956
0.7032334854195598
0.6671791311247768
0.7078456655425511
0.7008530053560802
0.6628397143423923
0.693637175163658
0.6807925014878
0.664079547708788
0.656516564173775
0.6890001983733387
0.6804205514778813
0.6907359650862924
0.6553263241420352
0.6781888514183694
0.6958192818885142
0.6641787343780996
0.6671543344574489
0.674394961317199
0.6942322951795279
0.6655425510811347
0.6936619718309859
0.6939595318389209
0.6811644514977186
0.6719896845863916
0.6932900218210671
0.6515820273755208
0.6979765919460424
0.6720392779210475
0.7035062487601667
0.6976790319381075
0.6991172386431265
0.673279111287443
0.672981551279508
0.6936371751636581
0.6926701051378695
0.6835201348938702
0.6869420749851219
0.6613767109700457
0.6724856179329497
0.6869668716524499
0.7070025788534021
0.7029855187462806
0.6892233683792898
0.6663360444356278
0.6728079746082127
0.6648234477286253
0.6975302519341401
0.6646498710573298
0.673279111287443
0.6714193612378496
0.6799990081333069
0.6881323150168617
0.6870164649871057
0.6923973417972624
0.6641291410434438
0.710077365602063
0.7171444157905176
0.6925957151358856
0.6660880777623489
0.7037790121007735
0.7057131521523506
0.642035310454275
0.701993652053164
0.6681462011505653
0.6658897044237253
0.6982493552866494
0.6807429081531442
0.7074489188653045
0.6889258083713549
0.6994891886530451
0.6803213648085696
0.6857022416187264
0.6687413211664353
0.6881323150168617
0.664327514382067
