0.056338028169014086
0.0528169014084507
0.045774647887323945
0.04225352112676056
0.035211267605633804
0.03873239436619718
0.03169014084507042
0.03873239436619718
0.04225352112676056
0.028169014084507043
0.02464788732394366
0.035211267605633804
0.04929577464788732
0.02464788732394366
0.04929577464788732
0.017605633802816902
0.02464788732394366
0.0528169014084507
0.056338028169014086
0.03873239436619718
0.03873239436619718
0.056338028169014086
0.04225352112676056
0.01056338028169014
0.04929577464788732
0.035211267605633804
0.056338028169014086
0.04929577464788732
0.035211267605633804
0.045774647887323945
0.04929577464788732
0.04929577464788732
0.05985915492957746
0.017605633802816902
0.0528169014084507
0.04929577464788732
0.035211267605633804
0.03169014084507042
0.0528169014084507
0.03873239436619718
0.04225352112676056
0.0528169014084507
0.04929577464788732
0.04929577464788732
0.03873239436619718
0.03169014084507042
0.04225352112676056
0.045774647887323945
0.0528169014084507
0.02464788732394366
0.04225352112676056
0.028169014084507043
0.04225352112676056
0.03873239436619718
0.03873239436619718
0.028169014084507043
0.045774647887323945
0.028169014084507043
0.035211267605633804
0.03169014084507042
0.03169014084507042
0.03169014084507042
0.028169014084507043
0.017605633802816902
0.04929577464788732
0.056338028169014086
0.03873239436619718
0.04225352112676056
0.045774647887323945
0.03873239436619718
0.045774647887323945
0.04929577464788732
0.045774647887323945
0.035211267605633804
0.03169014084507042
0.045774647887323945
0.0528169014084507
0.0528169014084507
0.035211267605633804
0.06338028169014084
0.0528169014084507
0.04225352112676056
0.035211267605633804
0.0528169014084507
0.02464788732394366
0.03873239436619718
0.03169014084507042
0.03169014084507042
0.0528169014084507
0.035211267605633804
0.035211267605633804
0.03873239436619718
0.028169014084507043
0.028169014084507043
0.02112676056338028
0.03873239436619718
0.03169014084507042
0.056338028169014086
0.014084507042253521
0.017605633802816902
0.03169014084507042
0.03873239436619718
0.03873239436619718
0.06690140845070422
0.03873239436619718
0.02464788732394366
0.028169014084507043
0.05985915492957746
0.03873239436619718
0.03169014084507042
0.0528169014084507
0.03873239436619718
0.0528169014084507
0.0528169014084507
0.014084507042253521
0.0528169014084507
0.02464788732394366
0.056338028169014086
0.03169014084507042
0.03873239436619718
0.035211267605633804
0.03873239436619718
0.045774647887323945
0.06690140845070422
0.03169014084507042
0.04225352112676056
0.04225352112676056
0.04929577464788732
0.056338028169014086
0.03169014084507042
0.05985915492957746
0.035211267605633804
0.05985915492957746
0.0528169014084507
0.04225352112676056
0.045774647887323945
0.04929577464788732
0.028169014084507043
0.0528169014084507
0.02112676056338028
0.05985915492957746
0.035211267605633804
0.045774647887323945
0.04225352112676056
0.045774647887323945
0.045774647887323945
0.05985915492957746
0.02112676056338028
0.03873239436619718
0.03169014084507042
0.045774647887323945
0.04225352112676056
0.035211267605633804
0.0528169014084507
0.028169014084507043
0.035211267605633804
0.04929577464788732
0.03169014084507042
0.04929577464788732
0.028169014084507043
0.05985915492957746
0.028169014084507043
0.0528169014084507
0.028169014084507043
0.04929577464788732
0.035211267605633804
0.04225352112676056
0.03873239436619718
0.03169014084507042
0.028169014084507043
0.02112676056338028
0.03873239436619718
0.02112676056338028
0.03169014084507042
0.04929577464788732
0.04225352112676056
0.035211267605633804
0.028169014084507043
0.06690140845070422
0.045774647887323945
0.028169014084507043
0.02112676056338028
0.03169014084507042
0.03169014084507042
0.03169014084507042
0.04225352112676056
0.017605633802816902
0.0528169014084507
0.04225352112676056
0.02464788732394366
0.05985915492957746
0.04929577464788732
0.0528169014084507
0.02464788732394366
0.035211267605633804
0.04225352112676056
0.02112676056338028
0.03873239436619718
0.02464788732394366
0.04929577464788732
0.045774647887323945
0.04929577464788732
0.028169014084507043
0.04225352112676056
0.03169014084507042
0.04225352112676056
0.03169014084507042
0.035211267605633804
0.04225352112676056
0.04225352112676056
0.045774647887323945
0.04929577464788732
0.06338028169014084
0.056338028169014086
0.03873239436619718
0.056338028169014086
0.04929577464788732
0.04929577464788732
0.02464788732394366
0.06690140845070422
0.028169014084507043
0.05985915492957746
0.028169014084507043
0.03169014084507042
0.03169014084507042
0.017605633802816902
0.04225352112676056
0.045774647887323945
0.03873239436619718
0.03873239436619718
0.045774647887323945
0.0528169014084507
0.06690140845070422
0.0528169014084507
0.03873239436619718
0.045774647887323945
0.04225352112676056
0.03873239436619718
0.05985915492957746
0.035211267605633804
0.035211267605633804
0.04929577464788732
0.056338028169014086
0.05985915492957746
0.04929577464788732
0.03169014084507042
0.04225352112676056
0.056338028169014086
0.04929577464788732
0.02112676056338028
0.04929577464788732
0.03169014084507042
0.06338028169014084
0.035211267605633804
0.06338028169014084
0.028169014084507043
0.056338028169014086
0.04225352112676056
0.035211267605633804
0.02112676056338028
0.02464788732394366
0.035211267605633804
0.03169014084507042
0.04929577464788732
0.03873239436619718
0.035211267605633804
0.04929577464788732
0.045774647887323945
0.0528169014084507
0.028169014084507043
0.04225352112676056
0.04929577464788732
0.03169014084507042
0.056338028169014086
0.04225352112676056
0.0528169014084507
0.04225352112676056
0.06338028169014084
0.035211267605633804
0.05985915492957746
0.035211267605633804
0.028169014084507043
0.04225352112676056
0.035211267605633804
0.07042253521126761
0.03873239436619718
0.04225352112676056
0.045774647887323945
0.04225352112676056
0.04225352112676056
0.03169014084507042
0.045774647887323945
0.04929577464788732
0.03873239436619718
0.035211267605633804
0.04929577464788732
0.02464788732394366
0.03169014084507042
0.04929577464788732
0.045774647887323945
0.04929577464788732
0.05985915492957746
0.06690140845070422
0.04225352112676056
0.0528169014084507
0.02464788732394366
0.017605633802816902
0.05985915492957746
0.06690140845070422
0.017605633802816902
0.04225352112676056
0.02112676056338028
0.04225352112676056
0.03873239436619718
0.02464788732394366
0.028169014084507043
0.07042253521126761
0.04225352112676056
0.03873239436619718
0.03169014084507042
0.028169014084507043
0.04929577464788732
0.03169014084507042
0.02464788732394366
0.03873239436619718
0.0528169014084507
0.03169014084507042
0.02464788732394366
0.03873239436619718
0.04225352112676056
0.056338028169014086
0.02464788732394366
0.035211267605633804
0.03873239436619718
0.02112676056338028
0.03169014084507042
0.04225352112676056
0.056338028169014086
0.045774647887323945
0.045774647887323945
0.035211267605633804
0.045774647887323945
0.0528169014084507
0.03873239436619718
0.056338028169014086
0.04225352112676056
0.0528169014084507
0.056338028169014086
0.05985915492957746
0.04225352112676056
0.028169014084507043
0.017605633802816902
0.028169014084507043
0.035211267605633804
0.03169014084507042
0.04929577464788732
0.045774647887323945
0.056338028169014086
0.05985915492957746
0.045774647887323945
0.045774647887323945
0.04225352112676056
0.045774647887323945
0.04929577464788732
0.06690140845070422
0.056338028169014086
0.045774647887323945
0.035211267605633804
0.03169014084507042
0.045774647887323945
0.035211267605633804
0.03169014084507042
0.04225352112676056
0.035211267605633804
0.035211267605633804
0.05985915492957746
0.05985915492957746
0.03169014084507042
0.045774647887323945
0.04225352112676056
0.03873239436619718
0.028169014084507043
0.04929577464788732
0.056338028169014086
0.04929577464788732
0.05985915492957746
0.045774647887323945
0.04225352112676056
0.02464788732394366
0.04929577464788732
0.035211267605633804
0.056338028169014086
0.035211267605633804
0.07042253521126761
0.0528169014084507
0.045774647887323945
0.035211267605633804
0.04225352112676056
0.056338028169014086
0.04225352112676056
0.04225352112676056
0.03169014084507042
0.045774647887323945
0.02112676056338028
0.0528169014084507
0.04225352112676056
0.035211267605633804
0.03169014084507042
0.03873239436619718
0.03169014084507042
0.03873239436619718
0.035211267605633804
0.045774647887323945
0.03873239436619718
0.02464788732394366
0.0528169014084507
0.03169014084507042
0.045774647887323945
0.045774647887323945
0.0528169014084507
0.02464788732394366
0.04929577464788732
0.056338028169014086
0.035211267605633804
0.05985915492957746
0.035211267605633804
0.04929577464788732
0.028169014084507043
0.03873239436619718
0.035211267605633804
0.03873239436619718
0.04929577464788732
0.045774647887323945
0.0528169014084507
0.03873239436619718
0.056338028169014086
0.035211267605633804
0.02464788732394366
0.06338028169014084
0.06338028169014084
0.03873239436619718
0.04225352112676056
0.04929577464788732
0.056338028169014086
0.045774647887323945
0.03873239436619718
0.056338028169014086
0.028169014084507043
0.028169014084507043
0.02464788732394366
0.05985915492957746
0.04929577464788732
0.04225352112676056
0.028169014084507043
0.028169014084507043
0.02464788732394366
0.07394366197183098
0.035211267605633804
0.0528169014084507
0.028169014084507043
0.045774647887323945
0.03873239436619718
0.03873239436619718
0.06690140845070422
0.0528169014084507
0.0528169014084507
0.02464788732394366
0.045774647887323945
0.03873239436619718
0.0528169014084507
0.04929577464788732
0.0528169014084507
0.03169014084507042
0.045774647887323945
0.045774647887323945
0.03873239436619718
0.07394366197183098
0.04929577464788732
0.045774647887323945
0.04929577464788732
0.04225352112676056
0.056338028169014086
0.045774647887323945
0.04225352112676056
0.03169014084507042
0.0528169014084507
0.0528169014084507
0.03873239436619718
0.045774647887323945
0.03873239436619718
0.05985915492957746
0.035211267605633804
0.04225352112676056
0.045774647887323945
0.045774647887323945
0.04225352112676056
0.028169014084507043
0.03873239436619718
0.03169014084507042
0.04225352112676056
