0.75724062685975
0.7289228327712756
0.7378744296766515
0.7038781987700853
0.7883852410236064
0.6983485419559612
0.7405524697480659
0.7607617536203134
0.7605881769490179
0.7412715731005752
0.7470243999206506
0.7331630628843483
0.7369817496528466
0.7753421940091252
0.7437760365006943
0.7254760960126958
0.7682503471533426
0.7103501289426701
0.7589268002380479
0.7535211267605634
0.7967913112477684
0.7459829398928784
0.7123338623289031
0.7724905772664153
0.7543394167823845
0.7107468756199167
0.7186074191628645
0.7447926998611387
0.7582572902201944
0.7492808966474905
0.7445943265225154
0.7933693711565166
0.7420402697877406
0.7380232096806189
0.7723417972624479
0.7811694108311843
0.768126363816703
0.7252033326720889
0.7431809164848244
0.7337333862328904
0.7224013092640349
0.7247569926601864
0.7035310454274946
0.7572158301924221
0.786302320968062
0.7676056338028169
0.7143175957151359
0.7434784764927593
0.7847897242610592
0.7350476096012696
0.7505951200158698
0.7786153540964094
0.7456605832176156
0.7457597698869272
0.7504959333465583
0.7456357865502876
0.7225252926006744
0.7369817496528466
0.7081680222178139
0.7667625471136681
0.7587780202340806
0.7506447133505256
0.7386679230311447
0.7344028962507441
0.7512894267010514
0.7121106923229518
0.7568686768498313
0.7553808768101566
0.743056933148185
0.7423626264630033
0.7667377504463401
0.7334606228922832
0.7910880777623487
0.7000843086689149
0.7708292005554453
0.7219797659194604
0.7248809759968261
0.7539426701051378
0.7330390795477087
0.7491817099781789
0.7185578258282087
0.7710027772267407
0.7095070422535211
0.7377504463400119
0.7900962110692323
0.7682999404879984
0.7470987899226345
0.7695893671890498
0.7708044038881174
0.7587780202340806
0.7474211465978973
0.7402301130728031
0.7456357865502876
0.7721930172584804
0.7573646101963897
0.7867238643126364
0.7796320174568537
0.7619271969847253
0.7335598095615949
0.744445546518548
0.7655227137472724
0.7394614163856379
0.7370065463201745
0.7661178337631424
0.7691430271771474
0.7382215830192422
0.7521077167228726
0.7510662566951001
0.7849633009323548
0.6983485419559612
0.7565959135092244
0.7489089466375719
0.798824637968657
0.7488593533029161
0.738568736361833
0.7636381670303511
0.7427345764729221
0.7121850823249355
0.7120858956556239
0.7296171394564569
0.7133505256893474
0.752504463400119
0.7871950009918667
0.7433048998214641
0.7807974608212657
0.7555048601467964
0.7607617536203135
0.7405772664153938
0.7360146796270581
0.7428833564768895
0.778516167427098
0.7464044832374529
0.75
0.7365602063082721
0.7696141638563778
0.7455861932156319
0.7561991668319777
0.7487353699662765
0.7647292203927794
0.7432057131521523
0.6990428486411426
0.7194505058520135
0.7703084705415593
0.7495040666534418
0.7467268399127158
0.7189049791707994
0.7615800436421345
0.7462804999008134
0.7296667327911129
0.7362626463003372
0.7402797064074589
0.7251041460027772
0.7597698869271969
0.7177395358063876
0.7479170799444554
0.7352955762745487
0.7452390398730412
0.7536699067645309
0.76673775044634
0.7732592739535806
0.6962408252330886
0.7133753223566753
0.7258232493552867
0.7666137671097005
0.7482890299543741
0.7154086490775639
0.7298155127950803
0.7625223170005951
0.7625719103352508
0.7353699662765324
0.7468508232493553
0.7671840904582423
0.75949712358659
0.7171940091251735
0.7388910930370959
0.7813925808371355
0.711242808966475
0.7079696488791907
0.7243850426502678
0.7608609402896251
0.7541162467764332
0.7597202935925411
0.7408500297560008
0.7329150962110693
0.7623487403292998
0.7337333862328903
0.7775243007339814
0.7612328902995438
0.7403292997421148
0.7657954770878794
0.7466772465780599
0.7384695496925214
0.7293691727831779
0.7476939099385044
0.7388910930370959
0.7563479468359453
0.7718706605832176
0.7581581035508828
0.7235667526284467
0.7387175163658005
0.7496032533227533
0.742189049791708
0.6826274548700655
0.7633158103550882
0.772887323943662
0.7612328902995437
0.7534467367585796
0.7618032136480858
0.7710275738940686
0.7683495338226543
0.760067446935132
0.6743949613171989
0.7389654830390795
0.7741023606427296
0.7225004959333465
0.7613320769688554
0.7750446340011902
0.761704026978774
0.7154582424122198
0.7625223170005951
0.7425362031342988
0.7362378496330093
0.7692918071811148
0.769539773854394
0.7582076968855386
0.7314768895060504
0.7239882959730213
0.7060603054949415
0.7615056536401508
0.7671592937909145
0.774548700654632
0.7538186867684984
0.7614064669708391
0.7449414798651061
0.7706804205514778
0.7650019837333863
0.738519143027177
0.7664401904384051
0.7665145804403889
0.7618528069827414
0.7396101963896053
0.7956506645506844
0.7357171196191232
0.7698373338623289
0.7802023408053959
0.7391142630430471
0.7407756397540171
0.7420898631223963
0.7251785360047608
0.6951497718706606
0.7543394167823845
0.7454126165443364
0.7705564372148382
0.7472971632612577
0.7747470739932553
0.7152102757389406
0.735469152945844
0.7518101567149376
0.7134249156913313
0.7445447331878596
0.7225996826026582
0.7467268399127157
0.7213598492362626
0.7532235667526285
0.7336341995635786
0.7668369371156517
0.7621255703233485
0.7475451299345369
0.7718954572505455
0.7583316802221782
0.7643820670501885
0.76507637373537
0.7385191430271772
0.7881868676849831
0.7414947431065265
0.7222525292600674
0.737403292997421
0.7568438801825035
0.7393126363816702
0.758133306883555
0.7411971830985915
0.7635389803610395
0.7526532434040866
0.7613816703035112
0.7333118428883157
0.758678833564769
0.7389654830390796
0.7869470343185876
0.7075481055346162
0.7237155326324143
0.7225996826026582
0.7439992065066454
0.704522912120611
0.7216574092441975
0.7447431065264828
0.7372049196587979
0.7394862130529658
0.7506447133505256
0.7327167228724459
0.7477435032731601
0.7429577464788732
0.753620313429875
0.7862527276334061
0.7629934536798254
0.7149871057329895
0.73492362626463
0.7693909938504264
0.7774251140646699
0.7107468756199168
0.7557280301527474
0.7811446141638563
0.7252777226740726
0.7588276135687364
0.7455613965483039
0.7624479269986114
0.7877653243404087
0.7615304503074787
0.7654483237452887
0.7154830390795477
0.746925213251339
0.7816653441777426
0.744098393175957
0.7760612973616346
0.7634645903590558
0.7504215433445744
0.7638117437016465
0.7525788534021027
0.7406020630827217
0.7387423130331282
0.7305346161475897
0.7400565364015076
0.7405028764134101
0.7305346161475897
0.7371057329894862
0.7483138266217021
0.7688454671692125
0.7685231104939497
0.7469500099186669
0.7295923427891291
0.7191033525094227
0.7654483237452886
0.7372793096607816
0.727658202737552
0.7450902598690736
0.7271126760563381
0.7558024201547312
0.7688702638365403
0.728501289426701
0.7219549692521324
0.7545129934536798
0.7334606228922833
0.7359898829597302
0.7465532632414202
0.7227236659392978
0.7622991469946439
0.7516613767109701
0.7280549494147986
0.7930470144812538
0.737403292997421
0.7560007934933545
0.7545129934536798
0.7230460226145606
0.7144167823844476
0.7611337036302321
0.744470343185876
0.7423130331283476
0.7486361832969648
0.7594227335846062
0.7298155127950804
0.7601914302717715
0.6999851219996033
0.7513390200357072
0.7172436024598293
0.7234427692918072
0.7299890894663756
0.7460077365602064
0.692818885141837
0.7017952787145407
0.7320720095219203
0.7459829398928783
0.7471731799246181
0.7517605633802817
0.7239387026383654
0.7651755604046816
0.7195248958539974
0.7492065066455068
0.7417179131124777
0.7544634001190239
0.7805742908153144
0.7347500495933347
0.7519341400515771
0.7792352707796073
0.7390646697083912
0.7200456258678835
0.7406020630827217
0.7743503273160087
0.7651011704026979
0.7434040864907756
0.7465284665740926
0.7449662765324341
0.7489833366395556
0.7180866891489783
0.7842689942471731
0.6995635786550287
0.7529756000793494
0.7129537790121007
0.7586044435627852
0.7594227335846063
0.7490081333068836
0.7279309660781592
0.7434784764927593
0.7787393374330491
0.7677048204721286
0.7083663955564372
0.7410236064272961
0.7566703035112081
0.7146151557230708
0.7422138464590359
0.783773060900615
0.7864015076373735
0.7326423328704622
0.7520085300535607
0.7292203927792106
0.7607617536203134
0.7708539972227733
0.7268647093830589
0.7275342194009125
0.7570422535211268
0.7529508034120214
0.7822604641936124
0.7174419757984526
0.7601914302717716
0.7207647292203928
0.7594723269192621
0.7335102162269391
0.7833019242213847
0.7551329101368776
0.7767556040468162
0.7607369569529854
0.777053164054751
0.728526086094029
0.785434437611585
0.7171692124578457
0.718483435826225
0.7327415195397738
0.7326423328704622
0.7626710970045626
0.7671097004562587
0.7298403094624083
0.7562983535012895
0.7613568736361833
0.7726889506050388
0.7515125967070024
0.7625967070025789
0.751388613370363
0.7549841301329102
0.76899424717318
0.7627206903392184
0.7657954770878793
0.7834011108906963
0.725724062685975
0.7451398532037296
0.7602906169410831
0.7235915492957746
0.7769291807181116
0.7668617337829796
0.7288980361039477
0.7824092441975798
0.7543642134497123
0.7761108906962905
0.7656962904185677
0.7072257488593533
0.7742511406466971
0.7122346756595914
0.7481650466177346
0.7614560603054948
0.7511654433644118
0.746925213251339
0.7055395754810553
0.794088474509026
0.7507439000198374
0.773432850624876
0.7503223566752628
0.7320224161872645
0.7561991668319777
0.7428585598095616
0.7694405871850823
0.7448670898631224
0.7483634199563578
0.7688206705018844
0.8087185082324936
0.7804999008133306
0.7674320571315215
0.7708787938901012
0.7100029756000793
0.761183296964888
0.7437016464987105
0.7835994842293196
0.7473715532632413
0.7412715731005752
