0.17307692307692307
0.15384615384615385
0.23214285714285715
0.12280701754385964
0.17391304347826086
0.25333333333333335
0.273972602739726
0.203125
0.2
0.19230769230769232
0.19718309859154928
0.2112676056338028
0.16417910447761194
0.1388888888888889
0.10810810810810811
0.1625
0.2804878048780488
0.1794871794871795
0.20634920634920634
0.14492753623188406
0.2714285714285714
0.22058823529411764
0.16279069767441862
0.2625
0.1794871794871795
0.2465753424657534
0.13253012048192772
0.21621621621621623
0.20238095238095238
0.15714285714285714
0.20689655172413793
0.17307692307692307
0.09722222222222222
0.06557377049180328
0.3108108108108108
0.19444444444444445
0.19736842105263158
0.18666666666666668
0.19230769230769232
0.189873417721519
0.19402985074626866
0.16176470588235295
0.2459016393442623
0.2
0.125
0.16455696202531644
0.24
0.21052631578947367
0.15873015873015872
0.21428571428571427
0.2125
0.22972972972972974
0.16
0.171875
0.2777777777777778
0.2608695652173913
0.22535211267605634
0.11842105263157894
0.16176470588235295
0.16923076923076924
0.2542372881355932
0.1875
0.24242424242424243
0.19736842105263158
0.2345679012345679
0.25
0.22077922077922077
0.18518518518518517
0.18032786885245902
0.21839080459770116
0.24
0.20512820512820512
0.1927710843373494
0.16176470588235295
0.24210526315789474
0.20454545454545456
0.18181818181818182
0.2
0.2191780821917808
0.11594202898550725
0.16666666666666666
0.1076923076923077
0.14285714285714285
0.1917808219178082
0.23076923076923078
0.18461538461538463
0.21333333333333335
0.18421052631578946
0.273972602739726
0.20224719101123595
0.17142857142857143
0.21818181818181817
0.18461538461538463
0.22388059701492538
0.23529411764705882
0.1896551724137931
0.125
0.16049382716049382
0.19444444444444445
0.24
0.17142857142857143
0.21052631578947367
0.20833333333333334
0.25
0.16666666666666666
0.2125
0.13846153846153847
0.21052631578947367
0.16923076923076924
0.1875
0.18309859154929578
0.2222222222222222
0.20270270270270271
0.17567567567567569
0.22535211267605634
0.273972602739726
0.2361111111111111
0.2112676056338028
0.13432835820895522
0.23076923076923078
0.16417910447761194
0.18840579710144928
0.24358974358974358
0.1527777777777778
0.25675675675675674
0.19117647058823528
0.28125
0.28
0.16666666666666666
0.21052631578947367
0.18181818181818182
0.16455696202531644
0.1267605633802817
0.26865671641791045
0.2222222222222222
0.13793103448275862
0.1728395061728395
0.18181818181818182
0.18181818181818182
0.14285714285714285
0.1794871794871795
0.18571428571428572
0.2222222222222222
0.1388888888888889
0.12941176470588237
0.19047619047619047
0.14864864864864866
0.18309859154929578
0.19672131147540983
0.21052631578947367
0.1917808219178082
0.17105263157894737
0.20930232558139536
0.19696969696969696
0.18421052631578946
0.1797752808988764
0.12903225806451613
0.15584415584415584
0.1388888888888889
0.23076923076923078
0.25
0.17073170731707318
0.15789473684210525
0.18823529411764706
0.2535211267605634
0.2077922077922078
0.16129032258064516
0.21311475409836064
0.1728395061728395
0.22077922077922077
0.2054794520547945
0.20238095238095238
0.15625
0.1746031746031746
0.23529411764705882
0.19402985074626866
0.19402985074626866
0.25862068965517243
0.2222222222222222
0.24
0.273972602739726
0.15789473684210525
0.25757575757575757
0.18571428571428572
0.17333333333333334
0.1694915254237288
0.19718309859154928
0.19444444444444445
0.2361111111111111
0.21428571428571427
0.15625
0.2647058823529412
0.25
0.1917808219178082
0.2608695652173913
0.26666666666666666
0.21428571428571427
0.18571428571428572
0.22058823529411764
0.2
0.2318840579710145
0.10714285714285714
0.15873015873015872
0.21428571428571427
0.20588235294117646
0.19696969696969696
0.2112676056338028
0.2647058823529412
0.16470588235294117
0.16216216216216217
0.21052631578947367
0.22784810126582278
0.18181818181818182
0.22058823529411764
0.2222222222222222
0.20634920634920634
0.208955223880597
0.1643835616438356
0.21951219512195122
0.22727272727272727
0.2153846153846154
0.11940298507462686
0.2
0.23376623376623376
0.2894736842105263
0.2361111111111111
0.17391304347826086
0.2
0.23943661971830985
0.24050632911392406
0.17721518987341772
0.17567567567567569
0.2153846153846154
0.15942028985507245
0.1282051282051282
0.18666666666666668
0.14705882352941177
0.2
0.21794871794871795
0.25
0.23376623376623376
0.1917808219178082
0.2054794520547945
0.2535211267605634
0.1935483870967742
0.21333333333333335
0.2328767123287671
0.23076923076923078
0.15714285714285714
0.18518518518518517
0.2
0.16666666666666666
0.16883116883116883
0.23333333333333334
0.15384615384615385
0.19753086419753085
0.2
0.1643835616438356
0.14516129032258066
0.21739130434782608
0.15789473684210525
0.14285714285714285
0.19047619047619047
0.2876712328767123
0.25
0.19230769230769232
0.14864864864864866
0.1746031746031746
0.2
0.26229508196721313
0.265625
0.23943661971830985
0.15254237288135594
0.16455696202531644
0.2236842105263158
0.2876712328767123
0.2
0.19642857142857142
0.2
0.23076923076923078
0.2857142857142857
0.18571428571428572
0.22413793103448276
0.25333333333333335
0.15789473684210525
0.25
0.18181818181818182
0.2647058823529412
0.2
0.18840579710144928
0.21621621621621623
0.18571428571428572
0.1111111111111111
0.22535211267605634
0.2077922077922078
0.23943661971830985
0.22535211267605634
0.30303030303030304
0.16901408450704225
0.22784810126582278
0.2159090909090909
0.2631578947368421
0.19480519480519481
0.18072289156626506
0.23529411764705882
0.2807017543859649
0.17073170731707318
0.16455696202531644
0.21686746987951808
0.203125
0.1864406779661017
0.208955223880597
0.19402985074626866
0.1527777777777778
0.2261904761904762
0.296875
0.24675324675324675
0.18292682926829268
0.21333333333333335
0.15942028985507245
0.20833333333333334
0.1746031746031746
0.23076923076923078
0.208955223880597
0.21333333333333335
0.22857142857142856
0.24193548387096775
0.15625
0.15151515151515152
0.2537313432835821
0.21518987341772153
0.2033898305084746
0.1780821917808219
0.2894736842105263
0.21621621621621623
0.14473684210526316
0.21428571428571427
0.23076923076923078
0.2222222222222222
0.22535211267605634
0.2328767123287671
0.3076923076923077
0.29411764705882354
0.208955223880597
0.22666666666666666
0.18032786885245902
0.25806451612903225
0.16923076923076924
0.203125
0.26865671641791045
0.15151515151515152
0.1780821917808219
0.18181818181818182
0.1774193548387097
0.19298245614035087
0.2222222222222222
0.20238095238095238
0.12987012987012986
0.18333333333333332
0.25
0.20967741935483872
0.2236842105263158
0.20238095238095238
0.171875
0.18840579710144928
0.25301204819277107
0.19047619047619047
0.19444444444444445
0.2564102564102564
0.16666666666666666
0.2602739726027397
0.20967741935483872
0.15625
0.18292682926829268
0.18181818181818182
0.2894736842105263
0.19230769230769232
0.21621621621621623
0.23880597014925373
0.28
0.15584415584415584
0.21666666666666667
0.20238095238095238
0.22972972972972974
0.19402985074626866
0.20588235294117646
0.22727272727272727
0.25675675675675674
0.136986301369863
0.16901408450704225
0.22972972972972974
0.22058823529411764
0.265625
0.19736842105263158
0.19480519480519481
0.17647058823529413
0.15942028985507245
0.18181818181818182
0.18571428571428572
0.2222222222222222
0.140625
0.2465753424657534
0.25396825396825395
0.24285714285714285
0.16
0.1780821917808219
0.273972602739726
0.20987654320987653
0.2
0.16901408450704225
0.22077922077922077
0.1791044776119403
0.15384615384615385
0.21311475409836064
0.2236842105263158
0.24390243902439024
0.2898550724637681
0.15151515151515152
0.2125
0.1
0.15789473684210525
0.21518987341772153
0.14285714285714285
0.19402985074626866
0.1774193548387097
0.2318840579710145
0.2
0.21333333333333335
0.20270270270270271
0.16666666666666666
0.17721518987341772
0.1864406779661017
0.22388059701492538
0.18666666666666668
0.18309859154929578
0.2698412698412698
0.1527777777777778
0.2345679012345679
0.2839506172839506
0.15942028985507245
0.2054794520547945
0.15789473684210525
0.26153846153846155
0.203125
0.19402985074626866
0.2
0.19736842105263158
0.22093023255813954
0.2753623188405797
0.10256410256410256
0.2112676056338028
0.13846153846153847
0.15789473684210525
0.14864864864864866
0.14285714285714285
0.17721518987341772
0.15853658536585366
0.15
0.18309859154929578
0.14492753623188406
0.18604651162790697
0.24242424242424243
0.22058823529411764
0.22727272727272727
0.23333333333333334
0.16666666666666666
0.1891891891891892
0.2631578947368421
0.10344827586206896
0.21311475409836064
0.2602739726027397
0.26229508196721313
0.14772727272727273
0.15384615384615385
0.15584415584415584
0.14516129032258066
0.11940298507462686
0.14492753623188406
0.22388059701492538
0.11594202898550725
0.1935483870967742
0.25316455696202533
0.19736842105263158
0.18421052631578946
0.14285714285714285
0.23880597014925373
0.14285714285714285
0.21052631578947367
0.1791044776119403
0.13636363636363635
0.17647058823529413
0.14473684210526316
0.13432835820895522
0.11764705882352941
0.16455696202531644
0.18181818181818182
0.14705882352941177
0.19402985074626866
0.26506024096385544
0.24675324675324675
