0.4705882352941176
0.4461538461538462
0.42975206611570255
0.4999999999999999
0.38655462184873945
0.4628099173553719
0.5
0.4827586206896552
0.44628099173553726
0.47863247863247865
0.5423728813559323
0.47933884297520657
0.40624999999999994
0.42857142857142855
0.5042016806722689
0.5039370078740156
0.5
0.48739495798319327
0.47540983606557374
0.44628099173553726
0.4482758620689655
0.49586776859504134
0.4912280701754386
0.49090909090909096
0.48
0.47863247863247865
0.42857142857142855
0.4666666666666667
0.4406779661016949
0.4666666666666667
0.42735042735042733
0.5178571428571428
0.5263157894736842
0.4705882352941176
0.48739495798319327
0.559322033898305
0.42857142857142855
0.4827586206896552
0.49090909090909096
0.5409836065573771
0.42735042735042733
0.4444444444444444
0.4705882352941176
0.48
0.45217391304347826
0.49180327868852464
0.5128205128205128
0.4878048780487805
0.432
0.48739495798319327
0.45
0.49586776859504134
0.40366972477064217
0.55
0.423728813559322
0.48648648648648646
0.5172413793103448
0.4482758620689655
0.4464285714285714
0.45901639344262296
0.47933884297520657
0.4566929133858268
0.5039370078740156
0.4878048780487805
0.45
0.4915254237288136
0.5217391304347826
0.5045045045045045
0.4406779661016949
0.4406779661016949
0.44628099173553726
0.4464285714285714
0.5128205128205128
0.48739495798319327
0.45901639344262296
0.4769230769230769
0.43902439024390244
0.40983606557377045
0.4426229508196721
0.4655172413793103
0.4385964912280702
0.453781512605042
0.45762711864406785
0.4406779661016949
0.4705882352941176
0.47933884297520657
0.47787610619469023
0.4705882352941176
0.4137931034482758
0.45217391304347826
0.5166666666666667
0.43410852713178294
0.5185185185185185
0.5084745762711864
0.4035087719298246
0.4655172413793103
0.4715447154471545
0.4065040650406504
0.41441441441441446
0.48387096774193544
0.45
0.49586776859504134
0.5245901639344263
0.40336134453781514
0.47787610619469023
0.48739495798319327
0.4137931034482758
0.4915254237288136
0.47863247863247865
0.4369747899159664
0.4915254237288136
0.49599999999999994
0.512396694214876
0.47619047619047616
0.36507936507936506
0.4915254237288136
0.4552845528455284
0.48739495798319327
0.5076923076923078
0.4628099173553719
0.4642857142857143
0.4666666666666667
0.456140350877193
0.45901639344262296
0.47863247863247865
0.4915254237288136
0.5225225225225225
0.4915254237288136
0.4628099173553719
0.42622950819672134
0.4912280701754386
0.42975206611570255
0.5161290322580645
0.4067796610169492
0.4628099173553719
0.4587155963302752
0.41441441441441446
0.5263157894736842
0.41538461538461535
0.45901639344262296
0.45
0.47863247863247865
0.46511627906976744
0.4715447154471545
0.43548387096774194
0.4745762711864407
0.47540983606557374
0.47863247863247865
0.456140350877193
0.4406779661016949
0.47933884297520657
0.46846846846846846
0.4444444444444444
0.4137931034482758
0.43636363636363634
0.4426229508196721
0.4999999999999999
0.4915254237288136
0.4385964912280702
0.4482758620689655
0.4869565217391304
0.4444444444444444
0.49180327868852464
0.46017699115044247
0.45762711864406785
0.45
0.5161290322580645
0.43902439024390244
0.47933884297520657
0.5166666666666667
0.43103448275862066
0.43478260869565216
0.4655172413793103
0.4369747899159664
0.45762711864406785
0.4705882352941176
0.4464285714285714
0.4642857142857143
0.5081967213114753
0.4369747899159664
0.4666666666666667
0.4869565217391304
0.5172413793103448
0.4464285714285714
0.47863247863247865
0.4132231404958677
0.396551724137931
0.4444444444444444
0.4375
0.4666666666666667
0.4516129032258064
0.4833333333333334
0.43333333333333335
0.4912280701754386
0.43548387096774194
0.4827586206896552
0.40740740740740744
0.47169811320754707
0.41025641025641024
0.46031746031746035
0.45
0.45762711864406785
0.4881889763779527
0.4999999999999999
0.4409448818897638
0.47540983606557374
0.4705882352941176
0.46601941747572817
0.47540983606557374
0.47540983606557374
0.4705882352941176
0.46846846846846846
0.45762711864406785
0.49572649572649574
0.4324324324324324
0.4642857142857143
0.38655462184873945
0.5042016806722689
0.4666666666666667
0.4324324324324324
0.46017699115044247
0.42735042735042733
0.42975206611570255
0.44247787610619466
0.5299145299145298
0.3870967741935484
0.4444444444444444
0.41441441441441446
0.49180327868852464
0.4615384615384615
0.4915254237288136
0.47244094488188976
0.4615384615384615
0.47863247863247865
0.4628099173553719
0.4628099173553719
0.4369747899159664
0.41666666666666663
0.4827586206896552
0.4482758620689655
0.4369747899159664
0.4406779661016949
0.47933884297520657
0.47863247863247865
0.45217391304347826
0.47863247863247865
0.4715447154471545
0.4655172413793103
0.4406779661016949
0.5
0.5
0.48739495798319327
0.467741935483871
0.45762711864406785
0.5254237288135594
0.5039370078740156
0.4827586206896552
0.5210084033613446
0.4869565217391304
0.5
0.4615384615384615
0.4869565217391304
0.43902439024390244
0.40983606557377045
0.49572649572649574
0.4745762711864407
0.47863247863247865
0.47619047619047616
0.46017699115044247
0.5084745762711864
0.47863247863247865
0.467741935483871
0.45762711864406785
0.45217391304347826
0.4827586206896552
0.4912280701754386
0.4745762711864407
0.4496124031007752
0.4444444444444444
0.47244094488188976
0.4552845528455284
0.4516129032258064
0.4552845528455284
0.4821428571428571
0.5299145299145298
0.4878048780487805
0.4666666666666667
0.41739130434782606
0.4745762711864407
0.49572649572649574
0.47863247863247865
0.4545454545454546
0.42016806722689076
0.4745762711864407
0.42622950819672134
0.5178571428571428
0.49572649572649574
0.40336134453781514
0.4426229508196721
0.47787610619469023
0.4999999999999999
0.5333333333333333
0.48648648648648646
0.42276422764227645
0.464
0.4695652173913043
0.45
0.40983606557377045
0.45901639344262296
0.495575221238938
0.4629629629629629
0.40322580645161293
0.49586776859504134
0.4369747899159664
0.49180327868852464
0.49599999999999994
0.4833333333333334
0.45762711864406785
0.453125
0.5279999999999999
0.44036697247706424
0.48739495798319327
0.45901639344262296
0.47787610619469023
0.544
0.42857142857142855
0.5042016806722689
0.4869565217391304
0.45
0.42592592592592593
0.49180327868852464
0.47787610619469023
0.4615384615384615
0.4745762711864407
0.37288135593220334
0.4695652173913043
0.4715447154471545
0.5039370078740156
0.4869565217391304
0.42735042735042733
0.47540983606557374
0.4628099173553719
0.4444444444444444
0.5
0.47787610619469023
0.4827586206896552
0.47863247863247865
0.5233644859813084
0.4915254237288136
0.456140350877193
0.48648648648648646
0.512396694214876
0.512396694214876
0.464
0.5378151260504203
0.4869565217391304
0.5272727272727273
0.46846846846846846
0.4912280701754386
0.44628099173553726
0.4705882352941176
0.453125
0.46846846846846846
0.46017699115044247
0.42105263157894735
0.45901639344262296
0.4193548387096774
0.49180327868852464
0.48739495798319327
0.46031746031746035
0.4878048780487805
0.4827586206896552
0.47540983606557374
0.49180327868852464
0.47933884297520657
0.43410852713178294
0.4385964912280702
0.47540983606557374
0.5040650406504065
0.4695652173913043
0.4406779661016949
0.543859649122807
0.42975206611570255
0.5161290322580645
0.4132231404958677
0.43478260869565216
0.4444444444444444
0.44247787610619466
0.48387096774193544
0.5084745762711864
0.49180327868852464
0.547008547008547
0.5043478260869565
0.4247787610619469
0.42857142857142855
0.44628099173553726
0.40366972477064217
0.42519685039370075
0.4369747899159664
0.47863247863247865
0.5079365079365079
0.3684210526315789
0.4628099173553719
0.41739130434782606
0.43478260869565216
0.5172413793103448
0.42016806722689076
0.4833333333333334
0.4878048780487805
0.4695652173913043
0.4736842105263158
0.4881889763779527
0.4444444444444444
0.45045045045045046
0.512
0.5378151260504203
0.44628099173553726
0.44628099173553726
0.43548387096774194
0.4406779661016949
0.42187499999999994
0.5
0.5040650406504065
0.5166666666666667
0.4628099173553719
0.46846846846846846
0.4695652173913043
0.4915254237288136
0.47169811320754707
0.5166666666666667
0.5043478260869565
0.456140350877193
0.4369747899159664
0.4444444444444444
0.49586776859504134
0.45045045045045046
0.4821428571428571
0.453781512605042
0.49180327868852464
0.5166666666666667
0.47863247863247865
0.48
0.4482758620689655
0.39316239316239315
0.41025641025641024
0.45762711864406785
0.4745762711864407
0.42735042735042733
0.453781512605042
0.5042016806722689
0.467741935483871
0.5714285714285714
0.4444444444444444
0.47933884297520657
0.4833333333333334
0.423728813559322
0.49180327868852464
0.5811965811965811
0.4695652173913043
0.4999999999999999
0.4878048780487805
0.5161290322580645
0.47863247863247865
0.492063492063492
0.46031746031746035
0.5365853658536585
0.43333333333333335
0.5245901639344263
0.42622950819672134
0.4715447154471545
0.4827586206896552
0.5084745762711864
0.5166666666666667
0.4745762711864407
0.4642857142857143
0.45901639344262296
0.5166666666666667
0.45
0.4878048780487805
0.43103448275862066
0.49180327868852464
0.5132743362831858
0.4615384615384615
0.512
0.5084745762711864
0.4444444444444444
0.4444444444444444
0.4628099173553719
0.47933884297520657
0.42016806722689076
0.4736842105263158
0.42735042735042733
0.5128205128205128
0.4587155963302752
0.42276422764227645
0.4444444444444444
0.4715447154471545
0.4444444444444444
0.47787610619469023
0.4482758620689655
