0.13888888888888887
0.20134228187919462
0.21705426356589147
0.18705035971223022
0.1791044776119403
0.16296296296296295
0.18309859154929578
0.176
0.22377622377622378
0.2620689655172414
0.21739130434782608
0.19718309859154928
0.1751824817518248
0.15151515151515152
0.17687074829931973
0.14569536423841062
0.2112676056338028
0.19444444444444445
0.1791044776119403
0.18978102189781018
0.2222222222222222
0.0851063829787234
0.16058394160583941
0.21476510067114096
0.2
0.1791044776119403
0.1891891891891892
0.17647058823529413
0.22516556291390727
0.16058394160583941
0.17647058823529413
0.25806451612903225
0.13513513513513514
0.19858156028368795
0.15942028985507245
0.21476510067114096
0.208955223880597
0.30666666666666664
0.20979020979020982
0.19310344827586204
0.22058823529411764
0.23776223776223776
0.25165562913907286
0.302158273381295
0.1954887218045113
0.26153846153846155
0.23943661971830985
0.19718309859154928
0.2714285714285714
0.22516556291390727
0.08823529411764706
0.23529411764705882
0.1857142857142857
0.2302158273381295
0.17567567567567566
0.07142857142857144
0.2602739726027397
0.22972972972972974
0.20437956204379562
0.10687022900763357
0.18309859154929578
0.17777777777777778
0.2302158273381295
0.16551724137931034
0.18181818181818182
0.208955223880597
0.20833333333333331
0.14388489208633093
0.21917808219178084
0.1804511278195489
0.20588235294117646
0.21768707482993196
0.2278481012658228
0.20134228187919462
0.1791044776119403
0.2556390977443609
0.1843971631205674
0.22535211267605634
0.180327868852459
0.20689655172413796
0.1643835616438356
0.24358974358974358
0.21374045801526714
0.17808219178082194
0.2535211267605634
0.16993464052287582
0.12213740458015268
0.16666666666666666
0.13043478260869565
0.23076923076923075
0.20289855072463767
0.16176470588235295
0.25757575757575757
0.19178082191780824
0.18543046357615892
0.23287671232876714
0.13333333333333333
0.15492957746478872
0.27338129496402874
0.21768707482993196
0.20689655172413796
0.18055555555555552
0.28571428571428575
0.22077922077922077
0.17687074829931973
0.14285714285714288
0.07194244604316546
0.20270270270270271
0.21476510067114096
0.18300653594771243
0.2
0.1891891891891892
0.20979020979020982
0.28571428571428575
0.16993464052287582
0.2627737226277372
0.2695035460992907
0.15894039735099336
0.23943661971830985
0.2517482517482518
0.19444444444444445
0.18791946308724833
0.16901408450704225
0.28187919463087246
0.23129251700680273
0.21476510067114096
0.19117647058823528
0.11347517730496454
0.20512820512820512
0.22388059701492535
0.27338129496402874
0.17142857142857143
0.2236842105263158
0.19444444444444445
0.23357664233576642
0.15267175572519084
0.15827338129496402
0.20143884892086328
0.14388489208633093
0.21768707482993196
0.15037593984962408
0.16058394160583941
0.17142857142857143
0.22516556291390727
0.196969696969697
0.23129251700680273
0.2589928057553957
0.267515923566879
0.1954887218045113
0.2463768115942029
0.1843971631205674
0.24113475177304963
0.27338129496402874
0.14598540145985403
0.2589928057553957
0.13740458015267176
0.1875
0.17931034482758623
0.2567567567567568
0.2222222222222222
0.23076923076923075
0.2206896551724138
0.2649006622516556
0.2517482517482518
0.2657342657342657
0.24161073825503357
0.17218543046357618
0.20134228187919462
0.1884057971014493
0.19867549668874174
0.23529411764705882
0.20979020979020982
0.2567567567567568
0.273972602739726
0.2962962962962963
0.1739130434782609
0.2585034013605442
0.25
0.18064516129032257
0.21768707482993196
0.21794871794871795
0.19480519480519481
0.16666666666666666
0.20312499999999997
0.18055555555555552
0.25
0.27586206896551724
0.2361111111111111
0.20155038759689925
0.21739130434782608
0.136986301369863
0.20134228187919462
0.19178082191780824
0.19718309859154928
0.1857142857142857
0.1643835616438356
0.16176470588235295
0.18309859154929578
0.16326530612244897
0.10958904109589042
0.17266187050359713
0.24285714285714285
0.189873417721519
0.08695652173913045
0.16176470588235295
0.2222222222222222
0.20155038759689925
0.2206896551724138
0.1739130434782609
0.20740740740740743
0.1276595744680851
0.12987012987012989
0.1843971631205674
0.2463768115942029
0.28776978417266186
0.15942028985507245
0.18705035971223022
0.28025477707006363
0.2627737226277372
0.1527777777777778
0.1258741258741259
0.208955223880597
0.1843971631205674
0.25974025974025977
0.19402985074626863
0.14184397163120568
0.3452380952380953
0.2465753424657534
0.1958041958041958
0.16417910447761194
0.14925373134328357
0.22818791946308722
0.18978102189781018
0.16541353383458648
0.20437956204379562
0.18055555555555552
0.16993464052287582
0.17687074829931973
0.2285714285714286
0.20437956204379562
0.2535211267605634
0.21476510067114096
0.2204724409448819
0.19230769230769235
0.20915032679738563
0.15172413793103448
0.2222222222222222
0.1891891891891892
0.20588235294117646
0.12307692307692308
0.2763157894736842
0.17266187050359713
0.14285714285714288
0.1925925925925926
0.1702127659574468
0.1857142857142857
0.30985915492957744
0.19867549668874174
0.18055555555555552
0.1857142857142857
0.189873417721519
0.2388059701492537
0.21333333333333335
0.18421052631578946
0.1527777777777778
0.24675324675324675
0.22058823529411764
0.20270270270270271
0.23225806451612901
0.1702127659574468
0.18705035971223022
0.18309859154929578
0.2222222222222222
0.15151515151515152
0.2222222222222222
0.2482758620689655
0.24050632911392406
0.18705035971223022
0.0875912408759124
0.196969696969697
0.29850746268656714
0.19444444444444445
0.23376623376623376
0.1791044776119403
0.2054794520547945
0.16901408450704225
0.20979020979020982
0.23448275862068968
0.18055555555555552
0.2676056338028169
0.24060150375939848
0.13793103448275862
0.2222222222222222
0.10370370370370371
0.09722222222222222
0.2127659574468085
0.17834394904458598
0.1739130434782609
0.2384105960264901
0.21897810218978103
0.32167832167832167
0.20408163265306123
0.23076923076923075
0.15714285714285714
0.22377622377622378
0.16774193548387098
0.22666666666666668
0.18666666666666665
0.23437499999999997
0.18604651162790697
0.2620689655172414
0.20979020979020982
0.16901408450704225
0.28358208955223885
0.22666666666666668
0.20833333333333331
0.1751824817518248
0.1739130434782609
0.16666666666666666
0.130718954248366
0.1258741258741259
0.22388059701492535
0.16666666666666666
0.19178082191780824
0.24161073825503357
0.21374045801526714
0.2657342657342657
0.15037593984962408
0.18421052631578946
0.20979020979020982
0.17687074829931973
0.16551724137931034
0.16417910447761194
0.1276595744680851
0.17567567567567566
0.22535211267605634
0.16666666666666666
0.23943661971830985
0.20289855072463767
0.2972972972972973
0.23529411764705882
0.18705035971223022
0.18300653594771243
0.21768707482993196
0.14388489208633093
0.24113475177304963
0.19178082191780824
0.109375
0.13888888888888887
0.2206896551724138
0.20134228187919462
0.16417910447761194
0.20979020979020982
0.1739130434782609
0.17808219178082194
0.28187919463087246
0.18300653594771243
0.2222222222222222
0.16783216783216784
0.1626016260162602
0.19444444444444445
0.21768707482993196
0.2054794520547945
0.21428571428571427
0.1702127659574468
0.15384615384615383
0.18309859154929578
0.24242424242424243
0.1111111111111111
0.2517482517482518
0.174496644295302
0.2285714285714286
0.1891891891891892
0.17931034482758623
0.15492957746478872
0.2553191489361702
0.15714285714285714
0.2773722627737226
0.1739130434782609
0.1891891891891892
0.20437956204379562
0.22388059701492535
0.22058823529411764
0.14516129032258063
0.15492957746478872
0.19178082191780824
0.13986013986013987
0.2222222222222222
0.27777777777777773
0.22641509433962265
0.1857142857142857
0.1958041958041958
0.14925373134328357
0.13740458015267176
0.2620689655172414
0.2222222222222222
0.13533834586466165
0.19444444444444445
0.21917808219178084
0.2517482517482518
0.25503355704697983
0.17687074829931973
0.16216216216216214
0.20740740740740743
0.18978102189781018
0.23684210526315788
0.21739130434782608
0.14864864864864866
0.19402985074626863
0.17567567567567566
0.18181818181818182
0.3259259259259259
0.13740458015267176
0.18791946308724833
0.23529411764705882
0.1323529411764706
0.20437956204379562
0.22929936305732482
0.1925925925925926
0.1884057971014493
0.189873417721519
0.16783216783216784
0.19847328244274812
0.21582733812949642
0.22516556291390727
0.2714285714285714
0.21768707482993196
0.13043478260869565
0.16326530612244897
0.2127659574468085
0.19178082191780824
0.1954887218045113
0.2
0.26388888888888884
0.25
0.16551724137931034
0.1702127659574468
0.23529411764705882
0.19178082191780824
0.21917808219178084
0.14285714285714288
0.20289855072463767
0.16901408450704225
0.1360544217687075
0.196969696969697
0.20915032679738563
0.1818181818181818
0.22727272727272727
0.21935483870967745
0.2620689655172414
0.17218543046357618
0.2657342657342657
0.1111111111111111
0.18055555555555552
0.1891891891891892
0.16058394160583941
0.1843971631205674
0.23357664233576642
0.21935483870967745
0.2571428571428571
0.21428571428571427
0.1496598639455782
0.17647058823529413
0.18749999999999997
0.2481751824817518
0.1129032258064516
0.24324324324324323
0.15151515151515152
0.2702702702702703
0.15068493150684933
0.21582733812949642
0.1804511278195489
0.2127659574468085
0.16296296296296295
0.208955223880597
0.22077922077922077
0.18421052631578946
0.2649006622516556
0.22058823529411764
0.21917808219178084
0.19867549668874174
0.23357664233576642
0.2361111111111111
0.1751824817518248
0.17777777777777778
0.273972602739726
0.1527777777777778
0.1958041958041958
0.12307692307692308
0.15714285714285714
0.1267605633802817
0.23448275862068968
0.16666666666666666
0.21917808219178084
0.18791946308724833
0.15827338129496402
0.2112676056338028
0.18300653594771243
0.045454545454545456
0.11347517730496454
