0.21582733812949642
0.19672131147540983
0.136986301369863
0.23776223776223776
0.13157894736842105
0.1791044776119403
0.19858156028368795
0.24
0.2589928057553957
0.24358974358974358
0.12949640287769784
0.1142857142857143
0.15602836879432622
0.1954887218045113
0.14285714285714288
0.12307692307692308
0.23776223776223776
0.1791044776119403
0.19847328244274812
0.2571428571428571
0.16417910447761194
0.2388059701492537
0.15714285714285714
0.208955223880597
0.2517482517482518
0.24113475177304963
0.20143884892086328
0.16528925619834714
0.21428571428571427
0.15714285714285714
0.26666666666666666
0.12857142857142856
0.16551724137931034
0.08888888888888889
0.1751824817518248
0.18055555555555552
0.16541353383458648
0.17777777777777778
0.2054794520547945
0.20134228187919462
0.19117647058823528
0.21476510067114096
0.19047619047619044
0.21917808219178084
0.13333333333333333
0.14285714285714288
0.25316455696202533
0.2727272727272727
0.11851851851851851
0.2127659574468085
0.19847328244274812
0.18055555555555552
0.25
0.1111111111111111
0.27586206896551724
0.15037593984962408
0.18320610687022904
0.2535211267605634
0.1276595744680851
0.1527777777777778
0.21917808219178084
0.2384105960264901
0.22556390977443608
0.2482758620689655
0.2657342657342657
0.13533834586466165
0.18705035971223022
0.21052631578947367
0.1954887218045113
0.20408163265306123
0.2
0.19858156028368795
0.1044776119402985
0.2054794520547945
0.2564102564102564
0.15172413793103448
0.23287671232876714
0.27972027972027974
0.21917808219178084
0.18978102189781018
0.14705882352941177
0.20143884892086328
0.1891891891891892
0.10666666666666667
0.2222222222222222
0.19718309859154928
0.20270270270270271
0.2518518518518518
0.29457364341085274
0.2465753424657534
0.13333333333333333
0.1791044776119403
0.1804511278195489
0.2894736842105263
0.26666666666666666
0.12857142857142856
0.18309859154929578
0.1791044776119403
0.22516556291390727
0.20437956204379562
0.14705882352941177
0.22556390977443608
0.1791044776119403
0.15492957746478872
0.24242424242424243
0.21705426356589147
0.20833333333333331
0.16783216783216784
0.17834394904458598
0.28985507246376807
0.14173228346456693
0.2627737226277372
0.2608695652173913
0.2236842105263158
0.17857142857142855
0.18705035971223022
0.1751824817518248
0.14388489208633093
0.17647058823529413
0.2702702702702703
0.1142857142857143
0.2482758620689655
0.1843971631205674
0.12857142857142856
0.24060150375939848
0.24285714285714285
0.16923076923076924
0.2620689655172414
0.17142857142857143
0.16783216783216784
0.2222222222222222
0.13986013986013987
0.22535211267605634
0.1884057971014493
0.23287671232876714
0.2585034013605442
0.16058394160583941
0.1258741258741259
0.18604651162790697
0.140625
0.25503355704697983
0.20634920634920634
0.23287671232876714
0.22727272727272727
0.28571428571428575
0.2361111111111111
0.23287671232876714
0.16901408450704225
0.24806201550387594
0.16666666666666666
0.17777777777777778
0.16296296296296295
0.22535211267605634
0.1527777777777778
0.25165562913907286
0.16551724137931034
0.25954198473282436
0.2077922077922078
0.1958041958041958
0.18181818181818182
0.2206896551724138
0.27338129496402874
0.28
0.3055555555555556
0.23287671232876714
0.302158273381295
0.15172413793103448
0.19858156028368795
0.1958041958041958
0.21897810218978103
0.27338129496402874
0.15714285714285714
0.18309859154929578
0.20289855072463767
0.16541353383458648
0.17931034482758623
0.1891891891891892
0.30136986301369867
0.13793103448275862
0.21052631578947367
0.24
0.20143884892086328
0.11678832116788321
0.30985915492957744
0.16176470588235295
0.1891891891891892
0.21794871794871795
0.17499999999999996
0.20437956204379562
0.22727272727272727
0.1527777777777778
0.21917808219178084
0.18604651162790697
0.19117647058823528
0.18978102189781018
0.25
0.07575757575757576
0.1958041958041958
0.21917808219178084
0.18181818181818182
0.1954887218045113
0.2318840579710145
0.2589928057553957
0.19718309859154928
0.22666666666666668
0.15068493150684933
0.1702127659574468
0.21582733812949642
0.2517482517482518
0.15625
0.1496598639455782
0.1111111111111111
0.18181818181818182
0.18309859154929578
0.1925925925925926
0.23376623376623376
0.2112676056338028
0.20979020979020982
0.21621621621621626
0.1702127659574468
0.208955223880597
0.23703703703703702
0.19310344827586204
0.21897810218978103
0.18666666666666665
0.12949640287769784
0.11347517730496454
0.2463768115942029
0.2289156626506024
0.23225806451612901
0.1818181818181818
0.1702127659574468
0.2125
0.14184397163120568
0.2627737226277372
0.15714285714285714
0.16296296296296295
0.1476510067114094
0.21917808219178084
0.2206896551724138
0.1818181818181818
0.28965517241379307
0.13793103448275862
0.15037593984962408
0.18705035971223022
0.2127659574468085
0.23357664233576642
0.22388059701492535
0.20979020979020982
0.17266187050359713
0.25373134328358204
0.24161073825503357
0.22950819672131148
0.22058823529411764
0.20689655172413796
0.15267175572519084
0.2285714285714286
0.11851851851851851
0.20833333333333331
0.22972972972972974
0.17647058823529413
0.2054794520547945
0.2
0.11851851851851851
0.2567567567567568
0.16783216783216784
0.14285714285714288
0.17647058823529413
0.17266187050359713
0.2627737226277372
0.29447852760736193
0.2695035460992907
0.20143884892086328
0.16666666666666666
0.2993197278911564
0.18309859154929578
0.23225806451612901
0.20915032679738563
0.24060150375939848
0.14184397163120568
0.19444444444444445
0.22695035460992907
0.11688311688311688
0.2054794520547945
0.2535211267605634
0.16901408450704225
0.22818791946308722
0.22818791946308722
0.2556390977443609
0.2206896551724138
0.18978102189781018
0.2714285714285714
0.1702127659574468
0.3108108108108108
0.16551724137931034
0.1643835616438356
0.2318840579710145
0.19718309859154928
0.1313868613138686
0.16923076923076924
0.19310344827586204
0.13636363636363635
0.24285714285714285
0.16176470588235295
0.16551724137931034
0.24460431654676257
0.16176470588235295
0.27586206896551724
0.18791946308724833
0.1818181818181818
0.23076923076923075
0.24285714285714285
0.30344827586206896
0.20270270270270271
0.20645161290322578
0.2285714285714286
0.2585034013605442
0.20408163265306123
0.20437956204379562
0.20512820512820512
0.27586206896551724
0.13888888888888887
0.2
0.19847328244274812
0.1857142857142857
0.20437956204379562
0.15172413793103448
0.2361111111111111
0.24675324675324675
0.21621621621621626
0.2345679012345679
0.2463768115942029
0.21476510067114096
0.28571428571428575
0.21705426356589147
0.24999999999999994
0.22818791946308722
0.25316455696202533
0.10606060606060606
0.12030075187969924
0.24427480916030536
0.13888888888888887
0.1884057971014493
0.1232876712328767
0.18055555555555552
0.225
0.20437956204379562
0.14388489208633093
0.1739130434782609
0.2585034013605442
0.1818181818181818
0.1739130434782609
0.20979020979020982
0.14388489208633093
0.2285714285714286
0.20833333333333331
0.16296296296296295
0.1818181818181818
0.15602836879432622
0.14084507042253522
0.2361111111111111
0.14184397163120568
0.17777777777777778
0.21768707482993196
0.2465753424657534
0.2222222222222222
0.18543046357615892
0.2535211267605634
0.23376623376623376
0.18421052631578946
0.2727272727272727
0.1804511278195489
0.276923076923077
0.17777777777777778
0.15267175572519084
0.16551724137931034
0.19867549668874174
0.14285714285714288
0.2361111111111111
0.21476510067114096
0.21374045801526714
0.26388888888888884
0.16541353383458648
0.20512820512820512
0.2911392405063291
0.2676056338028169
0.2465753424657534
0.18705035971223022
0.15942028985507245
0.14388489208633093
0.2876712328767123
0.2112676056338028
0.20979020979020982
0.1958041958041958
0.15602836879432622
0.21052631578947367
0.273972602739726
0.14705882352941177
0.21192052980132453
0.20588235294117646
0.21897810218978103
0.23943661971830985
0.1732283464566929
0.19108280254777069
0.18978102189781018
0.3157894736842105
0.08633093525179857
0.1891891891891892
0.23357664233576642
0.19402985074626863
0.21192052980132453
0.2236842105263158
0.1818181818181818
0.25
0.18791946308724833
0.208955223880597
0.2222222222222222
0.15827338129496402
0.2
0.18309859154929578
0.18300653594771243
0.2916666666666667
0.1857142857142857
0.24203821656050956
0.18064516129032257
0.20833333333333331
0.1818181818181818
0.196969696969697
0.12244897959183675
0.1857142857142857
0.14814814814814814
0.15172413793103448
0.27338129496402874
0.1925925925925926
0.1679389312977099
0.15942028985507245
0.2127659574468085
0.21192052980132453
0.17567567567567566
0.20289855072463767
0.16901408450704225
0.16326530612244897
0.2112676056338028
0.16666666666666666
0.2463768115942029
0.2222222222222222
0.16551724137931034
0.140625
0.2318840579710145
0.1818181818181818
0.14285714285714288
0.1958041958041958
0.2448979591836735
0.17499999999999996
0.3194444444444445
0.2112676056338028
0.171875
0.14285714285714288
0.19718309859154928
0.22695035460992907
0.2608695652173913
0.19867549668874174
0.1857142857142857
0.2649006622516556
0.19736842105263155
0.15942028985507245
0.20833333333333331
0.24
0.15503875968992248
0.21333333333333335
0.14388489208633093
0.1739130434782609
0.1843971631205674
0.17142857142857143
0.2222222222222222
0.1958041958041958
0.19310344827586204
0.24460431654676257
0.2553191489361702
0.11920529801324505
0.1739130434782609
0.22535211267605634
0.21705426356589147
0.2
0.17931034482758623
0.29577464788732394
0.21333333333333335
0.18421052631578946
0.13513513513513514
0.1875
0.18064516129032257
0.23357664233576642
0.21212121212121213
0.09859154929577464
0.1751824817518248
0.20134228187919462
0.15602836879432622
0.19199999999999998
0.22818791946308722
0.208955223880597
