0.47930724013225445
0.5145050999209193
0.510181479046355
0.5363879304377811
0.462536529428698
0.5025487739843079
0.5283569357798956
0.49303920768490533
0.5035938582686346
0.541024214189289
0.51350152609059
0.5327026711204684
0.4803868924588602
0.5500120616194282
0.45522775807016913
0.5022486310915959
0.4917679156378796
0.43740153575136004
0.5218581478378135
0.484382506821587
0.44861812072524326
0.5150425351951617
0.4960843077115929
0.5710708965538259
0.4580609091465536
0.5119060582196232
0.485696060978286
0.5202577514793384
0.5088478956539731
0.43602140405469697
0.4197143314742794
0.4741122269035185
0.5035018280832726
0.5379622027866894
0.514498309050916
0.47221842375767936
0.5245547694786246
0.5256428993110157
0.47471799186197394
0.4910980461984641
0.5011927241715121
0.5154840386742447
0.5224474944446834
0.5270898997841963
0.5046174635935488
0.4958067755915949
0.5151483889544282
0.487018298971284
0.49851672137057546
0.5521972640849528
0.5149163238837752
0.5128839715393779
0.48718080314594164
0.46658092549829056
0.520006441796937
0.5672338831164108
0.48012555998923406
0.5496870234010303
0.5401165517639905
0.5301367907509753
0.500157309355127
0.4694111572740078
0.5669093048789143
0.4900235734274538
0.5179028809034426
0.491364330829127
0.5015410619871055
0.5096044550710827
0.5116945455326851
0.5606035776958619
0.5784508818991894
0.54565517073434
0.49193648845021687
0.49640756341389086
0.53525529844235
0.4678498533473637
0.5227422983492426
0.5745823238291385
0.4960038256021544
0.4450725779610005
0.4712586145032284
0.4688788600783924
0.4779029148522705
0.47596432526754723
0.5068484636073646
0.48969417374371915
0.5007182576040979
0.4849977641716697
0.44797824715883017
0.4289825926594498
0.510317110967854
0.5522424678548695
0.4970415977093976
0.5185006635104038
0.5434293111255325
0.5379428142452345
0.5187494843639505
0.4932834218996414
0.519313701731053
0.5246327259310878
0.4822111108942632
0.5528864187839182
0.5110920451479295
0.4346758908590339
0.5080609015116594
0.5700160969560581
0.4933132898407917
0.4825237778614256
0.5607739517564584
0.5213053468319705
0.48279338811659195
0.5141248593119243
0.48873242525058397
0.5585964048816159
0.514895469965712
0.49726533989302246
0.5540982302518567
0.5255853539943929
0.5033355513995695
0.5572045616338931
0.4798184532628118
0.46662329755523185
0.4960055057192976
0.5130545958749426
0.5015029974484805
0.5100891532741761
0.49631318210159275
0.5148408006590726
0.4535809177626765
0.5321257745151813
0.5619319641518771
0.5705777045333579
0.4592063776839615
0.4977223690502491
0.5754175183759628
0.4592392239064632
0.4435464894816934
0.5509254001960519
0.502658357958983
0.5011388143106279
0.5128875750082975
0.45132682553261944
0.5065137643361544
0.5112853168071902
0.4828389302026075
0.47054485743716196
0.4868137475205489
0.5128563639374004
0.5311286340971242
0.5247829706449025
0.4594269145302416
0.4785070874610288
0.4751782913371053
0.5092139685083636
0.545605597456488
0.5074109688527875
0.47884860447417493
0.4567960175152138
0.4709725268104958
0.48032083639941303
0.5110557068538952
0.5138617803949347
0.5364713818629653
0.5445655301723196
0.48688139248852746
0.5325564810145581
0.5169270626776173
0.5547731701232617
0.4800664668055231
0.4564617611964465
0.5289549174981139
0.4716137215235153
0.5508250288598986
0.5518083291206497
0.4875367703060833
0.5347460050676062
0.4931088308117873
0.5625036954525596
0.5249798977707381
0.47261459425438324
0.4813838542171586
0.5315015112685654
0.5400775458292847
0.5567115383822188
0.5270660521561805
0.49783046061975805
0.5054845355302715
0.5492961954745267
0.466684852813545
0.5236579010475029
0.4905872961633144
0.4644902715791616
0.451493106048314
0.5616130044409676
0.5111635596794321
0.4622181506968578
0.5324784276371399
0.5050644728107576
0.5235126727251354
0.46136165045518707
0.4882518991502822
0.5138292557855346
0.526050139916301
0.49955989733677675
0.5233826921199064
0.5020423989309809
0.5115713956051954
0.5107100865134006
0.4938481106313783
0.5192842993942457
0.5311412058474242
0.4381638935382248
0.48847457193938865
0.5166532366836465
0.48264302383213675
0.5111668662407628
0.4799337133386383
0.5315578849445934
0.5213289725494149
0.4928201391392036
0.5717683844024479
0.48539962948203297
0.5006498283284218
0.5230628129816349
0.5345717385124452
0.5671251492778482
0.5421069694449969
0.42478878090298755
0.5166395144581541
0.4841883883690366
0.4849148955282229
0.4205236488698908
0.523555257108005
0.5000327020760872
0.5096969591580547
0.5324673934537038
0.491279918598309
0.49928519137592836
0.48494775414631663
0.4772901267844593
0.5037122451751596
0.5177369445358452
0.49359987531084704
0.5073395720891343
0.46657159592522296
0.5281021544803198
0.5297500784046626
0.5201966426285081
0.4895191357918125
0.5171232019028476
0.48446426153925104
0.5333193085472536
0.5067690301446368
0.4982711754040343
0.4501612772402335
0.538139806843895
0.44267825512811826
0.519098744906099
0.4801912108536975
0.5534166616334177
0.5728358461124422
0.4777358187896963
0.48257643540299733
0.4613460964523355
0.5276011289752273
0.533608980945248
0.5108593390521836
0.48121813699176585
0.5178446279244912
0.5407275848499281
0.4904171358857862
0.5186714025815451
0.5246326148480449
0.49529808065243675
0.5072573479922808
0.4390589762364889
0.4943161866121859
0.49567220500308057
0.5275841628609502
0.47009865588646627
0.5519886043570199
0.5062344945544012
0.5670189460898879
0.5199574768052688
0.5267928600430973
0.4806363884343403
0.4910177297598436
0.5382561203070948
0.5228518963646706
0.49116731413846376
0.502103621348577
0.5343748777811971
0.49011472525312505
0.5215801218224752
0.5630905616004752
0.5354504720838172
0.4461765404940049
0.5755062692043611
0.4773059110384614
0.5143835547675986
0.48823336550915986
0.4682322804749125
0.43096767748252646
0.49742756973952684
0.4929194815992167
0.5159606277162709
0.5734280005917756
0.4388260675319954
0.44240748765370375
0.5896761382123651
0.5255785381835277
0.5629916707480105
0.5263672454752577
0.5352233853616457
0.5503580605711565
0.5261251522609541
0.45754749555628466
0.47314912360606165
0.5564348618731565
0.5551202960933491
0.47203848414459704
0.5596082643650285
0.5329662108257545
0.5008111507566587
0.5266415299738156
0.4512631732577218
0.5702783895538545
0.4911974063017162
0.5484748494348153
0.49960880498253246
0.5206579056507767
0.5093290590615738
0.6059544560067598
0.52762166093956
0.5704228727673796
0.5566821000290949
0.5146779971025237
0.5018011269097609
0.550026172159705
0.48808696148121533
0.45659488499742024
0.48806287473865806
0.4326564941364991
0.5144520168411771
0.4811096222557924
0.4873972586360248
0.5086071624339469
0.5186609837420864
0.4818891652648235
0.5683565408744891
0.5617638562658067
0.5275916969620187
0.5564532797343935
0.47907379298190106
0.54319889151359
0.5397341551973847
0.5271104506939919
0.4576244220332827
0.44610179751840545
0.5304555149965611
0.5578610153903729
0.5210110389837652
0.5164836485170476
0.5000050116106503
0.47048992153918123
0.5144931538664711
0.5128583036011144
0.5023035213049373
0.5590836126904215
0.5279041574047021
0.47111576100162295
0.5055589993700433
0.44849037137718784
0.5095327440501533
0.47905244472066444
0.4766604679678422
0.429728075780622
0.5060302314950867
0.47905799615299693
0.5077844518709025
0.48151194383242896
0.5358309735460776
0.5132768021807855
0.45223509061764666
0.44892558385498826
0.50061307165026
0.5168169688422867
0.5299470097471339
0.5496180811726683
0.5203924174554742
0.5058570654826118
0.5440968156327126
0.46615814567872893
0.44314941197045415
0.4635499808903951
0.5472445990770363
0.5072049604295712
0.4537158641900539
0.4819961750079675
0.47489411002235077
0.5049050514597778
0.5231077245165016
0.5120919622124417
0.5214941439749992
0.5096674538411746
0.5712950998339765
0.5312150329778643
0.5438566782496677
0.5164923427913162
0.5012931668556057
0.49737715323035403
0.5294150708581258
0.5051551158340538
0.5132921471159615
0.549592751734386
0.48892255820603736
0.5461004240260483
0.538241701011017
0.4631298527734748
0.49148271520768927
0.5220338473170777
0.491618079296866
0.4628907170289343
0.533819521141878
0.5305020541212951
0.5327701884051581
0.48662056228220385
0.5432536423306757
0.5088702469341695
0.47402353589894175
0.49954973954777593
0.5054253793905534
0.5417643550980117
0.519163531435392
0.5206125521974778
0.46991759128132676
0.5624535916129351
0.5279712299341722
0.4385917510880694
0.531431634911996
0.5147184835572596
0.5280999024450543
0.4075965775588668
0.44163816676634343
0.49525307136076835
0.45066546006994984
0.493181136637311
0.5265096490509793
0.5534284994322978
0.559373681515998
0.5032539420594935
0.546238602906146
0.47929545740739865
0.5505261356940774
0.5725618112767463
0.5280552706525313
0.48266365999571037
0.48489527132375765
0.47323737439728514
0.5613057612583044
0.534145523800892
0.5205788582823166
0.5415133336989251
0.4532122321000996
0.5551337556951539
0.5237779152041964
0.5339341670636326
0.5631675715351924
0.524797773943546
0.4591960722327607
0.49469843565181976
0.5097932934169935
0.528108295300374
0.5089504110345453
0.5589451257957903
0.501294163236762
0.4951433424550095
0.4665520686140163
0.5557449641249731
0.4990442109296489
0.5509983308428508
0.4614144894088378
0.5237581761561666
0.5593040485749531
0.5213852534472616
0.5034722362609746
0.4894859294785075
0.5419909044290107
0.5547722331363457
0.5389147275847579
0.4846068957736719
0.5198572969973245
0.4695804980844189
0.5573462951153173
0.5686278473014874
0.5196061850127441
0.5563717271280528
0.49269770986686434
0.5550656960162292
0.4468804724742569
