0.4301075268817204
0.3806451612903226
0.4184397163120568
0.4125874125874126
0.4306569343065693
0.4140350877192982
0.4184397163120568
0.4041095890410959
0.42704626334519563
0.4154929577464789
0.42105263157894735
0.3931034482758621
0.4184397163120568
0.42446043165467623
0.4419475655430712
0.4184397163120568
0.4202898550724637
0.3999999999999999
0.4341637010676157
0.43636363636363634
0.4486692015209125
0.42909090909090913
0.416382252559727
0.41666666666666674
0.43283582089552236
0.4109589041095891
0.4041095890410959
0.4285714285714286
0.41114982578397213
0.4225352112676056
0.40955631399317405
0.40136054421768713
0.41304347826086957
0.4125874125874126
0.42909090909090913
0.40559440559440557
0.3920265780730897
0.4419475655430712
0.4202898550724637
0.43321299638989164
0.4054982817869416
0.4411764705882352
0.41379310344827586
0.4275362318840579
0.4395604395604395
0.4109589041095891
0.41428571428571426
0.4202898550724637
0.4229390681003584
0.4041095890410959
0.4347826086956521
0.42402826855123676
0.4152249134948098
0.41114982578397213
0.42804428044280435
0.43703703703703706
0.41696113074204944
0.3972602739726028
0.4068965517241379
0.43321299638989164
0.40972222222222215
0.41666666666666674
0.41666666666666674
0.41114982578397213
0.41114982578397213
0.4214285714285714
0.4068965517241379
0.43165467625899284
0.40273037542662116
0.42446043165467623
0.4184397163120568
0.4395604395604395
0.4199288256227758
0.4372759856630824
0.4249084249084249
0.42553191489361697
0.3986486486486487
0.4306569343065693
0.416382252559727
0.4109589041095891
0.41114982578397213
0.41811846689895465
0.4140350877192982
0.4229390681003584
0.45112781954887216
0.43262411347517726
0.42446043165467623
0.4214285714285714
0.4249084249084249
0.40136054421768713
0.4157706093189964
0.40268456375838924
0.4040404040404041
0.43018867924528303
0.4125874125874126
0.42181818181818176
0.4140350877192982
0.42909090909090913
0.38961038961038963
0.39455782312925164
0.41379310344827586
0.42909090909090913
0.4068965517241379
0.42909090909090913
0.3931034482758621
0.43703703703703706
0.437956204379562
0.4083044982698961
0.4301075268817204
0.4233576642335766
0.397212543554007
0.3879598662207358
0.4199288256227758
0.4280701754385965
0.4184397163120568
0.4157706093189964
0.43703703703703706
0.40955631399317405
0.4067796610169492
0.4214285714285714
0.41114982578397213
0.42657342657342656
0.42402826855123676
0.40972222222222215
0.4152249134948098
0.4275362318840579
0.4067796610169492
0.4083044982698961
0.41811846689895465
0.44852941176470584
0.41696113074204944
0.4027777777777778
0.4202898550724637
0.4083044982698961
0.43321299638989164
0.40972222222222215
0.4070175438596491
0.4233576642335766
0.4280701754385965
0.4347826086956521
0.4128113879003559
0.43382352941176466
0.42647058823529416
0.41666666666666674
0.41877256317689526
0.4081632653061224
0.4199288256227758
0.42962962962962964
0.41379310344827586
0.41007194244604317
0.4125874125874126
0.4125874125874126
0.4249084249084249
0.41811846689895465
0.44106463878326996
0.4229390681003584
0.4109589041095891
0.39999999999999997
0.3986710963455149
0.42446043165467623
0.41379310344827586
0.39583333333333337
0.4275362318840579
0.4214285714285714
0.38961038961038963
0.40268456375838924
0.4306569343065693
0.42909090909090913
0.44609665427509293
0.41114982578397213
0.42553191489361697
0.4084507042253521
0.43636363636363634
0.4225352112676056
0.4067796610169492
0.4199288256227758
0.4125874125874126
0.4013377926421405
0.4081632653061224
0.4562737642585551
0.40989399293286216
0.41877256317689526
0.40138408304498274
0.4199288256227758
0.41924398625429554
0.40273037542662116
0.39999999999999997
0.40972222222222215
0.40268456375838924
0.41114982578397213
0.42909090909090913
0.4199288256227758
0.3890784982935153
0.42647058823529416
0.41696113074204944
0.42647058823529416
0.4083044982698961
0.42446043165467623
0.44029850746268656
0.4152249134948098
0.4306569343065693
0.4083044982698961
0.40418118466898956
0.42402826855123676
0.45669291338582674
0.4041095890410959
0.42804428044280435
0.4347826086956521
0.4354243542435424
0.4306569343065693
0.4070175438596491
0.3917525773195877
0.4259927797833935
0.41758241758241754
0.4312267657992565
0.4152249134948098
0.40138408304498274
0.4154929577464789
0.3986486486486487
0.4301075268817204
0.38338658146964855
0.4259927797833935
0.43703703703703706
0.44776119402985076
0.4312267657992565
0.4125874125874126
0.40972222222222215
0.41958041958041953
0.4229390681003584
0.45977011494252873
0.4229390681003584
0.4083044982698961
0.4275362318840579
0.4152249134948098
0.4301075268817204
0.4199288256227758
0.42402826855123676
0.43703703703703706
0.4555984555984555
0.4083044982698961
0.437956204379562
0.4229390681003584
0.4140350877192982
0.4066666666666666
0.4444444444444444
0.4140350877192982
0.41428571428571426
0.437956204379562
0.39590443686006827
0.41605839416058393
0.42402826855123676
0.4184397163120568
0.4070175438596491
0.3986486486486487
0.4275362318840579
0.42704626334519563
0.40972222222222215
0.41696113074204944
0.41811846689895465
0.4083044982698961
0.4229390681003584
0.4083044982698961
0.40559440559440557
0.42909090909090913
0.4081632653061224
0.3853820598006644
0.42909090909090913
0.4229390681003584
0.4084507042253521
0.4295774647887324
0.43262411347517726
0.40273037542662116
0.4152249134948098
0.4411764705882352
0.43321299638989164
0.4199288256227758
0.42402826855123676
0.40989399293286216
0.42508710801393723
0.4347826086956521
0.41958041958041953
0.43382352941176466
0.4145454545454545
0.40972222222222215
0.4354243542435424
0.43165467625899284
0.4280701754385965
0.43165467625899284
0.4225352112676056
0.4395604395604395
0.4125874125874126
0.4306569343065693
0.42214532871972316
0.4199288256227758
0.4275362318840579
0.39999999999999997
0.40273037542662116
0.4214285714285714
0.4041095890410959
0.4202898550724637
0.42066420664206644
0.4157706093189964
0.42704626334519563
0.3947368421052631
0.4154929577464789
0.41726618705035967
0.39189189189189183
0.4312267657992565
0.4214285714285714
0.4125874125874126
0.42647058823529416
0.42553191489361697
0.44280442804428044
0.4152249134948098
0.4140350877192982
0.43703703703703706
0.4259927797833935
0.437956204379562
0.41114982578397213
0.41666666666666674
0.4070175438596491
0.41237113402061853
0.4214285714285714
0.4199288256227758
0.4259927797833935
0.44280442804428044
0.4067796610169492
0.4199288256227758
0.41666666666666674
0.4154929577464789
0.41114982578397213
0.39583333333333337
0.4285714285714286
0.4229390681003584
0.41114982578397213
0.4154929577464789
0.41696113074204944
0.4125874125874126
0.4152249134948098
0.4041095890410959
0.4083044982698961
0.40282685512367494
0.4452830188679245
0.4233576642335766
0.4214285714285714
0.4199288256227758
0.4419475655430712
0.41379310344827586
0.43109540636042404
0.40273037542662116
0.4054982817869416
0.4199288256227758
0.4249084249084249
0.41666666666666674
0.4184397163120568
0.4202898550724637
0.4249084249084249
0.4395604395604395
0.41379310344827586
0.4249084249084249
0.4372759856630824
0.4068965517241379
0.41428571428571426
0.4354243542435424
0.40559440559440557
0.41696113074204944
0.44609665427509293
0.4225352112676056
0.39597315436241615
0.42909090909090913
0.4149659863945579
0.4225352112676056
0.42704626334519563
0.42181818181818176
0.4113475177304965
0.41237113402061853
0.4027777777777778
0.4083044982698961
0.4081632653061224
0.4199288256227758
0.41696113074204944
0.41726618705035967
0.40955631399317405
0.42704626334519563
0.41237113402061853
0.4214285714285714
0.43321299638989164
0.40559440559440557
0.45112781954887216
0.4068965517241379
0.42553191489361697
0.42402826855123676
0.4109589041095891
0.4027777777777778
0.40972222222222215
0.4083044982698961
0.4214285714285714
0.43636363636363634
0.42909090909090913
0.4214285714285714
0.38754325259515565
0.40989399293286216
0.4214285714285714
0.38666666666666666
0.4184397163120568
0.39464882943143814
0.42647058823529416
0.4411764705882352
0.4306569343065693
0.4229390681003584
0.4225352112676056
0.43609022556390975
0.42962962962962964
0.4225352112676056
0.42446043165467623
0.4135593220338982
0.4083044982698961
0.41666666666666674
0.46274509803921565
0.41428571428571426
0.42704626334519563
0.43262411347517726
0.4013377926421405
0.42402826855123676
0.42181818181818176
0.4225352112676056
0.4027777777777778
0.42704626334519563
0.43165467625899284
0.4285714285714286
0.4
0.4109589041095891
0.4125874125874126
0.43636363636363634
0.40559440559440557
0.39597315436241615
0.42553191489361697
0.40136054421768713
0.43636363636363634
0.42647058823529416
0.3986254295532646
0.40268456375838924
0.4154929577464789
0.4395604395604395
0.3986710963455149
0.42181818181818176
0.4041095890410959
0.41379310344827586
0.4419475655430712
0.4225352112676056
0.4083044982698961
0.42105263157894735
0.4275362318840579
0.4354243542435424
0.4199288256227758
0.42402826855123676
0.4436090225563909
0.40989399293286216
0.42553191489361697
0.4199288256227758
0.4285714285714286
0.43283582089552236
0.4301075268817204
0.4354243542435424
0.4084507042253521
0.4081632653061224
0.43382352941176466
0.4347826086956521
0.43382352941176466
0.44029850746268656
0.4199288256227758
0.4275362318840579
0.4128113879003559
0.41811846689895465
0.42804428044280435
0.4275362318840579
0.4041095890410959
0.42402826855123676
0.4229390681003584
0.43382352941176466
0.4322344322344322
0.4609375
0.4154929577464789
0.4054982817869416
0.41666666666666674
0.4154929577464789
0.44029850746268656
0.4444444444444444
0.42105263157894735
0.43703703703703706
0.4347826086956521
0.4347826086956521
0.4121621621621622
0.4259927797833935
0.4068965517241379
0.4354243542435424
0.42553191489361697
0.43703703703703706
0.4184397163120568
0.46564885496183206
