0.5833333333333334
0.4915254237288136
0.52
0.6122448979591837
0.4791666666666667
0.56
0.5849056603773585
0.6222222222222222
0.54
0.6086956521739131
0.6808510638297872
0.58
0.45614035087719296
0.4909090909090909
0.625
0.5714285714285714
0.6829268292682927
0.6041666666666666
0.5686274509803921
0.54
0.5777777777777777
0.6
0.6511627906976745
0.6923076923076923
0.5555555555555556
0.6086956521739131
0.5853658536585366
0.5714285714285714
0.5531914893617021
0.5714285714285714
0.5434782608695652
0.7073170731707317
0.6976744186046512
0.5833333333333334
0.6041666666666666
0.7021276595744681
0.5853658536585366
0.6222222222222222
0.6923076923076923
0.6470588235294118
0.5434782608695652
0.6486486486486487
0.5833333333333334
0.5555555555555556
0.5909090909090909
0.5882352941176471
0.6521739130434783
0.5769230769230769
0.5
0.6041666666666666
0.5510204081632653
0.6
0.5789473684210527
0.673469387755102
0.5319148936170213
0.675
0.6666666666666666
0.5777777777777777
0.6097560975609756
0.5490196078431373
0.58
0.5178571428571429
0.5714285714285714
0.5769230769230769
0.5510204081632653
0.6170212765957447
0.6818181818181818
0.7
0.5531914893617021
0.5531914893617021
0.54
0.6097560975609756
0.6521739130434783
0.6041666666666666
0.5490196078431373
0.5254237288135594
0.5192307692307693
0.49019607843137253
0.5294117647058824
0.6
0.5813953488372093
0.5625
0.574468085106383
0.5531914893617021
0.5833333333333334
0.58
0.6428571428571429
0.5833333333333334
0.5333333333333333
0.5909090909090909
0.6326530612244898
0.4827586206896552
0.7567567567567568
0.6382978723404256
0.5348837209302325
0.6
0.5576923076923077
0.4807692307692308
0.575
0.5660377358490566
0.5510204081632653
0.6
0.6274509803921569
0.5
0.6428571428571429
0.6041666666666666
0.5333333333333333
0.6170212765957447
0.6086956521739131
0.5416666666666666
0.6170212765957447
0.5740740740740741
0.62
0.5454545454545454
0.41818181818181815
0.6170212765957447
0.5384615384615384
0.6041666666666666
0.559322033898305
0.56
0.6341463414634146
0.5714285714285714
0.6046511627906976
0.5490196078431373
0.6086956521739131
0.6170212765957447
0.725
0.6170212765957447
0.56
0.5098039215686274
0.6511627906976745
0.52
0.6037735849056604
0.5106382978723404
0.56
0.6578947368421053
0.575
0.6976744186046512
0.4576271186440678
0.5490196078431373
0.5510204081632653
0.6086956521739131
0.5172413793103449
0.5576923076923077
0.5094339622641509
0.5957446808510638
0.5686274509803921
0.6086956521739131
0.6046511627906976
0.5531914893617021
0.58
0.65
0.509090909090909
0.5333333333333333
0.6153846153846154
0.5294117647058824
0.6122448979591837
0.6170212765957447
0.5813953488372093
0.5777777777777777
0.6363636363636364
0.5652173913043478
0.5882352941176471
0.6190476190476191
0.574468085106383
0.5510204081632653
0.6037735849056604
0.5192307692307693
0.58
0.6326530612244898
0.5555555555555556
0.5681818181818182
0.6
0.5416666666666666
0.574468085106383
0.5833333333333334
0.6097560975609756
0.6341463414634146
0.6078431372549019
0.5416666666666666
0.5714285714285714
0.6363636363636364
0.6666666666666666
0.6097560975609756
0.6086956521739131
0.5
0.5111111111111111
0.5652173913043478
0.49122807017543857
0.5714285714285714
0.5283018867924528
0.5918367346938775
0.5306122448979592
0.6511627906976745
0.5094339622641509
0.6222222222222222
0.5945945945945946
0.7142857142857143
0.5217391304347826
0.5272727272727272
0.5510204081632653
0.574468085106383
0.5535714285714286
0.6122448979591837
0.5
0.5686274509803921
0.5833333333333334
0.75
0.5686274509803921
0.5686274509803921
0.5833333333333334
0.65
0.574468085106383
0.6304347826086957
0.6
0.6341463414634146
0.4791666666666667
0.625
0.5714285714285714
0.6
0.6190476190476191
0.5434782608695652
0.52
0.5952380952380952
0.6739130434782609
0.4528301886792453
0.5652173913043478
0.575
0.5882352941176471
0.5084745762711864
0.6170212765957447
0.5357142857142857
0.5869565217391305
0.6086956521739131
0.56
0.56
0.5416666666666666
0.5102040816326531
0.6222222222222222
0.5777777777777777
0.5416666666666666
0.5531914893617021
0.58
0.6086956521739131
0.5909090909090909
0.6086956521739131
0.5576923076923077
0.6
0.5531914893617021
0.6444444444444445
0.6444444444444445
0.6041666666666666
0.5471698113207547
0.574468085106383
0.6595744680851063
0.5714285714285714
0.6222222222222222
0.6458333333333334
0.6363636363636364
0.6444444444444445
0.5869565217391305
0.6363636363636364
0.5192307692307693
0.49019607843137253
0.6304347826086957
0.5957446808510638
0.6086956521739131
0.5454545454545454
0.6190476190476191
0.6382978723404256
0.6086956521739131
0.5471698113207547
0.574468085106383
0.5909090909090909
0.6222222222222222
0.6511627906976745
0.5957446808510638
0.5
0.5652173913043478
0.5357142857142857
0.5384615384615384
0.5283018867924528
0.5384615384615384
0.6585365853658537
0.6739130434782609
0.5769230769230769
0.5714285714285714
0.5454545454545454
0.5957446808510638
0.6304347826086957
0.6086956521739131
0.6410256410256411
0.5208333333333334
0.5957446808510638
0.5098039215686274
0.7073170731707317
0.6304347826086957
0.5
0.5294117647058824
0.6428571428571429
0.6122448979591837
0.6530612244897959
0.675
0.5
0.5370370370370371
0.6136363636363636
0.5510204081632653
0.49019607843137253
0.5490196078431373
0.6666666666666666
0.6756756756756757
0.4716981132075472
0.6
0.5416666666666666
0.5882352941176471
0.5740740740740741
0.5918367346938775
0.574468085106383
0.5087719298245614
0.6111111111111112
0.631578947368421
0.6041666666666666
0.5490196078431373
0.6428571428571429
0.6296296296296297
0.5853658536585366
0.625
0.6363636363636364
0.5510204081632653
0.6216216216216216
0.5882352941176471
0.6428571428571429
0.5084745762711864
0.5957446808510638
0.46808510638297873
0.6136363636363636
0.5576923076923077
0.5714285714285714
0.6363636363636364
0.5434782608695652
0.5686274509803921
0.56
0.509090909090909
0.6829268292682927
0.6428571428571429
0.6222222222222222
0.6086956521739131
0.7777777777777778
0.6170212765957447
0.6046511627906976
0.675
0.62
0.62
0.5370370370370371
0.6666666666666666
0.6363636363636364
0.7435897435897436
0.65
0.6511627906976745
0.54
0.5833333333333334
0.5087719298245614
0.65
0.6190476190476191
0.5581395348837209
0.5490196078431373
0.49056603773584906
0.5882352941176471
0.6041666666666666
0.5272727272727272
0.5769230769230769
0.6222222222222222
0.5686274509803921
0.5882352941176471
0.58
0.4827586206896552
0.5813953488372093
0.5686274509803921
0.5961538461538461
0.6136363636363636
0.5531914893617021
0.7209302325581395
0.52
0.6037735849056604
0.5
0.5681818181818182
0.5652173913043478
0.5952380952380952
0.5660377358490566
0.6382978723404256
0.5882352941176471
0.6956521739130435
0.6590909090909091
0.5714285714285714
0.5853658536585366
0.54
0.5789473684210527
0.48214285714285715
0.5416666666666666
0.6086956521739131
0.5818181818181818
0.4883720930232558
0.56
0.5454545454545454
0.5681818181818182
0.6666666666666666
0.5208333333333334
0.5918367346938775
0.5769230769230769
0.6136363636363636
0.627906976744186
0.5535714285714286
0.5652173913043478
0.625
0.5925925925925926
0.6666666666666666
0.54
0.54
0.5094339622641509
0.5531914893617021
0.47368421052631576
0.5614035087719298
0.5961538461538461
0.6326530612244898
0.56
0.65
0.6136363636363636
0.6170212765957447
0.7142857142857143
0.6326530612244898
0.6590909090909091
0.6046511627906976
0.5416666666666666
0.5652173913043478
0.6
0.625
0.6585365853658537
0.5625
0.5882352941176471
0.6326530612244898
0.6086956521739131
0.5555555555555556
0.5777777777777777
0.5
0.5217391304347826
0.574468085106383
0.5957446808510638
0.5434782608695652
0.5625
0.625
0.5471698113207547
0.7804878048780488
0.5652173913043478
0.58
0.5918367346938775
0.5319148936170213
0.5882352941176471
0.7391304347826086
0.6136363636363636
0.6122448979591837
0.5769230769230769
0.6037735849056604
0.6086956521739131
0.5636363636363636
0.5272727272727272
0.6346153846153846
0.5306122448979592
0.6274509803921569
0.5098039215686274
0.5576923076923077
0.6222222222222222
0.6382978723404256
0.6326530612244898
0.5957446808510638
0.6341463414634146
0.5490196078431373
0.6326530612244898
0.5510204081632653
0.5769230769230769
0.5555555555555556
0.5882352941176471
0.6904761904761905
0.5869565217391305
0.5925925925925926
0.6382978723404256
0.5652173913043478
0.5652173913043478
0.56
0.58
0.5208333333333334
0.627906976744186
0.5434782608695652
0.6521739130434783
0.6578947368421053
0.5
0.5652173913043478
0.5576923076923077
0.5652173913043478
0.6428571428571429
0.5777777777777777
