0.19944403261675317
0.2174059281059491
0.19539052496798975
0.20301810865191147
0.19086312748284578
0.20360816584902675
0.20115763071580167
0.20301810865191147
0.1968701095461659
0.196023198011599
0.20944257091846857
0.1964397496087637
0.19371300265360278
0.19788732394366199
0.20917130691123487
0.1978682908260373
0.21709702660406885
0.2
0.21040086673889494
0.20367421922841397
0.20571315215235075
0.2
0.19323943661971832
0.2147887323943662
0.20706008201105366
0.2
0.19507042253521129
0.19944403261675317
0.2063380281690141
0.19476294386034518
0.2189270454185789
0.19559093692590324
0.2
0.19595521849042977
0.19418734630002235
0.19837486457204767
0.19738430583501007
0.20057099352874003
0.20056971039721475
0.2042975803539184
0.1978682908260373
0.22083735288442985
0.2122389509470617
0.19058229976876184
0.20116253073999552
0.19502899751449876
0.20706008201105366
0.1911818738518065
0.2017605633802817
0.19944515578318395
0.2050078247261346
0.19389671361502347
0.20438184663536776
0.19086410354015987
0.22059859154929579
0.21543172075933864
0.21612965464016975
0.19788732394366199
0.21448692152917503
0.19336016096579475
0.1960652805723228
0.207185139824454
0.2
0.20874500735757834
0.20711838599162546
0.20115990057995028
0.19737089201877936
0.1960652805723228
0.2063849765258216
0.212161860049184
0.19317114810072555
0.19071612775243008
0.2005700871898055
0.1978771177791386
0.20236480612067467
0.19495922905856192
0.210261569416499
0.20864632237871678
0.19173708920187793
0.20299295774647888
0.1983793169978777
0.21979444232965362
0.19788732394366199
0.20508859609268515
0.20504519655244904
0.2030046948356808
0.21979444232965362
0.2
0.21197183098591552
0.21308496138119037
0.20571315215235075
0.19317114810072555
0.1994445546518548
0.19523293607800649
0.19253704042436437
0.1969270166453265
0.19268388106416276
0.20057051167766093
0.19240810717966336
0.19349945828819068
0.21040086673889494
0.18998435054773083
0.19554625047582797
0.21809164848244394
0.2
0.1965406473931307
0.21848591549295776
0.19016068240428488
0.18927410617551463
0.21604201480066842
0.21166486096063558
0.1927664753955834
0.20235833606288894
0.20116253073999552
0.21843790012804096
0.19517102615694165
0.194076222038111
0.19336016096579475
0.19523293607800649
0.19371300265360278
0.2043496271748136
0.19418734630002235
0.19641485275288093
0.19173708920187793
0.20057051167766093
0.19429303091274924
0.2137857447716603
0.20567086730911788
0.20238048006347947
0.21473456121343448
0.19559093692590324
0.1969270166453265
0.19789925996657914
0.22047670639219935
0.19327897207808253
0.19016068240428488
0.19123630672926448
0.19539052496798975
0.2
0.1964397496087637
0.21197183098591552
0.1969053759174767
0.19688658265381764
0.2030046948356808
0.2177909562638992
0.22366197183098593
0.19944515578318395
0.20115990057995028
0.19624413145539907
0.19209290832715592
0.2151884278644842
0.20571315215235075
0.1919517102615694
0.21286525120874503
0.19072079536039768
0.20508859609268515
0.19398032027783138
0.19492034172246595
0.1903420523138833
0.19738430583501007
0.19738430583501007
0.19429303091274924
0.20795360397680202
0.21308496138119037
0.19944403261675317
0.20115565185987722
0.20115391142032923
0.1983793169978777
0.19890453834115807
0.21153911420329205
0.207185139824454
0.21543172075933864
0.2030046948356808
0.22236703804919067
0.19598688018522092
0.20237212750185324
0.19889914197830663
0.20299295774647888
0.2
0.19248826291079812
0.19173708920187793
0.2030046948356808
0.22414486921529175
0.19784776072163318
0.19154929577464788
0.19327897207808253
0.2247020585048754
0.21180783330117692
0.19944515578318395
0.20175599048838488
0.20057099352874003
0.20057099352874003
0.19415753781950967
0.19890072140158022
0.2
0.2
0.20367421922841397
0.19944585546063265
0.19890453834115807
0.19839034205231387
0.20864632237871678
0.19342723004694837
0.19741784037558685
0.19301725848046022
0.19837486457204767
0.20115990057995028
0.20238048006347947
0.20650054171180932
0.1901225535028352
0.21197183098591552
0.20057154521330883
0.1978771177791386
0.19204415683288922
0.2132150930272996
0.20115990057995028
0.1983793169978777
0.19133261105092092
0.1914381022979985
0.2030046948356808
0.20116253073999552
0.19219934994582882
0.19304059652029826
0.20176581879335717
0.20057154521330883
0.2
0.19688658265381764
0.1955072205384204
0.21075544174135724
0.19275653923541247
0.19398032027783138
0.21096307575180814
0.19641485275288093
0.19837486457204767
0.19200363471149479
0.2017605633802817
0.2057618437900128
0.20365435858393607
0.20177192185370288
0.20115763071580167
0.19944403261675317
0.20643863179074448
0.20175599048838488
0.20115990057995028
0.19336016096579475
0.19193341869398206
0.20588531187122738
0.1920583743424402
0.20235833606288894
0.2037240391501552
0.20504519655244904
0.19554625047582797
0.19492034172246595
0.2030335861321777
0.19738430583501007
0.20567086730911788
0.21356873636183296
0.19418734630002235
0.2
0.2125114322297421
0.20438184663536776
0.2391401037805782
0.2157130281690141
0.21096307575180814
0.20864632237871678
0.21638335761696617
0.207185139824454
0.20057099352874003
0.20643863179074448
0.21659223634489866
0.1994445546518548
0.19254349627174813
0.20864632237871678
0.21950162513542795
0.20115763071580167
0.20706008201105366
0.19389671361502347
0.20237212750185324
0.19891657638136512
0.19611461874696454
0.19688658265381764
0.20369718309859156
0.19005390366892713
0.2
0.2157130281690141
0.19734879867439936
0.19786058120877165
0.24102680599727397
0.24978065111983377
0.19219934994582882
0.1978771177791386
0.19554625047582797
0.20301810865191147
0.19695220503347957
0.19944515578318395
0.19436619718309858
0.19445028379230606
0.2
0.20726232394366198
0.19317114810072555
0.2174059281059491
0.19351042966660725
0.2259242957746479
0.2058185176633572
0.2030046948356808
0.20175197526623156
0.19890453834115807
0.21153911420329205
0.20438184663536776
0.19078104993597952
0.21543172075933864
0.19360487247811192
0.2030335861321777
0.20176581879335717
0.19738430583501007
0.20057487783845931
0.20115763071580167
0.19431762991743565
0.20057051167766093
0.20301810865191147
0.1969053759174767
0.2147887323943662
0.2
0.1964397496087637
0.2
0.19838442419221208
0.19789925996657914
0.20944257091846857
0.19304861426624262
0.2063380281690141
0.19476294386034518
0.21096307575180814
0.19351042966660725
0.19839034205231387
0.23013745121330392
0.1969270166453265
0.19112249253094324
0.19254349627174813
0.18946405706969086
0.20885960926851432
0.20643863179074448
0.19492034172246595
0.2147887323943662
0.2050078247261346
0.20238048006347947
0.19837486457204767
0.22229237493929094
0.19944403261675317
0.20508859609268515
0.19336016096579475
0.19360487247811192
0.19266295447101212
0.19737089201877936
0.2123668842322226
0.20298260149130073
0.20363701194508826
0.19014084507042253
0.19737089201877936
0.191821899136756
0.19837486457204767
0.22593092803395717
0.19577464788732393
0.23169014084507045
0.19224331496223718
0.19142502071251036
0.20711838599162546
0.20057154521330883
0.19073984134693217
0.20856045363087616
0.2137857447716603
0.2212510356255178
0.20057099352874003
0.2219092331768388
0.19650159018627897
0.19360487247811192
0.20864632237871678
0.19034205231388332
0.21752738654147105
0.19788732394366199
0.2241052874624798
0.2057618437900128
0.1905865573185951
0.20848505668155273
0.19554625047582797
0.1983793169978777
0.19889914197830663
0.19418734630002235
0.19741784037558685
0.20115990057995028
0.1919517102615694
0.19301725848046022
0.21286525120874503
0.1955072205384204
0.2050078247261346
0.19539052496798975
0.1936619718309859
0.19741784037558685
0.19342723004694837
0.19890453834115807
0.2063380281690141
0.19336016096579475
0.1978682908260373
0.210261569416499
0.19788732394366199
0.21848591549295776
0.20365435858393607
0.2
0.20301810865191147
0.2030729833546735
0.21096307575180814
0.20874500735757834
0.20115990057995028
0.19735915492957748
0.20115990057995028
0.19641485275288093
0.19595521849042977
0.20567086730911788
0.20365435858393607
0.2219092331768388
0.1978682908260373
0.22593092803395717
0.19741784037558685
0.1994445546518548
0.19890072140158022
0.20239009816474607
0.21843790012804096
0.19944403261675317
0.20235257700046433
0.19786058120877165
0.20116253073999552
0.22497878839300867
0.19530516431924883
0.21083972187555713
0.21197183098591552
0.19133261105092092
0.19219934994582882
0.20856045363087616
0.20175599048838488
0.19786058120877165
0.1922419764488571
0.19142502071251036
0.2050078247261346
0.1964683624132857
0.19253704042436437
0.20365435858393607
0.19336016096579475
0.2151884278644842
0.20057218309859154
0.20301810865191147
0.20432182133899288
0.2042975803539184
0.19737089201877936
0.1964683624132857
0.22902262057191636
0.19342723004694837
0.19200363471149479
0.20115391142032923
0.19641485275288093
0.19838442419221208
0.20057099352874003
0.19061032863849764
0.2030335861321777
0.19738430583501007
0.22366197183098593
0.2017790956263899
0.21356873636183296
0.20874500735757834
0.19389671361502347
0.21638335761696617
0.19371300265360278
0.18930248155600268
0.1964397496087637
0.20115990057995028
0.19349945828819068
0.1978682908260373
0.19200363471149479
0.22892018779342724
0.21567961988800272
0.19890453834115807
0.20115236875800258
0.20925056511910972
0.19639299209893507
0.2
0.2080482897384306
0.19349945828819068
0.20238048006347947
0.19469977761304672
0.19890453834115807
0.22607351425626937
0.1994435750304295
0.19275653923541247
0.2050078247261346
0.19285263821736387
0.19530516431924883
0.196023198011599
0.21180783330117692
0.2037240391501552
0.1978682908260373
0.19204415683288922
0.19247359154929577
0.207185139824454
