0.7337581829002182
0.704522912120611
0.7321711961912319
0.6998859353302916
0.7479170799444554
0.7143423923824638
0.7429577464788732
0.7512894267010513
0.7509422733584608
0.7596211069232295
0.655673477484626
0.7477682999404879
0.7322455861932156
0.7568686768498314
0.730237056139655
0.7502231700059512
0.7303114461416387
0.6834705415592144
0.7465036699067645
0.7376264630033724
0.671592937909145
0.7177891291410434
0.7004810553461615
0.7242114659789725
0.7102509422733585
0.7381967863519143
0.7698621305296568
0.7301130728030152
0.7012745487006548
0.7463796865701249
0.736882562983535
0.6868676849831383
0.7478674866097996
0.7520829200555446
0.7666633604443562
0.7641588970442372
0.746106923229518
0.7529756000793494
0.7694653838524103
0.7303114461416387
0.7182106724856179
0.7334606228922833
0.6957944852211864
0.7657706804205515
0.703679825431462
0.7395110097202935
0.7043741321166435
0.7594475302519341
0.7292203927792105
0.7148879190636779
0.7305346161475897
0.7454126165443364
0.7115155723070821
0.7335846062289229
0.7343285062487602
0.7282285260860939
0.7409492164253124
0.7252033326720888
0.7491073199761952
0.7043245387819876
0.7359402896250744
0.7261208093632217
0.7380728030152748
0.7268647093830589
0.7426105931362825
0.7089367189049791
0.7044485221186272
0.7313281095020829
0.7319480261852807
0.6985717119619123
0.7058619321563182
0.7248561793294981
0.7160285657607618
0.6767506447133504
0.7383207696885539
0.743304899821464
0.7419162864511011
0.7665145804403889
0.724608212656219
0.7500247966673279
0.6982741519539775
0.7109700456258679
0.7118379289823449
0.7577365602063082
0.7510662566951002
0.7064322555048601
0.7598690735965086
0.7085895655623884
0.7321711961912319
0.686074191628645
0.7221285459234279
0.7127058123388217
0.7366841896449117
0.7445199365205317
0.7264431660384845
0.7387423130331283
0.7350228129339418
0.7119123189843286
0.7011505653640151
0.7347004562586789
0.7109948422931958
0.7692918071811149
0.7548601467962706
0.6947282285260861
0.7517357667129538
0.7511654433644119
0.7494296766514581
0.7399077563975403
0.756967863519143
0.7567446935131918
0.7398581630628843
0.7115403689744098
0.7504463400119024
0.7549345367982543
0.7350972029359254
0.7091350922436026
0.722946835945249
0.706184288831581
0.7189793691727832
0.7404036897440984
0.7225996826026582
0.728798849434636
0.7522069033921841
0.7379736163459631
0.7258480460226145
0.7093086689148977
0.7320720095219202
0.7126810156714938
0.7093334655822257
0.7511902400317396
0.7458837532235667
0.7889803610394763
0.7395606030549494
0.7540666534417774
0.7183842491569133
0.7174171791311248
0.75391787343781
0.7279061694108313
0.7496280499900814
0.7252777226740725
0.7306833961515573
0.7288980361039477
0.7223517159293791
0.733287046220988
0.734080539575481
0.7313281095020829
0.7287244594326522
0.7500743900019837
0.7397093830589169
0.7610593136282484
0.7413955564372148
0.7453630232096806
0.7093582622495537
0.7395606030549494
0.7586540368974409
0.7464044832374529
0.7322207895258876
0.7658202737552073
0.7531739734179727
0.7116147589763936
0.7193513191827019
0.7371553263241422
0.7240874826423329
0.7066554255108113
0.7243602459829399
0.7180370958143225
0.7317992461813132
0.7343037095814322
0.7163757191033524
0.7682503471533425
0.7566455068438802
0.7102261456060306
0.7570422535211268
0.7271374727236659
0.7587532235667527
0.7314272961713946
0.736337036302321
0.7281293394167825
0.7509174766911327
0.7448422931957944
0.7335846062289229
0.7305842094822457
0.73718012299147
0.7146151557230708
0.7278813727435034
0.7378992263439794
0.7189545725054554
0.7406268597500496
0.6896697083911922
0.7000099186669313
0.7675312438008333
0.7397341797262448
0.7671840904582423
0.7513638167030351
0.7488593533029162
0.7235915492957747
0.761456060305495
0.743304899821464
0.7117387423130332
0.7331134695496925
0.720417575877802
0.763365403689744
0.6940091251735767
0.732419162864511
0.7606873636183298
0.7258728426899425
0.7838970442372546
0.7055891688157112
0.7479666732791113
0.7155574290815314
0.7492808966474906
0.6899176750644713
0.7523060900614957
0.742213846459036
0.7384199563578655
0.7570670501884547
0.7368577663162073
0.7602906169410831
0.7398085697282286
0.7363866296369768
0.6578059908748265
0.7386183296964888
0.7439744098393175
0.7081928188851419
0.7499008133306884
0.749727236659393
0.7431065264828407
0.703952588772069
0.6945298551874628
0.6975798452687959
0.7239882959730213
0.7575877802023407
0.7217813925808372
0.7197976591946043
0.7064322555048601
0.7324439595318388
0.7563231501686174
0.7412467764332473
0.7049940487998413
0.7168468557825829
0.7291212061098988
0.7527276334060703
0.7596459035905574
0.7085647688950605
0.7117139456457053
0.7375520730013887
0.7298651061297362
0.6896945050585201
0.7383207696885539
0.6917030351120809
0.760588176949018
0.7518101567149376
0.7059363221583019
0.7356923229517953
0.7498016266613767
0.7645804403888117
0.7107220789525888
0.7238891093037096
0.6796270581233883
0.7512646300337235
0.806957944852212
0.7322703828605436
0.6963648085697283
0.7654731204126166
0.7437512398333663
0.7023903987304106
0.6939843285062488
0.7384199563578655
0.7286004760960128
0.7273606427296171
0.7574637968657013
0.7587780202340806
0.6905871850823249
0.7754909740130926
0.6874132116643524
0.7245586193215632
0.7286996627653244
0.7348492362626463
0.7234179726244793
0.705638762150367
0.7294683594524896
0.6959680618924816
0.7069529855187462
0.7278069827415197
0.6885786550287641
0.7090854989089466
0.7610097202935926
0.7334110295576274
0.6994147986510613
0.6982245586193216
0.7329150962110693
0.711763538980361
0.7084655822257488
0.7107964689545725
0.7461317198968459
0.7412963697679031
0.7372545129934536
0.7079944455465186
0.7520085300535608
0.7157558024201547
0.7183842491569132
0.7621255703233485
0.7699117238643127
0.7213102559016068
0.7406764530847054
0.7402053164054752
0.7290964094425709
0.7302122594723269
0.7304106328109503
0.7800535608014283
0.7269886927196985
0.7414699464391985
0.7164005157706803
0.6981005752826821
0.7076472922039277
0.7283525094227336
0.7165740924419759
0.7516117833763143
0.7067794088474509
0.6984725252926007
0.7189793691727832
0.7470243999206507
0.7377256496726841
0.7269638960523706
0.7486113866296369
0.7496032533227535
0.7247569926601864
0.7195496925213252
0.7026135687363618
0.7231700059512001
0.7353451696092046
0.7237403292997421
0.7187809958341599
0.6912318984328506
0.7465532632414204
0.7379736163459631
0.691703035112081
0.6926453084705415
0.7391886530450308
0.7213102559016068
0.7248561793294981
0.7172683991271573
0.7444455465185479
0.7241370759769887
0.7234179726244793
0.7100277722674073
0.7085399722277326
0.7293939694505058
0.7103005356080143
0.6982493552866496
0.746925213251339
0.7275094227335845
0.7436768498313827
0.7188553858361436
0.7321959928585597
0.7301130728030153
0.7352211862725649
0.6953977385439397
0.712061098988296
0.7110444356278517
0.7469252132513391
0.7418418964491174
0.7247569926601864
0.7214342392382463
0.6929676651458044
0.7407260464193612
0.7067050188454671
0.7380728030152748
0.7307081928188852
0.7138464590359055
0.707572902201944
0.756422336837929
0.6985469152945845
0.7389654830390796
0.7377504463400117
0.709011108906963
0.7365850029756
0.7344772862527276
0.7138712557032335
0.7722178139258085
0.7145159690537592
0.7195744891886531
0.6805445348145209
0.732121602856576
0.7423626264630034
0.7395606030549493
0.7314024995040667
0.7255752826820075
0.7291707994445547
0.7205167625471136
0.7228724459432652
0.734650862924023
0.7172683991271573
0.723219599285856
0.7414203531045427
0.7444951398532038
0.7005306486808173
0.7536947034318588
0.7296915294584407
0.7091846855782582
0.7572902201944058
0.7308321761555248
0.7432305098194802
0.7185330291608808
0.7218061892481651
0.715408649077564
0.7394614163856378
0.6853054949414799
0.7287244594326523
0.74275937314025
0.7287740527673081
0.7283773060900615
0.7333366395556438
0.7477435032731601
0.7138216623685776
0.7265919460424519
0.7235171592937909
0.7101269589367188
0.7248065859948423
0.7661674270977981
0.732146399523904
0.7265423527077961
0.7066058321761555
0.7252529260067447
0.7317000595120016
0.7135984923626265
0.7006794286847847
0.7344524895853997
0.7141936123784964
0.7057131521523508
0.7284764927593731
0.7159045824241221
0.7417923031144614
0.7702340805395755
0.7447431065264829
0.715954175758778
0.7233683792898234
0.7397093830589169
0.7596211069232296
0.7434536798254314
0.7323695695298551
0.7099533822654236
0.6981501686173378
0.7586292402301131
0.6812636381670304
0.7345020829200555
0.7299394961317198
0.6894961317198969
0.7526780400714144
0.7486857766316207
0.7270382860543543
0.7368329696488792
0.754736163459631
0.7299394961317199
0.7287492560999802
0.7332126562190042
0.7510166633604443
0.7197728625272763
0.7004314620115056
0.7349484229319581
0.7464292799047808
0.7306338028169015
0.7196984725252926
0.7446439198571713
0.7547609601269589
0.7367337829795675
0.7666137671097004
0.7265919460424519
0.6976294386034517
0.7102757389406864
0.7633654036897441
0.7208391192223765
0.6990924419757985
0.756967863519143
0.7168716524499108
0.7621751636580043
0.7534219400912516
0.7445695298551875
0.7279061694108313
0.7413707597698869
0.73884149970244
0.7573646101963896
0.7425114064669709
0.7253521126760564
0.721285459234279
0.7568190835151756
0.7227236659392977
0.6906863717516366
0.6780400714144019
0.7104493156119818
0.743056933148185
0.726567149375124
0.732691926205118
0.7291955961118826
0.7325431462011506
0.7086639555643721
0.7449166831977783
0.7265423527077961
0.7408996230906566
0.7430817298155128
