0.48089136577707803
0.45800617111236763
0.5000363133319677
0.465657991277373
0.5092099567032813
0.4806880802111024
0.48271856288920434
0.4693730978377696
0.526687728126652
0.45081104172511116
0.4752139740473042
0.5016321003545735
0.4808275441470224
0.5021758830164812
0.4503440062079011
0.44793567984196003
0.46735514407350737
0.49535885385873096
0.45533353427771317
0.5091292047712805
0.48030022905354974
0.4434257982756544
0.45307138409019226
0.500912073263239
0.4406496739741746
0.4578417530130359
0.4541459575940266
0.4531773379143242
0.4576142574716448
0.4612308274899487
0.46016773077067263
0.49487287345503495
0.4393674987479762
0.48930535119189766
0.4965807574287293
0.5200177113991222
0.49080432042513084
0.49309270012302636
0.49962118737965994
0.5146175721002113
0.4126030511432092
0.4315987697265301
0.4327238449447678
0.4808232834192503
0.487774430569533
0.49503132220924795
0.4229557760972568
0.46911019845060586
0.5229698624684967
0.43209424911564165
0.45433336745606706
0.5029453505857195
0.489363038418724
0.4959516096756642
0.5127116842837954
0.46545314410915484
0.47470085064577683
0.41924257002793097
0.44423757704265054
0.4817259511525729
0.4541853329421093
0.47035806914094686
0.4538916413028928
0.42495496379173997
0.4814811761476459
0.4588037529368636
0.4355155987424473
0.47819938882876833
0.4278598285388212
0.4578174938241824
0.5202940250177676
0.47615465793990536
0.47957087465780046
0.4676792348768877
0.48327803339147946
0.5001438474718488
0.4675471768900656
0.5241659203487785
0.5310216508166974
0.4673571705886506
0.5138863301898409
0.45599346670365026
0.42726339745248143
0.46724490389627454
0.5186976258706335
0.5168943288948477
0.4472632530350533
0.4753632921313461
0.4474745389047395
0.4678274729194582
0.4981741838624246
0.42707762104268443
0.4371242687982445
0.5123486886332079
0.473014431227035
0.44666694294734716
0.449849801378946
0.44488479907352163
0.4626095443356564
0.47966131012101804
0.5175852754421144
0.511694160225774
0.4428857223468614
0.5630806086742002
0.4662853968000633
0.5229446626230918
0.4486291888357932
0.4821855084621392
0.4850199757614764
0.44983659556342737
0.5071477232691876
0.496045857136401
0.45775630543953694
0.5215638957215956
0.48646342764101697
0.5347807517010588
0.5132432106219224
0.4419108776587835
0.5353217388881473
0.5062886388809749
0.4387343727982321
0.48684043588239423
0.42511832909369596
0.505148364909322
0.47176295375654986
0.4639300325822383
0.47651724568191606
0.5010433628396858
0.4380925111577056
0.4670413235830937
0.5132124642179189
0.5110628190809935
0.45268514061468146
0.539114423651377
0.4778127435653759
0.4079103453122053
0.43659003941654784
0.4590521565182522
0.4978435408326303
0.4807004459687025
0.3952322980506049
0.5250250735914674
0.4863388880663713
0.5093884418834085
0.5409341862413267
0.43072571229203505
0.4860522719618914
0.5650198269193325
0.43241253680046615
0.5190111122104992
0.47811631758938267
0.4559475559194906
0.5304174788927191
0.4044869645320413
0.5216208155843645
0.4364940194237947
0.4908621630015872
0.47022587678941524
0.4469683524837738
0.46588281594264647
0.4331287381857803
0.4384479526677252
0.5024847335398311
0.4641760412390687
0.44474450561683143
0.4039254206025702
0.4750118241837906
0.4524133891877327
0.5385488868634258
0.4641746655810152
0.5172499298258102
0.4954903832243239
0.46499245859442023
0.4979971569660425
0.4236954663175647
0.4671885285621006
0.4782222995684409
0.41371513859039355
0.47057618456666944
0.5074551774841436
0.43039890133494996
0.42844271511812715
0.4806319418067097
0.4846588331203029
0.4819885149098459
0.4615875011834381
0.4178210528052039
0.5263229075399206
0.5054205861919314
0.4925828780616727
0.45936855007551936
0.4304201327303235
0.4481679088402611
0.46750730290481357
0.47796869756357047
0.4831881098637098
0.4409454401559435
0.4445779068480467
0.4607035825836253
0.4618464624144887
0.5009535327964721
0.4664050189345702
0.4111891011175904
0.47630609495571785
0.5345964472898255
0.4747211680247791
0.5082252784759479
0.49852158044672923
0.4870007260379309
0.4655786204160773
0.45278683897759475
0.38904563741098963
0.4642264229701003
0.46901863810506683
0.4860278971993076
0.5130779362752292
0.4745971546918346
0.5158455111044268
0.46378137272907155
0.48200278799132756
0.44492840016645996
0.48972547653082066
0.5149614458474252
0.5025728951596992
0.548554288736979
0.43857302386582214
0.4981753267579354
0.4853213717036734
0.5380043200184508
0.5593499168152147
0.4176692040706649
0.4703943036799785
0.5072659586809977
0.5021958397956556
0.4838696014705939
0.5199891936127325
0.48424244186913845
0.453851662074453
0.5325182905432071
0.5116839382740266
0.4752952004863237
0.4660124219220428
0.45530193139736413
0.4306677772701142
0.50957634354612
0.45137890671745945
0.4949154106431807
0.49913067980095294
0.4677132901250122
0.43650413556929113
0.5421133862636454
0.4765377600002838
0.42704643076533455
0.4535417064449581
0.510107419587109
0.4880445708701535
0.4400772972447836
0.5025720474839195
0.47939178665437615
0.48593929967003513
0.4621824436175842
0.5351689419788018
0.45614482907200044
0.48234631018752294
0.45773726051070496
0.46465140766374863
0.47663085343434675
0.5204748700473161
0.4315869705143709
0.462911459303827
0.49719520023339003
0.4324570553874934
0.4278289062607602
0.5082127335895439
0.45907157560158524
0.47364892365143635
0.4700026789293685
0.46988977792017245
0.47832913565011753
0.48380936268912744
0.5017020507524104
0.480969833662696
0.45175075334000186
0.45231408393501277
0.4364204765622073
0.4455891220698893
0.5052292868839428
0.5503604480155353
0.4522021833679577
0.4481780030206397
0.48359799838485973
0.518333102875515
0.4500459824129096
0.47040874601202504
0.4879264255794995
0.44613487570577126
0.49891863247576357
0.5009238469258668
0.4496609359193085
0.4542715345365096
0.47787939229303444
0.4702344811887785
0.4578685831694047
0.4095892514407068
0.49201650107800554
0.48260024274151986
0.4335635349662078
0.5401133168413942
0.45270771871401394
0.4638211852505113
0.5476983325837051
0.4411564663882228
0.45354976325174573
0.45519605351379266
0.42347672211205434
0.5665537062902803
0.5256294361904182
0.5322355717094039
0.4801268104842468
0.4784007831153949
0.4444527586882408
0.48101848379324597
0.49279428492369115
0.47250428683113743
0.4506876414981095
0.5062024965941179
0.47545004628090076
0.4604244172216573
0.4253818027172303
0.46783302878013805
0.5239913647203113
0.4340918379585485
0.44971855970938407
0.4474999362130797
0.4550346266218594
0.4883584055908682
0.5252038875816684
0.45133069070922055
0.47076133750969534
0.43142427103836195
0.4728322140668665
0.5130940963688758
0.48724321044391267
0.46108393979513684
0.4805880297371422
0.4762400913010806
0.45435203502788657
0.45418742349879193
0.5168714420695332
0.44697229783703873
0.4872112618476631
0.5275566229207551
0.4600817044492256
0.4258670032970928
0.47223876840907625
0.45876083461504613
0.5511853504245924
0.49952226181336706
0.4428030737672255
0.4968605129874934
0.44452916755819233
0.45848367234028264
0.5043762566190306
0.5044034465276068
0.4950789818631669
0.4336932252782734
0.4079140718698906
0.5034265295829397
0.4295949279051595
0.5083134327595311
0.45493548676848855
0.4931285298925521
0.5218210542900122
0.46113509567467537
0.47417223097935135
0.4589193762510106
0.42571939662516256
0.47867506071830257
0.45609768138567985
0.4935638700383186
0.45167174583871916
0.4986330408402912
0.41251771136704
0.4684896896730506
0.4646733926453974
0.5078748198477463
0.4687949269893378
0.4581818911178688
0.517630877658082
0.4535823009241529
0.49228724205701413
0.4536394291327562
0.44786198120067744
0.49957102057060976
0.45418162403805035
0.5006658042653606
0.4702353354335673
0.4756461715545193
0.49768112658805375
0.48829361766163953
0.4623771469046129
0.5017784774220208
0.4971030768972242
0.4529264583690904
0.42809254806584873
0.4517951172546504
0.5017610062362476
0.48883654075911
0.45957677584444095
0.48715506272790543
0.4040521073281378
0.5022355257525261
0.4501127742760176
0.49856727129494266
0.47537436207726047
0.4644587349138432
0.4796636769232937
0.45867428948940536
0.5017593567131665
0.5462358869316779
0.5201751382537849
0.46493640109917583
0.4663506363087408
0.4350287294922161
0.502007636368076
0.5086430234583178
0.46456171417075737
0.47520043780110977
0.4800425022649324
0.47099906988674206
0.46903030355034936
0.5161905791147561
0.46917644409289894
0.5087636787035758
0.4337601682648072
0.5292059793268373
0.49732699190476615
0.48209887971564347
0.4941628762940095
0.4900961982516914
0.4746073935957632
0.49569518065380264
0.4653866983067987
0.500862558527434
0.40348470714562484
0.5032538921398318
0.46664500934844233
0.5215465165796155
0.5210523398679409
0.4607467017191058
0.4590717010242461
0.4498990032362039
0.5174218903182064
0.46716647880976075
0.5071297914522276
0.468090255873018
0.5414619215735834
0.4548468389682393
0.5410798632137536
0.5334120941694767
0.4949384035991487
0.46529421386339725
0.4587066450768747
0.537854889821331
0.48118187897468256
0.46888362581343984
0.4816803558083834
0.4874359998241719
0.48380724604832537
0.48723050904928017
0.5021068235023421
0.4665913786221042
0.44952157444354124
0.5230819680166091
0.5104940179198424
0.5089085942599832
0.4648321570381344
0.4255624065555112
0.4030163311384914
0.4728756994912597
0.451756212748008
0.5614950567833914
0.49483016462961066
0.4933648008879712
0.4928962519009406
0.5033164163121974
0.506516063315319
0.534605537671548
0.48416442501283935
0.5312327306545118
0.5060065808017371
0.504274569090891
0.50717197050114
0.519851506097967
0.461227093152004
0.42545081188613487
0.48066599974997604
0.5235739097814368
0.4840520318964143
0.471027174352854
