0.44366197183098594
0.5105633802816901
0.5070422535211268
0.5352112676056338
0.5176056338028169
0.4894366197183099
0.5
0.5
0.5492957746478874
0.45422535211267606
0.545774647887324
0.5316901408450704
0.5070422535211268
0.5176056338028169
0.45774647887323944
0.46830985915492956
0.4859154929577465
0.528169014084507
0.5528169014084507
0.43661971830985913
0.5387323943661971
0.4753521126760563
0.4612676056338028
0.5105633802816901
0.5
0.4753521126760563
0.5070422535211268
0.5035211267605634
0.4612676056338028
0.4753521126760563
0.49295774647887325
0.545774647887324
0.47183098591549294
0.5598591549295775
0.5035211267605634
0.5422535211267606
0.4753521126760563
0.5176056338028169
0.5246478873239436
0.5105633802816901
0.47183098591549294
0.4612676056338028
0.5
0.46830985915492956
0.4507042253521127
0.49295774647887325
0.4647887323943662
0.46830985915492956
0.4823943661971831
0.4859154929577465
0.5
0.5176056338028169
0.5035211267605634
0.5211267605633803
0.4295774647887324
0.45774647887323944
0.5105633802816901
0.5352112676056338
0.4647887323943662
0.4823943661971831
0.5105633802816901
0.47183098591549294
0.4894366197183099
0.4647887323943662
0.5563380281690141
0.5105633802816901
0.49295774647887325
0.4823943661971831
0.5669014084507042
0.4823943661971831
0.4964788732394366
0.5035211267605634
0.4964788732394366
0.5211267605633803
0.45774647887323944
0.4859154929577465
0.44366197183098594
0.5563380281690141
0.5422535211267606
0.528169014084507
0.5211267605633803
0.4788732394366197
0.528169014084507
0.4823943661971831
0.5176056338028169
0.545774647887324
0.44366197183098594
0.5422535211267606
0.5211267605633803
0.49295774647887325
0.5211267605633803
0.5352112676056338
0.4964788732394366
0.5035211267605634
0.4859154929577465
0.4894366197183099
0.5352112676056338
0.4612676056338028
0.45774647887323944
0.4753521126760563
0.4859154929577465
0.4894366197183099
0.45774647887323944
0.5105633802816901
0.5211267605633803
0.4964788732394366
0.5387323943661971
0.5070422535211268
0.5140845070422535
0.4964788732394366
0.47183098591549294
0.5070422535211268
0.5105633802816901
0.4894366197183099
0.5563380281690141
0.5387323943661971
0.5
0.45774647887323944
0.5105633802816901
0.4753521126760563
0.5140845070422535
0.5387323943661971
0.4471830985915493
0.528169014084507
0.5140845070422535
0.4753521126760563
0.5035211267605634
0.5070422535211268
0.5035211267605634
0.4823943661971831
0.46830985915492956
0.5176056338028169
0.4753521126760563
0.5140845070422535
0.5246478873239436
0.5
0.5
0.5
0.5316901408450704
0.5704225352112676
0.5
0.5070422535211268
0.49295774647887325
0.5246478873239436
0.4612676056338028
0.5035211267605634
0.49295774647887325
0.5211267605633803
0.4788732394366197
0.5211267605633803
0.4753521126760563
0.528169014084507
0.5316901408450704
0.5035211267605634
0.4823943661971831
0.49295774647887325
0.5352112676056338
0.5598591549295775
0.4823943661971831
0.4507042253521127
0.4788732394366197
0.5140845070422535
0.4788732394366197
0.4823943661971831
0.5176056338028169
0.5
0.5105633802816901
0.5140845070422535
0.5211267605633803
0.47183098591549294
0.47183098591549294
0.49295774647887325
0.5070422535211268
0.4859154929577465
0.4964788732394366
0.4964788732394366
0.5246478873239436
0.4647887323943662
0.4823943661971831
0.49295774647887325
0.5387323943661971
0.4964788732394366
0.4894366197183099
0.45774647887323944
0.528169014084507
0.5704225352112676
0.4859154929577465
0.4964788732394366
0.5211267605633803
0.5211267605633803
0.528169014084507
0.4788732394366197
0.5105633802816901
0.4894366197183099
0.5070422535211268
0.5211267605633803
0.5140845070422535
0.43309859154929575
0.4788732394366197
0.4859154929577465
0.5070422535211268
0.5387323943661971
0.4471830985915493
0.545774647887324
0.5387323943661971
0.5
0.5
0.5176056338028169
0.5528169014084507
0.5176056338028169
0.5
0.5035211267605634
0.4894366197183099
0.5176056338028169
0.49295774647887325
0.5211267605633803
0.4859154929577465
0.5352112676056338
0.4612676056338028
0.5352112676056338
0.46830985915492956
0.5140845070422535
0.545774647887324
0.4788732394366197
0.46830985915492956
0.5387323943661971
0.4823943661971831
0.4859154929577465
0.4964788732394366
0.49295774647887325
0.4823943661971831
0.5316901408450704
0.4859154929577465
0.4964788732394366
0.528169014084507
0.45774647887323944
0.528169014084507
0.4823943661971831
0.4964788732394366
0.5105633802816901
0.5070422535211268
0.5387323943661971
0.5528169014084507
0.5176056338028169
0.5246478873239436
0.4964788732394366
0.5845070422535211
0.5669014084507042
0.5563380281690141
0.4894366197183099
0.4859154929577465
0.4823943661971831
0.5
0.5140845070422535
0.4788732394366197
0.5070422535211268
0.5352112676056338
0.46830985915492956
0.5105633802816901
0.4964788732394366
0.46830985915492956
0.49295774647887325
0.4788732394366197
0.5246478873239436
0.5105633802816901
0.5211267605633803
0.5070422535211268
0.528169014084507
0.5070422535211268
0.5387323943661971
0.4894366197183099
0.5176056338028169
0.5140845070422535
0.5352112676056338
0.4788732394366197
0.4647887323943662
0.4894366197183099
0.5211267605633803
0.44014084507042256
0.5211267605633803
0.545774647887324
0.5528169014084507
0.5528169014084507
0.4753521126760563
0.5
0.4823943661971831
0.4964788732394366
0.5422535211267606
0.4894366197183099
0.5387323943661971
0.4507042253521127
0.4823943661971831
0.5528169014084507
0.5035211267605634
0.49295774647887325
0.45774647887323944
0.4788732394366197
0.528169014084507
0.5492957746478874
0.5387323943661971
0.4647887323943662
0.5352112676056338
0.5352112676056338
0.5176056338028169
0.5211267605633803
0.5422535211267606
0.5316901408450704
0.5140845070422535
0.5352112676056338
0.5140845070422535
0.5070422535211268
0.4859154929577465
0.5211267605633803
0.4753521126760563
0.5
0.5140845070422535
0.5105633802816901
0.5176056338028169
0.5105633802816901
0.5
0.46830985915492956
0.5140845070422535
0.4964788732394366
0.4753521126760563
0.5422535211267606
0.4788732394366197
0.5035211267605634
0.5140845070422535
0.44014084507042256
0.5246478873239436
0.5246478873239436
0.5316901408450704
0.5035211267605634
0.4507042253521127
0.5176056338028169
0.5035211267605634
0.5352112676056338
0.5176056338028169
0.49295774647887325
0.45774647887323944
0.4753521126760563
0.5035211267605634
0.5070422535211268
0.4964788732394366
0.5070422535211268
0.4894366197183099
0.4823943661971831
0.47183098591549294
0.4859154929577465
0.46830985915492956
0.4753521126760563
0.5845070422535211
0.5211267605633803
0.5422535211267606
0.5387323943661971
0.5387323943661971
0.4823943661971831
0.44366197183098594
0.5105633802816901
0.4859154929577465
0.5035211267605634
0.4823943661971831
0.5
0.49295774647887325
0.5035211267605634
0.5
0.4894366197183099
0.49295774647887325
0.4647887323943662
0.4964788732394366
0.5070422535211268
0.5105633802816901
0.44014084507042256
0.5809859154929577
0.5211267605633803
0.5
0.5070422535211268
0.5669014084507042
0.5140845070422535
0.5
0.4964788732394366
0.5316901408450704
0.4753521126760563
0.47183098591549294
0.5035211267605634
0.4788732394366197
0.5176056338028169
0.4788732394366197
0.5774647887323944
0.5
0.49295774647887325
0.4788732394366197
0.47183098591549294
0.5035211267605634
0.5105633802816901
0.4647887323943662
0.4612676056338028
0.4859154929577465
0.4788732394366197
0.5070422535211268
0.4894366197183099
0.5070422535211268
0.5246478873239436
0.5316901408450704
0.4823943661971831
0.45422535211267606
0.5
0.545774647887324
0.4859154929577465
0.4894366197183099
0.4859154929577465
0.45774647887323944
0.46830985915492956
0.4471830985915493
0.5809859154929577
0.5176056338028169
0.4788732394366197
0.5316901408450704
0.5105633802816901
0.4859154929577465
0.5246478873239436
0.45422535211267606
0.5246478873239436
0.4647887323943662
0.4964788732394366
0.5035211267605634
0.5105633802816901
0.5211267605633803
0.5140845070422535
0.4823943661971831
0.4788732394366197
0.5
0.4964788732394366
0.4894366197183099
0.44014084507042256
0.4823943661971831
0.49295774647887325
0.5246478873239436
0.5422535211267606
0.47183098591549294
0.5
0.5422535211267606
0.5352112676056338
0.5211267605633803
0.4507042253521127
0.4859154929577465
0.4894366197183099
0.4753521126760563
0.4859154929577465
0.4894366197183099
0.5035211267605634
0.4507042253521127
0.5316901408450704
0.5140845070422535
0.5246478873239436
0.5880281690140845
0.4964788732394366
0.4753521126760563
0.46830985915492956
0.5176056338028169
0.47183098591549294
0.5563380281690141
0.49295774647887325
0.46830985915492956
0.45422535211267606
0.4647887323943662
0.4612676056338028
0.5246478873239436
0.47183098591549294
0.5316901408450704
0.5246478873239436
0.4753521126760563
0.5035211267605634
0.5352112676056338
0.47183098591549294
0.5070422535211268
0.5246478873239436
0.4859154929577465
0.4894366197183099
0.44366197183098594
0.4894366197183099
0.4859154929577465
0.4964788732394366
0.4753521126760563
0.5316901408450704
0.4964788732394366
0.4859154929577465
0.49295774647887325
0.5140845070422535
0.45422535211267606
0.5035211267605634
0.5035211267605634
0.44366197183098594
0.5070422535211268
0.5563380281690141
0.4859154929577465
0.5105633802816901
0.4859154929577465
0.4823943661971831
0.5035211267605634
