0.46692607003891046
0.42909090909090913
0.4306569343065693
0.4184397163120568
0.4259927797833935
0.4386617100371747
0.43382352941176466
0.43382352941176466
0.41811846689895465
0.4555984555984555
0.41958041958041953
0.40860215053763443
0.4306569343065693
0.4259927797833935
0.45384615384615384
0.4486692015209125
0.4344569288389513
0.41007194244604317
0.42214532871972316
0.4705882352941177
0.41696113074204944
0.4452830188679245
0.46387832699619774
0.4347826086956521
0.42804428044280435
0.45112781954887216
0.4306569343065693
0.437956204379562
0.4521072796934866
0.45112781954887216
0.44280442804428044
0.4140350877192982
0.4351145038167939
0.4083044982698961
0.4322344322344322
0.40989399293286216
0.4452830188679245
0.4259927797833935
0.41726618705035967
0.4347826086956521
0.44696969696969696
0.45801526717557256
0.4395604395604395
0.4486692015209125
0.46332046332046334
0.44280442804428044
0.4444444444444444
0.44274809160305345
0.4419475655430712
0.44029850746268656
0.4395604395604395
0.43165467625899284
0.437956204379562
0.42446043165467623
0.4621513944223108
0.45384615384615384
0.42909090909090913
0.4128113879003559
0.45038167938931295
0.44776119402985076
0.42909090909090913
0.45283018867924524
0.4444444444444444
0.45038167938931295
0.40972222222222215
0.42909090909090913
0.43703703703703706
0.44776119402985076
0.4054982817869416
0.4419475655430712
0.4354243542435424
0.437956204379562
0.4354243542435424
0.4357142857142857
0.44787644787644787
0.44609665427509293
0.4609375
0.40972222222222215
0.42657342657342656
0.42704626334519563
0.42446043165467623
0.449438202247191
0.4214285714285714
0.4419475655430712
0.43165467625899284
0.42508710801393723
0.4609375
0.4154929577464789
0.41877256317689526
0.43703703703703706
0.41877256317689526
0.42402826855123676
0.4411764705882352
0.42066420664206644
0.44029850746268656
0.43283582089552236
0.4184397163120568
0.4521072796934866
0.45977011494252873
0.4393939393939394
0.44609665427509293
0.4386617100371747
0.45384615384615384
0.42909090909090913
0.41304347826086957
0.4354243542435424
0.4225352112676056
0.4306569343065693
0.43321299638989164
0.42962962962962964
0.4351145038167939
0.4249084249084249
0.42909090909090913
0.45018450184501846
0.40972222222222215
0.4113475177304965
0.43382352941176466
0.45977011494252873
0.4347826086956521
0.4452830188679245
0.4275362318840579
0.4280701754385965
0.4651162790697675
0.4214285714285714
0.43321299638989164
0.4452830188679245
0.437956204379562
0.4306569343065693
0.437956204379562
0.45353159851301106
0.4486692015209125
0.4202898550724637
0.4393939393939394
0.4275362318840579
0.4285714285714286
0.43382352941176466
0.42804428044280435
0.42804428044280435
0.43109540636042404
0.40955631399317405
0.42804428044280435
0.4306569343065693
0.4312267657992565
0.4285714285714286
0.4461538461538462
0.437956204379562
0.43703703703703706
0.41877256317689526
0.449438202247191
0.41304347826086957
0.4452830188679245
0.4214285714285714
0.41428571428571426
0.437956204379562
0.43609022556390975
0.43703703703703706
0.42402826855123676
0.4083044982698961
0.44776119402985076
0.4573643410852713
0.449438202247191
0.41605839416058393
0.4436090225563909
0.4419475655430712
0.43165467625899284
0.4395604395604395
0.42909090909090913
0.4275362318840579
0.4301075268817204
0.44696969696969696
0.45283018867924524
0.4312267657992565
0.43636363636363634
0.44609665427509293
0.4411764705882352
0.4354243542435424
0.4229390681003584
0.4562737642585551
0.44776119402985076
0.44280442804428044
0.4113475177304965
0.42962962962962964
0.43283582089552236
0.45384615384615384
0.43262411347517726
0.4041095890410959
0.44029850746268656
0.4354243542435424
0.4301075268817204
0.42446043165467623
0.4214285714285714
0.4436090225563909
0.41758241758241754
0.43283582089552236
0.4306569343065693
0.41877256317689526
0.4275362318840579
0.46640316205533594
0.4436090225563909
0.44609665427509293
0.4306569343065693
0.41696113074204944
0.45312499999999994
0.41958041958041953
0.4113475177304965
0.43382352941176466
0.42804428044280435
0.43165467625899284
0.41114982578397213
0.4259927797833935
0.42804428044280435
0.42066420664206644
0.4386617100371747
0.4145454545454545
0.4312267657992565
0.4301075268817204
0.4344569288389513
0.4184397163120568
0.4521072796934866
0.42402826855123676
0.45454545454545453
0.4275362318840579
0.4140350877192982
0.449438202247191
0.44274809160305345
0.41696113074204944
0.4419475655430712
0.44609665427509293
0.4354243542435424
0.44280442804428044
0.4419475655430712
0.4199288256227758
0.44029850746268656
0.4411764705882352
0.42704626334519563
0.45384615384615384
0.42704626334519563
0.4419475655430712
0.4354243542435424
0.42909090909090913
0.43636363636363634
0.41696113074204944
0.41114982578397213
0.4372759856630824
0.4285714285714286
0.4354243542435424
0.39322033898305087
0.4109589041095891
0.40418118466898956
0.42696629213483145
0.44609665427509293
0.4419475655430712
0.42804428044280435
0.4275362318840579
0.4436090225563909
0.43636363636363634
0.4184397163120568
0.4486692015209125
0.4347826086956521
0.4354243542435424
0.4486692015209125
0.43703703703703706
0.4377358490566038
0.4229390681003584
0.4347826086956521
0.41877256317689526
0.4306569343065693
0.4214285714285714
0.4249084249084249
0.4280701754385965
0.45018450184501846
0.4259927797833935
0.43321299638989164
0.42402826855123676
0.449438202247191
0.45038167938931295
0.4444444444444444
0.41877256317689526
0.4747081712062257
0.4301075268817204
0.41958041958041953
0.41114982578397213
0.3999999999999999
0.4452830188679245
0.43382352941176466
0.44776119402985076
0.44688644688644685
0.42105263157894735
0.4444444444444444
0.4225352112676056
0.4573643410852713
0.4419475655430712
0.42214532871972316
0.4322344322344322
0.43703703703703706
0.45384615384615384
0.4436090225563909
0.4214285714285714
0.4125874125874126
0.4113475177304965
0.4384615384615384
0.4128113879003559
0.42402826855123676
0.43165467625899284
0.42446043165467623
0.40989399293286216
0.41428571428571426
0.42181818181818176
0.4184397163120568
0.4275362318840579
0.4249084249084249
0.44609665427509293
0.4301075268817204
0.45112781954887216
0.43382352941176466
0.4275362318840579
0.42909090909090913
0.43165467625899284
0.42909090909090913
0.4395604395604395
0.44274809160305345
0.43321299638989164
0.4354243542435424
0.4452830188679245
0.4154929577464789
0.449438202247191
0.437956204379562
0.4275362318840579
0.46875
0.4229390681003584
0.4229390681003584
0.40860215053763443
0.437956204379562
0.4573643410852713
0.4259927797833935
0.4322344322344322
0.4184397163120568
0.4259927797833935
0.44280442804428044
0.45384615384615384
0.4452830188679245
0.42066420664206644
0.4306569343065693
0.42962962962962964
0.4306569343065693
0.4386617100371747
0.4419475655430712
0.45283018867924524
0.45185185185185184
0.4486692015209125
0.4452830188679245
0.3986486486486487
0.41877256317689526
0.42105263157894735
0.41696113074204944
0.4113475177304965
0.43609022556390975
0.46692607003891046
0.4347826086956521
0.4344569288389513
0.4436363636363636
0.4419475655430712
0.42804428044280435
0.43703703703703706
0.42647058823529416
0.43382352941176466
0.4444444444444444
0.44280442804428044
0.45038167938931295
0.4354243542435424
0.4420289855072463
0.4347826086956521
0.46875
0.39455782312925164
0.41877256317689526
0.4395604395604395
0.4249084249084249
0.4054982817869416
0.43321299638989164
0.43382352941176466
0.4354243542435424
0.41428571428571426
0.45112781954887216
0.45283018867924524
0.437956204379562
0.4436090225563909
0.43165467625899284
0.4377358490566038
0.4067796610169492
0.43382352941176466
0.44280442804428044
0.449438202247191
0.45283018867924524
0.42647058823529416
0.42909090909090913
0.45038167938931295
0.4521072796934866
0.44609665427509293
0.4436090225563909
0.4306569343065693
0.42105263157894735
0.4249084249084249
0.4229390681003584
0.41428571428571426
0.4419475655430712
0.4555984555984555
0.42804428044280435
0.41958041958041953
0.44029850746268656
0.4386617100371747
0.44609665427509293
0.44787644787644787
0.44274809160305345
0.4651162790697675
0.39999999999999997
0.4372759856630824
0.4436090225563909
0.42553191489361697
0.42909090909090913
0.4344569288389513
0.4285714285714286
0.4674329501915708
0.4285714285714286
0.4562737642585551
0.42962962962962964
0.437956204379562
0.4233576642335766
0.4301075268817204
0.43321299638989164
0.44776119402985076
0.449438202247191
0.4395604395604395
0.4354243542435424
0.4444444444444444
0.45669291338582674
0.4419475655430712
0.44280442804428044
0.4229390681003584
0.42105263157894735
0.44106463878326996
0.42804428044280435
0.42105263157894735
0.4184397163120568
0.4301075268817204
0.46332046332046334
0.4344569288389513
0.4386617100371747
0.45112781954887216
0.44029850746268656
0.4444444444444444
0.4322344322344322
0.46332046332046334
0.4199288256227758
0.4275362318840579
0.4229390681003584
0.40268456375838924
0.4354243542435424
0.4393939393939394
0.45454545454545453
0.4259927797833935
0.45283018867924524
0.40418118466898956
0.44280442804428044
0.4486692015209125
0.44961240310077516
0.4562737642585551
0.4521072796934866
0.4285714285714286
0.44696969696969696
0.4199288256227758
0.4229390681003584
0.4452830188679245
0.42647058823529416
0.42402826855123676
0.44106463878326996
0.4306569343065693
0.4229390681003584
0.44609665427509293
0.4386617100371747
0.4609375
0.4386617100371747
0.44029850746268656
0.4354243542435424
0.4452830188679245
0.42553191489361697
0.4354243542435424
0.44029850746268656
0.4312267657992565
0.43321299638989164
0.4555984555984555
0.437956204379562
0.437956204379562
0.4728682170542636
0.4306569343065693
0.40972222222222215
0.44029850746268656
0.4347826086956521
0.44029850746268656
0.4419475655430712
0.4436363636363636
