0.7416931164451498
0.7471483832572903
0.7105237056139655
0.7384695496925213
0.6814124181709978
0.7181362824836341
0.6964887919063678
0.7264927593731403
0.7451894465383853
0.761728823646102
0.7610097202935926
0.7312041261654434
0.7524052767308074
0.714590359055743
0.7109452489585399
0.7286996627653244
0.7146895457250546
0.709011108906963
0.7660434437611585
0.7397589763935728
0.7523556833961516
0.7128545923427891
0.7467764332473716
0.7507934933544931
0.7607865502876414
0.7564719301725847
0.7491073199761953
0.7641836937115651
0.7350476096012696
0.7144663757191033
0.7094078555842095
0.7438008331680221
0.7724905772664155
0.7321711961912318
0.7632166236857766
0.7779210474112279
0.7403540964094425
0.7584556635588178
0.787963697679032
0.7507686966871653
0.7320720095219202
0.744718309859155
0.7620511803213648
0.7311297361634597
0.7383951596905376
0.7132017456853799
0.7427097798055942
0.7244594326522515
0.741073199761952
0.736882562983535
0.7350972029359255
0.7409740130926403
0.7333366395556438
0.7635637770283674
0.7112924023011307
0.7284764927593731
0.753893076770482
0.7591003769093434
0.7343037095814323
0.7434784764927593
0.7333614362229717
0.7216822059115255
0.7466028565760761
0.7491073199761953
0.7346260662566951
0.7442967665145804
0.7178635191430272
0.748908946637572
0.7253273160087284
0.7098541955961118
0.731576076175362
0.6971335052568934
0.7389406863717516
0.7094574489188653
0.7355683396151558
0.7429081531442175
0.7269638960523706
0.7389406863717516
0.6839416782384449
0.7392382463796865
0.7279061694108312
0.7393126363816702
0.734080539575481
0.72542650267804
0.7291212061098988
0.7197232691926205
0.731848839515969
0.7371057329894861
0.7272118627256497
0.7026879587383457
0.741321166435231
0.7179875024796668
0.7546369767903194
0.7614808569728229
0.713697679031938
0.7324935528664948
0.7518349533822655
0.7261951993652054
0.7374032929974211
0.7499752033326721
0.7497024399920651
0.738295973021226
0.719028962507439
0.7054651854790717
0.7341797262447927
0.7349484229319581
0.7248313826621703
0.7394862130529656
0.7263439793691727
0.7166980757786153
0.7317000595120016
0.7361634596310256
0.7424122197976593
0.7488345566355883
0.719599285855981
0.7210374925609997
0.7169708391192224
0.7456357865502876
0.7394614163856378
0.7017952787145407
0.766985717119619
0.7621255703233485
0.7276334060702242
0.7268399127157311
0.734080539575481
0.7203431858758184
0.7366593929775838
0.7449166831977782
0.747495536599881
0.7360890696290417
0.73492362626463
0.7228228526086095
0.7372297163261258
0.7494048799841302
0.7331382662170205
0.6986956952985519
0.7081928188851419
0.7967913112477684
0.7275838127355684
0.6979269986113866
0.7171444157905178
0.7301626661376711
0.7255256893473516
0.7366593929775838
0.694753025193414
0.7485121999603254
0.7353203729418766
0.7620759769886927
0.7723170005951201
0.7222525292600674
0.7309065661575085
0.707870462209879
0.7311793294981156
0.7293939694505058
0.7328407062090855
0.7375024796667328
0.7588772069033921
0.7275838127355683
0.7619024003173973
0.7122842689942472
0.7278813727435033
0.7373289029954375
0.7423874231303312
0.7625719103352508
0.7485121999603254
0.7417427097798055
0.7211118825629836
0.7225004959333465
0.776780400714144
0.7181610791509621
0.7296915294584407
0.7351467962705813
0.7450406665344178
0.7414947431065265
0.7623983336639556
0.739684586391589
0.7441975798452688
0.7225996826026582
0.7398085697282284
0.727955762745487
0.7127058123388217
0.7275094227335847
0.7430817298155128
0.7637125570323349
0.7685727038286054
0.6997867486609799
0.7138216623685777
0.750843086689149
0.7354195596111881
0.7648780003967467
0.7453878198770085
0.723219599285856
0.7236659392977582
0.7395606030549494
0.7327167228724459
0.7384943463598492
0.7500247966673279
0.7158301924221385
0.7066554255108113
0.7289972227732593
0.7368825629835349
0.7742263439793692
0.7220045625867884
0.7205911525490973
0.7222773259273954
0.7387919063677841
0.7158797857567943
0.7493800833168023
0.7591251735766713
0.7395606030549494
0.7537442967665146
0.7342045229121206
0.7240874826423329
0.7690686371751637
0.7024647887323945
0.7329150962110692
0.7326919262051181
0.7395110097202936
0.7221533425907558
0.740527673080738
0.7309809561594922
0.7213598492362627
0.7191033525094228
0.7295427494544733
0.7845169609204522
0.7314024995040667
0.7236659392977584
0.7367833763142233
0.7236411426304304
0.730757786153541
0.7248561793294981
0.7468508232493554
0.7417675064471334
0.7274102360642729
0.7291212061098988
0.7419658797857568
0.7519341400515771
0.7182850624876017
0.7333862328902996
0.7125074390001984
0.7354691529458441
0.7300634794683594
0.7426105931362825
0.700902598690736
0.7121106923229518
0.7550337234675659
0.745809363221583
0.7255256893473517
0.7246578059908748
0.7108460622892283
0.7385191430271771
0.7494048799841302
0.7432801031541361
0.7454622098789923
0.7315512795080341
0.7493304899821464
0.7467516365800436
0.7413211664352312
0.7528764134100376
0.7279805594128149
0.7426105931362825
0.7742263439793691
0.7383455663558818
0.7067050188454671
0.7240874826423329
0.7514878000396747
0.7436768498313827
0.7196984725252926
0.7621999603253323
0.7513638167030351
0.7493056933148183
0.7166732791112875
0.7373041063281094
0.7221781392580837
0.7303858361436223
0.7482146399523903
0.7419410831184289
0.7367833763142234
0.724062685975005
0.7423130331283476
0.7710275738940686
0.729617139456457
0.7372793096607816
0.7351715929379092
0.7398333663955564
0.7187314024995041
0.7629686570124975
0.7316504661773457
0.7384695496925213
0.7674320571315216
0.72542650267804
0.7546617734576473
0.7044485221186272
0.7414699464391986
0.6874628049990081
0.7833019242213846
0.7355683396151558
0.7267407260464194
0.7191281491767506
0.7646052370561397
0.7268895060503868
0.7229468359452489
0.7521573100575283
0.7076720888712557
0.7206159492164252
0.7421642531243802
0.734378099583416
0.7034318587581829
0.7214342392382463
0.7418170997817894
0.7504959333465582
0.7517357667129538
0.758654036897441
0.7371057329894862
0.7105237056139656
0.732146399523904
0.7670849037889307
0.7476939099385043
0.7262199960325333
0.7567942868478477
0.7675560404681612
0.7512646300337235
0.7074737155326324
0.741048403094624
0.7521573100575282
0.7180370958143225
0.7562983535012894
0.7356675262844674
0.7523556833961516
0.7480162666137671
0.7073497321959928
0.7917575877802023
0.7149375123983337
0.7395358063876215
0.7229964292799048
0.732741519539774
0.688355485022813
0.7203183892084903
0.7171692124578456
0.7539178734378099
0.7325431462011506
0.7250297560007934
0.7305346161475897
0.7760365006943067
0.7234179726244794
0.7440735965086291
0.7331382662170204
0.7788881174370166
0.748611386629637
0.7068042055147787
0.7601418369371156
0.7383207696885539
0.7156318190835151
0.7305842094822457
0.7317992461813133
0.7493552866494743
0.74608212656219
0.7528516167427097
0.7564719301725848
0.7336094028962508
0.7605137869470343
0.7341053362428089
0.7158053957548105
0.7669113271176353
0.7456357865502876
0.7072257488593534
0.745809363221583
0.7436768498313826
0.7930222178139259
0.7285012894267011
0.756967863519143
0.7584556635588178
0.7545129934536797
0.7483882166236858
0.7157062090854989
0.7411723864312636
0.7372049196587979
0.7237155326324142
0.7315016861733783
0.7337829795675461
0.7097054155921444
0.7943116445149772
0.7284516960920453
0.745263836540369
0.7247321959928585
0.7521325133902003
0.6993900019837335
0.7642828803808768
0.7584804602261457
0.7513142233683794
0.7678536004760961
0.75949712358659
0.7274598293989287
0.7110940289625074
0.6910831184288831
0.7328902995437413
0.7220789525887721
0.7143423923824638
0.7075233088672882
0.7259224360245984
0.7187314024995042
0.7563975401706011
0.7411475897639357
0.7444703431858759
0.7583316802221782
0.7391638563777028
0.73326224955366
0.7274350327316009
0.7203431858758182
0.7443463598492362
0.7242610593136283
0.7606129736163458
0.739089466375719
0.7534467367585796
0.7399077563975403
0.7430817298155128
0.72044237254513
0.6995139853203729
0.6931908351517556
0.7355435429478279
0.6968111485816306
0.7334854195596112
0.6916782384447531
0.7467764332473715
0.735245982939893
0.7466772465780599
0.7508182900218211
0.7525540567347748
0.7468012299146995
0.7537690934338426
0.7243106526482841
0.7485865899623091
0.7158053957548105
0.762844673675858
0.7445695298551875
0.7315016861733783
0.7930966078159096
0.7602410236064274
0.7099781789327515
0.7445943265225154
0.7449166831977782
0.7192025391787344
0.7235667526284468
0.7403292997421147
0.6746925213251339
0.7573646101963896
0.7570670501884547
0.6777921047411227
0.6936123784963301
0.7679775838127356
0.7350476096012696
0.7660930370958143
0.731303312834755
0.7092590755802419
0.7408748264233287
0.7312289228327713
0.7237155326324142
0.7626710970045627
0.7192273358460624
0.7709035905574291
0.7200208292005554
0.7343285062487602
0.7394366197183099
0.7474459432652252
0.7285756794286848
0.7510910533624282
0.7305346161475897
0.7228972426105931
0.7099037889307677
0.7200456258678833
0.7111436222971632
0.7511158500297561
0.7508678833564768
0.7721186272564967
0.7463052965681413
0.7292451894465384
0.7249305693314818
0.7630678436818091
0.7457349732195993
0.7158301924221385
0.7416683197778219
0.7761852806982741
0.7261951993652054
0.7524548700654632
0.7193017258480459
0.7355435429478279
0.7245338226542353
0.7342789129141043
0.7165988891093036
0.7278317794088474
0.7093334655822258
0.7651507637373536
0.7516365800436421
0.7677544138067844
0.7170452291212062
0.7232443959531838
0.6970839119222376
0.6829498115453283
0.740800436421345
0.7291955961118826
