0.4037880351363399
0.3628741742493544
0.4230728114927773
0.31228675161564484
0.4552146399263215
0.3661329514603715
0.37438242469019606
0.3882675464408606
0.442671903940539
0.39454905506254434
0.38724547516758584
0.42225931414264084
0.41762502157202597
0.4553668457634209
0.3719310671446294
0.3877776816574219
0.4589238777945346
0.37003465217362863
0.4468141663555747
0.40604723359376094
0.4325994905477354
0.4317191692912252
0.42145929734316856
0.4849584443509576
0.4065962347663703
0.35923237948187176
0.3650095666484983
0.4123941641939593
0.4238037342474802
0.43561568300490117
0.43016191885397403
0.4469987456837949
0.4011543850481373
0.4121049439838069
0.4269829041459332
0.49224022220972996
0.46266958329594554
0.3680982483836976
0.42429269639784034
0.4144692695777462
0.39852815831175775
0.3792441767762431
0.3636593548231513
0.4313421280358425
0.44629628207403604
0.43792294003173843
0.3801086935857012
0.3996537973201025
0.5098228340043175
0.40395135794959897
0.4128137683627431
0.44934579011297004
0.38957666224961734
0.42245258942739894
0.412102169674121
0.41317587070527195
0.35541798450565365
0.3710191877815383
0.3969173211797089
0.4630091465124855
0.3899226839864821
0.4017928126089768
0.40291958618249796
0.37695854618890434
0.3935783705198579
0.40502580048365766
0.40936471102620453
0.41965997326319127
0.4200440302416584
0.4396174485167712
0.41048929717559474
0.4061906075678573
0.5013492274392903
0.34705661111551495
0.40396403042433665
0.4301262815631648
0.3687872006567884
0.4331866665405628
0.40674019144816337
0.4240264998798302
0.37509512180284404
0.4124430209255712
0.33634762718257416
0.39731893819477115
0.4726478540054161
0.46553093641831844
0.4028590415212405
0.44706214241109465
0.4774443743995527
0.43467871844748995
0.44708176674929123
0.397191435012356
0.41251159603448784
0.4257152918312927
0.4434233278104105
0.44060944843316835
0.45939995031151054
0.40336049496480564
0.4127263166861012
0.4090253689645267
0.46690471454469573
0.43223692068194186
0.37571898565643724
0.42318978853620487
0.4462369220536911
0.387199864258534
0.4224952169050509
0.4272782086022057
0.4653788237708177
0.360129215243866
0.4096480552982733
0.4199611464295605
0.4844715438414746
0.44529886620804426
0.3939658568235329
0.44873314130098757
0.3762385664056618
0.39578694698216055
0.38411086002822314
0.379909958582038
0.37313979841985306
0.4145923528580192
0.4347635416960022
0.44700090895563127
0.49773963282998285
0.4202075648312136
0.4263667831193638
0.4002083084064272
0.37953456530593166
0.4238914239658379
0.46995460677001266
0.45143891680762915
0.4428093435589515
0.37842419168289687
0.4189617458213212
0.3880436255835354
0.4133098162832749
0.42628729789296677
0.4459731128813393
0.39752087404837194
0.37494934811256386
0.40861209817630334
0.4426717973346844
0.4079007530370723
0.398380911729232
0.35081128730373984
0.44132369301208973
0.42568709796522486
0.43507680855831843
0.35744544860408756
0.4332541535567772
0.3751223501660839
0.43311236429205624
0.34519013218142536
0.42179309632793227
0.37985076908624354
0.44344706212982904
0.42723886901387365
0.42821515263256493
0.4361409557469286
0.3826873761003487
0.3791872004754964
0.4210194910475593
0.42381041670820097
0.3640236987955747
0.36912548313743554
0.37867889097669444
0.4068464130923496
0.45023137493775867
0.4160469288963995
0.4534996919629321
0.42637318385186185
0.4629917702324614
0.41088459033107616
0.39926051995486517
0.49504806796979817
0.375088695095274
0.39072963224760926
0.4044107306107467
0.39378441928053626
0.4188696505594627
0.4280051016623196
0.4173500512704459
0.4347046671252961
0.4276174324043856
0.4130296651262566
0.4184615782777533
0.43468946378676837
0.43146186612808246
0.40945888375391964
0.39442842690827795
0.40110421262703516
0.3890084024077941
0.3682687623516866
0.41520273135621144
0.425266362204602
0.44542220706042013
0.4292266597221098
0.38495772223160396
0.444607456410557
0.4012121671310763
0.38023314778093276
0.31404137941648824
0.42939967363589665
0.48042549182741956
0.4077730167187414
0.4483304584668415
0.4715014330210402
0.3974301642073725
0.42511621365866503
0.4296716630093683
0.3543805258168186
0.40739543196065453
0.4130263659742843
0.36014258090733503
0.4578919604836062
0.4217840667360251
0.4225263785141346
0.36028273192894
0.4531800951489765
0.3968179936386903
0.3845784727464314
0.4520060417658136
0.4158294655219635
0.4142476282162658
0.4129558140022328
0.387784229007175
0.36113026374214896
0.46451421211847566
0.504874721866122
0.42094380148314536
0.44496635758422365
0.42151159821780854
0.435873308395597
0.46133308394315914
0.42609557684243593
0.4305977246913885
0.4016701503541048
0.43637851175017817
0.44727463893002056
0.38748891269425
0.48693843647915513
0.3836494816425919
0.395956872705745
0.44056691186519586
0.4003557345017795
0.40460297269740203
0.38106840273486037
0.39532364691938554
0.3385356490802406
0.41170802380699384
0.3955922686522896
0.41404878516401156
0.3946398491224965
0.462034165249143
0.3879891494109263
0.4393804301138038
0.4145652712563693
0.40103328356441953
0.40136470926508655
0.39161562609752826
0.4369330729443188
0.37716853451041704
0.4367483216578384
0.43952403835023424
0.43739969294319075
0.41095868485008363
0.3910170619312265
0.42203718891982495
0.3994601630869256
0.4172721719064017
0.4091224766526565
0.4842269382062171
0.4622041647523082
0.41835484120627475
0.3614116080523295
0.3734087054804996
0.408321274190866
0.4053388169568294
0.4101847790401158
0.42925745215676947
0.41000930508267297
0.4066404442567457
0.4571828213219387
0.3514217911414723
0.41992320952064643
0.3901720435750232
0.4597034808369382
0.36497283435855166
0.3558681502901981
0.37626493093028857
0.4086206888076056
0.38017066471274014
0.37800347472816787
0.4113783245339044
0.4076086089000653
0.39817920719519695
0.4741726464462035
0.3641804510435057
0.42780942402324307
0.3784687494865376
0.3915727254304713
0.45596671410112466
0.4262569428488461
0.38347151769327253
0.38622356223310245
0.4120220618713955
0.4761638108755929
0.3597283651657538
0.46626412963168473
0.47716738477657317
0.3933373410581811
0.4590602562163726
0.42183301730969425
0.3957743344358504
0.4519769226120234
0.49317867245314545
0.4289289707356381
0.354918533853665
0.41633293924597625
0.3882267564347718
0.39479833508368933
0.4248948682144267
0.4187886027386083
0.37651032031683934
0.43197758431480554
0.4413827184098477
0.3834065426625394
0.4022655303870114
0.3870226437226037
0.3750230159729827
0.4120081712066113
0.3804412660076061
0.4271577620137343
0.43002195369945984
0.4118857022917342
0.45457918522237417
0.424266014160803
0.3914370988677774
0.37100840113745936
0.4390396568447521
0.3953191189176617
0.40160098856066384
0.4140494275114285
0.3777135341480911
0.4409090044893246
0.4010477391038149
0.3666778295532325
0.3784387787351029
0.4152469860202011
0.4008866150286457
0.4225320547520671
0.40413955181903466
0.3681610365763912
0.39735978316816656
0.42323704443882604
0.4168363818270617
0.46605833807348873
0.402098442855974
0.4297754418404798
0.38037467865165064
0.4028503165510075
0.43555633957916784
0.4112876780398661
0.3898149030105751
0.38438737009907903
0.3757668367883844
0.4024716436592295
0.389010680227657
0.47241543384215035
0.3453630285325394
0.38292768044934994
0.3870516271953044
0.4014429012510084
0.44586632927811176
0.40373071569548213
0.3732816550249448
0.35382387032388696
0.41343525282406995
0.4403711268952641
0.40678974496551923
0.43451557369762706
0.4001964256742573
0.4304602955685291
0.37191134969010303
0.46082364311430984
0.39483806466698024
0.38169840398047855
0.4335868814897669
0.37708078575863796
0.45912926318309283
0.4726948256322495
0.37508625438501714
0.41065977366111484
0.3840003405917608
0.47078766727790394
0.40572922273289225
0.41105839503937047
0.4165931905575274
0.42444812395859377
0.4008843177669118
0.388043579288999
0.4257829488963295
0.39220360253120845
0.4007345428029808
0.4181467122908715
0.4316912221641852
0.4277300541556499
0.3879758677636333
0.40528725289236117
0.413286353209861
0.4590247979565054
0.4372704589669153
0.3696122181484258
0.4290717165105167
0.4048253272336775
0.3724527161652167
0.4288574007636995
0.4520345552444603
0.49195605533016706
0.36524905622028886
0.442730096755042
0.36593975555209146
0.41347448095699313
0.46130550807763676
0.3804273097278909
0.35970692637440516
0.4416275208709447
0.4173226679056944
0.4559895296763571
0.3993056445281499
0.4463122302851169
0.43097265251167816
0.4506603220601436
0.3986442724885656
0.43886273591968866
0.41555514187374964
0.4763266484950536
0.4245769730454172
0.42225190250967426
0.40409194900805423
0.44108219968487916
0.39346343307237275
0.3718345070578067
0.3957454430428575
0.4186964773547482
0.4291865575125232
0.43588733720400274
0.3854558393064837
0.43267589914061133
0.47299509058444245
0.42900177052937416
0.4793940887511804
0.4076900848355026
0.45510248486811616
0.4147555754693435
0.45830343514371197
0.42445012369849944
0.4274614751113135
0.4544342511536491
0.3857502203348121
0.3934821384574532
0.4404439334029674
0.39489519110983823
0.47006215674870444
0.43878570049336596
0.38629353161966323
0.44633470357363675
0.41027739144139636
0.4128961737545005
0.46253889943199855
0.4076693802743405
0.40588015909591113
0.3842541767703334
0.4235519127915497
0.4206079013986365
0.4561740107821475
0.3643568870575637
0.40224659785453687
0.49789536477643115
0.4250762668958178
0.47456552647736416
0.40050249584355024
0.4008466227614695
0.4520985393669107
0.3938128396733829
0.44508415311254806
0.39719207291802106
0.44724987671820854
0.4354496216787558
0.5279033448747732
0.47681017009273063
0.4344262910373393
0.446050835097216
0.3640919126572343
0.39061921051743553
0.4004312605164375
0.4310205704324638
0.4245582559132573
0.39902904160757185
