0.54
0.6086956521739131
0.6341463414634146
0.6304347826086957
0.6097560975609756
0.6086956521739131
0.675
0.5333333333333333
0.5227272727272727
0.6666666666666666
0.5416666666666666
0.5625
0.5555555555555556
0.6875
0.48148148148148145
0.5777777777777777
0.5777777777777777
0.5
0.6
0.6190476190476191
0.5102040816326531
0.5853658536585366
0.5769230769230769
0.7428571428571429
0.5434782608695652
0.6444444444444445
0.5531914893617021
0.5686274509803921
0.5833333333333334
0.5227272727272727
0.5283018867924528
0.5172413793103449
0.6
0.6
0.6
0.5
0.5471698113207547
0.6458333333333334
0.5833333333333334
0.54
0.6046511627906976
0.6590909090909091
0.6842105263157895
0.6444444444444445
0.65
0.5
0.6153846153846154
0.5686274509803921
0.509090909090909
0.6829268292682927
0.6136363636363636
0.5384615384615384
0.5581395348837209
0.6341463414634146
0.6428571428571429
0.6744186046511628
0.6410256410256411
0.6923076923076923
0.6956521739130435
0.627906976744186
0.5918367346938775
0.5319148936170213
0.6511627906976745
0.6097560975609756
0.6511627906976745
0.6086956521739131
0.56
0.5555555555555556
0.5869565217391305
0.5957446808510638
0.6415094339622641
0.5957446808510638
0.5681818181818182
0.6363636363636364
0.6222222222222222
0.5106382978723404
0.5918367346938775
0.6938775510204082
0.5555555555555556
0.5319148936170213
0.5909090909090909
0.5306122448979592
0.6428571428571429
0.5
0.675
0.5681818181818182
0.5609756097560976
0.7428571428571429
0.5283018867924528
0.509090909090909
0.6382978723404256
0.6944444444444444
0.5892857142857143
0.6190476190476191
0.6585365853658537
0.6829268292682927
0.627906976744186
0.56
0.7058823529411765
0.6818181818181818
0.5454545454545454
0.6590909090909091
0.56
0.5918367346938775
0.6530612244897959
0.7435897435897436
0.6190476190476191
0.5416666666666666
0.6521739130434783
0.6341463414634146
0.5957446808510638
0.6666666666666666
0.6041666666666666
0.66
0.6274509803921569
0.5961538461538461
0.7111111111111111
0.6382978723404256
0.5652173913043478
0.6595744680851063
0.47058823529411764
0.5471698113207547
0.58
0.5961538461538461
0.5476190476190477
0.6222222222222222
0.56
0.5686274509803921
0.5094339622641509
0.5909090909090909
0.6274509803921569
0.6976744186046512
0.5306122448979592
0.5849056603773585
0.6585365853658537
0.5681818181818182
0.5283018867924528
0.7142857142857143
0.5227272727272727
0.5294117647058824
0.6041666666666666
0.5769230769230769
0.625
0.6956521739130435
0.5531914893617021
0.5370370370370371
0.5882352941176471
0.6764705882352942
0.6590909090909091
0.6382978723404256
0.6097560975609756
0.65
0.6
0.6122448979591837
0.6078431372549019
0.6363636363636364
0.5833333333333334
0.575
0.5510204081632653
0.5961538461538461
0.6444444444444445
0.6341463414634146
0.6071428571428571
0.6363636363636364
0.5918367346938775
0.6666666666666666
0.6666666666666666
0.6808510638297872
0.6111111111111112
0.6410256410256411
0.5909090909090909
0.6041666666666666
0.6590909090909091
0.6078431372549019
0.5769230769230769
0.6585365853658537
0.6363636363636364
0.6739130434782609
0.6346153846153846
0.5957446808510638
0.5625
0.5882352941176471
0.6590909090909091
0.8055555555555556
0.6046511627906976
0.5869565217391305
0.631578947368421
0.6140350877192983
0.6136363636363636
0.6097560975609756
0.5272727272727272
0.5416666666666666
0.5777777777777777
0.7105263157894737
0.6
0.5777777777777777
0.6666666666666666
0.5918367346938775
0.6304347826086957
0.5434782608695652
0.5094339622641509
0.58
0.574468085106383
0.5918367346938775
0.5833333333333334
0.5454545454545454
0.5576923076923077
0.6
0.6578947368421053
0.6595744680851063
0.6
0.54
0.5882352941176471
0.6
0.5555555555555556
0.625
0.5
0.5714285714285714
0.6521739130434783
0.5344827586206896
0.7380952380952381
0.62
0.5869565217391305
0.5652173913043478
0.6444444444444445
0.6829268292682927
0.6595744680851063
0.45454545454545453
0.5833333333333334
0.5555555555555556
0.574468085106383
0.43103448275862066
0.5660377358490566
0.509090909090909
0.6818181818181818
0.64
0.5333333333333333
0.5813953488372093
0.5102040816326531
0.5777777777777777
0.6222222222222222
0.5813953488372093
0.627906976744186
0.574468085106383
0.5777777777777777
0.5909090909090909
0.6222222222222222
0.6666666666666666
0.56
0.6
0.5384615384615384
0.6341463414634146
0.5918367346938775
0.58
0.5423728813559322
0.6136363636363636
0.5192307692307693
0.6
0.5416666666666666
0.6222222222222222
0.7045454545454546
0.4727272727272727
0.5957446808510638
0.5384615384615384
0.5909090909090909
0.625
0.6410256410256411
0.574468085106383
0.5909090909090909
0.6818181818181818
0.6428571428571429
0.6363636363636364
0.6829268292682927
0.5686274509803921
0.5957446808510638
0.48214285714285715
0.5961538461538461
0.5094339622641509
0.6222222222222222
0.5357142857142857
0.6590909090909091
0.6078431372549019
0.6904761904761905
0.6976744186046512
0.6363636363636364
0.5581395348837209
0.5416666666666666
0.6444444444444445
0.6744186046511628
0.5094339622641509
0.6410256410256411
0.6
0.625
0.6136363636363636
0.7837837837837838
0.5869565217391305
0.5813953488372093
0.6744186046511628
0.6595744680851063
0.6
0.5490196078431373
0.5471698113207547
0.509090909090909
0.5777777777777777
0.5625
0.5957446808510638
0.7073170731707317
0.4426229508196721
0.5283018867924528
0.7142857142857143
0.6341463414634146
0.65
0.56
0.6122448979591837
0.6326530612244898
0.627906976744186
0.5306122448979592
0.5319148936170213
0.7111111111111111
0.6304347826086957
0.5476190476190477
0.7
0.5294117647058824
0.5957446808510638
0.64
0.5294117647058824
0.7391304347826086
0.5423728813559322
0.6190476190476191
0.5952380952380952
0.5818181818181818
0.5961538461538461
0.7692307692307693
0.6444444444444445
0.6326530612244898
0.6666666666666666
0.6744186046511628
0.5531914893617021
0.6326530612244898
0.6170212765957447
0.6304347826086957
0.5454545454545454
0.5217391304347826
0.56
0.574468085106383
0.6181818181818182
0.6037735849056604
0.5833333333333334
0.5686274509803921
0.6170212765957447
0.65
0.5714285714285714
0.6470588235294118
0.5625
0.7428571428571429
0.62
0.56
0.5869565217391305
0.5178571428571429
0.6666666666666666
0.6666666666666666
0.6521739130434783
0.5581395348837209
0.5652173913043478
0.5185185185185185
0.5961538461538461
0.58
0.6170212765957447
0.6382978723404256
0.58
0.5636363636363636
0.6666666666666666
0.5306122448979592
0.5769230769230769
0.5869565217391305
0.5106382978723404
0.5306122448979592
0.6326530612244898
0.5434782608695652
0.5686274509803921
0.5416666666666666
0.7142857142857143
0.5925925925925926
0.5283018867924528
0.5227272727272727
0.6122448979591837
0.6304347826086957
0.6222222222222222
0.5957446808510638
0.6363636363636364
0.6153846153846154
0.75
0.5555555555555556
0.5471698113207547
0.5555555555555556
0.6666666666666666
0.6363636363636364
0.5531914893617021
0.5306122448979592
0.5416666666666666
0.6739130434782609
0.5882352941176471
0.6341463414634146
0.6666666666666666
0.5576923076923077
0.64
0.6341463414634146
0.6470588235294118
0.6190476190476191
0.5636363636363636
0.5192307692307693
0.6363636363636364
0.6122448979591837
0.5909090909090909
0.717948717948718
0.5531914893617021
0.6037735849056604
0.58
0.5849056603773585
0.5531914893617021
0.5098039215686274
0.5510204081632653
0.4897959183673469
0.6666666666666666
0.7027027027027027
0.6444444444444445
0.5319148936170213
0.6428571428571429
0.5576923076923077
0.5714285714285714
0.5652173913043478
0.5849056603773585
0.6363636363636364
0.6
0.6590909090909091
0.5833333333333334
0.6666666666666666
0.6829268292682927
0.4897959183673469
0.6078431372549019
0.6578947368421053
0.6444444444444445
0.4583333333333333
0.5178571428571429
0.6222222222222222
0.5652173913043478
0.5531914893617021
0.6097560975609756
0.6923076923076923
0.6666666666666666
0.6170212765957447
0.6444444444444445
0.5957446808510638
0.6382978723404256
0.6458333333333334
0.6153846153846154
0.56
0.509090909090909
0.5869565217391305
0.6976744186046512
0.6122448979591837
0.6097560975609756
0.6739130434782609
0.4915254237288136
0.6382978723404256
0.5576923076923077
0.6521739130434783
0.6444444444444445
0.6363636363636364
0.5319148936170213
0.6136363636363636
0.5869565217391305
0.5625
0.6170212765957447
0.5777777777777777
0.6304347826086957
0.5666666666666667
0.5714285714285714
0.6590909090909091
0.6
0.6744186046511628
0.5652173913043478
0.5957446808510638
0.6904761904761905
0.6590909090909091
0.5357142857142857
0.5714285714285714
0.6444444444444445
0.625
0.5660377358490566
0.56
0.627906976744186
0.5111111111111111
0.6046511627906976
0.7045454545454546
0.631578947368421
0.7941176470588235
0.5185185185185185
0.6590909090909091
0.5777777777777777
