0.30985915492957744
0.34507042253521125
0.3204225352112676
0.29225352112676056
0.3204225352112676
0.24295774647887325
0.23943661971830985
0.30985915492957744
0.3274647887323944
0.2711267605633803
0.27816901408450706
0.30633802816901406
0.20774647887323944
0.2887323943661972
0.20422535211267606
0.2852112676056338
0.3626760563380282
0.2676056338028169
0.28169014084507044
0.2535211267605634
0.2887323943661972
0.2535211267605634
0.20422535211267606
0.21830985915492956
0.2112676056338028
0.24647887323943662
0.2711267605633803
0.28169014084507044
0.22535211267605634
0.2323943661971831
0.3274647887323944
0.2711267605633803
0.2746478873239437
0.34507042253521125
0.2711267605633803
0.24295774647887325
0.2605633802816901
0.2007042253521127
0.25
0.2711267605633803
0.22887323943661972
0.323943661971831
0.2640845070422535
0.25
0.2711267605633803
0.24295774647887325
0.25
0.29225352112676056
0.28169014084507044
0.2746478873239437
0.24647887323943662
0.28169014084507044
0.2711267605633803
0.323943661971831
0.22535211267605634
0.25704225352112675
0.25704225352112675
0.2640845070422535
0.29225352112676056
0.35563380281690143
0.323943661971831
0.2887323943661972
0.28169014084507044
0.2711267605633803
0.3767605633802817
0.2605633802816901
0.2605633802816901
0.29225352112676056
0.3028169014084507
0.2112676056338028
0.3274647887323944
0.2711267605633803
0.22535211267605634
0.25704225352112675
0.22183098591549297
0.2323943661971831
0.30633802816901406
0.2676056338028169
0.2887323943661972
0.29577464788732394
0.3204225352112676
0.2746478873239437
0.3415492957746479
0.25704225352112675
0.2676056338028169
0.3274647887323944
0.27816901408450706
0.2640845070422535
0.2852112676056338
0.29225352112676056
0.29225352112676056
0.23943661971830985
0.23591549295774647
0.25704225352112675
0.3345070422535211
0.2676056338028169
0.29225352112676056
0.24647887323943662
0.2887323943661972
0.25
0.24295774647887325
0.28169014084507044
0.2007042253521127
0.2711267605633803
0.2535211267605634
0.28169014084507044
0.22535211267605634
0.27816901408450706
0.2640845070422535
0.2852112676056338
0.22535211267605634
0.31690140845070425
0.22887323943661972
0.3485915492957746
0.2676056338028169
0.3204225352112676
0.2852112676056338
0.2746478873239437
0.31338028169014087
0.3028169014084507
0.2605633802816901
0.27816901408450706
0.2323943661971831
0.2992957746478873
0.22535211267605634
0.24295774647887325
0.2992957746478873
0.23591549295774647
0.2746478873239437
0.2640845070422535
0.30633802816901406
0.2605633802816901
0.23943661971830985
0.31338028169014087
0.29577464788732394
0.2852112676056338
0.2711267605633803
0.22535211267605634
0.25
0.36619718309859156
0.2147887323943662
0.22183098591549297
0.2852112676056338
0.31690140845070425
0.2676056338028169
0.22535211267605634
0.23591549295774647
0.24647887323943662
0.2676056338028169
0.2323943661971831
0.2992957746478873
0.2746478873239437
0.23943661971830985
0.22183098591549297
0.3415492957746479
0.3028169014084507
0.2887323943661972
0.3028169014084507
0.24647887323943662
0.2640845070422535
0.2605633802816901
0.29225352112676056
0.31338028169014087
0.3028169014084507
0.3028169014084507
0.25704225352112675
0.2887323943661972
0.2605633802816901
0.2535211267605634
0.2640845070422535
0.24295774647887325
0.2640845070422535
0.22183098591549297
0.2711267605633803
0.2640845070422535
0.29225352112676056
0.2852112676056338
0.2640845070422535
0.2640845070422535
0.25
0.2535211267605634
0.23591549295774647
0.27816901408450706
0.25704225352112675
0.323943661971831
0.2852112676056338
0.30633802816901406
0.22535211267605634
0.31338028169014087
0.2605633802816901
0.2676056338028169
0.30985915492957744
0.2852112676056338
0.19014084507042253
0.27816901408450706
0.2605633802816901
0.2852112676056338
0.23591549295774647
0.22183098591549297
0.22887323943661972
0.23943661971830985
0.27816901408450706
0.19718309859154928
0.33098591549295775
0.3028169014084507
0.27816901408450706
0.29225352112676056
0.2887323943661972
0.3626760563380282
0.2711267605633803
0.2323943661971831
0.3274647887323944
0.2992957746478873
0.29225352112676056
0.24295774647887325
0.23591549295774647
0.22535211267605634
0.30985915492957744
0.23591549295774647
0.3028169014084507
0.24295774647887325
0.23943661971830985
0.3204225352112676
0.2852112676056338
0.29577464788732394
0.323943661971831
0.24647887323943662
0.2535211267605634
0.1936619718309859
0.24295774647887325
0.29225352112676056
0.2746478873239437
0.20774647887323944
0.21830985915492956
0.29225352112676056
0.25
0.2887323943661972
0.28169014084507044
0.27816901408450706
0.3380281690140845
0.3028169014084507
0.29577464788732394
0.2746478873239437
0.23943661971830985
0.29577464788732394
0.31338028169014087
0.36971830985915494
0.3028169014084507
0.31690140845070425
0.19718309859154928
0.2112676056338028
0.20422535211267606
0.2605633802816901
0.27816901408450706
0.2711267605633803
0.3345070422535211
0.2640845070422535
0.2535211267605634
0.2746478873239437
0.25704225352112675
0.2640845070422535
0.2640845070422535
0.20774647887323944
0.2887323943661972
0.2992957746478873
0.24647887323943662
0.3028169014084507
0.24647887323943662
0.2887323943661972
0.2887323943661972
0.30633802816901406
0.29225352112676056
0.24647887323943662
0.24647887323943662
0.2711267605633803
0.2323943661971831
0.2711267605633803
0.25
0.2007042253521127
0.27816901408450706
0.29577464788732394
0.2887323943661972
0.2887323943661972
0.2746478873239437
0.2887323943661972
0.176056338028169
0.30633802816901406
0.31338028169014087
0.22887323943661972
0.2711267605633803
0.27816901408450706
0.29577464788732394
0.27816901408450706
0.28169014084507044
0.2640845070422535
0.29577464788732394
0.2746478873239437
0.3415492957746479
0.33098591549295775
0.2535211267605634
0.2640845070422535
0.31690140845070425
0.2852112676056338
0.31690140845070425
0.33098591549295775
0.3415492957746479
0.30985915492957744
0.3345070422535211
0.323943661971831
0.25704225352112675
0.2992957746478873
0.23591549295774647
0.2992957746478873
0.30633802816901406
0.23591549295774647
0.25
0.3415492957746479
0.28169014084507044
0.23943661971830985
0.25704225352112675
0.22887323943661972
0.2992957746478873
0.21830985915492956
0.20774647887323944
0.2640845070422535
0.25704225352112675
0.3028169014084507
0.30985915492957744
0.22183098591549297
0.23591549295774647
0.2676056338028169
0.27816901408450706
0.2992957746478873
0.2112676056338028
0.22183098591549297
0.24647887323943662
0.29577464788732394
0.2711267605633803
0.19014084507042253
0.2852112676056338
0.24295774647887325
0.28169014084507044
0.23943661971830985
0.2887323943661972
0.2676056338028169
0.2605633802816901
0.2640845070422535
0.3028169014084507
0.22183098591549297
0.29225352112676056
0.29577464788732394
0.30633802816901406
0.33098591549295775
0.2746478873239437
0.2746478873239437
0.2746478873239437
0.25
0.2640845070422535
0.22183098591549297
0.22535211267605634
0.23943661971830985
0.34507042253521125
0.2746478873239437
0.29577464788732394
0.27816901408450706
0.2711267605633803
0.2746478873239437
0.25
0.22887323943661972
0.30985915492957744
0.323943661971831
0.29225352112676056
0.2746478873239437
0.3204225352112676
0.27816901408450706
0.29225352112676056
0.25704225352112675
0.27816901408450706
0.27816901408450706
0.27816901408450706
0.29577464788732394
0.3626760563380282
0.33098591549295775
0.2676056338028169
0.2535211267605634
0.2992957746478873
0.2887323943661972
0.2676056338028169
0.2676056338028169
0.25
0.24647887323943662
0.2676056338028169
0.25704225352112675
0.323943661971831
0.2605633802816901
0.2640845070422535
0.23591549295774647
0.30633802816901406
0.29225352112676056
0.30633802816901406
0.2605633802816901
0.2852112676056338
0.22535211267605634
0.2676056338028169
0.2852112676056338
0.20774647887323944
0.30985915492957744
0.2676056338028169
0.2640845070422535
0.3028169014084507
0.25704225352112675
0.22183098591549297
0.2605633802816901
0.22887323943661972
0.2676056338028169
0.25
0.21830985915492956
0.3028169014084507
0.29577464788732394
0.21830985915492956
0.34507042253521125
0.24295774647887325
0.2852112676056338
0.22887323943661972
0.2711267605633803
0.2676056338028169
0.24295774647887325
0.27816901408450706
0.2992957746478873
0.25704225352112675
0.2535211267605634
0.25
0.2605633802816901
0.25704225352112675
0.2147887323943662
0.22887323943661972
0.3380281690140845
0.30633802816901406
0.2640845070422535
0.2887323943661972
0.2535211267605634
0.3204225352112676
0.31338028169014087
0.29225352112676056
0.2676056338028169
0.29225352112676056
0.2887323943661972
0.2323943661971831
0.2852112676056338
0.27816901408450706
0.2746478873239437
0.24295774647887325
0.2887323943661972
0.3028169014084507
0.2640845070422535
0.323943661971831
0.25
0.22183098591549297
0.2711267605633803
0.3028169014084507
0.2887323943661972
0.3204225352112676
0.2147887323943662
0.25
0.23591549295774647
0.2887323943661972
0.29577464788732394
0.27816901408450706
0.24647887323943662
0.29577464788732394
0.3485915492957746
0.25704225352112675
0.2535211267605634
0.2640845070422535
0.24647887323943662
0.30985915492957744
0.25704225352112675
0.25704225352112675
0.22183098591549297
0.2640845070422535
0.2746478873239437
0.2852112676056338
0.2640845070422535
0.2605633802816901
0.35563380281690143
0.2605633802816901
0.2535211267605634
0.2852112676056338
0.29577464788732394
0.24295774647887325
0.2887323943661972
0.29577464788732394
0.24295774647887325
0.28169014084507044
0.2640845070422535
0.2535211267605634
0.2746478873239437
0.23943661971830985
0.22535211267605634
0.24295774647887325
