0.1969053759174767
0.21197183098591552
0.1948356807511737
0.20365435858393607
0.2043496271748136
0.19445028379230606
0.19166831977782187
0.1969053759174767
0.20116561437591063
0.2050078247261346
0.1890213073311665
0.21462256686184522
0.19323943661971832
0.19695220503347957
0.1969270166453265
0.19839034205231387
0.19595521849042977
0.19639299209893507
0.21448692152917503
0.19517102615694165
0.21640430820215412
0.20365435858393607
0.20856045363087616
0.19839034205231387
0.21338028169014084
0.1927664753955834
0.22351685872812632
0.23355055707378602
0.1964397496087637
0.22229237493929094
0.1983793169978777
0.20700871898054996
0.19301725848046022
0.2050078247261346
0.2084183260482435
0.19235963727570904
0.20650054171180932
0.20237212750185324
0.20238048006347947
0.212161860049184
0.21040086673889494
0.19737089201877936
0.196023198011599
0.22015951128457495
0.19588066030592158
0.21356873636183296
0.2077379942304429
0.20571315215235075
0.20375586854460093
0.2301484583174724
0.20115763071580167
0.19166831977782187
0.20115391142032923
0.19336016096579475
0.1930063137445362
0.22655935613682093
0.19735915492957748
0.19436619718309858
0.20057154521330883
0.19418734630002235
0.1978682908260373
0.20650054171180932
0.19169252804965387
0.19838442419221208
0.19304059652029826
0.19639299209893507
0.21638335761696617
0.19254349627174813
0.22047670639219935
0.21448692152917503
0.21338028169014084
0.20239009816474607
0.21672255756762798
0.20365435858393607
0.19114688128772636
0.1937580025608195
0.19306207616066773
0.1965406473931307
0.21014084507042252
0.19454793275783733
0.20057099352874003
0.19073836961160906
0.20571315215235075
0.19285263821736387
0.19595521849042977
0.19139280125195618
0.1960652805723228
0.19383802816901408
0.20780065005417117
0.1905865573185951
0.21448692152917503
0.20301810865191147
0.2049753063837571
0.20787188886745128
0.19454793275783733
0.19418734630002235
0.19240810717966336
0.20726232394366198
0.1920583743424402
0.1994445546518548
0.20057154521330883
0.2295239793189517
0.20513960958734867
0.19492034172246595
0.2174059281059491
0.2030046948356808
0.18964598401218122
0.20367421922841397
0.20057099352874003
0.19398032027783138
0.2017605633802817
0.21752738654147105
0.20787188886745128
0.20115236875800258
0.20239009816474607
0.1978771177791386
0.19735915492957748
0.2050078247261346
0.20956039265898424
0.2139188069594035
0.20571315215235075
0.19268388106416276
0.20116561437591063
0.2
0.21356873636183296
0.20367421922841397
0.19436619718309858
0.19235963727570904
0.19511737089201878
0.1927664753955834
0.19554625047582797
0.19838442419221208
0.20365435858393607
0.19838442419221208
0.2050078247261346
0.19454793275783733
0.19839034205231387
0.2058185176633572
0.23827671913835957
0.21427230046948356
0.20427625996945528
0.20969752943892866
0.196023198011599
0.20934025203854706
0.21005247169290253
0.19431762991743565
0.1963736441638336
0.21752738654147105
0.2080482897384306
0.21884091433848996
0.19839034205231387
0.2043496271748136
0.20369718309859156
0.20115763071580167
0.19890958655156749
0.194076222038111
0.2005700871898055
0.19737089201877936
0.19254349627174813
0.19436619718309858
0.18946405706969086
0.19389671361502347
0.20057154521330883
0.19577464788732393
0.2080482897384306
0.19890453834115807
0.20504519655244904
0.1898880462260744
0.1964683624132857
0.2177909562638992
0.19502899751449876
0.19838442419221208
0.19036323202372127
0.20726232394366198
0.19688658265381764
0.21543172075933864
0.19073836961160906
0.19944403261675317
0.19598688018522092
0.20116253073999552
0.19511737089201878
0.20504519655244904
0.19204415683288922
0.19114688128772636
0.21197183098591552
0.20175599048838488
0.196023198011599
0.2049753063837571
0.2017790956263899
0.2140383283306396
0.19511737089201878
0.2116849243609807
0.19159472966833258
0.20504519655244904
0.2
0.21056338028169014
0.2063380281690141
0.2116849243609807
0.19890453834115807
0.20780065005417117
0.2042573623559539
0.19204415683288922
0.22772424017790957
0.2063380281690141
0.2017605633802817
0.19595521849042977
0.2132150930272996
0.19248826291079812
0.21448692152917503
0.19837094858306467
0.19200363471149479
0.19598688018522092
0.20057154521330883
0.19317114810072555
0.1964397496087637
0.19166831977782187
0.20795360397680202
0.21543172075933864
0.2017605633802817
0.19890687408030272
0.1963736441638336
0.2191146881287726
0.19839034205231387
0.19598688018522092
0.19418734630002235
0.19398032027783138
0.21567961988800272
0.20492148292051157
0.19336016096579475
0.1978771177791386
0.20696312707706915
0.22301130728030155
0.19685555191614806
0.21729446446118572
0.19838442419221208
0.193854033290653
0.19253704042436437
0.19335026552759177
0.20057218309859154
0.20934025203854706
0.19204415683288922
0.19398424444974932
0.19890687408030272
0.2140845070422535
0.21979444232965362
0.19193341869398206
0.19105797576154604
0.19737089201877936
0.19890958655156749
0.19570303174982095
0.1978682908260373
0.20298260149130073
0.22173038229376257
0.19476294386034518
0.19539052496798975
0.20057099352874003
0.19890687408030272
0.20504519655244904
0.19738430583501007
0.2
0.2030046948356808
0.1911818738518065
0.19323943661971832
0.21014084507042252
0.20369718309859156
0.1916754256884591
0.19418734630002235
0.2151884278644842
0.1994445546518548
0.20956039265898424
0.19193341869398206
0.20362173038229375
0.21180783330117692
0.21682824218035485
0.2
0.19288361749444033
0.20956039265898424
0.20735259011697305
0.2080482897384306
0.20567086730911788
0.21543172075933864
0.2
0.19695220503347957
0.19257080947221794
0.18900721401580212
0.19517102615694165
0.19891277489498393
0.2058185176633572
0.2030729833546735
0.20299295774647888
0.20874500735757834
0.20238048006347947
0.2049753063837571
0.19219934994582882
0.19738430583501007
0.22531128801796285
0.21979444232965362
0.19890250594475947
0.19789925996657914
0.20115763071580167
0.2017605633802817
0.20178764897074755
0.1978771177791386
0.20567086730911788
0.19142502071251036
0.1955072205384204
0.1969270166453265
0.2017605633802817
0.2151884278644842
0.2024012930039252
0.2030335861321777
0.21040086673889494
0.22059859154929579
0.19890072140158022
0.217095677513356
0.2063849765258216
0.2100352112676056
0.21604201480066842
0.21950162513542795
0.19684259402569262
0.1922419764488571
0.19193341869398206
0.21448692152917503
0.1964683624132857
0.19789925996657914
0.20237212750185324
0.19738430583501007
0.19838442419221208
0.20365435858393607
0.1893254262416605
0.2017605633802817
0.20301810865191147
0.1983793169978777
0.19123630672926448
0.1978771177791386
0.19398424444974932
0.19695220503347957
0.20441962117532783
0.20115763071580167
0.18981284970094542
0.2049753063837571
0.19254349627174813
0.2137857447716603
0.22711267605633806
0.19688658265381764
0.19944515578318395
0.19517102615694165
0.2
0.20735259011697305
0.19890687408030272
0.1931338028169014
0.2005700871898055
0.22015951128457495
0.20236480612067467
0.2024012930039252
0.19114688128772636
0.20956039265898424
0.1955072205384204
0.19431762991743565
0.19154929577464788
0.1916754256884591
0.2030046948356808
0.2050078247261346
0.19511737089201878
0.20934025203854706
0.19890250594475947
0.1969270166453265
0.20504519655244904
0.21356873636183296
0.19178403755868545
0.19890687408030272
0.2050078247261346
0.20508859609268515
0.20944257091846857
0.207185139824454
0.22301130728030155
0.20874500735757834
0.21286525120874503
0.2017790956263899
0.21166486096063558
0.1978771177791386
0.20650054171180932
0.2
0.19285263821736387
0.19342723004694837
0.20115763071580167
0.20735259011697305
0.1960652805723228
0.20057099352874003
0.2049753063837571
0.20726232394366198
0.20504519655244904
0.19476294386034518
0.20362173038229375
0.21197183098591552
0.19598688018522092
0.20175599048838488
0.21014084507042252
0.1978682908260373
0.19595521849042977
0.1948356807511737
0.194076222038111
0.20856045363087616
0.1978771177791386
0.20885960926851432
0.19371300265360278
0.21040086673889494
0.19193341869398206
0.19592737145766165
0.20571315215235075
0.20360816584902675
0.19464440966788385
0.19139280125195618
0.2
0.1994445546518548
0.20944257091846857
0.2042975803539184
0.21286525120874503
0.1914381022979985
0.19688658265381764
0.19839034205231387
0.20969752943892866
0.19317114810072555
0.20432182133899288
0.20057218309859154
0.1948356807511737
0.19837486457204767
0.210261569416499
0.20115763071580167
0.2140845070422535
0.19944515578318395
0.1994445546518548
0.22718533422758774
0.19559093692590324
0.2
0.20848505668155273
0.19398032027783138
0.20115391142032923
0.19204415683288922
0.20057099352874003
0.2030046948356808
0.20115990057995028
0.1964397496087637
0.19323943661971832
0.20504519655244904
0.19091864620559176
0.19323943661971832
0.20115391142032923
0.19253704042436437
0.20237212750185324
0.20504519655244904
0.1969053759174767
0.20504519655244904
0.19544231682228203
0.20925056511910972
0.22497878839300867
0.22772424017790957
0.19123630672926448
0.22542434091729868
0.19204415683288922
0.2
0.21096307575180814
0.20057051167766093
0.1948356807511737
0.19016068240428488
0.20115565185987722
0.20115565185987722
0.21809164848244394
0.21950162513542795
0.19219934994582882
0.19523293607800649
0.2100352112676056
0.20494675369288903
0.217095677513356
0.19317114810072555
0.2424340917298664
0.1916754256884591
0.19539052496798975
0.2017605633802817
0.1964683624132857
0.19595521849042977
0.2212510356255178
0.20706008201105366
0.19073836961160906
0.21356873636183296
0.23404086490775639
0.2174059281059491
0.19351042966660725
0.19890250594475947
0.19590268886043535
0.2017605633802817
0.19247359154929577
0.19598688018522092
0.1969270166453265
0.1969270166453265
0.19688658265381764
0.20057218309859154
0.19944403261675317
0.20369718309859156
0.20848505668155273
