0.4642857142857143
0.4385964912280702
0.4814814814814815
0.4615384615384615
0.46017699115044247
0.46017699115044247
0.5046728971962617
0.4821428571428571
0.4821428571428571
0.45217391304347826
0.4444444444444444
0.4736842105263158
0.4464285714285714
0.45217391304347826
0.46017699115044247
0.4954128440366972
0.4406779661016949
0.44628099173553726
0.46846846846846846
0.4426229508196721
0.46846846846846846
0.495575221238938
0.4369747899159664
0.43333333333333335
0.4655172413793103
0.4655172413793103
0.4672897196261682
0.4587155963302752
0.45
0.4695652173913043
0.4426229508196721
0.46017699115044247
0.45762711864406785
0.4482758620689655
0.46017699115044247
0.423728813559322
0.4406779661016949
0.46017699115044247
0.5283018867924529
0.45217391304347826
0.423728813559322
0.45762711864406785
0.456140350877193
0.4426229508196721
0.4444444444444444
0.46017699115044247
0.456140350877193
0.4587155963302752
0.46846846846846846
0.4615384615384615
0.46846846846846846
0.47787610619469023
0.5
0.4695652173913043
0.4545454545454546
0.4545454545454546
0.4482758620689655
0.41666666666666663
0.47787610619469023
0.46017699115044247
0.4736842105263158
0.4482758620689655
0.456140350877193
0.4587155963302752
0.46846846846846846
0.4695652173913043
0.4655172413793103
0.4406779661016949
0.5192307692307692
0.45217391304347826
0.43333333333333335
0.4727272727272727
0.45714285714285713
0.42735042735042733
0.4705882352941176
0.4482758620689655
0.453781512605042
0.47787610619469023
0.453781512605042
0.4615384615384615
0.49090909090909096
0.5
0.4444444444444444
0.5192307692307692
0.4736842105263158
0.43902439024390244
0.4705882352941176
0.456140350877193
0.47787610619469023
0.456140350877193
0.4369747899159664
0.45
0.4615384615384615
0.4444444444444444
0.45045045045045046
0.45217391304347826
0.49090909090909096
0.456140350877193
0.4695652173913043
0.4736842105263158
0.453781512605042
0.4859813084112149
0.4545454545454546
0.456140350877193
0.49056603773584906
0.4821428571428571
0.46017699115044247
0.47787610619469023
0.4814814814814815
0.4814814814814815
0.4642857142857143
0.4695652173913043
0.4587155963302752
0.4615384615384615
0.47787610619469023
0.46846846846846846
0.4482758620689655
0.43548387096774194
0.47706422018348627
0.4552845528455284
0.4642857142857143
0.47787610619469023
0.44247787610619466
0.45762711864406785
0.4385964912280702
0.46017699115044247
0.4369747899159664
0.4464285714285714
0.453781512605042
0.4482758620689655
0.4859813084112149
0.5046728971962617
0.4655172413793103
0.456140350877193
0.4695652173913043
0.45762711864406785
0.4821428571428571
0.47787610619469023
0.46017699115044247
0.4736842105263158
0.45762711864406785
0.4406779661016949
0.4615384615384615
0.4369747899159664
0.43478260869565216
0.4672897196261682
0.4695652173913043
0.46017699115044247
0.456140350877193
0.4954128440366972
0.45217391304347826
0.4814814814814815
0.47787610619469023
0.4482758620689655
0.46017699115044247
0.45217391304347826
0.4736842105263158
0.4727272727272727
0.45217391304347826
0.4482758620689655
0.4426229508196721
0.4193548387096774
0.45217391304347826
0.4406779661016949
0.4615384615384615
0.45217391304347826
0.4869565217391304
0.4821428571428571
0.4642857142857143
0.44247787610619466
0.43636363636363634
0.4385964912280702
0.4727272727272727
0.47863247863247865
0.4464285714285714
0.46846846846846846
0.5046728971962617
0.4954128440366972
0.4132231404958677
0.45
0.4736842105263158
0.4736842105263158
0.4642857142857143
0.453781512605042
0.49090909090909096
0.46017699115044247
0.4426229508196721
0.46017699115044247
0.4615384615384615
0.46017699115044247
0.46846846846846846
0.456140350877193
0.4727272727272727
0.4695652173913043
0.45217391304347826
0.46846846846846846
0.453781512605042
0.4859813084112149
0.43103448275862066
0.4629629629629629
0.4426229508196721
0.4727272727272727
0.4655172413793103
0.4642857142857143
0.46017699115044247
0.4727272727272727
0.4736842105263158
0.45217391304347826
0.4587155963302752
0.4545454545454546
0.47787610619469023
0.44247787610619466
0.46017699115044247
0.49090909090909096
0.5
0.509090909090909
0.5142857142857142
0.45
0.43333333333333335
0.453781512605042
0.4444444444444444
0.4385964912280702
0.4695652173913043
0.4385964912280702
0.4727272727272727
0.4482758620689655
0.4655172413793103
0.46846846846846846
0.4587155963302752
0.456140350877193
0.4587155963302752
0.4736842105263158
0.453781512605042
0.456140350877193
0.4642857142857143
0.46017699115044247
0.4695652173913043
0.45762711864406785
0.42735042735042733
0.4406779661016949
0.4727272727272727
0.4727272727272727
0.4655172413793103
0.44628099173553726
0.4695652173913043
0.4482758620689655
0.4736842105263158
0.4642857142857143
0.45
0.4426229508196721
0.456140350877193
0.4736842105263158
0.4727272727272727
0.45217391304347826
0.42622950819672134
0.47706422018348627
0.4444444444444444
0.44628099173553726
0.4193548387096774
0.45217391304347826
0.48648648648648646
0.43333333333333335
0.4859813084112149
0.45045045045045046
0.4727272727272727
0.4482758620689655
0.4642857142857143
0.46846846846846846
0.47787610619469023
0.4705882352941176
0.4545454545454546
0.456140350877193
0.4615384615384615
0.4642857142857143
0.4642857142857143
0.4426229508196721
0.40707964601769914
0.4736842105263158
0.46017699115044247
0.4482758620689655
0.456140350877193
0.4954128440366972
0.46017699115044247
0.42975206611570255
0.42622950819672134
0.42276422764227645
0.4444444444444444
0.4695652173913043
0.432
0.4642857142857143
0.42735042735042733
0.45762711864406785
0.4464285714285714
0.46017699115044247
0.4642857142857143
0.46846846846846846
0.44247787610619466
0.46017699115044247
0.46017699115044247
0.45217391304347826
0.45045045045045046
0.4814814814814815
0.4727272727272727
0.46846846846846846
0.49090909090909096
0.45045045045045046
0.4666666666666667
0.4736842105263158
0.456140350877193
0.456140350877193
0.4859813084112149
0.4642857142857143
0.49090909090909096
0.4736842105263158
0.4482758620689655
0.456140350877193
0.4695652173913043
0.4695652173913043
0.42016806722689076
0.45762711864406785
0.42016806722689076
0.5137614678899082
0.46846846846846846
0.44247787610619466
0.4736842105263158
0.46846846846846846
0.4814814814814815
0.49056603773584906
0.456140350877193
0.4672897196261682
0.46846846846846846
0.46017699115044247
0.46846846846846846
0.4444444444444444
0.456140350877193
0.4385964912280702
0.45762711864406785
0.45217391304347826
0.456140350877193
0.42735042735042733
0.47706422018348627
0.4655172413793103
0.5
0.4736842105263158
0.456140350877193
0.4406779661016949
0.4464285714285714
0.42975206611570255
0.43478260869565216
0.4406779661016949
0.45217391304347826
0.4629629629629629
0.46846846846846846
0.432
0.46846846846846846
0.43103448275862066
0.4859813084112149
0.4426229508196721
0.453781512605042
0.4859813084112149
0.45762711864406785
0.47619047619047616
0.4672897196261682
0.4736842105263158
0.47787610619469023
0.4482758620689655
0.42622950819672134
0.46017699115044247
0.4615384615384615
0.4695652173913043
0.4736842105263158
0.43478260869565216
0.43333333333333335
0.45762711864406785
0.4545454545454546
0.4821428571428571
0.45762711864406785
0.4629629629629629
0.4369747899159664
0.46846846846846846
0.45217391304347826
0.42735042735042733
0.456140350877193
0.4406779661016949
0.456140350877193
0.49090909090909096
0.4587155963302752
0.45217391304347826
0.4954128440366972
0.4655172413793103
0.4695652173913043
0.4587155963302752
0.4094488188976378
0.4369747899159664
0.4672897196261682
0.47706422018348627
0.45217391304347826
0.4859813084112149
0.47787610619469023
0.45217391304347826
0.5094339622641509
0.46846846846846846
0.46846846846846846
0.4655172413793103
0.42975206611570255
0.43333333333333335
0.4385964912280702
0.4094488188976378
0.4727272727272727
0.4814814814814815
0.4629629629629629
0.46846846846846846
0.46017699115044247
0.456140350877193
0.45762711864406785
0.4727272727272727
0.4859813084112149
0.44628099173553726
0.4464285714285714
0.4821428571428571
0.4406779661016949
0.4406779661016949
0.5
0.4642857142857143
0.45045045045045046
0.45
0.4406779661016949
0.47787610619469023
0.4642857142857143
0.45217391304347826
0.49523809523809526
0.4193548387096774
0.42735042735042733
0.49056603773584906
0.47706422018348627
0.4642857142857143
0.4954128440366972
0.48648648648648646
0.46846846846846846
0.43478260869565216
0.4406779661016949
0.4655172413793103
0.43103448275862066
0.4695652173913043
0.4615384615384615
0.5142857142857142
0.4545454545454546
0.45217391304347826
0.47619047619047616
0.4545454545454546
0.4642857142857143
0.47169811320754707
0.4642857142857143
0.46017699115044247
0.4464285714285714
0.45045045045045046
0.4615384615384615
0.45045045045045046
0.4727272727272727
0.46846846846846846
0.46017699115044247
0.45217391304347826
0.4482758620689655
0.4642857142857143
0.4672897196261682
0.46017699115044247
0.45045045045045046
0.45762711864406785
0.4736842105263158
0.42519685039370075
0.46846846846846846
0.47787610619469023
0.4615384615384615
0.4821428571428571
0.4727272727272727
0.4672897196261682
0.4736842105263158
0.456140350877193
0.4464285714285714
0.49090909090909096
0.4615384615384615
0.4642857142857143
0.456140350877193
0.4666666666666667
0.4727272727272727
0.45
0.5142857142857142
0.4482758620689655
0.4369747899159664
0.49523809523809526
0.4642857142857143
0.4727272727272727
0.4642857142857143
0.43636363636363634
0.4482758620689655
0.43333333333333335
0.45217391304347826
0.456140350877193
0.456140350877193
0.4444444444444444
