0.2676056338028169
0.22535211267605634
0.30985915492957744
0.3380281690140845
0.22535211267605634
0.28169014084507044
0.3380281690140845
0.28169014084507044
0.323943661971831
0.23943661971830985
0.23943661971830985
0.2535211267605634
0.28169014084507044
0.2676056338028169
0.30985915492957744
0.323943661971831
0.2112676056338028
0.30985915492957744
0.28169014084507044
0.28169014084507044
0.323943661971831
0.352112676056338
0.30985915492957744
0.323943661971831
0.3380281690140845
0.2676056338028169
0.19718309859154928
0.23943661971830985
0.2676056338028169
0.23943661971830985
0.2676056338028169
0.22535211267605634
0.28169014084507044
0.22535211267605634
0.30985915492957744
0.28169014084507044
0.2676056338028169
0.352112676056338
0.2676056338028169
0.2112676056338028
0.36619718309859156
0.2676056338028169
0.2676056338028169
0.2676056338028169
0.30985915492957744
0.28169014084507044
0.2535211267605634
0.2676056338028169
0.19718309859154928
0.19718309859154928
0.323943661971831
0.3380281690140845
0.2676056338028169
0.28169014084507044
0.2535211267605634
0.323943661971831
0.352112676056338
0.2676056338028169
0.28169014084507044
0.29577464788732394
0.28169014084507044
0.28169014084507044
0.2676056338028169
0.323943661971831
0.18309859154929578
0.2535211267605634
0.23943661971830985
0.18309859154929578
0.323943661971831
0.2535211267605634
0.2535211267605634
0.2535211267605634
0.28169014084507044
0.3380281690140845
0.30985915492957744
0.3380281690140845
0.2676056338028169
0.23943661971830985
0.28169014084507044
0.2112676056338028
0.28169014084507044
0.2676056338028169
0.2112676056338028
0.2112676056338028
0.39436619718309857
0.22535211267605634
0.22535211267605634
0.28169014084507044
0.28169014084507044
0.29577464788732394
0.28169014084507044
0.352112676056338
0.2676056338028169
0.3380281690140845
0.29577464788732394
0.2112676056338028
0.30985915492957744
0.22535211267605634
0.23943661971830985
0.2535211267605634
0.28169014084507044
0.22535211267605634
0.2112676056338028
0.2535211267605634
0.16901408450704225
0.23943661971830985
0.30985915492957744
0.28169014084507044
0.29577464788732394
0.23943661971830985
0.2535211267605634
0.22535211267605634
0.23943661971830985
0.323943661971831
0.29577464788732394
0.2112676056338028
0.36619718309859156
0.2535211267605634
0.2112676056338028
0.323943661971831
0.2676056338028169
0.29577464788732394
0.2535211267605634
0.23943661971830985
0.2676056338028169
0.3380281690140845
0.29577464788732394
0.2676056338028169
0.29577464788732394
0.3380281690140845
0.2112676056338028
0.352112676056338
0.29577464788732394
0.28169014084507044
0.22535211267605634
0.19718309859154928
0.28169014084507044
0.2535211267605634
0.2535211267605634
0.22535211267605634
0.28169014084507044
0.323943661971831
0.36619718309859156
0.16901408450704225
0.19718309859154928
0.29577464788732394
0.19718309859154928
0.30985915492957744
0.30985915492957744
0.2676056338028169
0.30985915492957744
0.2676056338028169
0.23943661971830985
0.3380281690140845
0.2535211267605634
0.2535211267605634
0.23943661971830985
0.323943661971831
0.23943661971830985
0.28169014084507044
0.2112676056338028
0.28169014084507044
0.352112676056338
0.29577464788732394
0.23943661971830985
0.30985915492957744
0.28169014084507044
0.23943661971830985
0.23943661971830985
0.2676056338028169
0.23943661971830985
0.29577464788732394
0.22535211267605634
0.2535211267605634
0.323943661971831
0.3380281690140845
0.2535211267605634
0.23943661971830985
0.323943661971831
0.2535211267605634
0.36619718309859156
0.28169014084507044
0.2535211267605634
0.28169014084507044
0.2676056338028169
0.28169014084507044
0.2676056338028169
0.30985915492957744
0.2676056338028169
0.29577464788732394
0.2535211267605634
0.28169014084507044
0.323943661971831
0.2535211267605634
0.19718309859154928
0.30985915492957744
0.28169014084507044
0.23943661971830985
0.22535211267605634
0.30985915492957744
0.18309859154929578
0.23943661971830985
0.2112676056338028
0.2676056338028169
0.23943661971830985
0.2112676056338028
0.28169014084507044
0.29577464788732394
0.22535211267605634
0.23943661971830985
0.2676056338028169
0.23943661971830985
0.2676056338028169
0.29577464788732394
0.30985915492957744
0.323943661971831
0.29577464788732394
0.323943661971831
0.28169014084507044
0.2112676056338028
0.28169014084507044
0.2112676056338028
0.29577464788732394
0.23943661971830985
0.23943661971830985
0.2112676056338028
0.23943661971830985
0.23943661971830985
0.323943661971831
0.29577464788732394
0.28169014084507044
0.29577464788732394
0.2676056338028169
0.352112676056338
0.352112676056338
0.2112676056338028
0.28169014084507044
0.30985915492957744
0.2676056338028169
0.22535211267605634
0.2535211267605634
0.30985915492957744
0.2535211267605634
0.2535211267605634
0.29577464788732394
0.22535211267605634
0.2676056338028169
0.30985915492957744
0.29577464788732394
0.2676056338028169
0.323943661971831
0.22535211267605634
0.29577464788732394
0.323943661971831
0.23943661971830985
0.2535211267605634
0.23943661971830985
0.28169014084507044
0.29577464788732394
0.28169014084507044
0.323943661971831
0.29577464788732394
0.16901408450704225
0.23943661971830985
0.28169014084507044
0.30985915492957744
0.2676056338028169
0.323943661971831
0.2112676056338028
0.28169014084507044
0.323943661971831
0.22535211267605634
0.36619718309859156
0.323943661971831
0.29577464788732394
0.2535211267605634
0.323943661971831
0.29577464788732394
0.29577464788732394
0.2676056338028169
0.2535211267605634
0.2676056338028169
0.30985915492957744
0.2112676056338028
0.28169014084507044
0.352112676056338
0.28169014084507044
0.3380281690140845
0.352112676056338
0.2535211267605634
0.19718309859154928
0.2112676056338028
0.2112676056338028
0.28169014084507044
0.2676056338028169
0.39436619718309857
0.30985915492957744
0.28169014084507044
0.28169014084507044
0.2535211267605634
0.28169014084507044
0.28169014084507044
0.3380281690140845
0.3380281690140845
0.30985915492957744
0.2112676056338028
0.2535211267605634
0.30985915492957744
0.2535211267605634
0.29577464788732394
0.2535211267605634
0.29577464788732394
0.2535211267605634
0.2535211267605634
0.323943661971831
0.23943661971830985
0.2535211267605634
0.2112676056338028
0.19718309859154928
0.30985915492957744
0.29577464788732394
0.29577464788732394
0.323943661971831
0.30985915492957744
0.30985915492957744
0.29577464788732394
0.2535211267605634
0.22535211267605634
0.29577464788732394
0.2676056338028169
0.2676056338028169
0.29577464788732394
0.30985915492957744
0.2535211267605634
0.2535211267605634
0.28169014084507044
0.2535211267605634
0.29577464788732394
0.2112676056338028
0.2676056338028169
0.22535211267605634
0.28169014084507044
0.2676056338028169
0.352112676056338
0.23943661971830985
0.2535211267605634
0.3380281690140845
0.2535211267605634
0.38028169014084506
0.2535211267605634
0.2535211267605634
0.30985915492957744
0.23943661971830985
0.23943661971830985
0.2676056338028169
0.23943661971830985
0.2676056338028169
0.2676056338028169
0.2535211267605634
0.2676056338028169
0.2676056338028169
0.28169014084507044
0.323943661971831
0.2535211267605634
0.28169014084507044
0.3380281690140845
0.19718309859154928
0.2112676056338028
0.2535211267605634
0.30985915492957744
0.28169014084507044
0.2535211267605634
0.323943661971831
0.23943661971830985
0.23943661971830985
0.36619718309859156
0.2112676056338028
0.2535211267605634
0.36619718309859156
0.2676056338028169
0.28169014084507044
0.28169014084507044
0.30985915492957744
0.30985915492957744
0.2535211267605634
0.30985915492957744
0.23943661971830985
0.323943661971831
0.28169014084507044
0.28169014084507044
0.30985915492957744
0.2676056338028169
0.2535211267605634
0.28169014084507044
0.30985915492957744
0.30985915492957744
0.2535211267605634
0.29577464788732394
0.29577464788732394
0.2676056338028169
0.29577464788732394
0.28169014084507044
0.2112676056338028
0.29577464788732394
0.2676056338028169
0.36619718309859156
0.28169014084507044
0.2676056338028169
0.2535211267605634
0.3380281690140845
0.23943661971830985
0.23943661971830985
0.3380281690140845
0.22535211267605634
0.28169014084507044
0.2676056338028169
0.30985915492957744
0.15492957746478872
0.29577464788732394
0.29577464788732394
0.2535211267605634
0.323943661971831
0.323943661971831
0.23943661971830985
0.3380281690140845
0.2535211267605634
0.30985915492957744
0.23943661971830985
0.30985915492957744
0.323943661971831
0.23943661971830985
0.2535211267605634
0.23943661971830985
0.2676056338028169
0.352112676056338
0.28169014084507044
0.29577464788732394
0.2535211267605634
0.2676056338028169
0.30985915492957744
0.2676056338028169
0.323943661971831
0.29577464788732394
0.29577464788732394
0.29577464788732394
0.22535211267605634
0.3380281690140845
0.2676056338028169
0.2676056338028169
0.323943661971831
0.3380281690140845
0.3380281690140845
0.2676056338028169
0.18309859154929578
0.30985915492957744
0.19718309859154928
0.29577464788732394
0.3380281690140845
0.30985915492957744
0.2535211267605634
0.2676056338028169
0.323943661971831
0.22535211267605634
0.2676056338028169
0.30985915492957744
0.30985915492957744
0.29577464788732394
0.2535211267605634
0.2676056338028169
0.29577464788732394
0.30985915492957744
0.3380281690140845
0.23943661971830985
0.2535211267605634
0.28169014084507044
0.36619718309859156
0.22535211267605634
0.28169014084507044
0.19718309859154928
0.2535211267605634
0.2535211267605634
0.28169014084507044
0.3380281690140845
0.29577464788732394
0.2535211267605634
0.2676056338028169
0.30985915492957744
0.2112676056338028
0.3380281690140845
0.2676056338028169
0.29577464788732394
0.30985915492957744
0.2676056338028169
0.2535211267605634
0.38028169014084506
0.30985915492957744
0.23943661971830985
0.2112676056338028
0.28169014084507044
0.2676056338028169
