0.4814814814814815
0.44247787610619466
0.4642857142857143
0.4821428571428571
0.46846846846846846
0.46846846846846846
0.49090909090909096
0.5094339622641509
0.4736842105263158
0.5098039215686275
0.49056603773584906
0.48648648648648646
0.43478260869565216
0.456140350877193
0.4814814814814815
0.48648648648648646
0.4727272727272727
0.5
0.4859813084112149
0.4695652173913043
0.49523809523809526
0.5137614678899082
0.4727272727272727
0.4727272727272727
0.4954128440366972
0.5
0.4545454545454546
0.4545454545454546
0.47787610619469023
0.4736842105263158
0.48648648648648646
0.4859813084112149
0.47787610619469023
0.4814814814814815
0.5
0.4807692307692308
0.47706422018348627
0.4814814814814815
0.5185185185185185
0.4859813084112149
0.4807692307692308
0.4821428571428571
0.4727272727272727
0.48648648648648646
0.46846846846846846
0.46017699115044247
0.47706422018348627
0.4385964912280702
0.47706422018348627
0.4954128440366972
0.47706422018348627
0.49090909090909096
0.5283018867924529
0.5
0.4672897196261682
0.49504950495049505
0.49056603773584906
0.4545454545454546
0.5192307692307692
0.4727272727272727
0.4821428571428571
0.46017699115044247
0.45217391304347826
0.4587155963302752
0.4482758620689655
0.47787610619469023
0.4736842105263158
0.5048543689320388
0.49090909090909096
0.5
0.46846846846846846
0.514851485148515
0.4528301886792453
0.47169811320754707
0.495575221238938
0.4482758620689655
0.4821428571428571
0.5
0.47787610619469023
0.49090909090909096
0.47787610619469023
0.5045045045045045
0.4642857142857143
0.4821428571428571
0.5
0.4736842105263158
0.5045045045045045
0.46846846846846846
0.4655172413793103
0.46846846846846846
0.46846846846846846
0.43902439024390244
0.5046728971962617
0.47706422018348627
0.4464285714285714
0.4859813084112149
0.5142857142857142
0.4727272727272727
0.5
0.4821428571428571
0.5142857142857142
0.456140350877193
0.4587155963302752
0.42622950819672134
0.49056603773584906
0.49090909090909096
0.46846846846846846
0.4954128440366972
0.4859813084112149
0.4727272727272727
0.4814814814814815
0.48648648648648646
0.47169811320754707
0.4736842105263158
0.45762711864406785
0.47706422018348627
0.4814814814814815
0.4954128440366972
0.4406779661016949
0.4912280701754386
0.46846846846846846
0.48648648648648646
0.4545454545454546
0.4954128440366972
0.47619047619047616
0.47706422018348627
0.4859813084112149
0.4587155963302752
0.5046728971962617
0.45217391304347826
0.456140350877193
0.4695652173913043
0.5
0.49523809523809526
0.49090909090909096
0.5
0.4736842105263158
0.5
0.45217391304347826
0.4655172413793103
0.49090909090909096
0.4814814814814815
0.4695652173913043
0.4814814814814815
0.4672897196261682
0.4587155963302752
0.49090909090909096
0.4814814814814815
0.46846846846846846
0.5046728971962617
0.49056603773584906
0.49056603773584906
0.4821428571428571
0.47706422018348627
0.49523809523809526
0.4814814814814815
0.4954128440366972
0.4859813084112149
0.46846846846846846
0.4727272727272727
0.4954128440366972
0.4814814814814815
0.46846846846846846
0.46846846846846846
0.5
0.46846846846846846
0.5045045045045045
0.4954128440366972
0.49523809523809526
0.4629629629629629
0.44036697247706424
0.4587155963302752
0.4814814814814815
0.509090909090909
0.4545454545454546
0.49056603773584906
0.4954128440366972
0.5142857142857142
0.4629629629629629
0.5
0.4736842105263158
0.5094339622641509
0.49056603773584906
0.4736842105263158
0.5
0.4727272727272727
0.47787610619469023
0.4814814814814815
0.4821428571428571
0.4814814814814815
0.49056603773584906
0.46846846846846846
0.4642857142857143
0.5046728971962617
0.456140350877193
0.4727272727272727
0.5094339622641509
0.4859813084112149
0.47169811320754707
0.42735042735042733
0.4954128440366972
0.4859813084112149
0.4695652173913043
0.5
0.46017699115044247
0.4814814814814815
0.49090909090909096
0.49056603773584906
0.4587155963302752
0.4629629629629629
0.4821428571428571
0.4807692307692308
0.49523809523809526
0.4954128440366972
0.46017699115044247
0.5283018867924529
0.5094339622641509
0.49090909090909096
0.46846846846846846
0.4821428571428571
0.4859813084112149
0.47619047619047616
0.4655172413793103
0.4629629629629629
0.49056603773584906
0.4859813084112149
0.4821428571428571
0.4859813084112149
0.4672897196261682
0.4482758620689655
0.47619047619047616
0.47787610619469023
0.48648648648648646
0.4859813084112149
0.46846846846846846
0.46017699115044247
0.49090909090909096
0.4821428571428571
0.4672897196261682
0.47706422018348627
0.46846846846846846
0.4642857142857143
0.4695652173913043
0.49090909090909096
0.49090909090909096
0.4859813084112149
0.4655172413793103
0.4814814814814815
0.5
0.48648648648648646
0.4814814814814815
0.4821428571428571
0.4727272727272727
0.4814814814814815
0.4814814814814815
0.4727272727272727
0.4859813084112149
0.5046728971962617
0.5
0.4859813084112149
0.5094339622641509
0.4814814814814815
0.4482758620689655
0.43478260869565216
0.456140350877193
0.4727272727272727
0.4642857142857143
0.456140350877193
0.4954128440366972
0.5
0.5
0.4482758620689655
0.48648648648648646
0.47706422018348627
0.4727272727272727
0.49090909090909096
0.42592592592592593
0.453781512605042
0.46846846846846846
0.456140350877193
0.4727272727272727
0.45762711864406785
0.46017699115044247
0.5048543689320388
0.5252525252525253
0.49056603773584906
0.4814814814814815
0.4954128440366972
0.47787610619469023
0.4859813084112149
0.47619047619047616
0.5
0.4587155963302752
0.47706422018348627
0.4642857142857143
0.49523809523809526
0.4629629629629629
0.47706422018348627
0.4444444444444444
0.46017699115044247
0.47169811320754707
0.4859813084112149
0.46017699115044247
0.4369747899159664
0.4695652173913043
0.4629629629629629
0.495575221238938
0.4615384615384615
0.49523809523809526
0.4859813084112149
0.46846846846846846
0.46846846846846846
0.47787610619469023
0.5
0.46017699115044247
0.456140350877193
0.5046728971962617
0.4821428571428571
0.4629629629629629
0.48648648648648646
0.48543689320388345
0.5137614678899082
0.46017699115044247
0.47619047619047616
0.49090909090909096
0.49523809523809526
0.47706422018348627
0.47706422018348627
0.4727272727272727
0.47169811320754707
0.46846846846846846
0.5
0.4727272727272727
0.4814814814814815
0.47706422018348627
0.47169811320754707
0.5094339622641509
0.4406779661016949
0.5048543689320388
0.4587155963302752
0.45217391304347826
0.4655172413793103
0.4695652173913043
0.5142857142857142
0.46846846846846846
0.47706422018348627
0.4587155963302752
0.5048543689320388
0.4807692307692308
0.5
0.5048543689320388
0.45045045045045046
0.456140350877193
0.45762711864406785
0.49056603773584906
0.4545454545454546
0.4859813084112149
0.5094339622641509
0.47787610619469023
0.46846846846846846
0.48648648648648646
0.42735042735042733
0.48543689320388345
0.5
0.4954128440366972
0.4727272727272727
0.4642857142857143
0.46846846846846846
0.48648648648648646
0.49090909090909096
0.5094339622641509
0.4807692307692308
0.46846846846846846
0.4736842105263158
0.4629629629629629
0.48648648648648646
0.48648648648648646
0.44247787610619466
0.4642857142857143
0.47706422018348627
0.49056603773584906
0.4629629629629629
0.4482758620689655
0.4814814814814815
0.4642857142857143
0.47787610619469023
0.48543689320388345
0.456140350877193
0.4695652173913043
0.5
0.4954128440366972
0.4545454545454546
0.4727272727272727
0.456140350877193
0.4385964912280702
0.4727272727272727
0.4814814814814815
0.456140350877193
0.5
0.4642857142857143
0.5046728971962617
0.4642857142857143
0.456140350877193
0.49090909090909096
0.46846846846846846
0.46846846846846846
0.4464285714285714
0.47706422018348627
0.4406779661016949
0.46846846846846846
0.45045045045045046
0.49056603773584906
0.47706422018348627
0.4727272727272727
0.48648648648648646
0.47706422018348627
0.4814814814814815
0.47787610619469023
0.4629629629629629
0.4954128440366972
0.4482758620689655
0.4642857142857143
0.4695652173913043
0.4727272727272727
0.4672897196261682
0.5094339622641509
0.49523809523809526
0.48648648648648646
0.5048543689320388
0.456140350877193
0.49523809523809526
0.47706422018348627
0.4545454545454546
0.4727272727272727
0.49056603773584906
0.4814814814814815
0.5046728971962617
0.5142857142857142
0.46017699115044247
0.4672897196261682
0.5
0.4736842105263158
0.48543689320388345
0.47787610619469023
0.48648648648648646
0.4954128440366972
0.4629629629629629
0.4642857142857143
0.4672897196261682
0.4629629629629629
0.4642857142857143
0.47169811320754707
0.4727272727272727
0.4444444444444444
0.4629629629629629
0.4629629629629629
0.47787610619469023
0.47619047619047616
0.4859813084112149
0.4814814814814815
0.47706422018348627
0.47706422018348627
0.47706422018348627
0.47706422018348627
0.4672897196261682
0.4642857142857143
0.43478260869565216
0.5
0.44628099173553726
0.4821428571428571
0.4727272727272727
0.45762711864406785
0.47787610619469023
0.49090909090909096
0.4814814814814815
0.47619047619047616
0.4954128440366972
0.47706422018348627
0.4385964912280702
0.48648648648648646
0.4821428571428571
0.5
0.4814814814814815
0.4912280701754386
0.456140350877193
0.49090909090909096
0.47787610619469023
0.4814814814814815
0.45217391304347826
0.456140350877193
0.4814814814814815
0.49056603773584906
0.49523809523809526
0.48484848484848475
0.49056603773584906
0.4859813084112149
0.4642857142857143
0.4814814814814815
0.49523809523809526
0.5
