0.3225806451612903
0.28921568627450983
0.29064039408866993
0.2796208530805687
0.28640776699029125
0.29797979797979796
0.2935323383084577
0.2935323383084577
0.2777777777777778
0.31382978723404253
0.27906976744186046
0.27403846153846156
0.29064039408866993
0.28640776699029125
0.31216931216931215
0.3072916666666667
0.29591836734693877
0.2753623188405797
0.2798165137614679
0.32608695652173914
0.2783018867924528
0.30412371134020616
0.3177083333333333
0.2926829268292683
0.29
0.3076923076923077
0.29064039408866993
0.2955665024630542
0.3105263157894737
0.3076923076923077
0.3
0.2757009345794392
0.29842931937172773
0.2706422018348624
0.29207920792079206
0.27358490566037735
0.30412371134020616
0.28640776699029125
0.28019323671497587
0.2926829268292683
0.30569948186528495
0.31413612565445026
0.297029702970297
0.3072916666666667
0.3191489361702128
0.3
0.30526315789473685
0.3036649214659686
0.3010204081632653
0.29949238578680204
0.297029702970297
0.2898550724637681
0.2955665024630542
0.28502415458937197
0.32222222222222224
0.31216931216931215
0.28921568627450983
0.2761904761904762
0.3089005235602094
0.30456852791878175
0.28921568627450983
0.30927835051546393
0.3015075376884422
0.3089005235602094
0.271889400921659
0.28921568627450983
0.2964824120603015
0.30456852791878175
0.2681818181818182
0.3010204081632653
0.295
0.2955665024630542
0.295
0.291866028708134
0.30851063829787234
0.30303030303030304
0.31891891891891894
0.271889400921659
0.2837209302325581
0.2857142857142857
0.28502415458937197
0.30612244897959184
0.2822966507177033
0.3010204081632653
0.2898550724637681
0.2824074074074074
0.31891891891891894
0.27699530516431925
0.2815533980582524
0.2964824120603015
0.2815533980582524
0.2830188679245283
0.29850746268656714
0.285
0.29949238578680204
0.29441624365482233
0.2796208530805687
0.3105263157894737
0.3157894736842105
0.3005181347150259
0.30303030303030304
0.29797979797979796
0.31216931216931215
0.28921568627450983
0.2780487804878049
0.295
0.28169014084507044
0.29064039408866993
0.2912621359223301
0.2914572864321608
0.29842931937172773
0.2871287128712871
0.28921568627450983
0.305
0.271889400921659
0.27488151658767773
0.2935323383084577
0.3157894736842105
0.2926829268292683
0.30412371134020616
0.28780487804878047
0.2850467289719626
0.32085561497326204
0.2822966507177033
0.2912621359223301
0.30412371134020616
0.2955665024630542
0.29064039408866993
0.2955665024630542
0.30808080808080807
0.3072916666666667
0.28292682926829266
0.3005181347150259
0.28780487804878047
0.28708133971291866
0.2935323383084577
0.29
0.29
0.28773584905660377
0.2702702702702703
0.29
0.29064039408866993
0.29292929292929293
0.28708133971291866
0.30687830687830686
0.2955665024630542
0.2964824120603015
0.2815533980582524
0.30612244897959184
0.2780487804878049
0.30412371134020616
0.2822966507177033
0.27751196172248804
0.2955665024630542
0.29743589743589743
0.2964824120603015
0.2830188679245283
0.2706422018348624
0.30456852791878175
0.3155080213903743
0.30612244897959184
0.28078817733990147
0.30256410256410254
0.3010204081632653
0.2898550724637681
0.297029702970297
0.28921568627450983
0.28780487804878047
0.28846153846153844
0.30569948186528495
0.30927835051546393
0.29292929292929293
0.29411764705882354
0.30303030303030304
0.29850746268656714
0.295
0.28365384615384615
0.3125
0.30456852791878175
0.3
0.27488151658767773
0.2914572864321608
0.29441624365482233
0.31216931216931215
0.2890995260663507
0.2669683257918552
0.29949238578680204
0.295
0.28846153846153844
0.28502415458937197
0.2822966507177033
0.30256410256410254
0.28217821782178215
0.29441624365482233
0.29064039408866993
0.2815533980582524
0.28780487804878047
0.3241758241758242
0.30256410256410254
0.30303030303030304
0.29064039408866993
0.2783018867924528
0.31351351351351353
0.27906976744186046
0.27488151658767773
0.2935323383084577
0.29
0.2898550724637681
0.27314814814814814
0.28640776699029125
0.29
0.285
0.29797979797979796
0.27941176470588236
0.29292929292929293
0.28846153846153844
0.29591836734693877
0.2796208530805687
0.3105263157894737
0.2830188679245283
0.31088082901554404
0.28780487804878047
0.2757009345794392
0.30612244897959184
0.3036649214659686
0.2783018867924528
0.3010204081632653
0.30303030303030304
0.295
0.3
0.3010204081632653
0.28095238095238095
0.29949238578680204
0.29850746268656714
0.2857142857142857
0.31216931216931215
0.2857142857142857
0.3010204081632653
0.295
0.28921568627450983
0.29411764705882354
0.2783018867924528
0.27314814814814814
0.2932692307692308
0.28708133971291866
0.295
0.25892857142857145
0.27149321266968324
0.26851851851851855
0.29081632653061223
0.30303030303030304
0.3010204081632653
0.29
0.28780487804878047
0.30256410256410254
0.29411764705882354
0.2796208530805687
0.3072916666666667
0.2926829268292683
0.295
0.3072916666666667
0.2964824120603015
0.29896907216494845
0.28365384615384615
0.2926829268292683
0.2815533980582524
0.29064039408866993
0.2822966507177033
0.2871287128712871
0.2850467289719626
0.305
0.28640776699029125
0.2912621359223301
0.2830188679245283
0.30612244897959184
0.3089005235602094
0.3015075376884422
0.2815533980582524
0.3279569892473118
0.28846153846153844
0.27906976744186046
0.27314814814814814
0.26635514018691586
0.30412371134020616
0.2935323383084577
0.30456852791878175
0.30198019801980197
0.2803738317757009
0.3015075376884422
0.28169014084507044
0.3155080213903743
0.3010204081632653
0.2798165137614679
0.29207920792079206
0.2964824120603015
0.31216931216931215
0.30256410256410254
0.2822966507177033
0.2744186046511628
0.27488151658767773
0.30158730158730157
0.2761904761904762
0.2830188679245283
0.2898550724637681
0.28502415458937197
0.27358490566037735
0.27751196172248804
0.28431372549019607
0.2796208530805687
0.28780487804878047
0.2871287128712871
0.30303030303030304
0.28846153846153844
0.3076923076923077
0.2935323383084577
0.28780487804878047
0.28921568627450983
0.2898550724637681
0.28921568627450983
0.297029702970297
0.3036649214659686
0.2912621359223301
0.295
0.30412371134020616
0.27699530516431925
0.30612244897959184
0.2955665024630542
0.28780487804878047
0.32432432432432434
0.28365384615384615
0.28365384615384615
0.27403846153846156
0.2955665024630542
0.3155080213903743
0.28640776699029125
0.29207920792079206
0.2796208530805687
0.28640776699029125
0.3
0.31216931216931215
0.30412371134020616
0.285
0.29064039408866993
0.2914572864321608
0.29064039408866993
0.29797979797979796
0.3010204081632653
0.30927835051546393
0.3065326633165829
0.3072916666666667
0.30412371134020616
0.26222222222222225
0.2815533980582524
0.2803738317757009
0.2783018867924528
0.27488151658767773
0.29743589743589743
0.3225806451612903
0.2926829268292683
0.29591836734693877
0.29901960784313725
0.3010204081632653
0.29
0.2964824120603015
0.2885572139303483
0.2935323383084577
0.3015075376884422
0.3
0.3089005235602094
0.295
0.2975609756097561
0.2926829268292683
0.32432432432432434
0.2600896860986547
0.2815533980582524
0.297029702970297
0.2871287128712871
0.2681818181818182
0.2912621359223301
0.2935323383084577
0.295
0.27751196172248804
0.3076923076923077
0.30927835051546393
0.2955665024630542
0.30256410256410254
0.2898550724637681
0.29896907216494845
0.26785714285714285
0.2935323383084577
0.3
0.30612244897959184
0.30927835051546393
0.2885572139303483
0.28921568627450983
0.3089005235602094
0.3105263157894737
0.30303030303030304
0.30256410256410254
0.29064039408866993
0.28717948717948716
0.2871287128712871
0.28365384615384615
0.27751196172248804
0.3010204081632653
0.31382978723404253
0.29
0.27906976744186046
0.29949238578680204
0.29797979797979796
0.30303030303030304
0.30851063829787234
0.3036649214659686
0.32085561497326204
0.26339285714285715
0.2932692307692308
0.30256410256410254
0.2843601895734597
0.28921568627450983
0.29591836734693877
0.28708133971291866
0.32105263157894737
0.28708133971291866
0.3125
0.2914572864321608
0.2955665024630542
0.2857142857142857
0.28846153846153844
0.2912621359223301
0.30456852791878175
0.30612244897959184
0.297029702970297
0.295
0.3015075376884422
0.31693989071038253
0.3010204081632653
0.3
0.28365384615384615
0.2803738317757009
0.3020833333333333
0.29
0.2803738317757009
0.2796208530805687
0.28846153846153844
0.3191489361702128
0.29591836734693877
0.29797979797979796
0.3076923076923077
0.29949238578680204
0.3015075376884422
0.29207920792079206
0.3191489361702128
0.28095238095238095
0.28780487804878047
0.28365384615384615
0.2643171806167401
0.295
0.3005181347150259
0.31088082901554404
0.28640776699029125
0.30927835051546393
0.26851851851851855
0.3
0.3072916666666667
0.31016042780748665
0.3125
0.3105263157894737
0.28708133971291866
0.30569948186528495
0.28095238095238095
0.28365384615384615
0.30412371134020616
0.2885572139303483
0.2830188679245283
0.3020833333333333
0.29064039408866993
0.28365384615384615
0.30303030303030304
0.29797979797979796
0.31891891891891894
0.29797979797979796
0.29949238578680204
0.295
0.30412371134020616
0.2843601895734597
0.295
0.29949238578680204
0.29292929292929293
0.2912621359223301
0.31382978723404253
0.2955665024630542
0.2955665024630542
0.32620320855614976
0.29064039408866993
0.271889400921659
0.29949238578680204
0.2926829268292683
0.29949238578680204
0.3010204081632653
0.29901960784313725
