0.12987012987012986
0.12962962962962962
0.1917808219178082
0.24324324324324326
0.13414634146341464
0.22388059701492538
0.19047619047619047
0.21875
0.25
0.1891891891891892
0.1917808219178082
0.14285714285714285
0.24705882352941178
0.21333333333333335
0.15942028985507245
0.24050632911392406
0.17647058823529413
0.09210526315789473
0.1111111111111111
0.273972602739726
0.18181818181818182
0.21739130434782608
0.18571428571428572
0.15584415584415584
0.19696969696969696
0.2535211267605634
0.2571428571428571
0.16901408450704225
0.16
0.14814814814814814
0.19047619047619047
0.12698412698412698
0.1016949152542373
0.3076923076923077
0.15384615384615385
0.14925373134328357
0.2542372881355932
0.16923076923076924
0.20512820512820512
0.2318840579710145
0.19047619047619047
0.208955223880597
0.18309859154929578
0.15151515151515152
0.13846153846153847
0.2
0.19672131147540983
0.24615384615384617
0.24324324324324326
0.20588235294117646
0.2125
0.2638888888888889
0.14492753623188406
0.16901408450704225
0.10294117647058823
0.2647058823529412
0.13333333333333333
0.18518518518518517
0.1724137931034483
0.2222222222222222
0.25
0.10909090909090909
0.1917808219178082
0.14285714285714285
0.16666666666666666
0.15492957746478872
0.12658227848101267
0.15625
0.19402985074626866
0.2
0.2463768115942029
0.19402985074626866
0.3013698630136986
0.25
0.24
0.208955223880597
0.19718309859154928
0.22666666666666666
0.21666666666666667
0.2535211267605634
0.0821917808219178
0.22972972972972974
0.13157894736842105
0.15789473684210525
0.2191780821917808
0.1917808219178082
0.13846153846153847
0.2
0.18055555555555555
0.19718309859154928
0.25
0.14864864864864866
0.27692307692307694
0.22666666666666666
0.25287356321839083
0.18333333333333332
0.17567567567567569
0.2073170731707317
0.22857142857142856
0.19718309859154928
0.265625
0.19117647058823528
0.14634146341463414
0.16176470588235295
0.2112676056338028
0.1794871794871795
0.2608695652173913
0.19444444444444445
0.20588235294117646
0.288135593220339
0.2125
0.2537313432835821
0.203125
0.22388059701492538
0.19117647058823528
0.18604651162790697
0.18518518518518517
0.16666666666666666
0.1744186046511628
0.2
0.2857142857142857
0.2
0.20253164556962025
0.18055555555555555
0.2463768115942029
0.1323529411764706
0.20270270270270271
0.20833333333333334
0.2
0.15873015873015872
0.288135593220339
0.1746031746031746
0.15384615384615385
0.2698412698412698
0.18840579710144928
0.19696969696969696
0.19230769230769232
0.16666666666666666
0.13333333333333333
0.2714285714285714
0.19047619047619047
0.2289156626506024
0.14705882352941177
0.18055555555555555
0.23076923076923078
0.25675675675675674
0.19298245614035087
0.2676056338028169
0.18309859154929578
0.23214285714285715
0.1927710843373494
0.20270270270270271
0.2
0.25
0.2033898305084746
0.21794871794871795
0.2
0.10606060606060606
0.18181818181818182
0.1864406779661017
0.18571428571428572
0.16279069767441862
0.19402985074626866
0.23880597014925373
0.18309859154929578
0.19672131147540983
0.21739130434782608
0.18292682926829268
0.09210526315789473
0.1891891891891892
0.2191780821917808
0.1267605633802817
0.2375
0.2028985507246377
0.29411764705882354
0.2
0.20689655172413793
0.2125
0.23076923076923078
0.14705882352941177
0.1891891891891892
0.1728395061728395
0.1724137931034483
0.22727272727272727
0.2054794520547945
0.20253164556962025
0.19298245614035087
0.11267605633802817
0.24358974358974358
0.14285714285714285
0.19444444444444445
0.26666666666666666
0.2
0.18055555555555555
0.208955223880597
0.16666666666666666
0.2
0.25
0.23880597014925373
0.19444444444444445
0.1375
0.20270270270270271
0.25806451612903225
0.27941176470588236
0.22413793103448276
0.15942028985507245
0.2191780821917808
0.25316455696202533
0.25
0.3548387096774194
0.2714285714285714
0.26229508196721313
0.20512820512820512
0.18181818181818182
0.15789473684210525
0.15873015873015872
0.14864864864864866
0.2714285714285714
0.15476190476190477
0.2463768115942029
0.21621621621621623
0.21818181818181817
0.15492957746478872
0.13793103448275862
0.1780821917808219
0.25316455696202533
0.2465753424657534
0.22388059701492538
0.2602739726027397
0.21739130434782608
0.2692307692307692
0.16666666666666666
0.15254237288135594
0.19117647058823528
0.24242424242424243
0.2054794520547945
0.2328767123287671
0.23376623376623376
0.20634920634920634
0.19480519480519481
0.14864864864864866
0.17105263157894737
0.17721518987341772
0.16923076923076924
0.2112676056338028
0.25
0.1791044776119403
0.18072289156626506
0.1864406779661017
0.14925373134328357
0.2191780821917808
0.2236842105263158
0.17567567567567569
0.22077922077922077
0.20270270270270271
0.16393442622950818
0.11842105263157894
0.16901408450704225
0.21739130434782608
0.24193548387096775
0.24675324675324675
0.16923076923076924
0.1791044776119403
0.1518987341772152
0.1518987341772152
0.1095890410958904
0.21666666666666667
0.1774193548387097
0.20588235294117646
0.21875
0.18666666666666668
0.2537313432835821
0.23076923076923078
0.1774193548387097
0.14705882352941177
0.21348314606741572
0.16923076923076924
0.2
0.19402985074626866
0.21333333333333335
0.21621621621621623
0.22727272727272727
0.14285714285714285
0.21333333333333335
0.1839080459770115
0.21621621621621623
0.2
0.18840579710144928
0.17073170731707318
0.25
0.19047619047619047
0.208955223880597
0.22058823529411764
0.2597402597402597
0.25675675675675674
0.10526315789473684
0.16666666666666666
0.11594202898550725
0.1891891891891892
0.22535211267605634
0.21428571428571427
0.21333333333333335
0.2222222222222222
0.1780821917808219
0.18461538461538463
0.20588235294117646
0.22666666666666666
0.225
0.16666666666666666
0.23529411764705882
0.140625
0.2948717948717949
0.1864406779661017
0.24615384615384617
0.22058823529411764
0.1780821917808219
0.17142857142857143
0.15384615384615385
0.14754098360655737
0.22388059701492538
0.1917808219178082
0.20967741935483872
0.21739130434782608
0.19402985074626866
0.22388059701492538
0.208955223880597
0.13513513513513514
0.1891891891891892
0.18181818181818182
0.140625
0.21311475409836064
0.17647058823529413
0.2647058823529412
0.2
0.2542372881355932
0.17333333333333334
0.3125
0.18181818181818182
0.2028985507246377
0.16
0.17567567567567569
0.19298245614035087
0.22058823529411764
0.2
0.1625
0.1780821917808219
0.19767441860465115
0.18840579710144928
0.25
0.18666666666666668
0.14705882352941177
0.19298245614035087
0.22988505747126436
0.19736842105263158
0.2631578947368421
0.20253164556962025
0.10666666666666667
0.16
0.2923076923076923
0.20270270270270271
0.20634920634920634
0.22058823529411764
0.19444444444444445
0.3013698630136986
0.21951219512195122
0.1566265060240964
0.1891891891891892
0.19753086419753085
0.19718309859154928
0.21518987341772153
0.1590909090909091
0.16923076923076924
0.18181818181818182
0.21951219512195122
0.2
0.24358974358974358
0.11666666666666667
0.17391304347826086
0.24
0.22535211267605634
0.11594202898550725
0.27710843373493976
0.2328767123287671
0.13636363636363635
0.23076923076923078
0.17567567567567569
0.1625
0.2328767123287671
0.24242424242424243
0.14285714285714285
0.19047619047619047
0.22058823529411764
0.17391304347826086
0.22972972972972974
0.19696969696969696
0.2465753424657534
0.20512820512820512
0.225
0.18681318681318682
0.15151515151515152
0.25
0.171875
0.18478260869565216
0.2777777777777778
0.26229508196721313
0.12727272727272726
0.20238095238095238
0.2857142857142857
0.26865671641791045
0.09090909090909091
0.2361111111111111
0.14666666666666667
0.140625
0.1891891891891892
0.16901408450704225
0.15853658536585366
0.22535211267605634
0.1794871794871795
0.22105263157894736
0.17333333333333334
0.13559322033898305
0.1111111111111111
0.14754098360655737
0.19402985074626866
0.18181818181818182
0.18421052631578946
0.18571428571428572
0.171875
0.19117647058823528
0.1625
0.22666666666666666
0.19444444444444445
0.18571428571428572
0.23333333333333334
0.22058823529411764
0.1917808219178082
0.29850746268656714
0.09375
0.18055555555555555
0.2535211267605634
0.1875
0.21212121212121213
0.16883116883116883
0.12857142857142856
0.21333333333333335
0.23255813953488372
0.2361111111111111
0.26666666666666666
0.2361111111111111
0.12
0.2835820895522388
0.13846153846153847
0.15789473684210525
0.19672131147540983
0.23376623376623376
0.1375
0.22666666666666666
0.17647058823529413
0.23880597014925373
0.11764705882352941
0.18292682926829268
0.19642857142857142
0.16216216216216217
0.15492957746478872
0.21333333333333335
0.18461538461538463
0.1875
0.1839080459770115
0.2375
0.2535211267605634
0.23076923076923078
0.16666666666666666
0.16129032258064516
0.18055555555555555
0.23076923076923078
0.22058823529411764
0.2463768115942029
0.25333333333333335
0.2236842105263158
0.1206896551724138
0.24615384615384617
0.15873015873015872
0.14754098360655737
0.18292682926829268
0.2318840579710145
0.14285714285714285
0.1891891891891892
0.16923076923076924
0.2463768115942029
0.25
0.23376623376623376
0.19718309859154928
0.1875
0.15625
0.14285714285714285
0.16129032258064516
0.21518987341772153
0.20689655172413793
0.2608695652173913
0.2261904761904762
