0.15714285714285714
0.1506849315068493
0.19444444444444445
0.2
0.19753086419753085
0.22857142857142856
0.15942028985507245
0.2153846153846154
0.189873417721519
0.19444444444444445
0.2073170731707317
0.1625
0.2608695652173913
0.19402985074626866
0.1206896551724138
0.23076923076923078
0.23880597014925373
0.2235294117647059
0.27941176470588236
0.2328767123287671
0.14492753623188406
0.3150684931506849
0.20833333333333334
0.19753086419753085
0.2235294117647059
0.20967741935483872
0.1927710843373494
0.16176470588235295
0.17647058823529413
0.21621621621621623
0.2361111111111111
0.15384615384615385
0.2
0.17391304347826086
0.24324324324324326
0.20967741935483872
0.1935483870967742
0.22077922077922077
0.15492957746478872
0.24050632911392406
0.19047619047619047
0.24615384615384617
0.2463768115942029
0.2465753424657534
0.1791044776119403
0.273972602739726
0.24285714285714285
0.16883116883116883
0.1774193548387097
0.2638888888888889
0.15714285714285714
0.13157894736842105
0.13333333333333333
0.2345679012345679
0.15625
0.16176470588235295
0.14492753623188406
0.17391304347826086
0.17647058823529413
0.14473684210526316
0.3076923076923077
0.13924050632911392
0.16666666666666666
0.2
0.24285714285714285
0.19480519480519481
0.16129032258064516
0.2
0.15714285714285714
0.1774193548387097
0.21518987341772153
0.1875
0.16129032258064516
0.2191780821917808
0.23684210526315788
0.189873417721519
0.2328767123287671
0.2413793103448276
0.21686746987951808
0.16
0.2222222222222222
0.2
0.17391304347826086
0.2463768115942029
0.0625
0.19696969696969696
0.19672131147540983
0.18840579710144928
0.25757575757575757
0.1891891891891892
0.15714285714285714
0.15384615384615385
0.20833333333333334
0.18867924528301888
0.1694915254237288
0.19298245614035087
0.14814814814814814
0.19230769230769232
0.21052631578947367
0.25
0.2112676056338028
0.1625
0.18181818181818182
0.2631578947368421
0.20634920634920634
0.22857142857142856
0.21212121212121213
0.1791044776119403
0.14634146341463414
0.2571428571428571
0.2647058823529412
0.18421052631578946
0.24285714285714285
0.21621621621621623
0.19480519480519481
0.15789473684210525
0.18461538461538463
0.12903225806451613
0.18604651162790697
0.2153846153846154
0.11267605633802817
0.14666666666666667
0.21739130434782608
0.16455696202531644
0.21428571428571427
0.25
0.1506849315068493
0.25316455696202533
0.28378378378378377
0.19736842105263158
0.18181818181818182
0.21794871794871795
0.2191780821917808
0.20967741935483872
0.19117647058823528
0.23728813559322035
0.21739130434782608
0.23076923076923078
0.15492957746478872
0.15584415584415584
0.1375
0.2698412698412698
0.16901408450704225
0.18181818181818182
0.24285714285714285
0.24096385542168675
0.23809523809523808
0.2112676056338028
0.18181818181818182
0.2125
0.14102564102564102
0.1927710843373494
0.21794871794871795
0.21621621621621623
0.20588235294117646
0.22666666666666666
0.203125
0.20253164556962025
0.09523809523809523
0.25316455696202533
0.14084507042253522
0.2375
0.2597402597402597
0.2375
0.18181818181818182
0.19718309859154928
0.23333333333333334
0.2463768115942029
0.15873015873015872
0.18421052631578946
0.22727272727272727
0.23529411764705882
0.15942028985507245
0.21818181818181817
0.20833333333333334
0.22857142857142856
0.1891891891891892
0.20512820512820512
0.16901408450704225
0.15384615384615385
0.23170731707317074
0.2
0.2125
0.25396825396825395
0.19230769230769232
0.14925373134328357
0.22580645161290322
0.1875
0.16666666666666666
0.19444444444444445
0.2714285714285714
0.24
0.2054794520547945
0.11267605633802817
0.14285714285714285
0.16901408450704225
0.24
0.16455696202531644
0.225
0.1267605633802817
0.21666666666666667
0.15384615384615385
0.23684210526315788
0.21212121212121213
0.18571428571428572
0.25
0.19298245614035087
0.24050632911392406
0.2
0.1
0.25925925925925924
0.25396825396825395
0.17105263157894737
0.18333333333333332
0.23880597014925373
0.22388059701492538
0.22388059701492538
0.17857142857142858
0.23076923076923078
0.25
0.2465753424657534
0.13432835820895522
0.20512820512820512
0.208955223880597
0.09876543209876543
0.2727272727272727
0.2413793103448276
0.11428571428571428
0.24324324324324326
0.22077922077922077
0.2289156626506024
0.14666666666666667
0.21686746987951808
0.25
0.19444444444444445
0.17647058823529413
0.2
0.21621621621621623
0.20634920634920634
0.16
0.22784810126582278
0.16393442622950818
0.18055555555555555
0.1896551724137931
0.23728813559322035
0.24050632911392406
0.2112676056338028
0.14864864864864866
0.16666666666666666
0.2361111111111111
0.19753086419753085
0.2153846153846154
0.22972972972972974
0.16393442622950818
0.21428571428571427
0.19402985074626866
0.20512820512820512
0.1780821917808219
0.16216216216216217
0.2631578947368421
0.16666666666666666
0.2328767123287671
0.17857142857142858
0.12
0.18309859154929578
0.19444444444444445
0.23880597014925373
0.20512820512820512
0.16666666666666666
0.18181818181818182
0.273972602739726
0.23529411764705882
0.22666666666666666
0.19117647058823528
0.2535211267605634
0.30303030303030304
0.2
0.16071428571428573
0.23170731707317074
0.18055555555555555
0.2537313432835821
0.23529411764705882
0.15151515151515152
0.2077922077922078
0.2112676056338028
0.11904761904761904
0.2898550724637681
0.14666666666666667
0.2465753424657534
0.18181818181818182
0.13953488372093023
0.16091954022988506
0.2
0.18055555555555555
0.2222222222222222
0.14285714285714285
0.16923076923076924
0.2191780821917808
0.25
0.2125
0.16279069767441862
0.17857142857142858
0.19298245614035087
0.24193548387096775
0.2535211267605634
0.2222222222222222
0.20689655172413793
0.25
0.16176470588235295
0.16129032258064516
0.2222222222222222
0.24193548387096775
0.30864197530864196
0.21212121212121213
0.23880597014925373
0.25675675675675674
0.15
0.18571428571428572
0.2028985507246377
0.2571428571428571
0.1388888888888889
0.189873417721519
0.11267605633802817
0.3
0.19736842105263158
0.15
0.208955223880597
0.2375
0.2222222222222222
0.2112676056338028
0.21333333333333335
0.17567567567567569
0.208955223880597
0.1506849315068493
0.21794871794871795
0.15584415584415584
0.1917808219178082
0.22033898305084745
0.208955223880597
0.2857142857142857
0.26229508196721313
0.14492753623188406
0.24050632911392406
0.1780821917808219
0.2125
0.2028985507246377
0.16923076923076924
0.25675675675675674
0.2222222222222222
0.17721518987341772
0.25
0.1267605633802817
0.23809523809523808
0.10256410256410256
0.24
0.24705882352941178
0.2028985507246377
0.24285714285714285
0.2602739726027397
0.19444444444444445
0.1
0.22807017543859648
0.25
0.16049382716049382
0.20634920634920634
0.28125
0.22727272727272727
0.16176470588235295
0.19718309859154928
0.12698412698412698
0.15714285714285714
0.14285714285714285
0.2698412698412698
0.19696969696969696
0.2112676056338028
0.15584415584415584
0.16923076923076924
0.21621621621621623
0.18055555555555555
0.22666666666666666
0.19117647058823528
0.22413793103448276
0.2597402597402597
0.2112676056338028
0.18309859154929578
0.18032786885245902
0.22388059701492538
0.25
0.2028985507246377
0.189873417721519
0.14473684210526316
0.2236842105263158
0.21875
0.17567567567567569
0.24
0.2714285714285714
0.16901408450704225
0.21621621621621623
0.1917808219178082
0.2835820895522388
0.1891891891891892
0.21621621621621623
0.23076923076923078
0.13559322033898305
0.24691358024691357
0.2191780821917808
0.19672131147540983
0.2
0.2
0.11428571428571428
0.13924050632911392
0.24193548387096775
0.21428571428571427
0.26865671641791045
0.2702702702702703
0.14864864864864866
0.20689655172413793
0.23684210526315788
0.21428571428571427
0.1927710843373494
0.2
0.21794871794871795
0.20454545454545456
0.2835820895522388
0.14705882352941177
0.13333333333333333
0.14285714285714285
0.25757575757575757
0.23376623376623376
0.20930232558139536
0.19480519480519481
0.2535211267605634
0.140625
0.208955223880597
0.22727272727272727
0.1527777777777778
0.20253164556962025
0.21875
0.22727272727272727
0.1375
0.2608695652173913
0.2361111111111111
0.1694915254237288
0.13636363636363635
0.2328767123287671
0.25
0.1694915254237288
0.18333333333333332
0.16923076923076924
0.22727272727272727
0.19230769230769232
0.20270270270270271
0.16216216216216217
0.11764705882352941
0.21428571428571427
0.22857142857142856
0.14285714285714285
0.1794871794871795
0.15942028985507245
0.25
0.24705882352941178
0.14666666666666667
0.2564102564102564
0.18
0.1506849315068493
0.2619047619047619
0.16393442622950818
0.16071428571428573
0.18571428571428572
0.23076923076923078
0.2318840579710145
0.23880597014925373
0.21839080459770116
0.208955223880597
0.24285714285714285
0.3037974683544304
0.2413793103448276
0.23529411764705882
0.22826086956521738
0.18181818181818182
0.2465753424657534
0.234375
0.2235294117647059
0.2875
0.16666666666666666
0.22727272727272727
0.23529411764705882
0.19230769230769232
0.21518987341772153
0.20270270270270271
0.20588235294117646
0.16455696202531644
0.14705882352941177
0.225
0.13043478260869565
0.17647058823529413
0.25
0.2112676056338028
0.1728395061728395
0.3076923076923077
