0.7323447728625273
0.7373536996627653
0.7125570323348542
0.7414947431065265
0.7317744495139853
0.7356675262844674
0.7390894663757192
0.7463300932354692
0.7334606228922834
0.7511654433644118
0.7630430470144813
0.7458837532235668
0.7215582225748859
0.715656615750843
0.7506447133505256
0.7249553659988098
0.7601666336044436
0.7340557429081532
0.7502479666732791
0.7439248165046618
0.7397341797262449
0.7284764927593731
0.7439992065066455
0.7496528466574093
0.759199563578655
0.7546121801229915
0.7512150366990676
0.7297163261257686
0.7269143027177148
0.7438256298353502
0.7258232493552867
0.7504463400119025
0.761728823646102
0.7472971632612577
0.7401309264034914
0.7619024003173974
0.7290220194405872
0.7428337631422337
0.751388613370363
0.7467516365800437
0.739411823050982
0.7449414798651062
0.7533475500892679
0.7454126165443364
0.761431263638167
0.7335846062289229
0.7467268399127158
0.735245982939893
0.7333366395556438
0.7238395159690537
0.738295973021226
0.7286004760960129
0.7384447530251934
0.7552816901408451
0.7342045229121207
0.7474211465978973
0.737700853005356
0.738816703035112
0.7554552668121405
0.7473963499305694
0.7329646895457251
0.7252033326720889
0.732419162864511
0.7501239833366397
0.7390150763737354
0.7277573894068636
0.7330886728823646
0.7492065066455068
0.7358411029557628
0.728253322753422
0.7500743900019837
0.7510910533624281
0.7443215631819083
0.7568438801825035
0.7373536996627654
0.721260662566951
0.726567149375124
0.7405772664153939
0.735196389605237
0.7291460027772267
0.7225252926006744
0.7572654235270779
0.7343533029160881
0.7359402896250744
0.7501487800039676
0.7285260860940289
0.7431809164848244
0.7361138662963698
0.7381719896845864
0.7336341995635787
0.7493552866494744
0.7248065859948423
0.7465284665740924
0.7440487998413015
0.7478426899424718
0.7299394961317198
0.7509174766911327
0.7330638762150367
0.7584060702241618
0.7465036699067645
0.7463548899027971
0.7264927593731402
0.7332622495536599
0.7267655227137474
0.7407260464193614
0.7590755802420156
0.751958936718905
0.7699365205316406
0.7418418964491172
0.7248561793294981
0.7466028565760762
0.7387175163658004
0.7459581432255505
0.7266911327117636
0.7125322356675263
0.730237056139655
0.7464292799047808
0.7390646697083912
0.7351219996032534
0.73884149970244
0.7376512596707003
0.7465036699067645
0.7382463796865701
0.7461565165641737
0.7493800833168023
0.7519341400515771
0.7173179924618132
0.7171444157905178
0.7548849434635985
0.7208391192223765
0.7386679230311447
0.715681412418171
0.7372297163261259
0.7447679031938108
0.7403540964094425
0.7424370164649872
0.7446439198571713
0.7421642531243802
0.7139456457052172
0.7270134893870264
0.7288236461019639
0.7342045229121207
0.7356427296171395
0.7439744098393176
0.7369817496528467
0.7359650862924023
0.7416683197778218
0.7579597302122595
0.740527673080738
0.7383951596905375
0.7450654632017456
0.7401557230708192
0.7375520730013887
0.7268895060503868
0.7317000595120016
0.7385191430271771
0.7476195199365205
0.7280053560801428
0.7324439595318389
0.7501735766712954
0.7484874032929975
0.7252529260067446
0.7287740527673081
0.7561495734973219
0.7551329101368777
0.7375272763340607
0.7339565562388415
0.7456357865502876
0.7386431263638168
0.7297411227930966
0.7315016861733783
0.7292451894465384
0.7496032533227535
0.7489833366395557
0.7489585399722278
0.7393126363816702
0.7502231700059512
0.7410236064272961
0.7410236064272963
0.729071612775243
0.7358906962904186
0.7499504066653442
0.7527772267407261
0.7511654433644118
0.7492313033128347
0.7340309462408252
0.7252777226740725
0.7495536599880976
0.7333614362229717
0.7471979765919461
0.7399821463995239
0.7246826026582028
0.7420402697877405
0.760365006943067
0.7355435429478279
0.7513142233683794
0.7435776631620711
0.734130132910137
0.7207151358857371
0.7168964491172387
0.7454126165443364
0.7390150763737354
0.7230708192818885
0.7254017060107122
0.7246578059908748
0.7742511406466971
0.7246578059908748
0.7365602063082722
0.7564471335052569
0.7421642531243802
0.7399077563975403
0.7536699067645307
0.7210870858956557
0.737452886332077
0.7432057131521523
0.739982146399524
0.7482394366197184
0.741916286451101
0.7430073398135291
0.7625967070025789
0.7371057329894862
0.7536451100972029
0.7263439793691728
0.7621255703233486
0.7488593533029161
0.7469500099186669
0.7288484427692918
0.7380728030152749
0.7334606228922834
0.7190785558420948
0.7282781194207499
0.7353451696092045
0.7476195199365206
0.7411971830985915
0.7428337631422337
0.7341053362428089
0.7484874032929975
0.7279309660781591
0.7542402301130728
0.7229716326125768
0.7455365998809761
0.7356675262844673
0.7444207498512201
0.7542402301130728
0.7403292997421147
0.7440735965086293
0.7262943860345171
0.7403045030747868
0.7342293195794486
0.7443711565165642
0.7422634397936918
0.7339317595715136
0.7428089664749058
0.7434288831581035
0.7452142432057132
0.7456357865502876
0.746950009918667
0.7377752430073398
0.7542154334457449
0.7439744098393176
0.7579349335449317
0.760588176949018
0.7341797262447927
0.7125322356675263
0.746379686570125
0.7480410632810951
0.7282533227534219
0.7409740130926404
0.7408004364213449
0.7322703828605436
0.750545526681214
0.731576076175362
0.7518349533822655
0.7478674866097996
0.7582572902201944
0.7484378099583416
0.7524796667327911
0.7132265423527078
0.745536599880976
0.7252529260067447
0.7447431065264828
0.7371553263241422
0.7329150962110692
0.7390398730410632
0.7485369966276533
0.7386927196984725
0.7637125570323349
0.7472723665939297
0.725451299345368
0.7611089069629041
0.734948422931958
0.7419162864511009
0.7358906962904186
0.7409740130926403
0.7141936123784963
0.7549345367982544
0.7328902995437414
0.7279061694108313
0.7346260662566951
0.729071612775243
0.7398333663955564
0.7229716326125769
0.7364114263043047
0.7249553659988097
0.7210622892283276
0.7633902003570721
0.7460077365602064
0.7144415790517754
0.7350228129339418
0.7401805197381471
0.750570323348542
0.7395606030549493
0.7469748065859948
0.7237155326324142
0.7394118230509819
0.7132265423527078
0.7584308668914899
0.7462061098988296
0.7153838524102359
0.7440487998413013
0.7486361832969649
0.7646796270581234
0.7412219797659195
0.7556536401507638
0.7265175560404681
0.7458093632215831
0.7545377901210077
0.7460077365602064
0.7435280698274153
0.737155326324142
0.7210374925609998
0.7506447133505256
0.73326224955366
0.7471979765919461
0.7418418964491174
0.7325927395358064
0.7142432057131521
0.7192769291807182
0.7521077167228725
0.7384447530251935
0.7407508430866891
0.7292203927792105
0.7268647093830589
0.7649027970640747
0.734626066256695
0.7488345566355882
0.7332374528863321
0.7448174965284666
0.746404483237453
0.7575877802023409
0.7550089268002381
0.7457101765522713
0.7227236659392977
0.7239387026383654
0.7651507637373537
0.7421146597897242
0.7417427097798057
0.7598194802618528
0.7556536401507638
0.7467268399127158
0.7524300733981353
0.740478079746082
0.7662914104344376
0.7442223765125968
0.739684586391589
0.725699266018647
0.7153094624082523
0.7336341995635787
0.7519341400515771
0.731848839515969
0.7329646895457251
0.7354195596111882
0.7493304899821465
0.7427345764729221
0.7408748264233287
0.7456605832176156
0.7310057528268201
0.7196736758579647
0.7466524499107321
0.734650862924023
0.7277821860741917
0.755033723467566
0.7346012695893672
0.7450158698670899
0.7448918865304504
0.7207399325530648
0.7216574092441975
0.7328902995437414
0.7300386828010315
0.7573894068637175
0.7289476294386035
0.7378992263439794
0.7370313429875025
0.7355187462804998
0.731030549494148
0.7259720293592541
0.7466524499107321
0.7152846657409244
0.7472227732592739
0.7321711961912319
0.7552073001388614
0.7661674270977982
0.7254017060107123
0.7397837730609007
0.7415691331085102
0.7362378496330093
0.728823646101964
0.7272366593929777
0.7274350327316009
0.7409244197579845
0.7295179527871454
0.7464044832374529
0.761456060305495
0.7460077365602064
0.7127554056734775
0.736609799642928
0.7333366395556438
0.743032136480857
0.7307825828208689
0.7505951200158699
0.7219053759174767
0.7471979765919461
0.7171196191231899
0.7525788534021027
0.7338821662368578
0.7455861932156318
0.7565959135092244
0.7431313231501686
0.7670353104542751
0.717367585796469
0.7487353699662765
0.7438504265026781
0.7392382463796866
0.7456853798849435
0.73385736956953
0.7227732592739535
0.7391886530450308
0.7632662170204325
0.7292203927792105
0.7547609601269589
0.7442967665145805
0.7276334060702242
0.7612328902995438
0.7373784963300933
0.7348492362626463
0.7417427097798055
0.7507191033525095
0.7217070025788535
0.7287988494346361
0.7613072803015275
0.7268895060503869
0.7410731997619521
0.7311545328307876
0.7270382860543543
0.7336341995635787
0.7529756000793493
0.7231700059512002
0.7391886530450308
0.7549841301329102
0.7397093830589169
0.7392134497123587
0.7409244197579846
0.736882562983535
0.7466028565760762
0.7215334259075581
0.7423378297956754
0.7278317794088474
0.7358906962904187
0.7235915492957747
0.7314272961713946
0.7306585994842294
0.7345020829200556
0.7361882562983536
0.7464788732394366
0.7291955961118826
0.7432553064868083
0.7479914699464393
0.7646300337234676
0.7418418964491172
0.7262695893671891
0.7354443562785162
0.7662170204324539
0.7348244395953185
0.7426601864709383
0.7235171592937909
0.7394862130529657
0.7393374330489982
0.7279805594128149
0.7347500495933347
0.7228724459432653
0.7362626463003372
0.7365602063082721
0.757587780202341
0.7699861138662963
0.7122098789922636
0.735469152945844
0.7385687363618331
0.7368329696488793
0.7581829002182108
0.751413410037691
