0.7887323943661971
0.8309859154929577
0.8591549295774648
0.7605633802816901
0.8591549295774648
0.8309859154929577
0.8028169014084507
0.7887323943661971
0.7464788732394366
0.7323943661971831
0.8732394366197183
0.8873239436619719
0.8450704225352113
0.8169014084507042
0.8450704225352113
0.8873239436619719
0.7605633802816901
0.8309859154929577
0.8169014084507042
0.7464788732394366
0.8450704225352113
0.7746478873239436
0.8450704225352113
0.8028169014084507
0.7464788732394366
0.7605633802816901
0.8028169014084507
0.8591549295774648
0.7887323943661971
0.8450704225352113
0.7464788732394366
0.8732394366197183
0.8309859154929577
0.9154929577464789
0.8309859154929577
0.8169014084507042
0.8450704225352113
0.8309859154929577
0.7887323943661971
0.7887323943661971
0.8169014084507042
0.7746478873239436
0.8028169014084507
0.7746478873239436
0.8732394366197183
0.8732394366197183
0.7183098591549296
0.7464788732394366
0.8873239436619719
0.7887323943661971
0.8169014084507042
0.8169014084507042
0.7605633802816901
0.8873239436619719
0.7183098591549296
0.8591549295774648
0.8309859154929577
0.7464788732394366
0.8732394366197183
0.8450704225352113
0.7746478873239436
0.7464788732394366
0.7887323943661971
0.7464788732394366
0.7323943661971831
0.8732394366197183
0.8169014084507042
0.8028169014084507
0.8169014084507042
0.7887323943661971
0.8028169014084507
0.8028169014084507
0.9014084507042254
0.7887323943661971
0.7183098591549296
0.8450704225352113
0.7605633802816901
0.7183098591549296
0.7746478873239436
0.8169014084507042
0.8591549295774648
0.8028169014084507
0.8028169014084507
0.8873239436619719
0.8028169014084507
0.8028169014084507
0.7887323943661971
0.7605633802816901
0.7323943661971831
0.7464788732394366
0.8732394366197183
0.8309859154929577
0.8309859154929577
0.6901408450704225
0.7183098591549296
0.8732394366197183
0.8169014084507042
0.8309859154929577
0.7605633802816901
0.8028169014084507
0.8591549295774648
0.7887323943661971
0.8309859154929577
0.8450704225352113
0.7746478873239436
0.8028169014084507
0.7887323943661971
0.8309859154929577
0.8028169014084507
0.7183098591549296
0.8732394366197183
0.7464788732394366
0.7464788732394366
0.7605633802816901
0.7887323943661971
0.8169014084507042
0.8309859154929577
0.8591549295774648
0.8309859154929577
0.7183098591549296
0.8873239436619719
0.7464788732394366
0.8169014084507042
0.8732394366197183
0.7746478873239436
0.7605633802816901
0.8450704225352113
0.7323943661971831
0.8309859154929577
0.8309859154929577
0.7887323943661971
0.8591549295774648
0.7746478873239436
0.8169014084507042
0.7605633802816901
0.7323943661971831
0.8450704225352113
0.8732394366197183
0.8309859154929577
0.8732394366197183
0.7323943661971831
0.8169014084507042
0.7605633802816901
0.7887323943661971
0.7464788732394366
0.7605633802816901
0.7605633802816901
0.8309859154929577
0.7746478873239436
0.8309859154929577
0.8309859154929577
0.8450704225352113
0.7746478873239436
0.8450704225352113
0.7323943661971831
0.8309859154929577
0.7605633802816901
0.7746478873239436
0.8028169014084507
0.8309859154929577
0.7746478873239436
0.7323943661971831
0.704225352112676
0.6901408450704225
0.7605633802816901
0.704225352112676
0.8450704225352113
0.8028169014084507
0.8028169014084507
0.7887323943661971
0.7323943661971831
0.8450704225352113
0.8169014084507042
0.8028169014084507
0.8450704225352113
0.8169014084507042
0.8028169014084507
0.6901408450704225
0.8591549295774648
0.7746478873239436
0.7464788732394366
0.8028169014084507
0.8873239436619719
0.6901408450704225
0.8450704225352113
0.8028169014084507
0.7605633802816901
0.8028169014084507
0.8028169014084507
0.7887323943661971
0.8450704225352113
0.7746478873239436
0.8309859154929577
0.8169014084507042
0.8169014084507042
0.7605633802816901
0.9295774647887324
0.8028169014084507
0.7746478873239436
0.8309859154929577
0.8169014084507042
0.7746478873239436
0.7464788732394366
0.8028169014084507
0.7605633802816901
0.8450704225352113
0.8309859154929577
0.7887323943661971
0.7464788732394366
0.8591549295774648
0.8450704225352113
0.9014084507042254
0.8309859154929577
0.8169014084507042
0.8169014084507042
0.7464788732394366
0.7887323943661971
0.7887323943661971
0.7746478873239436
0.8309859154929577
0.8028169014084507
0.7746478873239436
0.8028169014084507
0.7887323943661971
0.8028169014084507
0.8732394366197183
0.8873239436619719
0.7605633802816901
0.7323943661971831
0.7464788732394366
0.8169014084507042
0.8309859154929577
0.7605633802816901
0.8591549295774648
0.7464788732394366
0.8450704225352113
0.8450704225352113
0.8450704225352113
0.7746478873239436
0.7746478873239436
0.8028169014084507
0.704225352112676
0.8591549295774648
0.8591549295774648
0.8169014084507042
0.7887323943661971
0.7746478873239436
0.7887323943661971
0.7887323943661971
0.8309859154929577
0.7605633802816901
0.7464788732394366
0.8028169014084507
0.7887323943661971
0.7887323943661971
0.8591549295774648
0.7746478873239436
0.8873239436619719
0.7887323943661971
0.7605633802816901
0.8309859154929577
0.7887323943661971
0.8028169014084507
0.8873239436619719
0.7323943661971831
0.8309859154929577
0.8591549295774648
0.8309859154929577
0.8309859154929577
0.7464788732394366
0.6619718309859155
0.7323943661971831
0.8028169014084507
0.8450704225352113
0.6901408450704225
0.8169014084507042
0.7464788732394366
0.7746478873239436
0.7746478873239436
0.8591549295774648
0.8028169014084507
0.7746478873239436
0.8732394366197183
0.7887323943661971
0.7464788732394366
0.8309859154929577
0.7605633802816901
0.7605633802816901
0.7605633802816901
0.7746478873239436
0.8169014084507042
0.7323943661971831
0.8309859154929577
0.676056338028169
0.8309859154929577
0.8309859154929577
0.7746478873239436
0.8028169014084507
0.8732394366197183
0.8450704225352113
0.8028169014084507
0.8732394366197183
0.7605633802816901
0.8450704225352113
0.8309859154929577
0.7605633802816901
0.8450704225352113
0.7183098591549296
0.8028169014084507
0.8169014084507042
0.7887323943661971
0.7605633802816901
0.6901408450704225
0.7887323943661971
0.7746478873239436
0.7746478873239436
0.7323943661971831
0.7887323943661971
0.8028169014084507
0.7746478873239436
0.7183098591549296
0.8591549295774648
0.7887323943661971
0.8169014084507042
0.8169014084507042
0.8028169014084507
0.8450704225352113
0.7605633802816901
0.7323943661971831
0.7746478873239436
0.7323943661971831
0.7605633802816901
0.7746478873239436
0.704225352112676
0.8028169014084507
0.7323943661971831
0.7605633802816901
0.7183098591549296
0.9014084507042254
0.8873239436619719
0.7746478873239436
0.8591549295774648
0.8169014084507042
0.8732394366197183
0.8169014084507042
0.7464788732394366
0.8028169014084507
0.8591549295774648
0.8309859154929577
0.7323943661971831
0.8169014084507042
0.8309859154929577
0.7887323943661971
0.8591549295774648
0.7746478873239436
0.7887323943661971
0.8450704225352113
0.8169014084507042
0.8450704225352113
0.8591549295774648
0.7605633802816901
0.8591549295774648
0.8309859154929577
0.7746478873239436
0.7464788732394366
0.7746478873239436
0.8028169014084507
0.7464788732394366
0.7464788732394366
0.8028169014084507
0.704225352112676
0.8309859154929577
0.7464788732394366
0.8309859154929577
0.8591549295774648
0.8309859154929577
0.7887323943661971
0.8450704225352113
0.7605633802816901
0.7746478873239436
0.8028169014084507
0.7323943661971831
0.8450704225352113
0.7746478873239436
0.676056338028169
0.7323943661971831
0.7464788732394366
0.8169014084507042
0.8450704225352113
0.8591549295774648
0.704225352112676
0.7887323943661971
0.7887323943661971
0.8028169014084507
0.8450704225352113
0.7746478873239436
0.7183098591549296
0.8591549295774648
0.7746478873239436
0.8028169014084507
0.7887323943661971
0.7605633802816901
0.8450704225352113
0.7887323943661971
0.8169014084507042
0.6619718309859155
0.9154929577464789
0.8028169014084507
0.7746478873239436
0.8169014084507042
0.7746478873239436
0.7605633802816901
0.8169014084507042
0.7464788732394366
0.8028169014084507
0.8028169014084507
0.7887323943661971
0.8450704225352113
0.8028169014084507
0.8169014084507042
0.8028169014084507
0.704225352112676
0.8169014084507042
0.7323943661971831
0.8028169014084507
0.7887323943661971
0.8169014084507042
0.8169014084507042
0.8732394366197183
0.8169014084507042
0.8591549295774648
0.8450704225352113
0.7323943661971831
0.8169014084507042
0.8450704225352113
0.8450704225352113
0.7887323943661971
0.7746478873239436
0.8169014084507042
0.8028169014084507
0.8309859154929577
0.8309859154929577
0.7887323943661971
0.8309859154929577
0.7605633802816901
0.7746478873239436
0.8309859154929577
0.8732394366197183
0.7746478873239436
0.8169014084507042
0.8591549295774648
0.8028169014084507
0.7464788732394366
0.8028169014084507
0.676056338028169
0.7887323943661971
0.8450704225352113
0.8591549295774648
0.8028169014084507
0.7746478873239436
0.7464788732394366
0.7887323943661971
0.8169014084507042
0.7183098591549296
0.7887323943661971
0.8450704225352113
0.7887323943661971
0.7464788732394366
0.8591549295774648
0.7746478873239436
0.8591549295774648
0.8309859154929577
0.8169014084507042
0.8309859154929577
0.7746478873239436
0.8028169014084507
0.8028169014084507
0.7605633802816901
0.7464788732394366
0.8732394366197183
0.8309859154929577
0.7746478873239436
0.8028169014084507
0.7887323943661971
0.8169014084507042
0.704225352112676
0.7746478873239436
0.8028169014084507
0.8591549295774648
0.8309859154929577
0.8028169014084507
0.7746478873239436
0.8028169014084507
0.9014084507042254
0.8309859154929577
0.7887323943661971
0.8450704225352113
0.8309859154929577
0.7605633802816901
0.8028169014084507
