0.7183098591549296
0.7323943661971831
0.6619718309859155
0.7323943661971831
0.6901408450704225
0.6619718309859155
0.7183098591549296
0.7323943661971831
0.676056338028169
0.7183098591549296
0.7746478873239436
0.704225352112676
0.6197183098591549
0.7605633802816901
0.7605633802816901
0.7183098591549296
0.7605633802816901
0.7323943661971831
0.676056338028169
0.7605633802816901
0.7464788732394366
0.676056338028169
0.7183098591549296
0.676056338028169
0.6901408450704225
0.676056338028169
0.7183098591549296
0.6901408450704225
0.7887323943661971
0.704225352112676
0.7183098591549296
0.7605633802816901
0.6619718309859155
0.6901408450704225
0.7323943661971831
0.7887323943661971
0.7605633802816901
0.704225352112676
0.7323943661971831
0.6619718309859155
0.676056338028169
0.647887323943662
0.7183098591549296
0.7746478873239436
0.7887323943661971
0.7323943661971831
0.676056338028169
0.7183098591549296
0.6901408450704225
0.7605633802816901
0.704225352112676
0.7464788732394366
0.6901408450704225
0.704225352112676
0.7323943661971831
0.6901408450704225
0.7746478873239436
0.7183098591549296
0.647887323943662
0.7323943661971831
0.7323943661971831
0.7323943661971831
0.7323943661971831
0.7323943661971831
0.6901408450704225
0.676056338028169
0.7183098591549296
0.7464788732394366
0.676056338028169
0.7183098591549296
0.7605633802816901
0.7323943661971831
0.7464788732394366
0.6338028169014085
0.7183098591549296
0.676056338028169
0.7464788732394366
0.704225352112676
0.7323943661971831
0.6901408450704225
0.6338028169014085
0.704225352112676
0.6901408450704225
0.7464788732394366
0.7183098591549296
0.7183098591549296
0.7183098591549296
0.7183098591549296
0.7746478873239436
0.7464788732394366
0.676056338028169
0.7605633802816901
0.7605633802816901
0.7464788732394366
0.7746478873239436
0.7605633802816901
0.8028169014084507
0.7464788732394366
0.7183098591549296
0.7464788732394366
0.704225352112676
0.676056338028169
0.7746478873239436
0.7746478873239436
0.7323943661971831
0.7605633802816901
0.647887323943662
0.7323943661971831
0.704225352112676
0.647887323943662
0.7183098591549296
0.7183098591549296
0.7746478873239436
0.7605633802816901
0.7887323943661971
0.7183098591549296
0.7605633802816901
0.704225352112676
0.7323943661971831
0.676056338028169
0.6901408450704225
0.676056338028169
0.8028169014084507
0.7323943661971831
0.7323943661971831
0.6619718309859155
0.7323943661971831
0.7464788732394366
0.647887323943662
0.676056338028169
0.7323943661971831
0.7464788732394366
0.7183098591549296
0.7183098591549296
0.7323943661971831
0.704225352112676
0.704225352112676
0.7183098591549296
0.704225352112676
0.7464788732394366
0.676056338028169
0.647887323943662
0.6197183098591549
0.704225352112676
0.6197183098591549
0.676056338028169
0.7887323943661971
0.7464788732394366
0.6619718309859155
0.7183098591549296
0.7183098591549296
0.7323943661971831
0.7183098591549296
0.7746478873239436
0.676056338028169
0.7183098591549296
0.647887323943662
0.8028169014084507
0.6901408450704225
0.7323943661971831
0.5915492957746479
0.704225352112676
0.7323943661971831
0.8028169014084507
0.7323943661971831
0.676056338028169
0.7746478873239436
0.704225352112676
0.8028169014084507
0.7323943661971831
0.7464788732394366
0.7887323943661971
0.7183098591549296
0.647887323943662
0.7464788732394366
0.7464788732394366
0.704225352112676
0.676056338028169
0.6619718309859155
0.7183098591549296
0.7605633802816901
0.7464788732394366
0.6901408450704225
0.6619718309859155
0.7183098591549296
0.676056338028169
0.7605633802816901
0.676056338028169
0.6901408450704225
0.7183098591549296
0.7887323943661971
0.676056338028169
0.647887323943662
0.6901408450704225
0.7183098591549296
0.7605633802816901
0.7605633802816901
0.7464788732394366
0.676056338028169
0.647887323943662
0.7887323943661971
0.6901408450704225
0.704225352112676
0.7887323943661971
0.6619718309859155
0.704225352112676
0.7464788732394366
0.7183098591549296
0.8309859154929577
0.7605633802816901
0.7183098591549296
0.6338028169014085
0.6901408450704225
0.8028169014084507
0.704225352112676
0.704225352112676
0.7887323943661971
0.7183098591549296
0.7183098591549296
0.6901408450704225
0.7323943661971831
0.7464788732394366
0.7605633802816901
0.7464788732394366
0.6901408450704225
0.7183098591549296
0.704225352112676
0.6619718309859155
0.7605633802816901
0.6619718309859155
0.6901408450704225
0.676056338028169
0.7887323943661971
0.647887323943662
0.704225352112676
0.7746478873239436
0.7605633802816901
0.7605633802816901
0.6619718309859155
0.8028169014084507
0.7464788732394366
0.8028169014084507
0.7746478873239436
0.7605633802816901
0.7746478873239436
0.6619718309859155
0.7464788732394366
0.676056338028169
0.676056338028169
0.6056338028169014
0.7464788732394366
0.704225352112676
0.8028169014084507
0.647887323943662
0.7323943661971831
0.7183098591549296
0.7183098591549296
0.7746478873239436
0.6901408450704225
0.647887323943662
0.6619718309859155
0.7605633802816901
0.6619718309859155
0.7183098591549296
0.7183098591549296
0.7183098591549296
0.7605633802816901
0.704225352112676
0.7605633802816901
0.7605633802816901
0.7605633802816901
0.6901408450704225
0.6901408450704225
0.6619718309859155
0.704225352112676
0.6901408450704225
0.704225352112676
0.7605633802816901
0.704225352112676
0.7464788732394366
0.704225352112676
0.7323943661971831
0.7605633802816901
0.7323943661971831
0.7464788732394366
0.7183098591549296
0.6901408450704225
0.7183098591549296
0.6619718309859155
0.7464788732394366
0.7183098591549296
0.7183098591549296
0.6901408450704225
0.6901408450704225
0.704225352112676
0.7887323943661971
0.7323943661971831
0.704225352112676
0.7605633802816901
0.7183098591549296
0.7464788732394366
0.8028169014084507
0.8028169014084507
0.7887323943661971
0.6901408450704225
0.7183098591549296
0.7323943661971831
0.6901408450704225
0.676056338028169
0.7605633802816901
0.7746478873239436
0.7183098591549296
0.7746478873239436
0.7183098591549296
0.7746478873239436
0.7464788732394366
0.676056338028169
0.7183098591549296
0.7323943661971831
0.704225352112676
0.8309859154929577
0.7323943661971831
0.704225352112676
0.7464788732394366
0.8169014084507042
0.676056338028169
0.704225352112676
0.7746478873239436
0.704225352112676
0.6619718309859155
0.6619718309859155
0.7323943661971831
0.6619718309859155
0.676056338028169
0.7464788732394366
0.7746478873239436
0.7323943661971831
0.7323943661971831
0.7605633802816901
0.7605633802816901
0.7183098591549296
0.7323943661971831
0.676056338028169
0.7183098591549296
0.6619718309859155
0.676056338028169
0.7605633802816901
0.647887323943662
0.676056338028169
0.676056338028169
0.7183098591549296
0.6619718309859155
0.7183098591549296
0.7323943661971831
0.7887323943661971
0.7183098591549296
0.7323943661971831
0.7464788732394366
0.7464788732394366
0.6901408450704225
0.7464788732394366
0.6619718309859155
0.6619718309859155
0.7183098591549296
0.6901408450704225
0.7887323943661971
0.7605633802816901
0.8028169014084507
0.7323943661971831
0.7887323943661971
0.7323943661971831
0.7605633802816901
0.5915492957746479
0.6338028169014085
0.6901408450704225
0.7464788732394366
0.6619718309859155
0.6901408450704225
0.7323943661971831
0.7183098591549296
0.7605633802816901
0.647887323943662
0.704225352112676
0.7605633802816901
0.647887323943662
0.647887323943662
0.7183098591549296
0.7605633802816901
0.7323943661971831
0.7183098591549296
0.676056338028169
0.7746478873239436
0.7746478873239436
0.676056338028169
0.6901408450704225
0.704225352112676
0.7323943661971831
0.647887323943662
0.6901408450704225
0.7323943661971831
0.7183098591549296
0.647887323943662
0.7887323943661971
0.704225352112676
0.7464788732394366
0.6901408450704225
0.7323943661971831
0.7464788732394366
0.676056338028169
0.704225352112676
0.7183098591549296
0.7323943661971831
0.7746478873239436
0.6338028169014085
0.7323943661971831
0.7887323943661971
0.704225352112676
0.704225352112676
0.6901408450704225
0.7464788732394366
0.7323943661971831
0.647887323943662
0.7605633802816901
0.7746478873239436
0.704225352112676
0.6901408450704225
0.7887323943661971
0.7323943661971831
0.7464788732394366
0.7323943661971831
0.6901408450704225
0.7887323943661971
0.6619718309859155
0.7323943661971831
0.7183098591549296
0.7746478873239436
0.7464788732394366
0.7323943661971831
0.704225352112676
0.7605633802816901
0.704225352112676
0.7887323943661971
0.6338028169014085
0.647887323943662
0.7183098591549296
0.7183098591549296
0.7464788732394366
0.7605633802816901
0.6901408450704225
0.6901408450704225
0.676056338028169
0.7183098591549296
0.7464788732394366
0.7605633802816901
0.7605633802816901
0.7605633802816901
0.7323943661971831
0.7464788732394366
0.7183098591549296
0.7183098591549296
0.704225352112676
0.647887323943662
0.7605633802816901
0.7323943661971831
0.704225352112676
0.8028169014084507
0.676056338028169
0.7605633802816901
0.6901408450704225
0.7323943661971831
0.7464788732394366
0.676056338028169
0.7183098591549296
0.6619718309859155
0.7183098591549296
0.6619718309859155
0.7605633802816901
0.7323943661971831
0.647887323943662
0.7887323943661971
0.6901408450704225
0.7183098591549296
0.7323943661971831
0.7323943661971831
0.676056338028169
0.7323943661971831
0.7323943661971831
0.6338028169014085
0.7605633802816901
0.676056338028169
0.7887323943661971
0.7323943661971831
0.7464788732394366
0.704225352112676
0.647887323943662
0.7464788732394366
0.6901408450704225
0.7746478873239436
0.7323943661971831
0.7746478873239436
