0.15602836879432622
0.1527777777777778
0.1958041958041958
0.18320610687022904
0.21052631578947367
0.22695035460992907
0.15714285714285714
0.20588235294117646
0.2
0.1958041958041958
0.2222222222222222
0.17218543046357618
0.2571428571428571
0.1884057971014493
0.10852713178294573
0.22058823529411764
0.2318840579710145
0.24358974358974358
0.27338129496402874
0.2361111111111111
0.14285714285714288
0.3194444444444445
0.20979020979020982
0.21052631578947367
0.24358974358974358
0.1954887218045113
0.2077922077922078
0.15827338129496402
0.17266187050359713
0.2206896551724138
0.23776223776223776
0.14705882352941177
0.19858156028368795
0.17142857142857143
0.2482758620689655
0.1954887218045113
0.1804511278195489
0.22972972972972974
0.15492957746478872
0.2533333333333333
0.1791044776119403
0.23529411764705882
0.24285714285714285
0.25
0.1739130434782609
0.27777777777777773
0.24113475177304963
0.17567567567567566
0.16541353383458648
0.2657342657342657
0.15602836879432622
0.1360544217687075
0.136986301369863
0.24999999999999994
0.14814814814814814
0.15827338129496402
0.14285714285714288
0.17142857142857143
0.17266187050359713
0.1496598639455782
0.29411764705882354
0.14666666666666667
0.174496644295302
0.21794871794871795
0.24113475177304963
0.20270270270270271
0.15037593984962408
0.19858156028368795
0.15602836879432622
0.16541353383458648
0.22666666666666668
0.17777777777777778
0.15037593984962408
0.2222222222222222
0.2448979591836735
0.2
0.2361111111111111
0.2658227848101266
0.23376623376623376
0.1643835616438356
0.22377622377622378
0.21192052980132453
0.17142857142857143
0.24285714285714285
0.0662251655629139
0.18978102189781018
0.18181818181818182
0.1857142857142857
0.2481751824817518
0.19310344827586204
0.15602836879432622
0.14705882352941177
0.20979020979020982
0.16129032258064518
0.15384615384615383
0.171875
0.15789473684210525
0.20134228187919462
0.21768707482993196
0.24460431654676257
0.2112676056338028
0.17218543046357618
0.1751824817518248
0.272108843537415
0.19402985074626863
0.22695035460992907
0.20437956204379562
0.1739130434782609
0.15686274509803919
0.2553191489361702
0.2589928057553957
0.19047619047619044
0.24113475177304963
0.2206896551724138
0.20270270270270271
0.16326530612244897
0.17647058823529413
0.12030075187969924
0.2038216560509554
0.20588235294117646
0.11267605633802817
0.15068493150684933
0.21428571428571427
0.17333333333333334
0.2127659574468085
0.2517482517482518
0.1527777777777778
0.26666666666666666
0.28965517241379307
0.20408163265306123
0.1751824817518248
0.22818791946308722
0.2222222222222222
0.1954887218045113
0.18705035971223022
0.2153846153846154
0.21428571428571427
0.24161073825503357
0.15492957746478872
0.16216216216216214
0.14569536423841062
0.25373134328358204
0.16901408450704225
0.1751824817518248
0.24113475177304963
0.25974025974025977
0.22388059701492535
0.2112676056338028
0.1751824817518248
0.22516556291390727
0.1476510067114094
0.2077922077922078
0.22818791946308722
0.2206896551724138
0.20143884892086328
0.23287671232876714
0.1925925925925926
0.21333333333333335
0.08955223880597014
0.26666666666666666
0.14084507042253522
0.25165562913907286
0.2702702702702703
0.25165562913907286
0.1751824817518248
0.19718309859154928
0.21374045801526714
0.24285714285714285
0.14925373134328357
0.19047619047619044
0.21897810218978103
0.2302158273381295
0.15714285714285714
0.19047619047619047
0.20979020979020982
0.22695035460992907
0.19310344827586204
0.21476510067114096
0.16901408450704225
0.1610738255033557
0.24836601307189543
0.18320610687022904
0.22516556291390727
0.2388059701492537
0.20134228187919462
0.14492753623188404
0.21052631578947367
0.19867549668874174
0.16783216783216784
0.1958041958041958
0.2695035460992907
0.2465753424657534
0.20833333333333331
0.11267605633802817
0.14184397163120568
0.16901408450704225
0.2465753424657534
0.17333333333333334
0.2384105960264901
0.1267605633802817
0.19847328244274812
0.1610738255033557
0.2448979591836735
0.20437956204379562
0.1843971631205674
0.2517482517482518
0.171875
0.2533333333333333
0.21794871794871795
0.09929078014184398
0.2763157894736842
0.2388059701492537
0.17687074829931973
0.1679389312977099
0.2318840579710145
0.21739130434782608
0.21739130434782608
0.15748031496062992
0.24161073825503357
0.2517482517482518
0.25
0.13043478260869565
0.21476510067114096
0.20289855072463767
0.10526315789473684
0.2627737226277372
0.21705426356589147
0.11347517730496454
0.2482758620689655
0.22972972972972974
0.24675324675324675
0.15068493150684933
0.23376623376623376
0.21138211382113822
0.1958041958041958
0.17266187050359713
0.21192052980132453
0.2206896551724138
0.19402985074626863
0.1643835616438356
0.24
0.15151515151515152
0.1818181818181818
0.17054263565891473
0.2153846153846154
0.2533333333333333
0.2112676056338028
0.15172413793103448
0.174496644295302
0.23776223776223776
0.21052631578947367
0.20588235294117646
0.23448275862068968
0.15151515151515152
0.2127659574468085
0.1884057971014493
0.21476510067114096
0.18055555555555552
0.16551724137931034
0.23437499999999997
0.16783216783216784
0.2361111111111111
0.15748031496062992
0.1232876712328767
0.18309859154929578
0.1958041958041958
0.2318840579710145
0.21476510067114096
0.16058394160583941
0.1891891891891892
0.27777777777777773
0.2302158273381295
0.23287671232876714
0.18705035971223022
0.2535211267605634
0.29197080291970806
0.2054794520547945
0.14173228346456693
0.24836601307189543
0.1818181818181818
0.2463768115942029
0.2564102564102564
0.14598540145985403
0.21621621621621626
0.2112676056338028
0.12903225806451613
0.28571428571428575
0.15068493150684933
0.25
0.1891891891891892
0.15286624203821653
0.17721518987341772
0.2054794520547945
0.1818181818181818
0.22377622377622378
0.1343283582089552
0.16176470588235295
0.2222222222222222
0.2649006622516556
0.22516556291390727
0.17834394904458598
0.15748031496062992
0.171875
0.22556390977443608
0.2535211267605634
0.208955223880597
0.18604651162790697
0.23703703703703702
0.15827338129496402
0.15037593984962408
0.22377622377622378
0.22556390977443608
0.32894736842105254
0.20437956204379562
0.2318840579710145
0.2620689655172414
0.15894039735099336
0.1843971631205674
0.2
0.2553191489361702
0.13986013986013987
0.2
0.11267605633802817
0.2748091603053435
0.20408163265306123
0.15894039735099336
0.20289855072463767
0.25165562913907286
0.208955223880597
0.2112676056338028
0.21917808219178084
0.17931034482758623
0.20289855072463767
0.1527777777777778
0.22818791946308722
0.16216216216216214
0.19444444444444445
0.2
0.20289855072463767
0.28368794326241137
0.24242424242424243
0.14285714285714288
0.2533333333333333
0.18055555555555552
0.22516556291390727
0.2
0.16176470588235295
0.2620689655172414
0.23684210526315788
0.18666666666666665
0.2585034013605442
0.1267605633802817
0.22388059701492535
0.10738255033557048
0.2465753424657534
0.2692307692307692
0.2
0.24113475177304963
0.26388888888888884
0.1958041958041958
0.09929078014184398
0.20312499999999997
0.24460431654676257
0.17105263157894735
0.19402985074626863
0.26666666666666666
0.21897810218978103
0.15827338129496402
0.19718309859154928
0.11940298507462685
0.15602836879432622
0.14864864864864866
0.25373134328358204
0.18978102189781018
0.2112676056338028
0.16216216216216214
0.16176470588235295
0.2206896551724138
0.1818181818181818
0.23287671232876714
0.18705035971223022
0.20155038759689925
0.2702702702702703
0.2112676056338028
0.18309859154929578
0.16666666666666666
0.21739130434782608
0.2585034013605442
0.2
0.2
0.1496598639455782
0.23129251700680273
0.20740740740740743
0.17931034482758623
0.2465753424657534
0.2695035460992907
0.16901408450704225
0.2206896551724138
0.19444444444444445
0.27536231884057966
0.19310344827586204
0.2206896551724138
0.22058823529411764
0.12307692307692308
0.2631578947368421
0.2222222222222222
0.18181818181818182
0.21192052980132453
0.2054794520547945
0.11347517730496454
0.14666666666666667
0.22556390977443608
0.2127659574468085
0.2608695652173913
0.27586206896551724
0.15172413793103448
0.18604651162790697
0.2448979591836735
0.2127659574468085
0.2077922077922078
0.19858156028368795
0.22818791946308722
0.22641509433962265
0.27536231884057966
0.14388489208633093
0.136986301369863
0.11666666666666667
0.2481751824817518
0.24324324324324323
0.22929936305732482
0.20270270270270271
0.2535211267605634
0.13333333333333333
0.20289855072463767
0.21897810218978103
0.15384615384615385
0.21333333333333335
0.20740740740740743
0.21897810218978103
0.14569536423841062
0.2571428571428571
0.23776223776223776
0.15384615384615383
0.1313868613138686
0.2361111111111111
0.24460431654676257
0.15384615384615383
0.1679389312977099
0.16176470588235295
0.21897810218978103
0.20134228187919462
0.20689655172413796
0.16551724137931034
0.11510791366906475
0.2127659574468085
0.22695035460992907
0.14864864864864866
0.18791946308724833
0.15714285714285714
0.24460431654676257
0.2692307692307692
0.15068493150684933
0.2684563758389261
0.1487603305785124
0.1527777777777778
0.2838709677419355
0.15151515151515152
0.14173228346456693
0.1843971631205674
0.22058823529411764
0.2285714285714286
0.2318840579710145
0.24050632911392406
0.20289855072463767
0.24113475177304963
0.31999999999999995
0.21705426356589147
0.19672131147540983
0.25766871165644173
0.1891891891891892
0.25
0.2222222222222222
0.24358974358974358
0.304635761589404
0.174496644295302
0.21897810218978103
0.2564102564102564
0.20134228187919462
0.22666666666666668
0.20689655172413796
0.20143884892086328
0.17333333333333334
0.14388489208633093
0.2384105960264901
0.12857142857142856
0.17266187050359713
0.2585034013605442
0.2112676056338028
0.18421052631578946
0.2601626016260163
