0.4710993963914352
0.47752187684274733
0.46700785612065737
0.5111734305003295
0.4461349640115976
0.4783637961040438
0.46646107201145465
0.49986539850605627
0.470974766230325
0.5197539918181664
0.5447127985776331
0.5151991037652383
0.4810743504272082
0.49467909377860286
0.5191713646096661
0.48934877175238745
0.517693440178933
0.4644432191733712
0.5246750883457723
0.49752509271010276
0.5044483674878324
0.5054793886537791
0.5081337180216903
0.5654934889603357
0.5264864811712889
0.5408460954889475
0.4932521238989319
0.5164925273433829
0.48828845653344194
0.46875393996593495
0.47834764064902685
0.5272427424653282
0.5477583072990184
0.4879629896830831
0.5258189417210629
0.5391110370500174
0.5117539995693962
0.4903142701673254
0.5828622714636913
0.5139417294331787
0.48898064880869646
0.5220083964941952
0.5180922362962422
0.5274945919183153
0.4944329894112813
0.5033655440545389
0.5254446769645041
0.45149068655992874
0.456312207394701
0.5352979054809213
0.518514916501155
0.5618185451545443
0.5198237624196285
0.5572396177085956
0.4654536232658567
0.5122949471298621
0.5486098611131299
0.513535456688757
0.5310886062188925
0.4983172110175464
0.486504774770554
0.4515533809549147
0.4985027172379707
0.5205336801588688
0.4666069605706113
0.5354128439603966
0.49907767166493433
0.5396098804422211
0.4590081681881341
0.47946217277898445
0.5040753070363743
0.5162833253111812
0.5401894794329823
0.520720411299664
0.4984634517041323
0.4926638831853986
0.498450442913293
0.5101129759266634
0.4567778537282543
0.48968966840589495
0.5117617894581867
0.49226439867448385
0.4946551037465737
0.471585020658519
0.4870461180673906
0.4644224321491809
0.5181715043018206
0.5400083805447521
0.4515962521246857
0.47082696837043264
0.5334010754560496
0.4582484188378605
0.550018840980623
0.49213382053980126
0.46863645281594635
0.5232768945944138
0.538450657980435
0.4550944263700768
0.4939838012321838
0.5051118313093319
0.5112427336310352
0.5224464517360126
0.538912443406572
0.4652538117723196
0.5200621825018248
0.5155054256534665
0.4444538905582068
0.5020838736717649
0.5134494892351247
0.4595503453024333
0.521796551928536
0.49772803673981003
0.5370113029324198
0.5079278149892299
0.4517245749500539
0.47177106872358704
0.5062104199462643
0.5065385994068262
0.4513696311586469
0.49367678328850406
0.5386019926633091
0.5116385441079045
0.5024114267290171
0.502858994880001
0.5090903887691832
0.5143637486169849
0.5451603255478968
0.5130156698013639
0.5232234238121114
0.47664796037055274
0.5011230923634917
0.4906156375488658
0.5093752417841225
0.48126565430087903
0.49797314012073074
0.5053987932097165
0.45597632970374624
0.5397758756897335
0.4413966608961092
0.4332650067770529
0.45287392060311665
0.5058275995669586
0.45579430534505816
0.4816211518811322
0.44985796636847364
0.5125131020359756
0.5117459349064303
0.533594321136341
0.5190056518590461
0.49386900953002427
0.4747076580330005
0.49226252342754984
0.4941299279901753
0.46820337248223254
0.5158826838804216
0.44674589137455945
0.5172531943973094
0.5340563073208957
0.5064501004908043
0.47417184193409356
0.5085943866281153
0.4755209057829209
0.5028660683550583
0.47139944033026876
0.490894153843975
0.46367755345834344
0.490222195474998
0.4948302386656187
0.5157858503615449
0.4665877225924119
0.45463673573931124
0.4808333768789198
0.5195227799729272
0.49003537587252155
0.5378339711760052
0.4971766263342237
0.5161293094244205
0.5456497317122664
0.5198756726834657
0.4977377416714642
0.4741374726470729
0.49723826904275575
0.5453188201366281
0.5180937620004186
0.5448332812251229
0.45362473911206885
0.4674552022070848
0.47831971287533903
0.4828392714388266
0.5088353526853387
0.4832939572469904
0.4871282151073668
0.4707976765515337
0.5223587537521
0.5214879387525699
0.539137920924417
0.5163172945895012
0.5163620573843585
0.4765580217963703
0.49226839939105216
0.5007818621478124
0.5618679953088871
0.5061288390029889
0.5233301873920249
0.4974883050438835
0.5001398935137225
0.4807959710510922
0.5309254189689339
0.5125960387425241
0.5157434988708038
0.5190584896663071
0.521426413639877
0.5158132983003727
0.5293214040225719
0.45081511011105846
0.5062293904856043
0.47336964039862905
0.5149449132969841
0.5081355732340915
0.4913910758274873
0.5151650908118417
0.4467224136177654
0.4761159371251457
0.5076320394707693
0.5525139031433706
0.4361671534689926
0.5195303765039028
0.4989908999223166
0.5166881186763549
0.47546742241500317
0.5098502259707681
0.4774678753279481
0.4870621761924703
0.5106681659540347
0.47769386690264404
0.4697362529212789
0.48242910702976194
0.4649815063564734
0.5418277632056295
0.44057918247794803
0.4731974234537583
0.4885734656098716
0.54408286407006
0.5100400414999108
0.4900340640825899
0.5108657014831564
0.4639744203145571
0.5052962511654608
0.5054116892740388
0.48958018602012043
0.5035939560892572
0.5582384961621016
0.5217625597339411
0.5480621041203217
0.5000580335085375
0.5091194164804095
0.5416410223476562
0.5315257723857018
0.5371072268190531
0.5166098257027453
0.4773583677418715
0.5308596304329959
0.47584202209568927
0.46943943278041034
0.5382835876425403
0.5060793884173874
0.5320989355189001
0.43662435172353437
0.507903521284075
0.5337353009708011
0.5271064477309142
0.46857267502360006
0.4910633986063374
0.5078591938598234
0.503799973794101
0.5477922227103478
0.4964261991993483
0.4396465900549825
0.491880899762045
0.49202560430437525
0.48724963020450995
0.44891492421063267
0.4733173828994808
0.48050281525650756
0.5674341606898735
0.5020737904060367
0.5174412658408215
0.46952131510937617
0.5038816699539401
0.523279189941724
0.5121450239436844
0.5366877346312886
0.47411013060747753
0.5125011838113434
0.4405279248969689
0.5764813706034416
0.5035917231893086
0.4437449182518815
0.45327289352803957
0.5371977382268781
0.5263757516453194
0.5158079054272002
0.5207731968146987
0.48465122680245787
0.48463937927484757
0.4974048605210559
0.4658072612333081
0.4685159767234825
0.47804527110188366
0.5015940891154196
0.5553911422938547
0.5007610458651
0.5114201161936156
0.45000669923075914
0.4862187599959605
0.45643730646784686
0.5245109499586225
0.5157093570911437
0.5071373741334169
0.5396000756471859
0.5275750467133397
0.5251858212427357
0.4819210953325526
0.5263323264102572
0.5119195201563241
0.48570935318756714
0.557495135634259
0.5303547631615504
0.49052461472129477
0.5042363706013828
0.5313948397797378
0.5452982369371735
0.4754702780128599
0.5118221003612491
0.4384627325643076
0.4954800825977171
0.4805454590639707
0.4662066320590828
0.5042053570560742
0.5043617952165345
0.49964316356629396
0.5108821531294752
0.4965796235567844
0.5447747189198928
0.5034040792284653
0.5344564188734219
0.502753405469801
0.5636659216599436
0.5433521987090677
0.5295742537572737
0.5467194378159285
0.5414966517202336
0.5286722942682697
0.46135942100560823
0.549260765678394
0.5313553568417262
0.543199304653984
0.5415483544166743
0.5452619772649369
0.45747739688168376
0.510082868524027
0.46981469973609163
0.5171395774418988
0.5319363829937835
0.494262233785759
0.46100125212404064
0.5060913360931544
0.5045597319284546
0.5366592694015748
0.5052976765719736
0.5263777650952337
0.5511897588736012
0.5021916831970453
0.4957683654345385
0.5199273800884139
0.4872141448939445
0.44860280750646353
0.4558727876687788
0.4713559953409665
0.48684518890267164
0.4891843952951243
0.5533723481066322
0.5040529711540975
0.5292320203818236
0.46804050693405486
0.5247067264020241
0.4853077810940177
0.4968358571991508
0.4829072909906597
0.5050968953945107
0.5459976390243138
0.549314984086348
0.5283529607592422
0.4576733672117927
0.46080851461547073
0.4935989590006904
0.5045961998002464
0.44516037689814897
0.487146141920798
0.45171344632838406
0.5151220735758996
0.4362343294354014
0.5085292776008522
0.4773422683641424
0.4828961370740671
0.5303586075915242
0.5194098770919808
0.5274563206490913
0.5029853025580803
0.4964606371085364
0.4829883492000112
0.5126847428769282
0.5172078796550301
0.511509904097856
0.5394919439967463
0.5520817077393807
0.4947378315801888
0.4699281630936324
0.46285327747335214
0.48099132541108314
0.45783516997896606
0.5146848620473181
0.4819617326164453
0.5022053495647676
0.5027737039356135
0.5289183607048862
0.5240439931392993
0.4869329231157904
0.5098337503346471
0.5424903515943454
0.5047965631285426
0.500452182867015
0.5142454110014717
0.4931343398829674
0.48966839457333117
0.5197912849256247
0.5420711923919921
0.5136891509300501
0.4717840494789468
0.5253584650246929
0.5130237350301111
0.4748300593955056
0.49215885163635315
0.4933176683072852
0.44526348029571433
0.48727071751544493
0.5170577328916665
0.43229318405973044
0.44521832439135545
0.5334443929674682
0.47513196729743
0.6034945668992381
0.47115483940840375
0.4829828378163031
0.5256776032175625
0.519195146673829
0.4897284229286014
0.5760110285836022
0.4625177681973882
0.5379380160047573
0.45655256901610264
0.5246448619297416
0.5187798279680718
0.5286734121590463
0.4711566291694567
0.5295237601538566
0.4759585684573243
0.5273381311520792
0.46666998582796776
0.49164374230328367
0.48312147639810493
0.521934156978788
0.5201614807815516
0.5404516169030558
0.5063117507431396
0.5120681911913552
0.5166886091992433
0.47995681728484674
0.5304322895557796
0.4570406814135645
0.49680346029958034
0.5479152932891606
0.48738569635727785
0.5052295951256723
0.49483659060563767
0.4901486158280917
0.46419889193542696
0.5085693060560558
0.5114673957199755
0.48699257907285004
0.49002273222854603
0.5028986988407416
0.5354058988334354
0.5580605329970068
0.5180988990753292
0.4966360224158846
0.4332776051741376
0.46849485216476194
0.5071681610905727
0.5379138161297013
