0.5510204081632653
0.4406779661016949
0.6
0.4807692307692308
0.6304347826086957
0.5357142857142857
0.6170212765957447
0.5531914893617021
0.5833333333333334
0.509090909090909
0.5
0.5245901639344263
0.5294117647058824
0.48333333333333334
0.54
0.6
0.49056603773584906
0.4716981132075472
0.6170212765957447
0.5416666666666666
0.5
0.5849056603773585
0.4666666666666667
0.5
0.5555555555555556
0.5471698113207547
0.5681818181818182
0.48936170212765956
0.5471698113207547
0.5576923076923077
0.49122807017543857
0.4897959183673469
0.5333333333333333
0.5660377358490566
0.625
0.5555555555555556
0.5272727272727272
0.5576923076923077
0.5777777777777777
0.54
0.5098039215686274
0.509090909090909
0.6086956521739131
0.5686274509803921
0.5254237288135594
0.5370370370370371
0.574468085106383
0.5714285714285714
0.5625
0.4745762711864407
0.5686274509803921
0.5961538461538461
0.5094339622641509
0.5652173913043478
0.5636363636363636
0.6590909090909091
0.5471698113207547
0.5087719298245614
0.5555555555555556
0.5471698113207547
0.5576923076923077
0.5714285714285714
0.5918367346938775
0.5116279069767442
0.6136363636363636
0.5111111111111111
0.56
0.41818181818181815
0.5111111111111111
0.5370370370370371
0.5
0.5490196078431373
0.5476190476190477
0.5094339622641509
0.5714285714285714
0.5370370370370371
0.48214285714285715
0.5686274509803921
0.5106382978723404
0.5294117647058824
0.5471698113207547
0.5272727272727272
0.45588235294117646
0.5471698113207547
0.5306122448979592
0.4838709677419355
0.5
0.4666666666666667
0.5178571428571429
0.5849056603773585
0.5490196078431373
0.5660377358490566
0.5
0.5581395348837209
0.5769230769230769
0.5909090909090909
0.6046511627906976
0.5576923076923077
0.5319148936170213
0.5344827586206896
0.5098039215686274
0.6046511627906976
0.58
0.6585365853658537
0.6363636363636364
0.5581395348837209
0.6666666666666666
0.5833333333333334
0.5957446808510638
0.5869565217391305
0.49122807017543857
0.5106382978723404
0.56
0.5660377358490566
0.5333333333333333
0.5370370370370371
0.5294117647058824
0.5087719298245614
0.574468085106383
0.5535714285714286
0.5869565217391305
0.5185185185185185
0.6595744680851063
0.48
0.5686274509803921
0.6086956521739131
0.5185185185185185
0.5652173913043478
0.5087719298245614
0.6041666666666666
0.625
0.6122448979591837
0.48214285714285715
0.5
0.56
0.5333333333333333
0.7027027027027027
0.5185185185185185
0.5869565217391305
0.5
0.5192307692307693
0.5094339622641509
0.5254237288135594
0.5192307692307693
0.48214285714285715
0.6041666666666666
0.5102040816326531
0.5471698113207547
0.5357142857142857
0.5681818181818182
0.5111111111111111
0.6097560975609756
0.574468085106383
0.6
0.6222222222222222
0.5918367346938775
0.5344827586206896
0.5686274509803921
0.5178571428571429
0.5208333333333334
0.5087719298245614
0.5686274509803921
0.509090909090909
0.5081967213114754
0.4727272727272727
0.5510204081632653
0.5961538461538461
0.5178571428571429
0.56
0.5833333333333334
0.6530612244897959
0.5434782608695652
0.6
0.5555555555555556
0.574468085106383
0.54
0.5777777777777777
0.625
0.5294117647058824
0.47761194029850745
0.5272727272727272
0.5471698113207547
0.6086956521739131
0.5087719298245614
0.5952380952380952
0.5
0.49056603773584906
0.5777777777777777
0.45161290322580644
0.48148148148148145
0.5833333333333334
0.5576923076923077
0.6
0.5769230769230769
0.5714285714285714
0.5714285714285714
0.4716981132075472
0.5384615384615384
0.5416666666666666
0.5882352941176471
0.46551724137931033
0.6222222222222222
0.5084745762711864
0.52
0.6511627906976745
0.5185185185185185
0.6046511627906976
0.5263157894736842
0.6363636363636364
0.5098039215686274
0.5384615384615384
0.4626865671641791
0.54
0.5306122448979592
0.6097560975609756
0.6170212765957447
0.6363636363636364
0.5272727272727272
0.5535714285714286
0.54
0.4642857142857143
0.5471698113207547
0.5116279069767442
0.49056603773584906
0.625
0.5555555555555556
0.45098039215686275
0.5
0.5178571428571429
0.49019607843137253
0.6829268292682927
0.5909090909090909
0.4642857142857143
0.509090909090909
0.5263157894736842
0.5714285714285714
0.5510204081632653
0.5384615384615384
0.5581395348837209
0.4423076923076923
0.5531914893617021
0.6136363636363636
0.6
0.5660377358490566
0.46296296296296297
0.5166666666666667
0.5
0.5319148936170213
0.5172413793103449
0.5
0.5909090909090909
0.5
0.6
0.5
0.5
0.6226415094339622
0.48148148148148145
0.4827586206896552
0.46774193548387094
0.6078431372549019
0.5471698113207547
0.5517241379310345
0.6
0.5686274509803921
0.6041666666666666
0.49056603773584906
0.484375
0.5
0.5471698113207547
0.56
0.5510204081632653
0.5208333333333334
0.5172413793103449
0.6511627906976745
0.5416666666666666
0.4603174603174603
0.5185185185185185
0.5849056603773585
0.5576923076923077
0.5102040816326531
0.5283018867924528
0.54
0.52
0.5
0.4482758620689655
0.47692307692307695
0.58
0.5283018867924528
0.453125
0.45
0.5869565217391305
0.5471698113207547
0.4791666666666667
0.6153846153846154
0.5849056603773585
0.6444444444444445
0.5192307692307693
0.5087719298245614
0.43859649122807015
0.4528301886792453
0.4827586206896552
0.6530612244897959
0.7222222222222222
0.5434782608695652
0.5490196078431373
0.5961538461538461
0.5
0.48936170212765956
0.4807692307692308
0.6938775510204082
0.49019607843137253
0.6363636363636364
0.4909090909090909
0.509090909090909
0.6304347826086957
0.5416666666666666
0.5
0.6078431372549019
0.4807692307692308
0.5660377358490566
0.5576923076923077
0.6
0.6304347826086957
0.5454545454545454
0.5686274509803921
0.5454545454545454
0.5306122448979592
0.6222222222222222
0.4576271186440678
0.5625
0.5178571428571429
0.58
0.47368421052631576
0.48148148148148145
0.5
0.4827586206896552
0.4406779661016949
0.5294117647058824
0.5689655172413793
0.4074074074074074
0.6444444444444445
0.4603174603174603
0.5957446808510638
0.5283018867924528
0.62
0.6136363636363636
0.5272727272727272
0.4745762711864407
0.49019607843137253
0.5641025641025641
0.5283018867924528
0.6046511627906976
0.5813953488372093
0.43333333333333335
0.5416666666666666
0.4576271186440678
0.6304347826086957
0.4827586206896552
0.3968253968253968
0.5294117647058824
0.5625
0.6086956521739131
0.6888888888888889
0.5272727272727272
0.5454545454545454
0.5098039215686274
0.45454545454545453
0.5333333333333333
0.5263157894736842
0.5454545454545454
0.5510204081632653
0.5689655172413793
0.4716981132075472
0.484375
0.5714285714285714
0.5087719298245614
0.543859649122807
0.6136363636363636
0.5
0.7
0.5084745762711864
0.5087719298245614
0.5185185185185185
0.6041666666666666
0.5102040816326531
0.5833333333333334
0.56
0.6304347826086957
0.5882352941176471
0.543859649122807
0.625
0.5102040816326531
0.46774193548387094
0.4576271186440678
0.5660377358490566
0.5769230769230769
0.5263157894736842
0.6190476190476191
0.509090909090909
0.5416666666666666
0.625
0.52
0.5660377358490566
0.5777777777777777
0.47368421052631576
0.5
0.4666666666666667
0.4444444444444444
0.5652173913043478
0.6
0.5471698113207547
0.5714285714285714
0.5576923076923077
0.5102040816326531
0.5714285714285714
0.5172413793103449
0.5686274509803921
0.5283018867924528
0.4642857142857143
0.6037735849056604
0.5660377358490566
0.509090909090909
0.5319148936170213
0.5740740740740741
0.5416666666666666
0.49056603773584906
0.5102040816326531
0.5576923076923077
0.5084745762711864
0.4918032786885246
0.5348837209302325
0.49122807017543857
0.4666666666666667
0.6136363636363636
0.5294117647058824
0.5869565217391305
0.5686274509803921
0.5294117647058824
0.58
0.47540983606557374
0.48148148148148145
0.48214285714285715
0.46153846153846156
0.5416666666666666
0.4482758620689655
0.6363636363636364
0.58
0.4745762711864407
0.4909090909090909
0.5576923076923077
0.5660377358490566
0.5333333333333333
0.5535714285714286
0.58
0.5294117647058824
0.5686274509803921
0.5396825396825397
0.5555555555555556
0.5185185185185185
0.6041666666666666
0.5535714285714286
0.5185185185185185
0.46153846153846156
0.5
0.6326530612244898
0.5384615384615384
0.5660377358490566
0.5
0.5
0.4406779661016949
0.5869565217391305
0.559322033898305
0.52
0.5833333333333334
0.5652173913043478
0.6744186046511628
0.5652173913043478
0.5882352941176471
0.5344827586206896
0.5869565217391305
0.5652173913043478
0.55
0.5510204081632653
0.509090909090909
0.6136363636363636
0.4827586206896552
0.7297297297297297
0.5510204081632653
0.5
0.5454545454545454
0.5
0.5740740740740741
0.6
0.5161290322580645
0.5272727272727272
0.6170212765957447
0.52
0.5172413793103449
0.4727272727272727
0.5
