0.5069296267175439
0.3747863801459514
0.49601413113679715
0.40834952313044187
0.48444193855910084
0.47471457238820064
0.4994637148148684
0.4836128279126386
0.5071956804269333
0.47146901894467313
0.38761651098495187
0.5126820020206164
0.44467575813843735
0.45265169642560543
0.4702106061700549
0.49056057660315744
0.41289577612590156
0.4231546754980201
0.5323554001725457
0.43746672488828253
0.44086609098525664
0.4569760485466762
0.3959701795521776
0.40215839284921406
0.4790068454893037
0.474581381570022
0.5331302931620291
0.48065226351688567
0.44769724983987585
0.46422512256558623
0.42413803542225614
0.40951195650698563
0.4502079711177624
0.46123896390807606
0.5347247044744604
0.5110366344477963
0.4799578716289693
0.5092803255871846
0.502157262368045
0.4524222615441482
0.4539913865598641
0.4514665656804145
0.4798420780242176
0.4971272689007122
0.4143756898866686
0.49788142216240217
0.4420957275763204
0.47796504036845644
0.48029355004739704
0.45272270538641723
0.44987703863863543
0.503576808554689
0.4561810653030706
0.4532857856907293
0.495931404091428
0.48531947222008937
0.4477972943437015
0.4616955926650911
0.47514296535379136
0.43981636891645665
0.49104087816819886
0.47273642457788656
0.47796065803586935
0.4584293433635904
0.4818105340776687
0.4294238401128031
0.45737087363468365
0.42097811173284516
0.5080033955373219
0.44735191446216216
0.43409937550868316
0.49920574975175824
0.4757469535822754
0.39505260218408406
0.44368441111755447
0.4674977195938366
0.44676143448209693
0.4780697237173569
0.4246104635400679
0.44693514447021354
0.4219674338019804
0.45028847257488247
0.42496642077022734
0.4983616556223339
0.4688430846272978
0.3772353033009912
0.42574848591194586
0.3836456521461082
0.4528248533425239
0.44111835148793405
0.4109833848186966
0.449542163410971
0.4538379500635037
0.440300487066571
0.5091839630395649
0.4816608014617985
0.49092083793028335
0.48549654360116345
0.49167607664164903
0.4704076588860888
0.4687786139558341
0.49386309005730233
0.5089879003360138
0.4397625758344871
0.478631224397017
0.49048928740360814
0.5062665292722235
0.4323958144073522
0.5025245949456858
0.5117367919909233
0.4895495947998401
0.4257657154088336
0.5277830845655328
0.4744093824782525
0.4547703611437197
0.4480060594962193
0.43136337149026677
0.407429833008938
0.44789214061930477
0.42338606269539103
0.4682707214322166
0.45124947631233886
0.5226458220272908
0.47180780116569626
0.49033481806205176
0.5018183050955708
0.4297191046952694
0.4669719440957301
0.38333367011697883
0.4966766997978077
0.5206840721478109
0.5289014647970336
0.42392820736489184
0.44519794581754596
0.4831524374490358
0.47349943249402054
0.5073367155582822
0.4752331767243112
0.48376428707076446
0.4640256271828744
0.44700872740821007
0.4160797708211781
0.432734091431253
0.42353500438727476
0.426914977317479
0.5145430524917937
0.4728675431362615
0.45204631346679813
0.42204379542458825
0.46606929268095926
0.4604919805120617
0.46109582052954795
0.4495967456266187
0.49603538003867675
0.47587734476729
0.46636642517674537
0.4888696154057638
0.48049622201591424
0.4497854159751708
0.4294947437673669
0.4288685817370963
0.46587613553387897
0.42337693755650696
0.40783288971377896
0.44590985798383803
0.48047550377653103
0.43957060090661315
0.48051468592921504
0.4619823267286666
0.48502877687141754
0.48863937593046597
0.43441442799723545
0.49354563890856595
0.5000867899657082
0.4890492123543612
0.4631074174018331
0.4632971908409759
0.47342869980813157
0.4814959816644777
0.4187611516270294
0.46250247077941065
0.49294568447645803
0.5048250720130911
0.44111856120604837
0.4564813397594102
0.46991642489433816
0.459506995874294
0.5031678567158246
0.43640631899119037
0.43377677249361446
0.537331049356198
0.5056572390536815
0.48636025009192985
0.4664708035172093
0.4661296296936076
0.44783360061213795
0.5082032590283518
0.5135679287622777
0.44545695862571955
0.4539014371184816
0.4124040150537476
0.5080167031766362
0.42148158196397145
0.46354308720993964
0.5045637341398316
0.4965591451617967
0.5049727205603507
0.460482547669653
0.5010483919395449
0.45613916966468004
0.47148118559464824
0.36533471711764054
0.4531519497101176
0.47372734121208493
0.4851451617619098
0.5013843615984411
0.4847976947466736
0.4399503718328537
0.43308525226810035
0.47916719900719645
0.40476412395944295
0.46066979837971567
0.45002099962432335
0.40017356207965765
0.4697933808196313
0.5156062957250851
0.46430908181049896
0.4164822511358872
0.4208435696789906
0.44701490980643777
0.5139992457930482
0.5175384023449388
0.46516680197680976
0.4270120191913244
0.4408891544096885
0.47046275880564176
0.46397990412267154
0.4456628236518341
0.45635722630875963
0.3827180043785467
0.46337920748512096
0.48728222154827744
0.5053641932407057
0.4161730822377945
0.4290909037718194
0.4112751597771591
0.44816023839250974
0.43121328248182744
0.4649905634937859
0.4371308557889084
0.5336482676727621
0.4816925364753226
0.44903563732889074
0.44621020232880515
0.43894894837092513
0.5482882528229962
0.4268069344791202
0.4101295417795634
0.3837118444835768
0.4698323444548394
0.5213991407578715
0.4508333026135296
0.4318912231523169
0.5040542717787836
0.49050205023566934
0.4362260025038963
0.43095285083586443
0.4684178437163852
0.4710202242252695
0.4586365161438376
0.4502849823352693
0.4604406500420731
0.39828553343540973
0.499289131295007
0.4389438543716975
0.4486710296415182
0.4560340981618504
0.4649341990387643
0.4861790466210071
0.41541270313281387
0.4319305731336134
0.46928192988275347
0.45184127458569384
0.4627305043445338
0.4071589578343756
0.4237128509989672
0.4804501011707105
0.5187607254227143
0.42437130963622544
0.420166391466095
0.4347188034503184
0.46044020360113846
0.44520755783633215
0.46946482512033755
0.46824546593297955
0.5195527366863498
0.47346252946805667
0.411785998607051
0.42525804463025807
0.47087002164274416
0.45150619908986
0.5194490832241432
0.5078410266650165
0.4619735748500197
0.4719166444950516
0.485089842641693
0.4558974613355178
0.44825976516725713
0.4663037264331322
0.5830493559757773
0.4370071064088635
0.4992260938179225
0.4854211145520571
0.42608946373545453
0.49151067773550855
0.45983381507175103
0.4205534430948818
0.48459457844732334
0.4400154673337288
0.4615232992642468
0.4427751354523703
0.5123435189561498
0.4877745267482897
0.47952193364214046
0.4693937991633198
0.494649299585208
0.4848581462785548
0.4578112282036028
0.43421246177474737
0.4548798237883849
0.4605798413488695
0.504506671701211
0.42685806576761987
0.4446952563249325
0.44715760368722446
0.4329841601543444
0.3875601896090369
0.4376910648550205
0.4617310240131826
0.41289146339102045
0.46999067748737183
0.46213650371571524
0.5069270102851423
0.4776876067913195
0.5186166944707663
0.506747766672003
0.4338736514463813
0.4090324320881175
0.41350968894391316
0.42137172354341157
0.48341653980871974
0.4689897444184207
0.4932213917882807
0.4055567401353787
0.4406827022041657
0.4152669988380424
0.5306221919955635
0.4315496615711977
0.37047523174740615
0.47698657781989057
0.4732641608799669
0.4705081810257901
0.5235529609814595
0.44909450169350235
0.4601977767337134
0.4932117794793587
0.38335072337617854
0.47047239060924617
0.46504795635463636
0.4358953939284138
0.43175582374887933
0.5220669727723605
0.4227471092960213
0.4471374797922732
0.48177827365868664
0.4713210581982942
0.4387990290667488
0.5032114969753614
0.40260292610143916
0.5265843455158622
0.4922422165888186
0.46414224705636403
0.4373140509438461
0.4703496406886901
0.4926395272584706
0.49173678474457055
0.47072050784744923
0.4983733985374262
0.4807010667970545
0.478456761145669
0.48417992743479127
0.4773588567060432
0.40207978205754324
0.42192398244490614
0.4902217438839384
0.4982923119128762
0.3967957872681541
0.48355566576827347
0.49279221328592987
0.4311714983754083
0.5456113898981007
0.461395268441865
0.5177855951849802
0.4442748389602278
0.42044677405184094
0.4202786579309653
0.49250247303277866
0.3860298325900946
0.480193655891492
0.4827135534104851
0.4451063693584147
0.5015670462741153
0.5078898159965359
0.4648472694740807
0.43690614520780946
0.49711516630022645
0.5101983362475526
0.43111430740571877
0.44522395520658237
0.5082343311391354
0.5198987158620221
0.4217686612921808
0.4487831137204945
0.4565528248066586
0.4581733387471068
0.4267740491875493
0.43141542548837797
0.48719971741834256
0.4443824159260055
0.4603112208315576
0.46008791660748705
0.3981423165196807
0.4531192281776305
0.5456265012034651
0.48672472875437134
0.49234047856774843
0.5081548763155558
0.47522568143634686
0.5088118451036262
0.4318905183400128
0.4697697603071031
0.46624184220650944
0.40662017380837107
0.4551234164404768
0.378638314375951
0.5305924527414685
0.5152937185085653
0.4332658198393334
0.44315743166132154
0.5000918328137853
0.5199050444829395
0.4968372421853125
0.49331666453801815
0.45260544069092795
0.44245127331483114
0.49965968414826933
0.49632751408845266
0.43559289522962297
0.4367320515072525
0.4977686176122603
0.46673174531597494
0.425533342996389
0.3994463001991106
0.41944416101925064
0.5271910232772223
0.48986594916678206
0.49274030969928445
0.41271376583525043
0.4651553712958432
0.4078950659097298
0.5323347611144773
0.44661658800455495
0.40704988501407185
0.5027590557789141
0.5018538606214593
0.5468570680492462
0.4899768631890962
0.4927372885271787
0.4179363786354149
0.48732994963014653
0.47589370442444
0.5116437895191538
0.5061791446254805
0.4630785925955538
0.4994537055736472
0.4021360824396558
0.5061748174335761
0.43253799131369125
0.42569330507414205
0.45162799829872474
0.4809641621979942
0.48460886454068897
0.48783197438200265
0.46121744783813584
0.4624147379422355
0.5079975355281033
0.4295209509380545
0.43041278838929253
0.4451961344200539
0.48393412285178083
