0.28846153846153844
0.24686192468619247
0.2796208530805687
0.2744186046511628
0.29064039408866993
0.2757009345794392
0.2796208530805687
0.2669683257918552
0.2857142857142857
0.27699530516431925
0.2803738317757009
0.2602739726027397
0.2796208530805687
0.28502415458937197
0.3010204081632653
0.2796208530805687
0.28292682926829266
0.26635514018691586
0.2904761904761905
0.29411764705882354
0.3072916666666667
0.28921568627450983
0.2747747747747748
0.2764976958525346
0.29441624365482233
0.27149321266968324
0.2669683257918552
0.28708133971291866
0.27314814814814814
0.28169014084507044
0.2702702702702703
0.2645739910313901
0.2780487804878049
0.2744186046511628
0.28921568627450983
0.26976744186046514
0.2565217391304348
0.3010204081632653
0.28292682926829266
0.2912621359223301
0.2681818181818182
0.29850746268656714
0.273972602739726
0.28780487804878047
0.297029702970297
0.27149321266968324
0.27751196172248804
0.28292682926829266
0.28365384615384615
0.2669683257918552
0.2926829268292683
0.2830188679245283
0.27522935779816515
0.27314814814814814
0.29
0.2964824120603015
0.2783018867924528
0.26244343891402716
0.2694063926940639
0.2912621359223301
0.271889400921659
0.2764976958525346
0.2764976958525346
0.27314814814814814
0.27314814814814814
0.2822966507177033
0.2694063926940639
0.2898550724637681
0.26576576576576577
0.28502415458937197
0.2796208530805687
0.297029702970297
0.28095238095238095
0.2932692307692308
0.2871287128712871
0.2843601895734597
0.26222222222222225
0.29064039408866993
0.2747747747747748
0.27149321266968324
0.27314814814814814
0.2777777777777778
0.2757009345794392
0.28365384615384615
0.3076923076923077
0.2890995260663507
0.28502415458937197
0.2822966507177033
0.2871287128712871
0.2645739910313901
0.27884615384615385
0.2643171806167401
0.26548672566371684
0.29381443298969073
0.2744186046511628
0.28431372549019607
0.2757009345794392
0.28921568627450983
0.25316455696202533
0.2600896860986547
0.273972602739726
0.28921568627450983
0.2694063926940639
0.28921568627450983
0.2602739726027397
0.2964824120603015
0.2955665024630542
0.2706422018348624
0.28846153846153844
0.2857142857142857
0.2638888888888889
0.2543859649122807
0.28095238095238095
0.2850467289719626
0.2796208530805687
0.27884615384615385
0.2964824120603015
0.2702702702702703
0.26785714285714285
0.2822966507177033
0.27314814814814814
0.2837209302325581
0.2830188679245283
0.271889400921659
0.27522935779816515
0.28780487804878047
0.26785714285714285
0.2706422018348624
0.2777777777777778
0.3034825870646766
0.2783018867924528
0.2672811059907834
0.28292682926829266
0.2706422018348624
0.2912621359223301
0.271889400921659
0.27102803738317754
0.2857142857142857
0.2850467289719626
0.2926829268292683
0.2761904761904762
0.2935323383084577
0.2885572139303483
0.2764976958525346
0.2815533980582524
0.26905829596412556
0.28095238095238095
0.2914572864321608
0.273972602739726
0.2753623188405797
0.2744186046511628
0.2744186046511628
0.2871287128712871
0.2777777777777778
0.3020833333333333
0.28365384615384615
0.27149321266968324
0.26339285714285715
0.2608695652173913
0.28502415458937197
0.273972602739726
0.2626728110599078
0.28780487804878047
0.2822966507177033
0.25316455696202533
0.2643171806167401
0.29064039408866993
0.28921568627450983
0.30303030303030304
0.27314814814814814
0.2843601895734597
0.27230046948356806
0.29411764705882354
0.28169014084507044
0.26785714285714285
0.28095238095238095
0.2744186046511628
0.2631578947368421
0.26905829596412556
0.3125
0.27358490566037735
0.2815533980582524
0.26605504587155965
0.28095238095238095
0.2772727272727273
0.26576576576576577
0.26339285714285715
0.271889400921659
0.2643171806167401
0.27314814814814814
0.28921568627450983
0.28095238095238095
0.25675675675675674
0.2885572139303483
0.2783018867924528
0.2885572139303483
0.2706422018348624
0.28502415458937197
0.29949238578680204
0.27522935779816515
0.29064039408866993
0.2706422018348624
0.26851851851851855
0.2830188679245283
0.31693989071038253
0.2669683257918552
0.29
0.2926829268292683
0.295
0.29064039408866993
0.27102803738317754
0.2590909090909091
0.28640776699029125
0.28217821782178215
0.29292929292929293
0.27522935779816515
0.26605504587155965
0.27699530516431925
0.26222222222222225
0.28846153846153844
0.24793388429752067
0.28640776699029125
0.2964824120603015
0.30456852791878175
0.29292929292929293
0.2744186046511628
0.271889400921659
0.27906976744186046
0.28365384615384615
0.3157894736842105
0.28365384615384615
0.2706422018348624
0.28780487804878047
0.27522935779816515
0.28846153846153844
0.28095238095238095
0.2830188679245283
0.2964824120603015
0.31382978723404253
0.2706422018348624
0.2955665024630542
0.28365384615384615
0.2757009345794392
0.2663755458515284
0.3015075376884422
0.2757009345794392
0.27751196172248804
0.2955665024630542
0.26126126126126126
0.28078817733990147
0.2830188679245283
0.2796208530805687
0.27102803738317754
0.26222222222222225
0.28780487804878047
0.2857142857142857
0.271889400921659
0.2783018867924528
0.2777777777777778
0.2706422018348624
0.28365384615384615
0.2706422018348624
0.26976744186046514
0.28921568627450983
0.26905829596412556
0.25217391304347825
0.28921568627450983
0.28365384615384615
0.27230046948356806
0.2863849765258216
0.2890995260663507
0.26576576576576577
0.27522935779816515
0.29850746268656714
0.2912621359223301
0.28095238095238095
0.2830188679245283
0.27358490566037735
0.2824074074074074
0.2926829268292683
0.27906976744186046
0.2935323383084577
0.27941176470588236
0.271889400921659
0.295
0.2898550724637681
0.2850467289719626
0.2898550724637681
0.28169014084507044
0.297029702970297
0.2744186046511628
0.29064039408866993
0.2798165137614679
0.28095238095238095
0.28780487804878047
0.26339285714285715
0.26576576576576577
0.2822966507177033
0.2669683257918552
0.28292682926829266
0.285
0.27884615384615385
0.2857142857142857
0.2575107296137339
0.27699530516431925
0.28019323671497587
0.2577777777777778
0.29292929292929293
0.2822966507177033
0.2744186046511628
0.2885572139303483
0.2843601895734597
0.3
0.27522935779816515
0.2757009345794392
0.2964824120603015
0.28640776699029125
0.2955665024630542
0.27314814814814814
0.2764976958525346
0.27102803738317754
0.2727272727272727
0.2822966507177033
0.28095238095238095
0.28640776699029125
0.3
0.26785714285714285
0.28095238095238095
0.2764976958525346
0.27699530516431925
0.27314814814814814
0.2626728110599078
0.28708133971291866
0.28365384615384615
0.27314814814814814
0.27699530516431925
0.2783018867924528
0.2744186046511628
0.27522935779816515
0.2669683257918552
0.2706422018348624
0.2688679245283019
0.30412371134020616
0.2857142857142857
0.2822966507177033
0.28095238095238095
0.3010204081632653
0.273972602739726
0.28773584905660377
0.26576576576576577
0.2681818181818182
0.28095238095238095
0.2871287128712871
0.2764976958525346
0.2796208530805687
0.28292682926829266
0.2871287128712871
0.297029702970297
0.273972602739726
0.2871287128712871
0.2932692307692308
0.2694063926940639
0.27751196172248804
0.295
0.26976744186046514
0.2783018867924528
0.30303030303030304
0.28169014084507044
0.2599118942731278
0.28921568627450983
0.273542600896861
0.28169014084507044
0.2857142857142857
0.28431372549019607
0.27488151658767773
0.2727272727272727
0.2672811059907834
0.2706422018348624
0.26905829596412556
0.28095238095238095
0.2783018867924528
0.28019323671497587
0.2702702702702703
0.2857142857142857
0.2727272727272727
0.2822966507177033
0.2912621359223301
0.26976744186046514
0.3076923076923077
0.2694063926940639
0.2843601895734597
0.2830188679245283
0.27149321266968324
0.2672811059907834
0.271889400921659
0.2706422018348624
0.2822966507177033
0.29411764705882354
0.28921568627450983
0.2822966507177033
0.25688073394495414
0.27358490566037735
0.2822966507177033
0.25327510917030566
0.2796208530805687
0.25877192982456143
0.2885572139303483
0.29850746268656714
0.29064039408866993
0.28365384615384615
0.28169014084507044
0.29743589743589743
0.2914572864321608
0.28169014084507044
0.28502415458937197
0.27232142857142855
0.2706422018348624
0.2764976958525346
0.32065217391304346
0.27751196172248804
0.2857142857142857
0.2890995260663507
0.2631578947368421
0.2830188679245283
0.28431372549019607
0.28169014084507044
0.2672811059907834
0.2857142857142857
0.2898550724637681
0.28708133971291866
0.26200873362445415
0.27149321266968324
0.2744186046511628
0.29411764705882354
0.26976744186046514
0.2599118942731278
0.2843601895734597
0.2645739910313901
0.29411764705882354
0.2885572139303483
0.2636363636363636
0.2643171806167401
0.27699530516431925
0.297029702970297
0.2608695652173913
0.28431372549019607
0.2669683257918552
0.273972602739726
0.3010204081632653
0.28169014084507044
0.2706422018348624
0.2803738317757009
0.28780487804878047
0.295
0.28095238095238095
0.2830188679245283
0.30256410256410254
0.27358490566037735
0.2843601895734597
0.28095238095238095
0.28708133971291866
0.29441624365482233
0.28846153846153844
0.295
0.27230046948356806
0.26905829596412556
0.2935323383084577
0.2926829268292683
0.2935323383084577
0.29949238578680204
0.28095238095238095
0.28780487804878047
0.2761904761904762
0.2777777777777778
0.29
0.28780487804878047
0.2669683257918552
0.2830188679245283
0.28365384615384615
0.2935323383084577
0.29207920792079206
0.31891891891891894
0.27699530516431925
0.2681818181818182
0.2764976958525346
0.27699530516431925
0.29949238578680204
0.30526315789473685
0.2803738317757009
0.2964824120603015
0.2926829268292683
0.2926829268292683
0.27111111111111114
0.28640776699029125
0.2694063926940639
0.295
0.2843601895734597
0.2964824120603015
0.2796208530805687
0.3193717277486911
