0.6190476190476191
0.625
0.6666666666666666
0.6923076923076923
0.7222222222222222
0.7027027027027027
0.75
0.7105263157894737
0.6923076923076923
0.7647058823529411
0.7878787878787878
0.7297297297297297
0.6410256410256411
0.7878787878787878
0.65
0.84375
0.7878787878787878
0.6428571428571429
0.6190476190476191
0.7105263157894737
0.7027027027027027
0.6363636363636364
0.6842105263157895
0.896551724137931
0.6585365853658537
0.7297297297297297
0.6097560975609756
0.6410256410256411
0.7297297297297297
0.675
0.6585365853658537
0.65
0.6136363636363636
0.8387096774193549
0.6341463414634146
0.6410256410256411
0.7222222222222222
0.7428571428571429
0.6511627906976745
0.7027027027027027
0.6756756756756757
0.6428571428571429
0.65
0.6585365853658537
0.7027027027027027
0.7428571428571429
0.6842105263157895
0.6578947368421053
0.6341463414634146
0.7941176470588235
0.6842105263157895
0.7714285714285715
0.7
0.7105263157894737
0.6944444444444444
0.7575757575757576
0.6666666666666666
0.7575757575757576
0.7297297297297297
0.7428571428571429
0.75
0.7428571428571429
0.7647058823529411
0.8333333333333334
0.65
0.627906976744186
0.7105263157894737
0.6842105263157895
0.675
0.7027027027027027
0.6666666666666666
0.65
0.6486486486486487
0.7142857142857143
0.7567567567567568
0.6666666666666666
0.6428571428571429
0.6428571428571429
0.7297297297297297
0.6
0.6428571428571429
0.7
0.7222222222222222
0.6428571428571429
0.7941176470588235
0.7105263157894737
0.7567567567567568
0.7428571428571429
0.6428571428571429
0.7222222222222222
0.7222222222222222
0.7105263157894737
0.7714285714285715
0.7647058823529411
0.8064516129032258
0.7027027027027027
0.75
0.6190476190476191
0.8709677419354839
0.84375
0.75
0.7027027027027027
0.6944444444444444
0.5777777777777777
0.7027027027027027
0.7941176470588235
0.7647058823529411
0.6136363636363636
0.7027027027027027
0.7428571428571429
0.6341463414634146
0.7105263157894737
0.625
0.6428571428571429
0.8709677419354839
0.6341463414634146
0.7878787878787878
0.627906976744186
0.7428571428571429
0.717948717948718
0.7222222222222222
0.7105263157894737
0.6578947368421053
0.5869565217391305
0.7352941176470589
0.6842105263157895
0.6842105263157895
0.6410256410256411
0.627906976744186
0.7428571428571429
0.6046511627906976
0.7297297297297297
0.6136363636363636
0.6341463414634146
0.6923076923076923
0.675
0.6585365853658537
0.7714285714285715
0.6341463414634146
0.8181818181818182
0.6136363636363636
0.7222222222222222
0.675
0.6842105263157895
0.6578947368421053
0.6578947368421053
0.6136363636363636
0.8125
0.7027027027027027
0.75
0.6666666666666666
0.6842105263157895
0.7297297297297297
0.6341463414634146
0.7647058823529411
0.7222222222222222
0.6585365853658537
0.7428571428571429
0.65
0.7647058823529411
0.6136363636363636
0.7647058823529411
0.6341463414634146
0.7647058823529411
0.6585365853658537
0.7222222222222222
0.7
0.7105263157894737
0.7428571428571429
0.7575757575757576
0.8
0.6944444444444444
0.8125
0.7567567567567568
0.6410256410256411
0.6842105263157895
0.7297297297297297
0.7714285714285715
0.5681818181818182
0.675
0.7714285714285715
0.8181818181818182
0.7428571428571429
0.75
0.75
0.6842105263157895
0.84375
0.6341463414634146
0.6923076923076923
0.7878787878787878
0.6046511627906976
0.65
0.6341463414634146
0.7941176470588235
0.7222222222222222
0.6842105263157895
0.8181818181818182
0.7027027027027027
0.78125
0.6410256410256411
0.675
0.65
0.7714285714285715
0.6842105263157895
0.7428571428571429
0.6842105263157895
0.75
0.7222222222222222
0.6756756756756757
0.6756756756756757
0.675
0.6410256410256411
0.5909090909090909
0.627906976744186
0.7027027027027027
0.6363636363636364
0.6585365853658537
0.6585365853658537
0.7878787878787878
0.5869565217391305
0.7647058823529411
0.5952380952380952
0.7714285714285715
0.7352941176470589
0.7428571428571429
0.8387096774193549
0.6923076923076923
0.6666666666666666
0.6944444444444444
0.7027027027027027
0.6578947368421053
0.6428571428571429
0.5869565217391305
0.6341463414634146
0.7027027027027027
0.6666666666666666
0.6923076923076923
0.7105263157894737
0.5952380952380952
0.7222222222222222
0.7222222222222222
0.65
0.627906976744186
0.6136363636363636
0.6585365853658537
0.7428571428571429
0.6923076923076923
0.6190476190476191
0.6585365853658537
0.8181818181818182
0.65
0.75
0.5909090909090909
0.7222222222222222
0.5909090909090909
0.7647058823529411
0.6190476190476191
0.6923076923076923
0.7222222222222222
0.8125
0.7941176470588235
0.7222222222222222
0.7428571428571429
0.6410256410256411
0.7027027027027027
0.7222222222222222
0.65
0.6666666666666666
0.6428571428571429
0.7777777777777778
0.6756756756756757
0.65
0.75
0.6190476190476191
0.6842105263157895
0.6428571428571429
0.6571428571428571
0.6
0.7222222222222222
0.6046511627906976
0.7222222222222222
0.7714285714285715
0.6842105263157895
0.7222222222222222
0.5652173913043478
0.7027027027027027
0.6842105263157895
0.675
0.6923076923076923
0.6842105263157895
0.7352941176470589
0.675
0.6410256410256411
0.7027027027027027
0.7222222222222222
0.65
0.78125
0.7428571428571429
0.65
0.6666666666666666
0.6410256410256411
0.6046511627906976
0.5777777777777777
0.6842105263157895
0.6428571428571429
0.78125
0.8484848484848485
0.6136363636363636
0.5777777777777777
0.8387096774193549
0.6842105263157895
0.8125
0.6923076923076923
0.7105263157894737
0.7878787878787878
0.7647058823529411
0.574468085106383
0.6923076923076923
0.6944444444444444
0.75
0.7575757575757576
0.6666666666666666
0.7428571428571429
0.78125
0.7105263157894737
0.6341463414634146
0.7428571428571429
0.7878787878787878
0.7027027027027027
0.6756756756756757
0.6190476190476191
0.7878787878787878
0.7222222222222222
0.7027027027027027
0.8125
0.7352941176470589
0.6923076923076923
0.6190476190476191
0.6666666666666666
0.6578947368421053
0.7222222222222222
0.675
0.6428571428571429
0.7105263157894737
0.6190476190476191
0.6842105263157895
0.625
0.6190476190476191
0.5952380952380952
0.6842105263157895
0.7647058823529411
0.8333333333333334
0.7647058823529411
0.7297297297297297
0.7428571428571429
0.6410256410256411
0.6666666666666666
0.627906976744186
0.6136363636363636
0.6666666666666666
0.675
0.6756756756756757
0.6578947368421053
0.6585365853658537
0.5869565217391305
0.6190476190476191
0.6666666666666666
0.7222222222222222
0.75
0.675
0.7297297297297297
0.7352941176470589
0.6842105263157895
0.7297297297297297
0.7142857142857143
0.6136363636363636
0.6136363636363636
0.7352941176470589
0.6666666666666666
0.6842105263157895
0.7027027027027027
0.7575757575757576
0.65
0.6190476190476191
0.65
0.6136363636363636
0.6578947368421053
0.6842105263157895
0.7941176470588235
0.6585365853658537
0.7297297297297297
0.6097560975609756
0.7222222222222222
0.5652173913043478
0.625
0.6666666666666666
0.7222222222222222
0.6842105263157895
0.627906976744186
0.6842105263157895
0.6923076923076923
0.7428571428571429
0.6666666666666666
0.8181818181818182
0.6341463414634146
0.6842105263157895
0.7142857142857143
0.7428571428571429
0.7027027027027027
0.7428571428571429
0.6944444444444444
0.7222222222222222
0.6666666666666666
0.7027027027027027
0.7941176470588235
0.6341463414634146
0.7428571428571429
0.675
0.6578947368421053
0.6428571428571429
0.7878787878787878
0.65
0.627906976744186
0.7222222222222222
0.5952380952380952
0.7297297297297297
0.65
0.7714285714285715
0.7027027027027027
0.7222222222222222
0.7027027027027027
0.65
0.6578947368421053
0.6341463414634146
0.7027027027027027
0.6190476190476191
0.7297297297297297
0.7941176470588235
0.5909090909090909
0.5813953488372093
0.7027027027027027
0.6923076923076923
0.6410256410256411
0.627906976744186
0.675
0.7105263157894737
0.6097560975609756
0.7647058823529411
0.7575757575757576
0.78125
0.6046511627906976
0.6410256410256411
0.6842105263157895
0.7647058823529411
0.7575757575757576
0.78125
0.5625
0.7142857142857143
0.6341463414634146
0.7647058823529411
0.6666666666666666
0.7027027027027027
0.7027027027027027
0.5777777777777777
0.625
0.6341463414634146
0.78125
0.675
0.7105263157894737
0.6428571428571429
0.65
0.6428571428571429
0.75
0.675
0.6666666666666666
0.6944444444444444
0.5625
0.65
0.6578947368421053
0.6585365853658537
0.6923076923076923
0.6190476190476191
0.6666666666666666
0.7
0.7428571428571429
0.6428571428571429
0.6428571428571429
0.7027027027027027
0.6666666666666666
0.7027027027027027
0.6046511627906976
0.7222222222222222
0.6842105263157895
0.6486486486486487
0.6666666666666666
0.6842105263157895
0.7647058823529411
0.7027027027027027
0.7428571428571429
0.6842105263157895
