0.6341463414634146
0.5813953488372093
0.7027027027027027
0.5869565217391305
0.6190476190476191
0.6190476190476191
0.75
0.6585365853658537
0.6585365853658537
0.5909090909090909
0.5652173913043478
0.627906976744186
0.6097560975609756
0.5909090909090909
0.6190476190476191
0.7105263157894737
0.5531914893617021
0.54
0.65
0.5294117647058824
0.65
0.6666666666666666
0.5416666666666666
0.5306122448979592
0.6
0.6
0.6944444444444444
0.6578947368421053
0.5510204081632653
0.6136363636363636
0.5294117647058824
0.6190476190476191
0.574468085106383
0.5777777777777777
0.6190476190476191
0.5319148936170213
0.5531914893617021
0.6190476190476191
0.8
0.5909090909090909
0.5319148936170213
0.574468085106383
0.6046511627906976
0.5294117647058824
0.5652173913043478
0.6190476190476191
0.6046511627906976
0.6578947368421053
0.65
0.5869565217391305
0.65
0.6428571428571429
0.6829268292682927
0.6136363636363636
0.6410256410256411
0.6410256410256411
0.5777777777777777
0.5102040816326531
0.6428571428571429
0.6190476190476191
0.627906976744186
0.5777777777777777
0.6046511627906976
0.6578947368421053
0.65
0.6136363636363636
0.6
0.5531914893617021
0.8181818181818182
0.5909090909090909
0.5306122448979592
0.6666666666666666
0.7058823529411765
0.5434782608695652
0.5833333333333334
0.5777777777777777
0.5625
0.6428571428571429
0.5625
0.5869565217391305
0.6923076923076923
0.6829268292682927
0.5652173913043478
0.8181818181818182
0.627906976744186
0.5192307692307693
0.5833333333333334
0.6046511627906976
0.6428571428571429
0.6046511627906976
0.5416666666666666
0.5510204081632653
0.5869565217391305
0.5652173913043478
0.625
0.5909090909090909
0.6923076923076923
0.6046511627906976
0.6136363636363636
0.627906976744186
0.5625
0.7222222222222222
0.6410256410256411
0.6046511627906976
0.7428571428571429
0.6585365853658537
0.6190476190476191
0.6428571428571429
0.7027027027027027
0.7027027027027027
0.6341463414634146
0.6136363636363636
0.6578947368421053
0.5869565217391305
0.6428571428571429
0.65
0.5777777777777777
0.5094339622641509
0.6842105263157895
0.5384615384615384
0.6341463414634146
0.6428571428571429
0.5952380952380952
0.574468085106383
0.5813953488372093
0.6190476190476191
0.5416666666666666
0.6097560975609756
0.5625
0.5777777777777777
0.7222222222222222
0.75
0.6
0.6046511627906976
0.6136363636363636
0.574468085106383
0.6585365853658537
0.6428571428571429
0.6190476190476191
0.627906976744186
0.574468085106383
0.5531914893617021
0.5869565217391305
0.5416666666666666
0.5681818181818182
0.6944444444444444
0.6136363636363636
0.6190476190476191
0.6046511627906976
0.7105263157894737
0.5909090909090909
0.7027027027027027
0.6428571428571429
0.5777777777777777
0.6190476190476191
0.5909090909090909
0.627906976744186
0.6666666666666666
0.5909090909090909
0.5777777777777777
0.5294117647058824
0.49056603773584906
0.5909090909090909
0.5531914893617021
0.5869565217391305
0.5909090909090909
0.6363636363636364
0.6585365853658537
0.6341463414634146
0.5952380952380952
0.6153846153846154
0.5813953488372093
0.6666666666666666
0.6086956521739131
0.6097560975609756
0.65
0.75
0.7105263157894737
0.5
0.5510204081632653
0.627906976744186
0.627906976744186
0.6341463414634146
0.5625
0.6923076923076923
0.6190476190476191
0.5294117647058824
0.6190476190476191
0.5869565217391305
0.6190476190476191
0.65
0.6046511627906976
0.6666666666666666
0.6136363636363636
0.5909090909090909
0.65
0.5625
0.7222222222222222
0.5555555555555556
0.6756756756756757
0.5294117647058824
0.6666666666666666
0.6
0.6341463414634146
0.6190476190476191
0.6666666666666666
0.627906976744186
0.5909090909090909
0.6578947368421053
0.6410256410256411
0.6428571428571429
0.5952380952380952
0.6190476190476191
0.6923076923076923
0.7878787878787878
0.717948717948718
0.7941176470588235
0.5510204081632653
0.5306122448979592
0.5625
0.5652173913043478
0.5813953488372093
0.6136363636363636
0.5813953488372093
0.6666666666666666
0.5777777777777777
0.6
0.65
0.6578947368421053
0.6046511627906976
0.6578947368421053
0.627906976744186
0.5625
0.6046511627906976
0.6341463414634146
0.6190476190476191
0.6136363636363636
0.574468085106383
0.5434782608695652
0.5531914893617021
0.6666666666666666
0.6666666666666666
0.6
0.54
0.6136363636363636
0.5777777777777777
0.627906976744186
0.6341463414634146
0.5510204081632653
0.5294117647058824
0.6046511627906976
0.627906976744186
0.6666666666666666
0.5909090909090909
0.5098039215686274
0.6842105263157895
0.5652173913043478
0.54
0.49056603773584906
0.5909090909090909
0.675
0.5306122448979592
0.7222222222222222
0.625
0.6666666666666666
0.5777777777777777
0.6341463414634146
0.65
0.6428571428571429
0.5833333333333334
0.6410256410256411
0.6046511627906976
0.5869565217391305
0.6341463414634146
0.6341463414634146
0.5294117647058824
0.5476190476190477
0.627906976744186
0.6190476190476191
0.5777777777777777
0.6046511627906976
0.7105263157894737
0.6190476190476191
0.52
0.5098039215686274
0.5
0.5652173913043478
0.6136363636363636
0.5
0.6341463414634146
0.5434782608695652
0.574468085106383
0.6097560975609756
0.6190476190476191
0.6341463414634146
0.65
0.5952380952380952
0.6190476190476191
0.6190476190476191
0.5909090909090909
0.625
0.7027027027027027
0.6666666666666666
0.65
0.6923076923076923
0.625
0.5714285714285714
0.627906976744186
0.6046511627906976
0.6046511627906976
0.7222222222222222
0.6341463414634146
0.6923076923076923
0.627906976744186
0.5777777777777777
0.6046511627906976
0.6136363636363636
0.6136363636363636
0.5208333333333334
0.574468085106383
0.5208333333333334
0.7368421052631579
0.65
0.5952380952380952
0.627906976744186
0.65
0.7027027027027027
0.7428571428571429
0.6046511627906976
0.6944444444444444
0.65
0.6190476190476191
0.65
0.5652173913043478
0.6046511627906976
0.5813953488372093
0.574468085106383
0.5909090909090909
0.6046511627906976
0.5434782608695652
0.6842105263157895
0.6
0.7297297297297297
0.627906976744186
0.6046511627906976
0.5531914893617021
0.6097560975609756
0.52
0.5681818181818182
0.5531914893617021
0.5909090909090909
0.6756756756756757
0.65
0.5
0.65
0.5555555555555556
0.7222222222222222
0.5294117647058824
0.5625
0.7222222222222222
0.574468085106383
0.7352941176470589
0.6944444444444444
0.627906976744186
0.6428571428571429
0.5777777777777777
0.5098039215686274
0.6190476190476191
0.5869565217391305
0.6136363636363636
0.627906976744186
0.5681818181818182
0.5306122448979592
0.574468085106383
0.6410256410256411
0.6585365853658537
0.574468085106383
0.6756756756756757
0.5416666666666666
0.65
0.5909090909090909
0.5434782608695652
0.6046511627906976
0.5531914893617021
0.6046511627906976
0.6923076923076923
0.6578947368421053
0.5909090909090909
0.7105263157894737
0.6
0.6136363636363636
0.6578947368421053
0.4642857142857143
0.5416666666666666
0.6944444444444444
0.6842105263157895
0.5909090909090909
0.7222222222222222
0.6428571428571429
0.5909090909090909
0.7714285714285715
0.65
0.65
0.6
0.52
0.5306122448979592
0.5813953488372093
0.4642857142857143
0.6666666666666666
0.7027027027027027
0.6756756756756757
0.65
0.6190476190476191
0.6046511627906976
0.574468085106383
0.6666666666666666
0.7222222222222222
0.54
0.6097560975609756
0.6585365853658537
0.5531914893617021
0.5531914893617021
0.7297297297297297
0.6341463414634146
0.625
0.5510204081632653
0.5531914893617021
0.6428571428571429
0.6341463414634146
0.5909090909090909
0.7647058823529411
0.49056603773584906
0.5434782608695652
0.7428571428571429
0.6842105263157895
0.6341463414634146
0.7105263157894737
0.675
0.65
0.5681818181818182
0.5531914893617021
0.6
0.5555555555555556
0.6136363636363636
0.5869565217391305
0.7941176470588235
0.6410256410256411
0.5909090909090909
0.7352941176470589
0.6410256410256411
0.6341463414634146
0.7142857142857143
0.6341463414634146
0.6190476190476191
0.6097560975609756
0.625
0.5869565217391305
0.625
0.6666666666666666
0.65
0.6190476190476191
0.5909090909090909
0.5777777777777777
0.6341463414634146
0.6944444444444444
0.6190476190476191
0.625
0.574468085106383
0.627906976744186
0.48214285714285715
0.65
0.6428571428571429
0.5869565217391305
0.6585365853658537
0.6666666666666666
0.6944444444444444
0.627906976744186
0.6046511627906976
0.6097560975609756
0.6923076923076923
0.5869565217391305
0.6341463414634146
0.6046511627906976
0.5714285714285714
0.6666666666666666
0.5510204081632653
0.7941176470588235
0.5777777777777777
0.5416666666666666
0.7647058823529411
0.6341463414634146
0.6666666666666666
0.6341463414634146
0.6153846153846154
0.5777777777777777
0.5306122448979592
0.5909090909090909
0.6046511627906976
0.6046511627906976
0.5652173913043478
