0.44628099173553726
0.47863247863247865
0.4642857142857143
0.49572649572649574
0.4464285714285714
0.47863247863247865
0.48648648648648646
0.4137931034482758
0.4
0.4727272727272727
0.4369747899159664
0.453781512605042
0.48
0.5546218487394957
0.416
0.4482758620689655
0.4482758620689655
0.4409448818897638
0.49586776859504134
0.46017699115044247
0.41666666666666663
0.42857142857142855
0.4878048780487805
0.49056603773584906
0.42735042735042733
0.5
0.4406779661016949
0.47540983606557374
0.4705882352941176
0.4
0.4516129032258064
0.46511627906976744
0.49586776859504134
0.4655172413793103
0.4655172413793103
0.40336134453781514
0.467741935483871
0.5210084033613446
0.4705882352941176
0.44628099173553726
0.456140350877193
0.5043478260869565
0.47706422018348627
0.5
0.46846846846846846
0.4132231404958677
0.5203252032520326
0.47540983606557374
0.4444444444444444
0.5
0.4695652173913043
0.4552845528455284
0.42105263157894735
0.4642857142857143
0.47787610619469023
0.5087719298245613
0.4545454545454546
0.49090909090909096
0.547008547008547
0.4736842105263158
0.4833333333333334
0.423728813559322
0.4912280701754386
0.4464285714285714
0.4912280701754386
0.47863247863247865
0.4628099173553719
0.48
0.4615384615384615
0.4745762711864407
0.5483870967741935
0.4745762711864407
0.43478260869565216
0.4869565217391304
0.4827586206896552
0.4067796610169492
0.4833333333333334
0.5666666666666667
0.43103448275862066
0.423728813559322
0.45217391304347826
0.43333333333333335
0.47787610619469023
0.4496124031007752
0.48648648648648646
0.43478260869565216
0.41071428571428575
0.49056603773584906
0.4516129032258064
0.4444444444444444
0.5084745762711864
0.4672897196261682
0.5196850393700787
0.46017699115044247
0.4821428571428571
0.5
0.4736842105263158
0.4628099173553719
0.45714285714285713
0.5217391304347826
0.41739130434782606
0.5043478260869565
0.4628099173553719
0.4833333333333334
0.5333333333333333
0.5272727272727273
0.46017699115044247
0.4369747899159664
0.5128205128205128
0.4642857142857143
0.4745762711864407
0.5378151260504203
0.48739495798319327
0.5454545454545454
0.5245901639344263
0.5040650406504065
0.5517241379310346
0.5084745762711864
0.4444444444444444
0.5254237288135594
0.39344262295081966
0.467741935483871
0.47933884297520657
0.5040650406504065
0.40707964601769914
0.4827586206896552
0.4628099173553719
0.47540983606557374
0.43548387096774194
0.45217391304347826
0.5245901639344263
0.5263157894736842
0.43333333333333335
0.5
0.4821428571428571
0.43478260869565216
0.4516129032258064
0.47169811320754707
0.4
0.4426229508196721
0.48739495798319327
0.4878048780487805
0.5042016806722689
0.547008547008547
0.4406779661016949
0.464
0.49180327868852464
0.43809523809523815
0.5043478260869565
0.5084745762711864
0.4464285714285714
0.46846846846846846
0.4655172413793103
0.4999999999999999
0.5081967213114753
0.4869565217391304
0.4705882352941176
0.41441441441441446
0.45
0.5040650406504065
0.5
0.4642857142857143
0.5354330708661418
0.4869565217391304
0.4833333333333334
0.4727272727272727
0.5573770491803278
0.5423728813559323
0.411214953271028
0.4545454545454546
0.45217391304347826
0.48739495798319327
0.5043478260869565
0.5081967213114753
0.4878048780487805
0.4821428571428571
0.4869565217391304
0.5299145299145298
0.5365853658536585
0.4745762711864407
0.453781512605042
0.49180327868852464
0.5043478260869565
0.5420560747663551
0.456140350877193
0.4615384615384615
0.44036697247706424
0.5468750000000001
0.4695652173913043
0.4464285714285714
0.46031746031746035
0.4369747899159664
0.4482758620689655
0.4954128440366972
0.4655172413793103
0.4482758620689655
0.495575221238938
0.4833333333333334
0.49572649572649574
0.42735042735042733
0.43548387096774194
0.47933884297520657
0.45762711864406785
0.4833333333333334
0.4705882352941176
0.47619047619047616
0.4715447154471545
0.4655172413793103
0.4587155963302752
0.5254237288135594
0.49586776859504134
0.44628099173553726
0.49180327868852464
0.4655172413793103
0.43103448275862066
0.5042016806722689
0.42276422764227645
0.4666666666666667
0.5128205128205128
0.48062015503875966
0.5486725663716815
0.512396694214876
0.4615384615384615
0.4444444444444444
0.5
0.5
0.5254237288135594
0.3968253968253968
0.4705882352941176
0.43103448275862066
0.45762711864406785
0.3875968992248062
0.48387096774193544
0.4444444444444444
0.5217391304347826
0.5289256198347108
0.4137931034482758
0.4385964912280702
0.41666666666666663
0.4482758620689655
0.4827586206896552
0.4385964912280702
0.4736842105263158
0.45762711864406785
0.4482758620689655
0.45217391304347826
0.4827586206896552
0.495575221238938
0.4628099173553719
0.5238095238095237
0.4552845528455284
0.4642857142857143
0.4833333333333334
0.47933884297520657
0.49230769230769234
0.4695652173913043
0.43902439024390244
0.49586776859504134
0.4369747899159664
0.4827586206896552
0.5391304347826088
0.4126984126984127
0.4745762711864407
0.4552845528455284
0.45217391304347826
0.5042016806722689
0.4545454545454546
0.45762711864406785
0.45217391304347826
0.5217391304347826
0.47787610619469023
0.4869565217391304
0.5
0.47540983606557374
0.4745762711864407
0.42519685039370075
0.5040650406504065
0.43548387096774194
0.4827586206896552
0.47244094488188976
0.5043478260869565
0.5081967213114753
0.5132743362831858
0.5263157894736842
0.4869565217391304
0.42105263157894735
0.4369747899159664
0.5
0.5087719298245613
0.43548387096774194
0.4545454545454546
0.49586776859504134
0.5042016806722689
0.4695652173913043
0.5370370370370371
0.4615384615384615
0.4385964912280702
0.5087719298245613
0.5254237288135594
0.49586776859504134
0.45901639344262296
0.467741935483871
0.4444444444444444
0.4482758620689655
0.453781512605042
0.4745762711864407
0.5178571428571428
0.4090909090909091
0.4516129032258064
0.5309734513274336
0.4642857142857143
0.46846846846846846
0.4628099173553719
0.4999999999999999
0.5166666666666667
0.4736842105263158
0.43333333333333335
0.423728813559322
0.5517241379310346
0.49572649572649574
0.40707964601769914
0.5045045045045045
0.4426229508196721
0.4745762711864407
0.5289256198347108
0.4426229508196721
0.5811965811965811
0.49230769230769234
0.46017699115044247
0.44247787610619466
0.5079365079365079
0.5040650406504065
0.5454545454545455
0.5
0.5166666666666667
0.495575221238938
0.5087719298245613
0.4406779661016949
0.5166666666666667
0.4915254237288136
0.49572649572649574
0.47619047619047616
0.41025641025641024
0.4628099173553719
0.45762711864406785
0.5396825396825397
0.5161290322580645
0.4705882352941176
0.47540983606557374
0.4915254237288136
0.46846846846846846
0.4666666666666667
0.5409836065573771
0.453781512605042
0.49056603773584906
0.512396694214876
0.4628099173553719
0.4615384615384615
0.4566929133858268
0.495575221238938
0.5172413793103448
0.5128205128205128
0.42105263157894735
0.4444444444444444
0.44799999999999995
0.5040650406504065
0.47933884297520657
0.4915254237288136
0.5084745762711864
0.47933884297520657
0.492063492063492
0.495575221238938
0.43333333333333335
0.4878048780487805
0.4615384615384615
0.4067796610169492
0.43333333333333335
0.5166666666666667
0.42735042735042733
0.47540983606557374
0.4369747899159664
0.5309734513274336
0.512
0.4516129032258064
0.4
0.4999999999999999
0.49572649572649574
0.4827586206896552
0.4745762711864407
0.4869565217391304
0.43636363636363634
0.5405405405405407
0.43103448275862066
0.467741935483871
0.48
0.5172413793103448
0.4869565217391304
0.4406779661016949
0.43333333333333335
0.4369747899159664
0.5299145299145298
0.49180327868852464
0.4642857142857143
0.44859813084112155
0.4715447154471545
0.5289256198347108
0.4642857142857143
0.5409836065573771
0.46017699115044247
0.492063492063492
0.43902439024390244
0.4869565217391304
0.4999999999999999
0.45217391304347826
0.509090909090909
0.4406779661016949
0.5161290322580645
0.47933884297520657
0.5
0.4406779661016949
0.42622950819672134
0.45
0.4
0.495575221238938
0.4814814814814815
0.5
0.423728813559322
0.47787610619469023
0.4715447154471545
0.4666666666666667
0.4444444444444444
0.5
0.4869565217391304
0.5238095238095237
0.5043478260869565
0.4705882352941176
0.5172413793103448
0.5
0.4
0.5081967213114753
0.4587155963302752
0.5
0.3697478991596639
0.4566929133858268
0.4827586206896552
0.4444444444444444
0.4406779661016949
0.4464285714285714
0.49090909090909096
0.4727272727272727
0.4915254237288136
0.5
0.4745762711864407
0.5084745762711864
0.5210084033613446
0.5203252032520326
0.4628099173553719
0.4444444444444444
0.4615384615384615
0.5263157894736842
0.4999999999999999
0.4464285714285714
0.5299145299145298
0.4461538461538462
0.5084745762711864
0.4715447154471545
0.5128205128205128
0.5
0.4869565217391304
0.423728813559322
0.4695652173913043
0.4615384615384615
0.453781512605042
0.4915254237288136
0.4482758620689655
0.49572649572649574
0.5190839694656487
0.4666666666666667
0.5043478260869565
0.49586776859504134
0.5087719298245613
0.4444444444444444
0.4745762711864407
0.5132743362831858
0.5043478260869565
0.47244094488188976
0.4247787610619469
0.5
0.5042016806722689
0.48387096774193544
0.4628099173553719
0.4736842105263158
0.396551724137931
0.456140350877193
0.5391304347826088
0.44036697247706424
0.5142857142857142
0.44799999999999995
0.5043478260869565
0.4482758620689655
