0.7192273358460624
0.7515621900416585
0.7596707002578853
0.7532483634199564
0.7220045625867884
0.7698621305296569
0.7565959135092244
0.7133753223566752
0.7472475699266019
0.7397589763935727
0.7450406665344178
0.7482146399523905
0.7495536599880976
0.7769291807181116
0.7294435627851616
0.7496528466574093
0.7408252330886729
0.7322207895258876
0.7561991668319779
0.7592987502479667
0.6989684586391589
0.7623735369966276
0.7562239634993058
0.7739535806387622
0.7097550089268003
0.7588524102360643
0.7598194802618529
0.7422138464590359
0.7540666534417775
0.733014282880381
0.6737502479666733
0.7208143225550486
0.7372545129934538
0.7748710573298948
0.7720938305891689
0.7445943265225154
0.7734080539575482
0.7611089069629042
0.7324935528664946
0.7333862328902996
0.7602410236064274
0.7701348938702639
0.7609353302916088
0.7564967268399128
0.7205167625471136
0.7304602261456061
0.7561991668319779
0.7503471533425907
0.7174171791311248
0.7591499702439991
0.7278565760761754
0.7452390398730411
0.7456605832176156
0.7213350525689348
0.7660434437611585
0.7816157508430868
0.7484378099583415
0.7593731402499504
0.7910384844276929
0.7836242808966475
0.7373536996627653
0.7459581432255504
0.7646796270581233
0.7436520531640547
0.7545873834556636
0.7386431263638167
0.7694653838524101
0.7318736361832969
0.7731848839515968
0.7649523903987303
0.7900714144019043
0.7578605435429479
0.7252529260067446
0.7441727831779409
0.7571910335250942
0.7229468359452489
0.747222773259274
0.7740775639754017
0.7012497520333267
0.730485022812934
0.7468260265820273
0.7391638563777028
0.734650862924023
0.725178536004761
0.7645308470541559
0.7471731799246182
0.7646796270581233
0.6937363618329696
0.7430569331481849
0.7095070422535211
0.7587532235667527
0.7774251140646696
0.7312785161674271
0.7426849831382663
0.7750446340011903
0.7352707796072209
0.7346756595913508
0.744172783177941
0.7393126363816703
0.7343285062487601
0.7339813529061695
0.7701348938702639
0.7670601071216029
0.7227732592739535
0.7304354294782781
0.7807478674866098
0.744395953183892
0.7175163658004364
0.768151160484031
0.7701348938702638
0.7194257091846856
0.7076720888712558
0.7259224360245983
0.7356427296171394
0.7747222773259274
0.751388613370363
0.7904433644118231
0.7588276135687363
0.7344028962507438
0.758133306883555
0.7147143423923825
0.7214094425709185
0.7229220392779211
0.748313826621702
0.7606625669510018
0.7465036699067645
0.7136976790319381
0.748611386629637
0.7537938901011705
0.7620511803213648
0.7666633604443562
0.780673477484626
0.7205167625471137
0.7470987899226345
0.7923775044634002
0.7214342392382465
0.725972029359254
0.7657706804205515
0.7542154334457449
0.7447926998611387
0.7450654632017457
0.7053659988097599
0.7211862725649673
0.7243850426502678
0.7416931164451497
0.7405524697480659
0.7096806189248165
0.7318240428486411
0.7155078357468756
0.7598938702638366
0.7176155524697481
0.777350724062686
0.7381967863519143
0.7587780202340806
0.7398085697282285
0.7430569331481849
0.767308073794882
0.7540666534417775
0.7413459631025591
0.7421146597897242
0.7445447331878596
0.7345516762547114
0.7506447133505256
0.8018498313826622
0.7167228724459432
0.7382959730212258
0.7917079944455465
0.7442223765125967
0.7327415195397738
0.7018696687165246
0.7456109898829597
0.7448174965284666
0.7760860940289624
0.7506695100178535
0.7429577464788732
0.7712755405673477
0.7374032929974211
0.7524548700654632
0.7193761158500298
0.7312289228327713
0.7188553858361437
0.7290964094425709
0.7456357865502876
0.7361882562983535
0.7663905971037492
0.74382562983535
0.7456357865502876
0.7552073001388614
0.7557280301527476
0.7622743503273159
0.7647540170601071
0.7049940487998413
0.7338821662368578
0.7713499305693314
0.7213598492362627
0.7462309065661575
0.77065562388415
0.7411971830985915
0.7657954770878793
0.7436272564967269
0.7368577663162071
0.7493056933148186
0.7543394167823845
0.7246826026582027
0.7652251537393374
0.7637621503669907
0.73492362626463
0.744718309859155
0.7492313033128348
0.7657458837532235
0.7674320571315215
0.7202935925411624
0.7452886332076969
0.7754165840111089
0.7325183495338226
0.7429329498115453
0.7147143423923825
0.7542898234477287
0.7347500495933346
0.7443463598492362
0.7786401507637374
0.7651507637373536
0.7548105534616147
0.7350972029359254
0.7397341797262448
0.7574885935330291
0.7583316802221781
0.7179379091450109
0.7406764530847054
0.7501735766712954
0.7704076572108709
0.7155326324142035
0.7503719500099186
0.7484626066256694
0.7722178139258085
0.7412219797659194
0.7509174766911327
0.7485121999603254
0.7165988891093038
0.716772465780599
0.7393870263836541
0.7514878000396746
0.7447679031938108
0.7278565760761754
0.7308073794881969
0.7475947232691926
0.7680767704820473
0.7631918270184488
0.7327663162071019
0.7369569529855188
0.739139059710375
0.7183346558222575
0.7459085498908946
0.7398085697282285
0.7411475897639357
0.7582820868875223
0.7009521920253918
0.7562239634993058
0.7176155524697481
0.7765076373735371
0.761183296964888
0.7311297361634597
0.7256744693513193
0.7304602261456061
0.748313826621702
0.7548105534616147
0.744172783177941
0.727112676056338
0.7370065463201745
0.7699861138662963
0.7457101765522713
0.7505703233485419
0.7287244594326523
0.7417179131124776
0.7674568537988494
0.7352707796072209
0.7364114263043047
0.736882562983535
0.7534467367585795
0.7469004165840112
0.790740924419758
0.7242362626463004
0.7756893473517159
0.7517109700456258
0.7637125570323349
0.7392382463796865
0.7531987700853006
0.7609353302916089
0.7506447133505256
0.7356675262844674
0.738543939694505
0.7644068637175163
0.7773011307280302
0.7364610196389605
0.785707200952192
0.7729865106129736
0.7181610791509621
0.799394961317199
0.7316504661773457
0.7728129339416783
0.7499504066653442
0.7409740130926403
0.7374032929974211
0.7537690934338426
0.7224261059313628
0.7113915889704423
0.7935925411624678
0.6976046419361238
0.7397341797262448
0.7849137075976989
0.7545129934536798
0.7564967268399128
0.7494296766514581
0.7688206705018845
0.7313529061694108
0.746950009918667
0.7284516960920453
0.7136728823646101
0.7556288434834357
0.7621255703233485
0.761704026978774
0.7729369172783178
0.7792104741122793
0.758951596905376
0.7355931362824837
0.7090607022416187
0.7696885538583614
0.7357171196191232
0.7453878198770085
0.7343285062487601
0.7488097599682603
0.7347500495933347
0.7892779210474112
0.7682999404879984
0.7695645705217219
0.763092640349137
0.7427841698075779
0.7467020432453878
0.7878397143423924
0.7376760563380282
0.7222029359254116
0.7360146796270581
0.7151854790716128
0.7694405871850822
0.7294187661178337
0.7377256496726841
0.7302618528069829
0.7257736560206308
0.719326522515374
0.7795576274548701
0.7722922039277922
0.7380728030152748
0.760612973616346
0.7263687760365007
0.7625223170005951
0.7680271771473914
0.7574390001983734
0.7262447926998612
0.7130033723467566
0.742213846459036
0.7843433842491568
0.7595467169212458
0.7634893870263837
0.7604641936123785
0.7310801428288037
0.745263836540369
0.7458589565562388
0.7208639158897043
0.7640101170402698
0.7529260067446935
0.7266911327117636
0.7788633207696886
0.7335102162269391
0.7389158897044237
0.6978774052767307
0.7286252727633407
0.7121850823249356
0.7502231700059512
0.7282781194207498
0.7310057528268201
0.7230956159492165
0.789352311049395
0.773432850624876
0.7192025391787344
0.7444207498512201
0.7439496131719896
0.72768299940488
0.7435032731600872
0.7667873437809958
0.7392878397143424
0.7587284268994248
0.7601170402697878
0.7376016663360444
0.738023209680619
0.7265919460424519
0.7877405276730807
0.7485121999603254
0.7244842293195795
0.7378744296766515
0.7469004165840112
0.756967863519143
0.7396101963896052
0.7486361832969649
0.7633902003570721
0.7352459829398929
0.7725649672683992
0.7621007736560206
0.7622743503273159
0.7543890101170403
0.7453630232096806
0.7387919063677841
0.7633158103550883
0.7723913905971038
0.7624479269986114
0.7410979964292799
0.7479914699464392
0.7360146796270581
0.7723913905971036
0.7274846260662566
0.7150614957349732
0.7238891093037096
0.7500495933346558
0.7126066256695099
0.7671344971235866
0.7708044038881174
0.786823050981948
0.7297411227930966
0.7622991469946439
0.7602906169410831
0.7137224756992661
0.7403045030747868
0.7600426502678039
0.7697133505256893
0.7503967466772465
0.7339565562388415
0.7372297163261258
0.7815909541757587
0.7614064669708391
0.699216425312438
0.7785409640944257
0.7786401507637374
0.7146151557230708
0.6813876215036698
0.7489089466375719
0.7470243999206506
0.7060355088276136
0.7753421940091252
0.7561247768299941
0.7580093235469153
0.7633158103550883
0.7355435429478279
0.7869718309859155
0.7270382860543543
0.7572654235270779
0.7646300337234675
0.7563479468359452
0.7341301329101368
0.7477435032731601
0.7236659392977584
0.7612328902995437
0.7450654632017457
0.7826076175362031
0.7838970442372545
0.7400565364015077
0.7487849633009324
0.7200704225352113
0.7399325530648682
0.7858559809561595
0.7129785756794287
0.7479666732791113
0.7530995834159889
0.7567942868478477
0.7760365006943066
0.7526532434040865
0.7565463201745686
0.7511158500297561
0.7587284268994248
0.7483386232890299
0.7746230906566157
0.7499752033326721
0.7475947232691927
0.7311297361634597
0.7477187066058322
0.7647292203927792
0.7471979765919461
0.7251289426701051
0.7324935528664946
0.7489337433048998
0.7743503273160087
0.7573646101963896
0.761976790319381
0.7673080737948819
0.7253273160087285
0.7926254711366792
0.7537195000991866
0.7599434635984923
0.7509174766911327
0.7358163062884349
0.7665393771077167
0.7137968657012498
