0.5962761691303087
0.5161639514171585
0.4578335319078507
0.47676979177379797
0.5110247170791316
0.5445208385599923
0.5635731624686315
0.47294119623855846
0.47811535036668024
0.5576915716061522
0.4766544347347081
0.5491510583008308
0.5496576378522523
0.5251987863332985
0.5376405296424822
0.49055414106819256
0.5157332589077721
0.5438176904105303
0.45392452836937414
0.5515089969913121
0.5327447160182622
0.5029429425648411
0.5561741609234627
0.551295646037718
0.5351150289411226
0.5364728784283042
0.5178259882203265
0.49933380027857766
0.517436065262755
0.5145790141901992
0.5274605577774705
0.46214116954931295
0.5579976135532179
0.39615167362655634
0.43264589306750356
0.5499720412184222
0.5464351932188644
0.5194863151809386
0.486223199852731
0.5235276255637336
0.5699031345071507
0.5796114211284089
0.4948788757610214
0.5245605454616253
0.592337564637918
0.5126928822095718
0.4949988724129797
0.5265575163971746
0.5261708280750375
0.5593617544729236
0.5247374162289877
0.473827908252832
0.5518491868509031
0.5121523871502012
0.49902237559642504
0.5070522585762913
0.5124214887616739
0.5230128594155857
0.5361007987121466
0.5298751948341478
0.535351934870049
0.5571156019611812
0.5261433116405119
0.5290200460034001
0.4644152678865205
0.5020433189997864
0.5035922007682463
0.5677849177459675
0.4723601953236785
0.5023125437218686
0.5029296682209222
0.5124440750709762
0.5019068224894143
0.5515237103760817
0.5406012757686577
0.49555535918632954
0.5193836395932979
0.560258863454292
0.4875459671645539
0.48608513263322367
0.496389303087357
0.5229415609663831
0.5092724759020857
0.4734130974698423
0.5649183049529611
0.4424041713997566
0.516000473417219
0.47333425085239594
0.47447526511997146
0.5047413159485864
0.48104574603090844
0.5217991691584962
0.5222885390306997
0.5068675716152546
0.4646874816094755
0.5488884137390051
0.4505347862519373
0.503947127834312
0.49221612044128815
0.496671837410023
0.5201302759355106
0.5460946204242679
0.5748216972344161
0.5295702100435769
0.4545973730027596
0.4857955181491552
0.5463565448880222
0.548730531715186
0.530023435562422
0.4781690338503923
0.5565991215684591
0.5455357731207652
0.5544123282082722
0.5019469570371414
0.499670937490313
0.470233118589875
0.48927816621278
0.5231652530471758
0.48325922385612036
0.4679610472565446
0.5287072959875372
0.4787813431726014
0.5605081817191728
0.5270363916743953
0.5557858924766411
0.5300247001913048
0.4263181322486054
0.5055252660847058
0.48802876496766684
0.546699161421417
0.512034975987495
0.5817553137780803
0.5347199079391866
0.47000425477331664
0.5128222901331765
0.48095399267154654
0.5015310671521996
0.5383183570728799
0.5310032591978882
0.40452340456766445
0.5634790082618564
0.5949017766396758
0.46764970669732964
0.5188141352132288
0.44224364179221354
0.5058366662405137
0.5419109873702999
0.5423083412828013
0.5208079169475065
0.5257684566004529
0.47293165562939343
0.5685969093471238
0.513088642423011
0.5279656996041606
0.46147566733999174
0.49120892092893814
0.5006780779637626
0.48745410811138845
0.5191552133151934
0.5296715187295246
0.5224820787173716
0.48061070490146596
0.47008158553360113
0.5207146593949848
0.5137585683196039
0.4927711899581722
0.47708458322690817
0.4771968521762454
0.5070779919068185
0.5721028961303285
0.5363841147334965
0.5154222745424049
0.48446138389403415
0.4789781599284764
0.5298821582618793
0.5068546866344168
0.4442837288057666
0.5056880744132324
0.5526097750678767
0.5535054842796773
0.45760738337671225
0.5544893060003866
0.4619005348216607
0.5783723302462188
0.5127799399389715
0.49521821556246903
0.46703223651427817
0.5225989980859538
0.45050480718644187
0.4638867248780824
0.468013170580379
0.5400014366348915
0.5468297794344413
0.5445979070570195
0.4877860306851493
0.4749595835426249
0.5227391089738986
0.5047262176475704
0.47129428696440695
0.5497949428187564
0.47898527510357036
0.5210350946208271
0.5181243194387755
0.4531968313001148
0.4930095612161976
0.4515785873817186
0.5534528285695784
0.45883816201935096
0.4722418653865822
0.5121817143427078
0.48633997770918086
0.48983340274484266
0.5195827164158294
0.4843260537054973
0.5059403903857328
0.5588044929405924
0.5134804688673517
0.4832862982677553
0.5407834903898115
0.49120916259067826
0.545635068067055
0.4736622179173856
0.48058048254937014
0.5082774587686458
0.4995244624962589
0.46387717411354723
0.5106582772910376
0.498857468780982
0.5234535517835406
0.5075482655693924
0.5504411579103301
0.5076247590811894
0.4850670523982425
0.5488402569665535
0.5401321781959387
0.5051170455219641
0.47884177819388213
0.4896186071827639
0.5156111590604733
0.5269320336274627
0.5241926198807374
0.4984028090146887
0.4616585114036095
0.5598116953108533
0.4975223675252159
0.4897431190380809
0.47302603312882974
0.48190320233381223
0.47136420900262666
0.5620595870760717
0.5373436388252395
0.549884676754379
0.5308221435670109
0.4918161009147463
0.5398347517466909
0.5309618867277065
0.46937564747528476
0.5504497943333619
0.5438810343878961
0.5387285882783209
0.4919347115840629
0.5075670350608199
0.5604004605956642
0.4632368568919015
0.49658084027783717
0.5303645063577207
0.5173290686798927
0.4929026770982532
0.4912446634866969
0.45923026254464044
0.49793727427688
0.5596641861516429
0.5578226213177828
0.4689060146040704
0.5457325860040398
0.513417386023511
0.48046787899519294
0.5104281295676878
0.5057634023341759
0.5514440981094387
0.4971026179471165
0.48003206015906796
0.44051183467661814
0.5434983294952008
0.48497668970319546
0.5235266411688383
0.5604527000042151
0.5327267406583271
0.5268009635853828
0.4766205679843721
0.48801418429878596
0.55946288103676
0.40896492383630706
0.47578307019360777
0.5189962860995896
0.5505418479883256
0.5106710334303609
0.5260081108943246
0.44692587218760443
0.45929109048994354
0.532186096796949
0.4589026834306288
0.49785777054807434
0.5402564706991768
0.49122851705189885
0.4837340139125586
0.4699789068767895
0.49584139113030495
0.5406268547233014
0.5094338485527226
0.5564940911010277
0.5131990896834822
0.5131256136086837
0.49190923268132947
0.5246241560128161
0.4770693870392692
0.5028120139337441
0.5180079954716045
0.5240274616789186
0.5063261870944371
0.5650026604826829
0.5029865879618562
0.49905336545673157
0.566788942625915
0.5369525299944168
0.5669969520888642
0.5146717313534198
0.5565599891644555
0.564728851893481
0.5099692299523858
0.5245377397243203
0.4417340034329534
0.5205018940112095
0.5415280986620659
0.5063729249101028
0.5404323436166222
0.5385456271441631
0.5504683351972368
0.5706884482585662
0.5628185464550398
0.5149602951076402
0.5193460033905055
0.5397755449384248
0.5255957221096625
0.5310603852376627
0.5670819858203855
0.5038035019567174
0.5241861371176958
0.5266314605880545
0.486689628496291
0.5558989802275767
0.48673570097623936
0.5124334515747107
0.4991246246703508
0.5296383139185397
0.4494570640619572
0.5252674297484855
0.4931628096727003
0.5835099438049706
0.5323623639194054
0.5474576020910873
0.5024298898319849
0.5266546110642528
0.4955190476842448
0.4890702066173278
0.5488630557601415
0.4960304187850518
0.55329638758031
0.5555970328845958
0.5063735258349842
0.5344904269566649
0.49424421681396935
0.5072899577426254
0.475499692608908
0.49745334946515374
0.44863606038714066
0.4961444775587672
0.4970906222264003
0.5065438252627823
0.5195055463378511
0.5481409102419336
0.46358894461282096
0.4857128772329298
0.5470443657282474
0.5762112807340519
0.4795162846918471
0.5127639549731506
0.5299394765254681
0.43388519611850984
0.5469590829245999
0.5361192059169828
0.49035348214888685
0.5502347111008006
0.4843068404405233
0.5140903872221692
0.5174771384629562
0.5591305422743893
0.538026365694396
0.55133096353031
0.463235243809728
0.5251109950609607
0.49379471177230494
0.4970630719292202
0.4800493683640874
0.5504093679774038
0.5208951618183757
0.5017615082293986
0.47497610747392577
0.4735088033150955
0.531536459940451
0.48260195064192346
0.5981651022550493
0.5165714496401722
0.5664422000216838
0.47699336496204514
0.534008538589469
0.5118568741803824
0.485332970248997
0.4537454294208505
0.5510285388962609
0.5232079832670501
0.4694853446190425
0.5060442510262835
0.6087834778224414
0.5352969544113799
0.5533063175529632
0.5408687382712665
0.4849891441381373
0.46776551062892824
0.5117420240718109
0.5631720418185822
0.5333465036966496
0.5467260299568361
0.5198725782823482
0.5723477796115163
0.5646454931319322
0.5432287510856195
0.51326166941556
0.5420690428629238
0.512538181952373
0.48448523787153025
0.5212141855158092
0.49350580503487285
0.5189885887876341
0.4820732954797078
0.5150277190232477
0.46368049993207866
0.5241239121421719
0.5183343221187205
0.5772336482291083
0.5065039154598877
0.6045143992410874
0.5457618477673282
0.5034483612760285
0.5261909535137137
0.5217808858706761
0.5881008419981782
0.534977133695464
0.5319109319818819
0.534165937716932
0.5202716790235871
0.44412207826522687
0.5374357997652468
0.5019117212434897
0.5381444315229763
0.5355750576827215
0.5187286861401061
0.4857613408376854
0.5125149842080272
0.4983165691217118
0.48878663781998966
0.5262046779845506
0.48520686099114624
0.5210215254533894
0.49528933726458224
0.4475718720980863
0.533918301087312
0.5076752120750895
0.5155759610647557
0.49057876087117464
0.46775627599254305
0.5927281861429861
0.5183685280277407
0.5756322337030271
0.4347344868324523
0.5410031094460402
0.5007434780297084
0.47723755680707547
0.45573032734889063
0.4858907720891129
0.49278763037871753
0.47406645410051723
0.5629078967716143
0.5616037602255547
0.5163729128251164
0.5522769552174165
0.506495710457324
0.5715112701266025
0.4667895889521361
0.5164221716875261
