0.6625917476691132
0.6270333267208887
0.6035012894267011
0.6443661971830986
0.5884001190240032
0.6136679230311446
0.657632414203531
0.6281987700853005
0.6390845070422535
0.6118081729815514
0.6233634199563578
0.6277028367387423
0.686669311644515
0.6083366395556437
0.6524003173973418
0.6164699464391986
0.5962854592342789
0.6469698472525294
0.6689644911723864
0.6467218805792502
0.6525243007339814
0.6119073596508628
0.6337780202340806
0.6374975203332672
0.5947728625272763
0.6284219400912516
0.6329101368776037
0.6770482047212855
0.6534913707597699
0.6084854195596112
0.6306536401507638
0.6147589763935727
0.618602459829399
0.6159492164253124
0.5918220591152549
0.6664848244395953
0.6479369172783178
0.6552023408053959
0.6764778813727436
0.6448373338623289
0.6523259273953581
0.6244048799841302
0.6520035707200952
0.6341747669113271
0.6412914104344376
0.6111882562983535
0.5719351319182702
0.6524995040666535
0.6554999008133306
0.6064272961713946
0.5980212259472327
0.5939049791707994
0.6274548700654632
0.6098244395953185
0.6771225947232692
0.6225451299345367
0.6301577068042055
0.6148829597302123
0.6361089069629042
0.6309759968260266
0.6585746875619918
0.6520035707200952
0.6111634596310256
0.6778416980757787
0.6197926998611387
0.6312735568339616
0.6342739535806388
0.6482840706209085
0.6464491172386432
0.6412418170997818
0.6051626661376711
0.6380182503471533
0.660756794286848
0.6422832771275541
0.6499950406665344
0.6574588375322357
0.6363320769688554
0.6185280698274153
0.6232642332870462
0.6628893076770483
0.6042203927792105
0.6475649672683992
0.6225451299345368
0.610791509621107
0.6722128545923428
0.6641787343780996
0.6412914104344376
0.6069976195199366
0.635910533624281
0.6296865701249752
0.6219996032533227
0.6384397936917278
0.64897837730609
0.6224211465978973
0.613816703035112
0.6300337234675659
0.6288682801031542
0.6151805197381471
0.6245288633207696
0.6114362229716326
0.6544832374528864
0.6069480261852807
0.6196439198571712
0.6218012299146994
0.5880777623487403
0.6588474509025987
0.6671047411227932
0.5977980559412814
0.6059809561594922
0.6566901408450705
0.6478625272763341
0.6552519341400516
0.6577811942074985
0.5740676453084705
0.6027325927395359
0.6069976195199365
0.6502430073398136
0.6091301329101368
0.6423824637968657
0.6267109700456259
0.588449712358659
0.626958936718905
0.6815611981749653
0.6338772069033921
0.6186768498313826
0.6417873437809958
0.5728774052767307
0.6486064272961714
0.624727236659393
0.6546320174568538
0.5978972426105932
0.5932602658202737
0.6362576869668717
0.6413658004364213
0.640373933743305
0.6179825431462012
0.6214540765721087
0.6181809164848244
0.6052618528069827
0.6378446736758581
0.6954969252132513
0.647044237254513
0.6371255703233486
0.5935826224955366
0.6427544138067843
0.5949960325332275
0.6368776036500694
0.6733782979567546
0.5931114858163062
0.6344227335846062
0.6693116445149772
0.6870660583217615
0.6503173973417973
0.5929875024796667
0.6059065661575085
0.6111138662963698
0.6422584804602262
0.6477633406070223
0.6768746280499901
0.6483832572902202
0.5957647292203927
0.6345715135885737
0.6426552271374727
0.6657905177544139
0.6211317198968458
0.6369024003173973
0.5925163658004364
0.6008976393572703
0.6703531045427495
0.6616742709779806
0.6460275738940686
0.611312239634993
0.6158252330886729
0.641464987105733
0.5991122793096608
0.6209581432255504
0.613271176353898
0.6018895060503868
0.6446141638563776
0.6152797064074589
0.667104741122793
0.6005504860146795
0.5887472723665941
0.6683445744891887
0.6499206506645507
0.6008976393572704
0.6323894068637175
0.6723616345963103
0.6340755802420155
0.6349930569331482
0.6453332672088872
0.6004265026780401
0.6387621503669907
0.6668071811148581
0.6324885935330291
0.6146101963896052
0.6210077365602064
0.6506893473517159
0.589292799047808
0.6374479269986114
0.6348690735965086
0.5798452687958738
0.6834209482245586
0.622197976591946
0.6382414203531046
0.635860940289625
0.6010712160285658
0.613568736361833
0.5926651458044039
0.6313479468359453
0.6669807577861535
0.6426304304701449
0.6474409839317595
0.6210573298948621
0.6278764134100376
0.6505405673477485
0.5938305891688157
0.6253967466772467
0.6669807577861536
0.6581035508827613
0.6267357667129537
0.6569133108510217
0.5801924221384646
0.6746677246578059
0.6152797064074589
0.6748165046617736
0.6524003173973418
0.6540368974409839
0.6496974806585996
0.6562190041658401
0.6089069629041857
0.5940537591747669
0.6488791906367786
0.635885736956953
0.6258926800238048
0.6508629240230113
0.6329349335449317
0.6269093433842492
0.6379438603451697
0.6016167427097798
0.6323646101963896
0.599880975996826
0.5857964689545725
0.6040964094425709
0.6585498908946638
0.6446389605237056
0.6018895060503868
0.6491767506447133
0.6517308073794883
0.6357865502876413
0.6339763935727039
0.6074687561991668
0.6079150962110692
0.641489783773061
0.609675659591351
0.6161227930966078
0.6253967466772467
0.6463003372346756
0.6162963697679031
0.7059859154929577
0.6097500495933346
0.6530450307478675
0.6470194405871851
0.6634596310255902
0.5938305891688156
0.6412914104344376
0.6407954770878794
0.650962110692323
0.5878297956754612
0.6382414203531045
0.6123536996627653
0.6223467565959135
0.5945000991866694
0.6114362229716326
0.5990874826423329
0.6371751636580044
0.6236857766316207
0.6238345566355883
0.626115850029756
0.6288682801031542
0.633629240230113
0.5688851418369371
0.6067496528466574
0.6382662170204325
0.5942769291807181
0.6654681610791511
0.6231898432850626
0.6207349732195993
0.6275540567347748
0.6102955762745487
0.6316703035112081
0.6545576274548701
0.6020630827216823
0.618032136480857
0.5967070025788535
0.6254711366792303
0.6067000595120016
0.6207845665542552
0.5953183892084903
0.593210672485618
0.6488543939694504
0.6143622297163261
0.6238593533029161
0.6119817496528467
0.6179081531442174
0.6058321761555248
0.612428089664749
0.5988891093037095
0.6234378099583416
0.6335300535608015
0.6382166236857766
0.6153788930767705
0.6787591747669113
0.6246776433247372
0.679676651458044
0.6233138266217021
0.6276284467367587
0.6475401706010713
0.6031045427494544
0.6020878793890101
0.649548700654632
0.6097996429279905
0.6439446538385241
0.639506050386828
0.6153788930767705
0.6609303709581433
0.5915740924419758
0.6422088871255703
0.6603848442769291
0.6104939496131719
0.6387125570323349
0.5922188057925015
0.6764778813727435
0.6404483237452887
0.6458539972227733
0.6294138067843682
0.617486609799643
0.640597103749256
0.6267109700456258
0.6332324935528666
0.6364064669708391
0.6458044038881174
0.5748363419956357
0.5993106526482841
0.6312983535012895
0.6475649672683992
0.6366296369767903
0.6293394167823845
0.6404731204126166
0.6185032731600872
0.6768746280499901
0.6562685975004959
0.6511108906962904
0.6349930569331482
0.6002529260067447
0.5994346359849236
0.6507637373536997
0.6521771473913907
0.5841846855782583
0.6317942868478477
0.6452092838722475
0.6353898036103948
0.7011257686966872
0.6013191827018449
0.6287195000991866
0.6181065264828407
0.6781392580837136
0.6122545129934537
0.6383406070224161
0.6708986312239635
0.6243056933148186
0.6151805197381472
0.6340259869073597
0.5766217020432454
0.6503173973417973
0.6388613370363023
0.6212804999008132
0.6411178337631422
0.6021870660583217
0.6952985518746282
0.6266365800436421
0.584531838920849
0.6119321563181909
0.6216524499107321
0.6356129736163459
0.6028069827415196
0.6287938901011705
0.6542600674469352
0.6086094028962508
0.6327861535409641
0.666856774449514
0.6383158103550883
0.6839416782384447
0.6754116246776434
0.6349682602658202
0.6418865304503074
0.6684437611585003
0.6205118032136481
0.6313231501686173
0.6100972029359254
0.6669807577861535
0.6167179131124777
0.5928139258083713
0.6470690339218409
0.6579299742114659
0.6594425709184686
0.6164947431065265
0.6241073199761953
0.6509125173576672
0.6513836540368974
0.6471186272564966
0.6546072207895259
0.6750892680023806
0.6714441579051775
0.6094524895853998
0.6062041261654434
0.6643523110493949
0.6098740329299742
0.5813826621702043
0.6454820472128546
0.6690636778416981
0.6416137671097005
0.5912765324340409
0.655400714144019
0.5918716524499108
0.6145853997222773
0.6243552866494743
0.6515572307081928
0.6312487601666337
0.6625669510017853
0.646473913905971
0.6414153937710771
0.6189992065066454
0.5986659392977585
0.676601864709383
0.6494495139853205
0.6237105732989486
0.5972525292600674
0.6233882166236857
0.6519291807181115
0.6483584606228923
0.5927395358063876
0.6243304899821465
0.6075431462011505
0.5906070224161873
0.5967317992461814
0.6435727038286054
0.6104939496131719
0.6310751834953383
0.6287442967665146
0.618032136480857
0.6882315016861734
0.6365552469748066
0.6322654235270779
0.6333316802221782
0.632513390200357
0.6445893671890498
0.6393820670501884
0.64957349732196
0.613543939694505
0.6694108311842888
0.5645953183892085
0.6396052370561396
0.6526482840706209
0.6319926601864709
0.6528714540765722
0.6503173973417973
0.6338276135687364
0.6530946240825233
0.6307776234874033
0.6302073001388614
0.6417873437809958
0.6494495139853204
0.5969797659194604
0.6002033326720889
0.6641043443761159
0.641985717119619
0.6469450505852014
0.667675064471335
0.6652945844078556
0.6191231898432851
0.6443414005157707
0.6395060503868281
0.6301329101368776
0.6012695893671891
0.6329349335449315
0.6221235865899624
0.6561198174965285
0.6275540567347748
0.6335052568934736
0.6335548502281294
0.6530946240825233
0.6592689942471732
0.6634100376909343
0.6132711763538979
0.6098988295973021
0.5765721087085895
0.6608063876215037
0.652077960722079
0.6028565760761754
