0.25609756097560976
0.22033898305084745
0.16666666666666666
0.19718309859154928
0.15492957746478872
0.2328767123287671
0.23529411764705882
0.14864864864864866
0.2028985507246377
0.1875
0.2073170731707317
0.22388059701492538
0.16883116883116883
0.25
0.136986301369863
0.2222222222222222
0.11940298507462686
0.20634920634920634
0.2112676056338028
0.2716049382716049
0.21739130434782608
0.19480519480519481
0.21739130434782608
0.14473684210526316
0.18461538461538463
0.2028985507246377
0.19230769230769232
0.19672131147540983
0.18055555555555555
0.1111111111111111
0.18421052631578946
0.2727272727272727
0.15476190476190477
0.22388059701492538
0.20634920634920634
0.2
0.14473684210526316
0.24390243902439024
0.20967741935483872
0.16666666666666666
0.18181818181818182
0.1388888888888889
0.2318840579710145
0.1323529411764706
0.14705882352941177
0.18518518518518517
0.2222222222222222
0.2702702702702703
0.23880597014925373
0.2625
0.22727272727272727
0.16901408450704225
0.25333333333333335
0.2835820895522388
0.24242424242424243
0.17567567567567569
0.20588235294117646
0.24324324324324326
0.22535211267605634
0.19480519480519481
0.23943661971830985
0.14285714285714285
0.2112676056338028
0.1625
0.15254237288135594
0.19298245614035087
0.2153846153846154
0.14285714285714285
0.16
0.18840579710144928
0.171875
0.27941176470588236
0.19718309859154928
0.2222222222222222
0.24096385542168675
0.20634920634920634
0.2571428571428571
0.16666666666666666
0.21052631578947367
0.2537313432835821
0.21505376344086022
0.24285714285714285
0.20270270270270271
0.28125
0.13043478260869565
0.2222222222222222
0.22058823529411764
0.15384615384615385
0.17567567567567569
0.21794871794871795
0.23170731707317074
0.21621621621621623
0.20270270270270271
0.2
0.29850746268656714
0.2191780821917808
0.18840579710144928
0.2459016393442623
0.22972972972972974
0.21794871794871795
0.17333333333333334
0.2
0.25
0.2857142857142857
0.19767441860465115
0.21875
0.2727272727272727
0.18518518518518517
0.22857142857142856
0.18181818181818182
0.16417910447761194
0.15151515151515152
0.19117647058823528
0.26865671641791045
0.2537313432835821
0.21428571428571427
0.2318840579710145
0.2054794520547945
0.21739130434782608
0.29508196721311475
0.16923076923076924
0.1111111111111111
0.27631578947368424
0.16049382716049382
0.16393442622950818
0.29310344827586204
0.1780821917808219
0.1917808219178082
0.2631578947368421
0.12857142857142856
0.20481927710843373
0.22666666666666666
0.2
0.359375
0.2345679012345679
0.2191780821917808
0.21621621621621623
0.1917808219178082
0.23880597014925373
0.0821917808219178
0.21428571428571427
0.265625
0.208955223880597
0.22950819672131148
0.1625
0.24285714285714285
0.15151515151515152
0.19402985074626866
0.208955223880597
0.22388059701492538
0.15625
0.2894736842105263
0.20253164556962025
0.1875
0.23684210526315788
0.14285714285714285
0.21428571428571427
0.25842696629213485
0.25
0.189873417721519
0.2
0.2
0.16901408450704225
0.11842105263157894
0.17073170731707318
0.19736842105263158
0.17391304347826086
0.19672131147540983
0.13559322033898305
0.16666666666666666
0.2236842105263158
0.1780821917808219
0.2
0.225
0.13580246913580246
0.24675324675324675
0.22535211267605634
0.16129032258064516
0.2077922077922078
0.19736842105263158
0.1625
0.14285714285714285
0.22413793103448276
0.12121212121212122
0.14864864864864866
0.14864864864864866
0.109375
0.18840579710144928
0.13333333333333333
0.14814814814814814
0.16417910447761194
0.22666666666666666
0.20512820512820512
0.26153846153846155
0.15714285714285714
0.21794871794871795
0.1746031746031746
0.2028985507246377
0.14864864864864866
0.18181818181818182
0.25
0.17567567567567569
0.16071428571428573
0.23529411764705882
0.2702702702702703
0.2191780821917808
0.13636363636363635
0.22666666666666666
0.27450980392156865
0.1746031746031746
0.1935483870967742
0.125
0.17647058823529413
0.2222222222222222
0.20833333333333334
0.16666666666666666
0.21428571428571427
0.2328767123287671
0.18055555555555555
0.23880597014925373
0.1506849315068493
0.2222222222222222
0.189873417721519
0.21621621621621623
0.1780821917808219
0.21794871794871795
0.2564102564102564
0.18461538461538463
0.2054794520547945
0.23809523809523808
0.234375
0.20634920634920634
0.2602739726027397
0.21621621621621623
0.2345679012345679
0.13043478260869565
0.11494252873563218
0.22666666666666666
0.19117647058823528
0.15517241379310345
0.16666666666666666
0.16923076923076924
0.2714285714285714
0.14473684210526316
0.18055555555555555
0.30985915492957744
0.16417910447761194
0.18421052631578946
0.23728813559322035
0.16901408450704225
0.1896551724137931
0.16901408450704225
0.14285714285714285
0.16883116883116883
0.19672131147540983
0.19402985074626866
0.1625
0.21333333333333335
0.2647058823529412
0.21311475409836064
0.22972972972972974
0.1
0.22388059701492538
0.1388888888888889
0.19540229885057472
0.18055555555555555
0.14754098360655737
0.19402985074626866
0.16417910447761194
0.23880597014925373
0.24561403508771928
0.2597402597402597
0.09722222222222222
0.15
0.2537313432835821
0.2463768115942029
0.16417910447761194
0.23076923076923078
0.11428571428571428
0.14545454545454545
0.1839080459770115
0.1527777777777778
0.2537313432835821
0.2714285714285714
0.26153846153846155
0.15584415584415584
0.15942028985507245
0.2535211267605634
0.26785714285714285
0.13580246913580246
0.1935483870967742
0.21212121212121213
0.2054794520547945
0.09090909090909091
0.14754098360655737
0.18055555555555555
0.17307692307692307
0.17333333333333334
0.25
0.14666666666666667
0.16417910447761194
0.24285714285714285
0.19718309859154928
0.18461538461538463
0.14925373134328357
0.23076923076923078
0.1527777777777778
0.17647058823529413
0.17073170731707318
0.17391304347826086
0.140625
0.2328767123287671
0.2028985507246377
0.16901408450704225
0.22666666666666666
0.2328767123287671
0.24193548387096775
0.225
0.15584415584415584
0.175
0.16666666666666666
0.1774193548387097
0.2
0.13414634146341464
0.25
0.2682926829268293
0.2222222222222222
0.18571428571428572
0.1794871794871795
0.22857142857142856
0.25806451612903225
0.2777777777777778
0.14666666666666667
0.18823529411764706
0.1780821917808219
0.14634146341463414
0.26666666666666666
0.2647058823529412
0.13432835820895522
0.1724137931034483
0.15517241379310345
0.1282051282051282
0.2727272727272727
0.24
0.15384615384615385
0.1891891891891892
0.11764705882352941
0.16470588235294117
0.22784810126582278
0.14705882352941177
0.21052631578947367
0.16393442622950818
0.19047619047619047
0.2753623188405797
0.25
0.14285714285714285
0.1643835616438356
0.08823529411764706
0.20689655172413793
0.14925373134328357
0.17543859649122806
0.2361111111111111
0.2033898305084746
0.1643835616438356
0.2345679012345679
0.2
0.19298245614035087
0.22077922077922077
0.11842105263157894
0.27692307692307694
0.12857142857142856
0.19047619047619047
0.2698412698412698
0.1518987341772152
0.1728395061728395
0.18571428571428572
0.22857142857142856
0.22727272727272727
0.2222222222222222
0.2191780821917808
0.21333333333333335
0.17857142857142858
0.1643835616438356
0.30158730158730157
0.2361111111111111
0.19117647058823528
0.2261904761904762
0.1794871794871795
0.2112676056338028
0.19480519480519481
0.2191780821917808
0.18461538461538463
0.125
0.14516129032258066
0.16049382716049382
0.09859154929577464
0.14492753623188406
0.23529411764705882
0.22033898305084745
0.1917808219178082
0.2903225806451613
0.14634146341463414
0.2
0.2222222222222222
0.14473684210526316
0.17333333333333334
0.3181818181818182
0.20253164556962025
0.24
0.24324324324324326
0.12307692307692308
0.2
0.23076923076923078
0.25925925925925924
0.1643835616438356
0.2328767123287671
0.23376623376623376
0.24324324324324326
0.234375
0.2112676056338028
0.234375
0.16901408450704225
0.23684210526315788
0.18333333333333332
0.16393442622950818
0.22857142857142856
0.2112676056338028
0.14516129032258066
0.18333333333333332
0.17647058823529413
0.18840579710144928
0.16
0.13414634146341464
0.1935483870967742
0.2857142857142857
0.175
0.1746031746031746
0.23880597014925373
0.21621621621621623
0.23684210526315788
0.13559322033898305
0.18309859154929578
0.17857142857142858
0.23333333333333334
0.16455696202531644
0.21739130434782608
0.18032786885245902
0.1891891891891892
0.21518987341772153
0.2236842105263158
0.14492753623188406
0.14084507042253522
0.19444444444444445
0.16455696202531644
0.26865671641791045
0.13636363636363635
0.22058823529411764
0.2
0.16176470588235295
0.2
0.18461538461538463
0.25
0.2375
0.34782608695652173
0.20588235294117646
0.21052631578947367
0.23880597014925373
0.21333333333333335
0.1896551724137931
0.21518987341772153
0.2
0.1518987341772152
0.19718309859154928
0.08196721311475409
0.1935483870967742
0.17647058823529413
0.1875
0.2028985507246377
0.23376623376623376
0.25675675675675674
0.2676056338028169
0.19117647058823528
0.2345679012345679
0.265625
0.19444444444444445
0.22784810126582278
0.2054794520547945
0.27380952380952384
0.22033898305084745
0.2753623188405797
0.22058823529411764
0.17142857142857143
0.1780821917808219
0.18571428571428572
0.3
0.2028985507246377
0.225
0.2
0.23214285714285715
0.18181818181818182
