0.42222326304629587
0.4768899041034286
0.44582697862507564
0.4682592391743565
0.5130350873063448
0.45038410936367734
0.44923441449545526
0.439221891624306
0.4424973966227172
0.47432041087569665
0.4703342570999906
0.4866185807034265
0.44058943326792166
0.5340290913154088
0.41374430470923956
0.4446156668397874
0.4805483981047039
0.4130304879655619
0.4629672980468771
0.41500940025128635
0.4299146414742391
0.5178454754157564
0.4622236642754087
0.41655932005449964
0.46343400691825454
0.4763868038220773
0.42898475656036184
0.4464550398034897
0.43293471349642754
0.42602566794632385
0.43991191412072667
0.4082055498902437
0.4743791999378328
0.4435373656742337
0.4534481331737243
0.46575191772061586
0.45768112671860195
0.47394861980931696
0.43003243168521127
0.4340847960022446
0.4158205926210083
0.4204295017681518
0.38211342552054967
0.5364340639644402
0.4209712845348278
0.40855126380612083
0.4649958219573521
0.41299659575291336
0.420702715669586
0.4434721142897664
0.4609679741349362
0.429762969709813
0.44735607955498535
0.4326542602705787
0.48000300110311456
0.4284958341008509
0.4733521548255444
0.49033159199725385
0.40984515603308597
0.45680739546714605
0.46422827848278675
0.4460721106041751
0.4798856160395111
0.4994277364723163
0.473754047466162
0.4389496828631667
0.399628896151856
0.5309745132737262
0.4994401165397217
0.5071372204277532
0.39516484459522483
0.4638264549110252
0.4304259416903244
0.49900466146414657
0.4544266212117438
0.4460548981151109
0.5098526488273074
0.47894302545360706
0.45103455454653363
0.45073681682273375
0.4317602142919171
0.4139824368380172
0.45035295821785865
0.398193527770047
0.47150979643139174
0.5077338416068486
0.4672067448271752
0.4569047859037563
0.476691473610958
0.41672276991134605
0.39051548706638883
0.461094854860621
0.5041843296794039
0.46816099377435716
0.4258264873155663
0.44393571090868406
0.4363935130982381
0.48257267389097175
0.4988939450049511
0.43688959952183803
0.47285767832177594
0.4668204444236665
0.48054490578350595
0.4381710080268134
0.4585642705860006
0.46849606908968644
0.43798771235780865
0.4455907365692764
0.47361237877939233
0.5014819343901619
0.4569015857787376
0.4664341184020834
0.4661916160587434
0.4613738825833828
0.4799427771050123
0.4943686454332612
0.5021834950462202
0.464374737971373
0.44093168918817655
0.5403495471158476
0.45346271102864455
0.447209338443424
0.4474080569616073
0.4272091493789143
0.49468048975940465
0.5045831085305725
0.46518885676860755
0.4365229638098164
0.44155147083251733
0.47016159103211647
0.3926758217806304
0.4317017780483129
0.40310816641115244
0.48463257083889616
0.4632655770713507
0.44050866276418277
0.45701108092432446
0.4288252165576682
0.44575364453845984
0.455234569397044
0.45044449922191304
0.4525903523617001
0.4338002828716307
0.4673747881023434
0.4005792849624692
0.4312813565934173
0.47887435754091195
0.4779761763696755
0.44341745626145324
0.46703159773344455
0.4502795934222408
0.42761761839468027
0.4717402552443692
0.45964745717396477
0.4731125256235779
0.4896586196190526
0.5222949107859556
0.45367590691963294
0.44549058777078676
0.4244703358076093
0.44027763127227226
0.3826028935530932
0.4386041857603108
0.44752617457606714
0.46437859155487765
0.525597896557367
0.41410438110824727
0.47190771904325135
0.42283387886439794
0.4234277807084792
0.46836734307848304
0.4472579498344605
0.5005245566205764
0.44166693923560785
0.41644503986777875
0.40321240899669036
0.3820300749578952
0.41638581633896243
0.46837243725373506
0.38428945316562213
0.41079181994510666
0.4589641547483371
0.448657731510654
0.47358295726369565
0.4915889668091493
0.4854907839126767
0.49235473015435544
0.44450341642455715
0.4743146189176682
0.4797964359266886
0.4501826155768563
0.45070065733619963
0.3483270194944414
0.43285093152259424
0.4813551295093003
0.5051777871237939
0.4243044047462139
0.4699909765336475
0.4767919564875803
0.42474294185460215
0.4161866393645598
0.4597156205248565
0.46090364080246327
0.43606037457492713
0.4369052681691252
0.40852655191496823
0.4660032028070353
0.47969617245241
0.4785786150053354
0.43318452222108805
0.4128804784162027
0.501940638511411
0.45888257596820975
0.48598884456455216
0.5004653053332839
0.39895863601489756
0.4791550035443989
0.43162241104931964
0.5008111183155108
0.41895954505904504
0.4336514861118146
0.41068332818112047
0.4388270290706728
0.45723014225880465
0.523481538906028
0.4414401756402823
0.4176608108534331
0.42991566113107876
0.4389099366176895
0.4655009207731677
0.43433788306304927
0.4473653662491183
0.4746790260565257
0.43171795715400174
0.5029820570512863
0.46307238622742647
0.44448448899886017
0.49091465027108594
0.4640899507510155
0.40362864401726095
0.4544895590948065
0.5023932510556774
0.42193456291667153
0.43963340701071907
0.46546785227049176
0.5001611665334653
0.47108485295275954
0.4236117511288736
0.42565097718202016
0.45418835161220056
0.44190812805380103
0.4530324296070371
0.4504038537886095
0.46171978373643563
0.4450022526476394
0.5134357771724727
0.3758444744360237
0.4848127617975373
0.44223837245563696
0.4346829668541978
0.49610209206369765
0.4914034285654758
0.5004504646824794
0.4564255690322404
0.53725912963628
0.4959687084706412
0.4771768324388961
0.40308292380399846
0.4926685195409114
0.40977851935455994
0.4204109302688965
0.416065909049634
0.4456635829126968
0.4237798711099857
0.41771159972977706
0.419943427702915
0.4379606480990604
0.40402741752591687
0.4651058375439921
0.45430857887490456
0.4677361230950383
0.4678282396082508
0.46698017961974025
0.4707981306563748
0.4362127794942413
0.4568283281166096
0.400265981373574
0.4062456079846823
0.4861992634886093
0.519486249214854
0.4900064964809358
0.4515987747483392
0.4338929413148402
0.5154916274227578
0.4836395026123042
0.49627327494907253
0.46387382254311377
0.45654632567212244
0.4233534424422599
0.4462898021145409
0.4184426321220549
0.4047551826766964
0.47802746016401954
0.4499407246175773
0.47150844329953884
0.4487867412736723
0.4688048654936016
0.39418146664975434
0.40148651615642417
0.5136524384585767
0.46805168799279273
0.4812445592450009
0.43542648340700746
0.47511190889389404
0.5140513375612303
0.47739418870937933
0.4438167068993368
0.48087972685979036
0.42155369268058923
0.505219880304814
0.4884775673577949
0.39789293895958755
0.3901871280110898
0.467902654846771
0.5284101597530155
0.4841292383025095
0.4594498416033407
0.38406241524790197
0.46239657239242166
0.4146841883004944
0.4330149191037253
0.44769047325488665
0.5062137654201387
0.4753430569622197
0.502947519661725
0.4308247858291258
0.43161100498420796
0.37580056458437966
0.466715607458266
0.5140351132332484
0.3946645485355374
0.455697690235929
0.3759568188270151
0.4734381718987784
0.4280623904514436
0.4402720420624982
0.4439885483558762
0.46536579040139736
0.45945075354845166
0.47022417235942665
0.4678934292046793
0.4657514374357086
0.47355827640914383
0.4439517413635585
0.44576767249756516
0.4300099496679529
0.49218859876213905
0.41919966951231596
0.4903450686496722
0.4377237098130183
0.45184380711837874
0.4448642982401142
0.48718697963556357
0.4029299673453095
0.4375193934551947
0.4853786417025952
0.45436434545011134
0.5039832886439223
0.42097687914589327
0.47486383149145045
0.4218755576131626
0.4229602609009934
0.4008628661610967
0.443947501695085
0.43764683477498717
0.4287890932417465
0.4132302045821939
0.5473313756847081
0.43176954186498806
0.4515017646037158
0.4841950903494687
0.4876129654502494
0.5111453915950097
0.5228288889048587
0.4700925694116609
0.41874209792313993
0.4661667790963747
0.4097890607940257
0.5152115335389451
0.48777696881205124
0.48685022046890536
0.38468273312995305
0.4201296848067721
0.4443561666050565
0.4099862130217768
0.44717654069368123
0.4893856732742851
0.4343596803453714
0.47064744220390037
0.4308472489735901
0.4575622758131474
0.5037349006167247
0.4465685913789885
0.44839639483910576
0.4113775564851254
0.3809210857764049
0.4538252263329337
0.5109599698361418
0.4438815357058338
0.43497921963801967
0.3884825933963871
0.4880719432883025
0.44312039486468713
0.44504464139204314
0.4561752787469518
0.45304931799088605
0.44209930574581585
0.3791498739041634
0.4379125709467243
0.43603808907308145
0.4704946728850593
0.4457416859315284
0.4252148242597999
0.4056496595480606
0.4205311457102984
0.4654312690327371
0.46191804724559427
0.4953709809713476
0.4105384965204233
0.4145073258768687
0.4673201089229252
0.39914199656563015
0.4456808483994591
0.39904449395777153
0.4502978996265498
0.42570361780295823
0.4910940683618254
0.40925138382935683
0.4039245902842828
0.49206001503457214
0.4317989174379303
0.4617640407139523
0.4185258874762778
0.4494547534607008
0.4358624527953733
0.4412712204707522
0.36623912600218267
0.445886713890536
0.4609548337890389
0.48851973854354336
0.43832229639549053
0.5031277241372332
0.4696136009263338
0.46951585993642386
0.4645461277369738
0.44078360790598436
0.40370700099596
0.4622670413965743
0.45909621130585454
0.46268879304929317
0.46337982962181273
0.46836920277206356
0.4321736904251553
0.409596156799243
0.4269180739031118
0.4285349223407182
0.4532902868359141
0.5029170094863675
0.46409494286311026
0.4632134909651485
0.45260985755243105
0.5069228181285459
0.44599459024703003
0.4689093496795774
0.46156028135808747
0.4648457744126753
0.4337796386074915
0.43496222187191536
0.43080406512181507
0.44792544834401143
0.47091997738342645
0.4639985492203011
0.4266433784734106
0.4441228197237637
0.4538140564038609
0.4901817380101035
0.45868872072928085
0.46554999192905067
0.4559481770123458
0.46034321130041234
0.4502281163455133
0.4656924402710592
0.48259847127737077
0.46531156208887614
0.4632958818838834
0.5154412024892854
0.48023519892519717
0.43462550044298565
0.4710452364399361
0.42488521305481736
