0.3629240230113073
0.3464094425709185
0.33654036897440986
0.3527077960722079
0.3428883158103551
0.3540964094425709
0.3214639952390399
0.34373140249950407
0.35890696290418567
0.3187363618329697
0.34030946240825233
0.3276631620710177
0.35092243602459827
0.35102162269390996
0.3485419559611188
0.33172981551279507
0.3242412219797659
0.34586391588970444
0.3763638167030351
0.30847054155921444
0.3135290616941083
0.35374925609998015
0.3484427692918072
0.36708986312239633
0.34839317595715136
0.32771275540567346
0.33197778218607416
0.32964689545725057
0.3402598690735965
0.299394961317199
0.3279111287442968
0.357964689545725
0.36039476294386036
0.31184288831581036
0.37497520333267215
0.3343582622495537
0.3264233287046221
0.3461614758976394
0.3096607815909542
0.3617089863122397
0.3448720491965879
0.34447530251934144
0.35831184288831586
0.3667923031144614
0.3347550089268002
0.3357468756199168
0.3405574290815315
0.3549394961317199
0.35984923626264625
0.3357468756199167
0.34621106923229517
0.3471037492561
0.36391588970442373
0.34169807577861544
0.3555842094822456
0.3252826820075382
0.3520630827216823
0.3634199563578655
0.33763142233683785
0.3384249156913311
0.30961118825629835
0.33857369569529855
0.3249355286649474
0.3349037889307677
0.3594524895853997
0.3178932751438206
0.3509720293592541
0.35072406268597506
0.34447530251934144
0.3466574092441976
0.3291013687760365
0.3407558024201548
0.3195794485221186
0.3244395953183893
0.32235667526284467
0.3249851219996032
0.3488891093037096
0.31253719500099186
0.3396151557230709
0.35751834953382267
0.3513191827018449
0.35751834953382267
0.31367784169807583
0.3153640150763738
0.3438305891688157
0.3147688950605039
0.34700456258678836
0.34100376909343383
0.33624280896647496
0.3404582424122198
0.33262249553659984
0.3480956159492165
0.3086689148978377
0.3562785161674271
0.3346558222574886
0.333713548899028
0.34591350922436026
0.33778020234080536
0.36470938305891687
0.3427891291410434
0.34105336242808965
0.34561594921642536
0.3193810751834953
0.3335151755604047
0.3409045824241222
0.3293493354493156
0.3595020829200556
0.3153144217417179
0.33564768895060504
0.3354989089466376
0.32364610196389604
0.347946835945249
0.3195298551874628
0.3307379488196786
0.3453679825431462
0.34313628248363426
0.3412021424320571
0.3377306090061496
0.3644614163856378
0.34591350922436026
0.30767704820472125
0.34045824241221984
0.3358460622892283
0.3681313231501686
0.3221087085895656
0.34998016266613763
0.34794683594524894
0.30995834159888913
0.3315314421741718
0.3346062289228328
0.34070620908549887
0.3533525094227336
0.3318785955167625
0.3186867684983139
0.35340210275738937
0.3277127554056735
0.3227038286054354
0.39897837730609004
0.30207300138861337
0.33703630232096804
0.34923626264630037
0.3414005157706805
0.3362428089664749
0.3363915889704424
0.3141241817099782
0.36332076968855387
0.33153144217417174
0.3272168220591153
0.35092243602459827
0.3606427296171395
0.34700456258678836
0.35032731600872846
0.32602658202737556
0.35994842293195795
0.3159095417575878
0.35196389605237055
0.32582820868875223
0.3490378893076771
0.3481948026185281
0.35950208292005553
0.3396647490577266
0.33797857567942863
0.33301924221384643
0.3482443959531839
0.3298948621305297
0.36153540964094427
0.3310851021622694
0.35017853600476095
0.3365899623090657
0.327018448720492
0.3373090656615751
0.33212656219004166
0.3407558024201548
0.3375818290021822
0.329250148780004
0.3458143225550486
0.329250148780004
0.3362924023011308
0.34502082920055543
0.3455167625471137
0.33460622892283276
0.3453679825431462
0.31938107518349534
0.3063380281690141
0.3269192620511804
0.33068835548502284
0.3377306090061496
0.32518349533822655
0.35280698274151956
0.33138266217020435
0.3549890894663757
0.36277524300733976
0.3470541559214442
0.3499801626661377
0.33515175560404686
0.3520630827216822
0.3354989089466376
0.35498908946637575
0.3515175560404682
0.35503868280103157
0.36773457647292207
0.3363419956357866
0.3346558222574886
0.3383257290220195
0.33386232890299544
0.3181908351517556
0.34546716921245785
0.35191430271771473
0.30723070819281895
0.34214441579051774
0.33232493552866493
0.33212656219004166
0.33480460226145603
0.3060404681610791
0.3212656219004166
0.3142233683792898
0.3250843086689149
0.34095417575877807
0.34169807577861533
0.3322753421940091
0.33207696885538585
0.3304899821463995
0.3314818488395159
0.36684189644911724
0.33763142233683796
0.3761654433644118
0.3773060900614958
0.34011108906962906
0.3274647887323944
0.33584606228922836
0.3511704026978774
0.34011108906962906
0.3617337829795676
0.3402102757389407
0.3449216425312438
0.3279607220789526
0.33539972227732595
0.31045427494544736
0.3383753223566753
0.3181908351517556
0.3329696488791906
0.344028962507439
0.3209184685578258
0.3389704423725451
0.3564768895060504
0.3236956952985519
0.31819083515175556
0.34680618924816503
0.29587383455663563
0.34268994247173185
0.35855980956159494
0.33053957548105534
0.3210176552271375
0.3297956754612181
0.344028962507439
0.36356873636183296
0.34075580242015474
0.3549394961317199
0.3400119024003173
0.3642630430470145
0.34447530251934144
0.3245883753223567
0.3823150168617338
0.34189644911723865
0.3384745090259869
0.3349533822654236
0.34303709581432257
0.3328208688752232
0.3340111089069629
0.33351517556040466
0.35464193612378503
0.3318290021821067
0.33882166236857764
0.30891688157111685
0.3629736163459631
0.35464193612378503
0.3411029557627455
0.3403094624082524
0.32339813529061695
0.3368875223170006
0.3242412219797659
0.33044038881174376
0.32439000198373336
0.3587085895655624
0.39540765721087084
0.33629240230113067
0.33897044237254514
0.31695100178536006
0.3324737155326324
0.3741817099781789
0.3313826621702043
0.36287442967665146
0.33177940884745094
0.33063876215036697
0.3468061892481651
0.34730212259472326
0.32771275540567346
0.36956952985518743
0.33182900218210676
0.33490378893076767
0.3253818686768498
0.33996230906566155
0.3193314818488395
0.30698274151953975
0.3328208688752232
0.30375917476691133
0.35310454274945446
0.34943463598492364
0.3294485221186273
0.37348740329299746
0.35136877603650074
0.34432652251537393
0.3548899027970641
0.29929577464788726
0.3551378694703432
0.3395159690537592
0.3324241221979765
0.33401110890696295
0.33787938901011705
0.33153144217417185
0.3386232890299544
0.3316306288434834
0.3206705018845467
0.3514183693711565
0.33535012894267013
0.35637770283673875
0.33748264233287045
0.3209184685578258
0.3326224955365999
0.3129835350128942
0.3626264630033724
0.351567149375124
0.37259472326919263
0.33673874231303313
0.34006149573497324
0.3506248760166633
0.3307875421543345
0.36981749652846657
0.32840706209085485
0.3304899821463995
0.335102162269391
0.30975996826026586
0.3447728625272763
0.3283574687561992
0.33301924221384654
0.3409045824241222
0.33981352906169415
0.3120908549890895
0.3622793096607816
0.353501289426701
0.3200753818686769
0.3808272168220591
0.3211168418964491
0.29359254116246775
0.34755008926800246
0.32642332870462215
0.33292005554453485
0.36213052965681414
0.35459234278912916
0.3629736163459631
0.33321761555246976
0.34913707597698873
0.34283872247569924
0.3740825233088673
0.3424419757984527
0.33842491569133104
0.3478972426105931
0.3386232890299543
0.3413013291013688
0.33222574885935324
0.35161674270977983
0.3548403094624083
0.3413509224360246
0.3491370759769887
0.3615850029756001
0.33029160880777625
0.33609402896250745
0.35855980956159494
0.32657210870858955
0.3396151557230708
0.3974905772664154
0.314173775044634
0.31407458837532237
0.34923626264630037
0.3255802420154732
0.3796865701249752
0.34254116246776434
0.33495338226542354
0.3286054354294783
0.3647589763935727
0.3249851219996032
0.3368379289823447
0.33867288236461024
0.32791112874429673
0.3352013489387026
0.33698670898631217
0.35057528268200755
0.36560206308272164
0.33782979567546123
0.37160285657607617
0.3337631422336838
0.35117040269787736
0.35310454274945446
0.3002876413410038
0.35126958936718905
0.32766316207101764
0.31367784169807583
0.3514679627058124
0.3335151755604047
0.3263737353699663
0.3464590359055743
0.36257686966871655
0.36441182305098196
0.33237452886332075
0.3535012894267011
0.3553858361436223
0.33296964887919056
0.34745090259869077
0.3270184487204919
0.319480261852807
0.3218607419162865
0.3243900019837334
0.35017853600476095
0.34958341598889103
0.3308867288236461
0.3464094425709185
0.3645606030549494
0.3344574489188653
0.3224558619321563
0.3266712953779012
0.33396151557230713
0.34075580242015474
0.33624280896647485
0.33068835548502284
0.34179726244792696
0.3287046220987899
0.35915492957746475
0.31888514183693717
0.3346558222574886
0.3468061892481651
0.3319281888514184
0.3399623090656616
0.34963300932354696
0.33158103550882756
0.35578258282086894
0.3255802420154731
0.34115254909740134
0.33723467565959137
0.3289029954374132
0.3413013291013688
0.3231501686173378
0.33723467565959137
0.34229319579448525
0.34888910930370964
0.3476988692719698
0.343483435826225
0.33103550882761357
0.32632414203531046
0.33579646895457255
0.3613866296369768
0.32086887522317004
0.32642332870462215
0.33430866891489786
0.3427891291410435
0.34903788930767704
0.348492362626463
0.32696885538583614
0.3268696687165245
0.30559412814917675
0.36354393969450505
0.32235667526284467
0.34254116246776434
0.35717119619123183
0.2993453679825432
0.3500793493354493
0.3245387819877008
0.3353005356080143
0.3643622297163261
0.3322753421940091
0.36381670303511204
0.3210176552271375
0.3393175957151359
0.31273556833961513
0.34665740924419763
0.3252826820075382
0.32329894862130526
0.32275342194009127
0.32349732195992853
0.34690537591747667
0.3286550287641341
0.35528664947431066
0.3264233287046221
0.3010315413608411
0.3210176552271375
0.3219599285855981
0.33232493552866493
0.34606228922832777
0.32885340210275743
0.3385736956952985
0.33406070224161877
