0.3405326324142035
0.2945596111882563
0.3307627454870065
0.3787690934338425
0.30591648482443956
0.32840706209085496
0.3118428883158103
0.2683495338226542
0.35159194604245186
0.2872445943265225
0.30085796468954573
0.321439198571712
0.2546865701249752
0.3182404284864115
0.2688206705018845
0.3056685181511605
0.28064868081729816
0.28570720095219204
0.33916881571116836
0.2925014878000397
0.28600476096012695
0.3048254314620115
0.2710027772267407
0.3191579051775441
0.3228030152747471
0.3506992660186471
0.28615354096409445
0.3215383852410236
0.3278119420749851
0.26177841698075777
0.27983039079547706
0.32880380876810156
0.3369619123189843
0.2927246578059909
0.28243404086490775
0.2886580043642134
0.264506050386828
0.37668617337829796
0.2837234675659591
0.3324737155326324
0.3172237651259671
0.2978327712755406
0.31672783177940883
0.3579398928783971
0.30289129141043447
0.3324737155326324
0.2850872842689942
0.2823100575282682
0.3178188851418369
0.3197034318587582
0.31186768498313827
0.2977583812735568
0.33036599880976
0.34177246578059906
0.3262993453679825
0.2860791509621107
0.34512001586986707
0.30018845467169214
0.28129339416782384
0.33681313231501686
0.26901904384050784
0.3185131918270184
0.3011555246974807
0.28005356080142824
0.33155623884149976
0.3249603253322753
0.3102311049394962
0.3066107915096211
0.2717218805792502
0.3089168815711168
0.2497024399920651
0.3239932553064868
0.29562586788335643
0.26175362031342986
0.29116246776433247
0.2858063876215037
0.34219400912517356
0.29322059115254906
0.27948323745288634
0.3223814719301726
0.3097847649275937
0.32153838524102357
0.2892283277127554
0.3056437214838326
0.30065959135092246
0.26485320372941873
0.2881372743503273
0.3057677048204721
0.29024499107319973
0.28213648085697285
0.29760960126958935
0.287666137671097
0.23943661971830987
0.30026284467367587
0.276780400714144
0.29376611783376316
0.37281789327514386
0.29396449117238643
0.3081233882166237
0.30822257488593535
0.31551279508034125
0.3192818885141837
0.2669857171196191
0.2901953977385439
0.27402797064074585
0.32282781194207494
0.24481749652846657
0.30638762150366994
0.2882860543542948
0.29604741122793093
0.2832275342194009
0.3347798055941281
0.28987304106328105
0.30626363816703034
0.2830043642134497
0.3407310057528268
0.3042303114461416
0.32024895853997215
0.34125173576671297
0.3040815314421741
0.3020730013886133
0.2905177544138068
0.29455961118825635
0.3176205118032136
0.33272168220591153
0.3344822455861932
0.3172981551279508
0.27549097401309264
0.3451696092045229
0.323100575282682
0.28424419757984526
0.2522069033921841
0.2820372941876612
0.3258034120214243
0.2314024995040667
0.28746776433247373
0.2992957746478873
0.37522317000595123
0.2524300733981353
0.31652945844078556
0.3896548303907955
0.30770184487204916
0.29540269787740525
0.2839218409045824
0.2791608807776235
0.36468458639158896
0.33182900218210676
0.30489982146399525
0.3362924023011307
0.33569728228526086
0.3224806585994842
0.31933148184883947
0.2793592541162468
0.3363667923031145
0.25428982344772866
0.2877405276730807
0.2953779012100774
0.28558321761555244
0.2888315810355088
0.37866990676453083
0.30085796468954573
0.3498313826621702
0.3026185280698275
0.30420551477881375
0.268696687165245
0.2998660979964292
0.27816901408450706
0.33753223566752627
0.31930668518151156
0.262274350327316
0.313603451696092
0.2533227534219401
0.2878893076770482
0.28325233088672885
0.3187115651656417
0.30978476492759377
0.29034417774251137
0.29736163459631026
0.2877405276730807
0.29845268795873836
0.2637125570323348
0.2800535608014283
0.3309611188256298
0.30507339813529066
0.3212656219004166
0.2846657409244197
0.31015671493751235
0.3296964887919064
0.3487403292997421
0.28932751438206705
0.3220591152549097
0.34948422931957945
0.30978476492759377
0.3191083118428883
0.3024945447331879
0.2784169807577862
0.2895010910533624
0.30596607815909543
0.3166038484427693
0.29155921444157906
0.2852360642729617
0.27918567744495143
0.30204820472128546
0.3199018051973815
0.28310355088276135
0.28682305098194805
0.33926800238048005
0.3111485816306288
0.23938702638365406
0.2525292600674469
0.2401805197381472
0.32451398532037296
0.32962209878992266
0.30494941479865106
0.2793344574489189
0.2853600476096012
0.2521325133902003
0.273432850624876
0.2969152945844078
0.32141440190438403
0.25560404681610793
0.3453183892084904
0.31437214838325733
0.33113469549692526
0.2970144812537195
0.347376512596707
0.3889109303709581
0.3038087681015671
0.28280599087482633
0.26172882364610195
0.281541360841103
0.3357964689545725
0.30095715135885737
0.2862279309660782
0.3073298948621305
0.2963697679031938
0.3010067446935132
0.2562735568339615
0.30048601467962704
0.2917575877802023
0.27112676056338025
0.3469797659194604
0.31407458837532237
0.3227038286054354
0.33458143225550485
0.27762348740329296
0.33158103550882756
0.30150267804007136
0.3026185280698274
0.3093880182503472
0.3321761555246975
0.28126859750049593
0.2543890101170403
0.27534219400912513
0.32929974211465973
0.3195794485221186
0.33733386232890294
0.29069133108510214
0.3376314223368379
0.33544931561198177
0.27348244395953186
0.2787145407657211
0.3089912715731006
0.35784070620908554
0.30819777821860744
0.3484675659591351
0.317521325133902
0.3038087681015671
0.30380876810156715
0.2680271771473914
0.3154632017456853
0.29240230113072796
0.30653640150763733
0.2834011108906963
0.36193215631819087
0.2883604443562785
0.3239188653045031
0.33716028565760764
0.2945100178536004
0.33708589565562386
0.3105286649474311
0.30289129141043447
0.2916584011108907
0.30923923824637967
0.35486510612973615
0.30418071811148584
0.28099583415988894
0.2868478476492759
0.2984278912914104
0.34437611585002975
0.31615750843086693
0.30951200158698666
0.2805246974806586
0.29438603451696094
0.3023457647292204
0.3062140448323745
0.2558272168220591
0.29639456457052166
0.31028069827415194
0.3143225550486015
0.3001636580043642
0.30085796468954573
0.28955068438801823
0.30737948819678634
0.26968855385836144
0.29996528466574096
0.3159839317595715
0.3415988891093037
0.3043294981154533
0.33202737552073
0.2642580837135489
0.3739337433048998
0.2562239634993057
0.29314620115056533
0.28412021424320566
0.3298700654632018
0.27464788732394363
0.2781938107518349
0.3050981948026185
0.34326026582027375
0.31652945844078556
0.2922287244594326
0.30442868478476487
0.3158599484229319
0.28305395754810553
0.36138662963697676
0.2964193612378496
0.23985816306288438
0.28734378099583413
0.2687958738345566
0.3172981551279508
0.30599087482642334
0.3324737155326324
0.3305891688157112
0.2855336242808966
0.3528813727435033
0.32476195199365204
0.32223269192620513
0.2938901011704027
0.29088970442372547
0.32682007538186864
0.24551180321364807
0.323670898631224
0.2913608411029558
0.29944455465185477
0.2789129141043444
0.28488891093037094
0.32349732195992853
0.3093384249156913
0.30370958143225557
0.27546617734576473
0.353228526086094
0.2977583812735568
0.29468359452489584
0.25795973021225943
0.2735320372941877
0.28161575084308665
0.328952588772069
0.30891688157111685
0.2730361039476294
0.26609303709581433
0.2634397936917278
0.3162566951001785
0.3563777028367388
0.3195794485221186
0.3073794881967863
0.3177444951398532
0.2871454076572109
0.253347550089268
0.2888315810355088
0.3129835350128943
0.2799047807974608
0.3467813925808371
0.3104046816107915
0.29666732791112876
0.3155375917476691
0.29019539773854397
0.2902201944058719
0.3109998016266614
0.295204324538782
0.32344772862527277
0.28017754413806784
0.2500247966673279
0.3250843086689149
0.28845963102559014
0.36064272961713945
0.3268200753818687
0.3003620313429875
0.2844177742511407
0.30051081134695495
0.33418468557825826
0.2930718111485816
0.2638117437016465
0.2958738345566356
0.2713747272366594
0.3561793294981154
0.3108510216226939
0.3027921047411228
0.28173973417972625
0.32786153540964097
0.30584209482245583
0.31288434834358264
0.3218111485816306
0.3166038484427693
0.2912120610989883
0.3253074786748661
0.277921047411228
0.361609799642928
0.28974905772664145
0.29250148780003965
0.3742560999801627
0.343483435826225
0.3513935727038286
0.2891787343780996
0.29914699464391986
0.284591350922436
0.26034021027573895
0.324216425312438
0.3090904582424122
0.29247669113271174
0.28774052767308067
0.29146002777226737
0.321439198571712
0.30271771473913905
0.3124628049990081
0.3056933148184884
0.2878893076770482
0.33083713548899035
0.2838970442372545
0.2912120610989883
0.28367387423130336
0.3259521920253917
0.25128942670105137
0.31251239833366395
0.3098095615949217
0.28798849434635987
0.2983039079547709
0.2924270977980559
0.3238444753025193
0.3223070819281888
0.3079746082126562
0.2972872445943265
0.2752678040071414
0.3284318587581829
0.31943066851815116
0.30549494147986506
0.28069827415195403
0.34323546915294584
0.31308272168220586
0.32173675857964684
0.340681412418171
0.2832523308867288
0.29798155127950804
0.3231501686173378
0.2952539178734378
0.3147440983931759
0.3228774052767308
0.259769886927197
0.32890299543741314
0.35665046617734575
0.2970640745883753
0.30914005157706803
0.32337333862328904
0.27266415393771076
0.28597996429279904
0.360766712953779
0.28340111089069625
0.32381967863519145
0.28067347748462607
0.26944058718508235
0.2568934735171593
0.27410236064272964
0.32820868875223164
0.27856576076175366
0.3262745487006546
0.2768299940487998
0.3094624082523309
0.3300188454671692
0.2908401110890696
0.3140993850426503
0.2646548303907955
0.29805594128149177
0.3151160484030946
0.29689049791707994
0.3133554850228129
0.29508034120214244
0.26019143027177144
0.34658301924221385
0.32476195199365204
0.2608609402896251
0.3051229914699464
0.29304701448125375
0.2870462209878992
0.30115552469748064
0.26135687363618326
0.26542352707796074
0.2518597500495933
0.30363519143027173
0.2369073596508629
0.29485717119619126
