0.261437908496732
0.16296296296296295
0.174496644295302
0.19847328244274812
0.2657342657342657
0.20270270270270271
0.20143884892086328
0.2384105960264901
0.2054794520547945
0.12949640287769784
0.17567567567567566
0.16901408450704225
0.17687074829931973
0.1751824817518248
0.3111111111111111
0.13636363636363635
0.22695035460992907
0.20134228187919462
0.21428571428571427
0.17266187050359713
0.15037593984962408
0.2
0.2556390977443609
0.1804511278195489
0.19858156028368795
0.19117647058823528
0.2222222222222222
0.1818181818181818
0.14285714285714288
0.20915032679738563
0.1527777777777778
0.23376623376623376
0.29370629370629375
0.16666666666666666
0.22535211267605634
0.23529411764705882
0.21333333333333335
0.17266187050359713
0.08695652173913045
0.27536231884057966
0.16058394160583941
0.1791044776119403
0.19444444444444445
0.18055555555555552
0.2649006622516556
0.14084507042253522
0.16551724137931034
0.14285714285714288
0.12857142857142856
0.21212121212121213
0.14388489208633093
0.19444444444444445
0.2535211267605634
0.17647058823529413
0.24691358024691362
0.2567567567567568
0.2608695652173913
0.196969696969697
0.2533333333333333
0.2517482517482518
0.13664596273291924
0.19178082191780824
0.1360544217687075
0.1610738255033557
0.2318840579710145
0.2222222222222222
0.1702127659574468
0.19047619047619047
0.11594202898550725
0.20134228187919462
0.15384615384615383
0.1843971631205674
0.21739130434782608
0.11199999999999999
0.23703703703703702
0.21476510067114096
0.1610738255033557
0.15503875968992248
0.1843971631205674
0.2535211267605634
0.1843971631205674
0.22377622377622378
0.25373134328358204
0.11510791366906475
0.14173228346456693
0.27586206896551724
0.1891891891891892
0.16296296296296295
0.21476510067114096
0.21374045801526714
0.19858156028368795
0.28169014084507044
0.24161073825503357
0.1891891891891892
0.17333333333333334
0.2608695652173913
0.2
0.20253164556962025
0.23129251700680273
0.20155038759689925
0.2361111111111111
0.16216216216216214
0.15037593984962408
0.14666666666666667
0.23776223776223776
0.24113475177304963
0.1958041958041958
0.22535211267605634
0.22818791946308722
0.16666666666666669
0.19607843137254902
0.1818181818181818
0.12403100775193797
0.1476510067114094
0.109375
0.17142857142857143
0.17777777777777778
0.09859154929577464
0.1925925925925926
0.20740740740740743
0.14814814814814814
0.18309859154929578
0.31724137931034485
0.2463768115942029
0.20143884892086328
0.19178082191780824
0.20270270270270271
0.2222222222222222
0.15714285714285714
0.2814814814814815
0.18055555555555552
0.1843971631205674
0.17105263157894735
0.14388489208633093
0.1643835616438356
0.23684210526315788
0.16666666666666666
0.1804511278195489
0.17931034482758623
0.20134228187919462
0.28571428571428575
0.1925925925925926
0.2285714285714286
0.17142857142857143
0.16058394160583941
0.21917808219178084
0.1958041958041958
0.2533333333333333
0.13333333333333333
0.26388888888888884
0.16455696202531647
0.22058823529411764
0.21476510067114096
0.20833333333333331
0.19402985074626863
0.21428571428571427
0.19178082191780824
0.18055555555555552
0.23529411764705882
0.21374045801526714
0.16326530612244897
0.27586206896551724
0.1791044776119403
0.1323529411764706
0.24836601307189543
0.27586206896551724
0.20134228187919462
0.13114754098360656
0.1702127659574468
0.18978102189781018
0.16
0.24050632911392406
0.1891891891891892
0.2222222222222222
0.20979020979020982
0.11851851851851851
0.3088235294117647
0.18978102189781018
0.2384105960264901
0.21768707482993196
0.20134228187919462
0.2
0.3053435114503817
0.25954198473282436
0.18978102189781018
0.21935483870967745
0.19607843137254902
0.12857142857142856
0.1702127659574468
0.13533834586466165
0.19867549668874174
0.1496598639455782
0.3
0.28368794326241137
0.14285714285714288
0.2222222222222222
0.2714285714285714
0.23287671232876714
0.2302158273381295
0.19858156028368795
0.11940298507462685
0.23129251700680273
0.1843971631205674
0.2463768115942029
0.15602836879432622
0.1384615384615385
0.27972027972027974
0.23529411764705882
0.2448979591836735
0.17687074829931973
0.14084507042253522
0.16774193548387098
0.20915032679738563
0.22058823529411764
0.20689655172413796
0.23943661971830985
0.21428571428571427
0.20312499999999997
0.2631578947368421
0.1818181818181818
0.21192052980132453
0.17333333333333334
0.23287671232876714
0.21374045801526714
0.19512195121951217
0.18300653594771243
0.14569536423841062
0.2553191489361702
0.2206896551724138
0.24427480916030536
0.22972972972972974
0.17931034482758623
0.19847328244274812
0.2519685039370078
0.2482758620689655
0.19718309859154928
0.20740740740740743
0.14705882352941177
0.2
0.22972972972972974
0.17647058823529413
0.14388489208633093
0.1610738255033557
0.18749999999999997
0.16901408450704225
0.2112676056338028
0.16551724137931034
0.27096774193548384
0.1843971631205674
0.23943661971830985
0.21917808219178084
0.21374045801526714
0.19718309859154928
0.25503355704697983
0.2318840579710145
0.2571428571428571
0.125
0.2838709677419355
0.16058394160583941
0.2953020134228188
0.1884057971014493
0.1610738255033557
0.14184397163120568
0.25503355704697983
0.20289855072463767
0.16666666666666666
0.1884057971014493
0.2481751824817518
0.19718309859154928
0.30136986301369867
0.18320610687022904
0.2684563758389261
0.265625
0.21476510067114096
0.14925373134328357
0.15503875968992248
0.16176470588235295
0.2361111111111111
0.15827338129496402
0.11510791366906475
0.31496062992125984
0.28358208955223885
0.25373134328358204
0.1496598639455782
0.2978723404255319
0.174496644295302
0.2647058823529412
0.19858156028368795
0.12030075187969924
0.2767295597484276
0.14925373134328357
0.20270270270270271
0.1343283582089552
0.23809523809523808
0.15748031496062992
0.14084507042253522
0.22388059701492535
0.17142857142857143
0.19310344827586204
0.17218543046357618
0.23529411764705882
0.29370629370629375
0.14864864864864866
0.1679389312977099
0.21897810218978103
0.35526315789473684
0.23943661971830985
0.2448979591836735
0.25
0.16783216783216784
0.20270270270270271
0.196969696969697
0.22077922077922077
0.19117647058823528
0.22695035460992907
0.16901408450704225
0.1739130434782609
0.19047619047619044
0.2047244094488189
0.16176470588235295
0.24516129032258066
0.18604651162790697
0.23776223776223776
0.2361111111111111
0.2465753424657534
0.14598540145985403
0.1142857142857143
0.20408163265306123
0.2
0.2285714285714286
0.21052631578947367
0.1739130434782609
0.11666666666666667
0.2535211267605634
0.21428571428571427
0.11188811188811189
0.17218543046357618
0.19718309859154928
0.20645161290322578
0.23776223776223776
0.2127659574468085
0.24113475177304963
0.15503875968992248
0.21768707482993196
0.12698412698412698
0.1276595744680851
0.22556390977443608
0.23943661971830985
0.2482758620689655
0.140625
0.16176470588235295
0.20143884892086328
0.19858156028368795
0.20143884892086328
0.22972972972972974
0.21428571428571427
0.22516556291390727
0.24
0.2533333333333333
0.2695035460992907
0.17931034482758623
0.14598540145985403
0.25806451612903225
0.23776223776223776
0.2564102564102564
0.1958041958041958
0.2481751824817518
0.21428571428571427
0.23376623376623376
0.21052631578947367
0.13333333333333333
0.23750000000000002
0.21428571428571427
0.1111111111111111
0.20979020979020982
0.12857142857142856
0.21768707482993196
0.1739130434782609
0.28571428571428564
0.21582733812949642
0.1751824817518248
0.21052631578947367
0.17567567567567566
0.13333333333333333
0.20143884892086328
0.2302158273381295
0.2127659574468085
0.21052631578947367
0.1103448275862069
0.21739130434782608
0.23448275862068968
0.21052631578947367
0.25165562913907286
0.23129251700680273
0.1843971631205674
0.24060150375939848
0.22377622377622378
0.2
0.10218978102189781
0.16417910447761194
0.16417910447761194
0.07936507936507937
0.24427480916030536
0.1791044776119403
0.20437956204379562
0.19718309859154928
0.2767295597484276
0.2302158273381295
0.20588235294117646
0.20437956204379562
0.21374045801526714
0.17142857142857143
0.24285714285714285
0.24285714285714285
0.15748031496062992
0.19178082191780824
0.14814814814814814
0.23129251700680273
0.15894039735099336
0.27777777777777773
0.2112676056338028
0.2236842105263158
0.136986301369863
0.17777777777777778
0.20408163265306123
0.19117647058823528
0.18978102189781018
0.13986013986013987
0.19178082191780824
0.18978102189781018
0.144
0.25165562913907286
0.2112676056338028
0.21428571428571427
0.1875
0.21917808219178084
0.1925925925925926
0.22535211267605634
0.16216216216216214
0.2923076923076923
0.2077922077922078
0.2684563758389261
0.25806451612903225
0.2571428571428571
0.1258741258741259
0.19178082191780824
0.2602739726027397
0.18705035971223022
0.23287671232876714
0.15492957746478872
0.16783216783216784
0.24161073825503357
0.12949640287769784
0.19444444444444445
0.14388489208633093
0.26666666666666666
0.208955223880597
0.2054794520547945
0.2127659574468085
0.1884057971014493
0.11199999999999999
0.1610738255033557
0.10218978102189781
0.23129251700680273
0.19718309859154928
0.13636363636363635
0.2112676056338028
0.1739130434782609
0.22058823529411764
0.14705882352941177
0.15492957746478872
0.2482758620689655
0.2916666666666667
0.14184397163120568
0.22388059701492535
0.23129251700680273
0.18666666666666665
0.21374045801526714
0.2967741935483871
0.14814814814814814
0.13986013986013987
0.11851851851851851
0.2714285714285714
0.2222222222222222
0.21739130434782608
0.28368794326241137
0.2676056338028169
0.17931034482758623
0.2054794520547945
0.2054794520547945
0.17142857142857143
0.20979020979020982
0.21739130434782608
0.1857142857142857
0.1739130434782609
0.21917808219178084
0.19178082191780824
0.196969696969697
0.14598540145985403
0.24675324675324675
