0.3305395754810554
0.32617536203134295
0.330093235469153
0.3073298948621306
0.28818686768498314
0.31908351517556044
0.3122396349930569
0.3094624082523309
0.31576076175362033
0.32295179527871454
0.32210870858956553
0.30604046816107916
0.35503868280103157
0.3029656814124182
0.306090061495735
0.31957944852211867
0.3076274548700655
0.31824042848641143
0.3093632215830192
0.3205217218805792
0.3250347153342591
0.29468359452489584
0.30048601467962704
0.3207696885538584
0.3429875024796667
0.3212160285657607
0.3191827018448721
0.31506645506843883
0.31417377504463406
0.26651458044038884
0.32414203531045427
0.32027375520730017
0.33014282880380885
0.3011803213648086
0.2965681412418171
0.2837234675659591
0.3300436421344971
0.31437214838325733
0.3380777623487404
0.3322257488593533
0.3210176552271375
0.32463796865701244
0.2898234477286253
0.30837135488990275
0.30817298155127953
0.31640547510414607
0.3013786947034318
0.3110493949613172
0.33619321563181903
0.3034616147589764
0.3129339416782384
0.30589168815711165
0.3187363618329697
0.32964689545725057
0.29636976790319386
0.2988990279706407
0.33019242213846456
0.3280103154136084
0.3121900416584011
0.3184883951596906
0.26651458044038884
0.3057429081531442
0.28327712755405676
0.3366891489783773
0.3187859551676255
0.30232096806189246
0.29488196786351917
0.3045526681214045
0.3107022416187265
0.30301527474707407
0.3101567149375124
0.3018250347153343
0.30752826820075385
0.3452192025391787
0.32344772862527277
0.28228526086094036
0.3084209482245586
0.2811446141638564
0.327563975401706
0.2845665542551081
0.29825431462011504
0.31452092838722473
0.33361436222971635
0.29121206109898834
0.3176453084705416
0.3269192620511803
0.3246875619916683
0.32473715532632413
0.3230509819480262
0.30916484824439594
0.3150664550684388
0.31471930172584806
0.30916484824439594
0.3131819083515175
0.30385836143622297
0.31903392184090457
0.2858559809561595
0.2996925213251339
0.3389208490378893
0.30971037492561
0.3014778813727435
0.30762745487006543
0.29503074786748656
0.32528268200753824
0.31610791509621106
0.31595913509224355
0.30936322158301927
0.31992660186470934
0.31943066851815116
0.33535012894267013
0.3083713548899028
0.3138762150366991
0.3174965284665741
0.3368875223170006
0.3300932354691529
0.35890696290418567
0.3119916683197778
0.2831283475500893
0.30008926800238045
0.33966474905772664
0.29488196786351917
0.32959730212259475
0.32339813529061695
0.3134794683594525
0.30847054155921444
0.33227534219400917
0.2959234278912914
0.313330688355485
0.3037095814322555
0.3123884149970244
0.32483634199563577
0.3129835350128943
0.3126363816703035
0.31303312834755004
0.32344772862527277
0.31372743503273165
0.29508034120214244
0.30301527474707396
0.31511604840309465
0.323943661971831
0.31501686173378296
0.3188851418369371
0.33113469549692526
0.2963697679031938
0.31952985518746285
0.3333663955564372
0.2963697679031938
0.3322753421940091
0.3117437016464987
0.31070224161872645
0.3293493354493156
0.3408549890894664
0.31754612180123
0.3136282483634199
0.3300932354691529
0.30747867486609803
0.32558024201547314
0.29994048799841294
0.3024697480658599
0.3117437016464987
0.3432354691529459
0.32810950208292
0.3341598889109304
0.31114858163062886
0.3209680618924816
0.3047014481253719
0.32136480856972827
0.3065859948422932
0.3189843285062488
0.3167030351120809
0.3104046816107915
0.32265423527077963
0.3162566951001785
0.3307379488196786
0.32414203531045427
0.3253818686768499
0.30296568141241814
0.29622098789922635
0.3201249752033327
0.3354989089466376
0.32047212854592344
0.34864114263043045
0.29855187462805
0.304949414798651
0.31362824836341996
0.3093632215830193
0.2977583812735569
0.31263638167030355
0.320323348541956
0.3281590954175759
0.3061892481650466
0.3126859750049593
0.3091152549097401
0.3145705217218806
0.3322753421940091
0.29617139456457053
0.2919559611188256
0.3058916881571117
0.3292501487800039
0.29384050783574683
0.32751438206705025
0.32721682205911523
0.34650862924023007
0.3059412814917675
0.31829002182106725
0.3088176949018052
0.3104542749454473
0.32404284864114263
0.2891291410434438
0.3077266415393771
0.34214441579051774
0.3288534021027574
0.3004364213449713
0.31318190835151755
0.28064868081729816
0.33673874231303313
0.32915096211069234
0.2994445546518548
0.32255504860146794
0.3144713350525689
0.3396647490577267
0.3109502082920056
0.31962904185677443
0.3380777623487403
0.3235965086292402
0.324489188653045
0.32627454870065464
0.31219004165840114
0.3241916286451101
0.34244197579845265
0.2967665145804404
0.31496726839912725
0.2921543344574489
0.30351120809363225
0.32171196191231904
0.2865998809759968
0.3384745090259869
0.3176949018051973
0.3117932949811545
0.2988494346359849
0.28288038087681017
0.2914104344376116
0.3114957349732196
0.3252826820075382
0.31328109502082924
0.30638762150366994
0.3122892283277128
0.32686966871652456
0.30276730807379487
0.3118428883158104
0.2875421543344574
0.31551279508034125
0.3006347946835945
0.3002876413410038
0.33207696885538585
0.2784169807577862
0.3166534417774251
0.3053957548105535
0.29731204126165445
0.29909740130926404
0.3263241420353105
0.3214144019043841
0.3451200158698671
0.30648680817298163
0.35141836937115645
0.3386728823646102
0.30852013489387026
0.3248859353302916
0.2902201944058719
0.2989982146399524
0.3170501884546717
0.31908351517556044
0.33718508232493555
0.28739337433048995
0.3129339416782385
0.30856972822852613
0.29765919460424517
0.3399623090656616
0.27856576076175366
0.34204522912120605
0.3076274548700654
0.33951596905375925
0.29795675461218013
0.3197282285260861
0.32225748859353304
0.3204225352112676
0.28937710771672287
0.30941281491767514
0.3291013687760364
0.33113469549692526
0.31695100178536006
0.31933148184883947
0.31605832176155524
0.34100376909343383
0.31144614163856377
0.3430866891489784
0.3098095615949216
0.30018845467169214
0.30971037492561
0.3102063082721682
0.30861932156318195
0.3603451696092045
0.2985022812933942
0.3195794485221186
0.34259075580242015
0.29622098789922635
0.31571116841896446
0.2811942074985122
0.2900218210672485
0.29800634794683595
0.27623487403293
0.3479964292799048
0.3016762547113668
0.2857567942868478
0.3290517754413807
0.32771275540567346
0.30896647490577267
0.33202737552073003
0.3266217020432454
0.32012497520333266
0.317794088474509
0.3102063082721682
0.28104542749454475
0.3000644713350526
0.31680222178139256
0.34194604245189447
0.31303312834755015
0.3605931362824837
0.318934735171593
0.32677048204721293
0.3215135885736957
0.3252826820075382
0.33718508232493555
0.31313231501686173
0.32191033525094226
0.29369172783177944
0.30777623487403294
0.31908351517556044
0.33068835548502273
0.3024201547312041
0.3129339416782384
0.3063380281690141
0.3106030549494148
0.32662170204324537
0.35131918270184487
0.28902995437413215
0.29770878793890104
0.3051477881372744
0.31977782186074194
0.29289823447728625
0.32324935528664944
0.2943860345169609
0.29041856774449515
0.3019242213846459
0.31174370164649867
0.3180916484824439
0.3090160682404285
0.3258282086887522
0.3223566752628446
0.34482245586193216
0.3345070422535212
0.3248859353302916
0.32959730212259475
0.3231501686173378
0.30876810156714934
0.3123388216623686
0.3156119817496528
0.3129835350128942
0.32275342194009127
0.3250347153342591
0.32523308867288236
0.31005752826820077
0.3224558619321563
0.30564372148383256
0.31814124181709985
0.32166236857766317
0.31035508827613567
0.32295179527871454
0.33093632215830193
0.31080142828803814
0.327563975401706
0.3223070819281889
0.33723467565959137
0.3011803213648086
0.29805594128149177
0.3250843086689149
0.31080142828803814
0.31104939496131717
0.3292005554453481
0.3264233287046221
0.31288434834358264
0.30752826820075385
0.31407458837532237
0.3163062884348343
0.29760960126958935
0.3325233088672882
0.32994445546518547
0.32959730212259464
0.323943661971831
0.32597698869271974
0.3262249553659988
0.3106030549494148
0.29686570124975203
0.315016861733783
0.3065364015076374
0.30618924816504656
0.2839218409045825
0.31313231501686173
0.32409244197579845
0.3136778416980758
0.2811942074985122
0.3283078754215434
0.2958738345566356
0.3255802420154732
0.32310057528268205
0.3232989486213053
0.3033128347550089
0.31367784169807583
0.28754215433445746
0.3207696885538583
0.30316405475104147
0.3090656615750843
0.31605832176155524
0.3036103947629438
0.297163261257687
0.32553064868081727
0.3120908549890895
0.3283078754215434
0.3402102757389407
0.31109898829597304
0.34839317595715136
0.32994445546518547
0.2921543344574489
0.30450307478674865
0.31209085498908945
0.3315810355088276
0.3125867883356477
0.2832275342194009
0.29324538781987697
0.3257786153540964
0.30643721483832576
0.28451696092045226
0.3239932553064868
0.311396548303908
0.30896647490577267
0.3383753223566752
0.3296964887919064
0.33515175560404686
0.31605832176155524
0.3486907359650863
0.31576076175362033
0.3075778615354096
0.2895754810553462
0.3405574290815315
0.30410632810950206
0.33782979567546123
0.29150962110692324
0.2874925609998017
0.30157706804205514
0.30633802816901406
0.32210870858956553
0.32592739535806386
0.2887323943661972
0.31501686173378296
0.316703035112081
0.33753223566752627
0.322852608609403
0.333713548899028
0.30227137472723664
0.31462011505653636
0.31184288831581036
0.301626661376711
0.2970144812537195
0.30807379488196784
0.31015671493751235
0.3305395754810554
0.31521523507240623
0.3160583217615552
0.29785756794286844
0.3102311049394961
0.3316306288434835
0.3379785756794287
0.31521523507240623
0.3101567149375124
0.3296964887919064
0.3223070819281889
0.289327514382067
0.2982047212854593
0.3206209085498909
0.30445348145209283
0.32300138861337035
0.3262249553659988
0.32027375520730017
0.3359948422931958
0.3090656615750843
0.3100575282682007
0.3346558222574886
0.31030549494147985
0.33321761555246976
0.3175461218012299
