0.18181818181818182
0.21212121212121213
0.2328767123287671
0.1875
0.15853658536585366
0.20967741935483872
0.19444444444444445
0.2318840579710145
0.2073170731707317
0.2191780821917808
0.15492957746478872
0.17333333333333334
0.23809523809523808
0.19753086419753085
0.14705882352941177
0.21666666666666667
0.12048192771084337
0.18309859154929578
0.1875
0.234375
0.18181818181818182
0.13846153846153847
0.18072289156626506
0.16216216216216217
0.203125
0.16417910447761194
0.16666666666666666
0.1111111111111111
0.18571428571428572
0.15384615384615385
0.16666666666666666
0.1891891891891892
0.18181818181818182
0.16
0.20512820512820512
0.18181818181818182
0.20987654320987653
0.2054794520547945
0.24358974358974358
0.22807017543859648
0.1917808219178082
0.20634920634920634
0.16129032258064516
0.17391304347826086
0.14285714285714285
0.16923076923076924
0.13432835820895522
0.2112676056338028
0.15942028985507245
0.14864864864864866
0.15714285714285714
0.14772727272727273
0.2361111111111111
0.19672131147540983
0.22807017543859648
0.22807017543859648
0.17105263157894737
0.29508196721311475
0.2028985507246377
0.1780821917808219
0.2857142857142857
0.21739130434782608
0.23529411764705882
0.24050632911392406
0.22058823529411764
0.18840579710144928
0.19672131147540983
0.23529411764705882
0.19672131147540983
0.203125
0.22857142857142856
0.16129032258064516
0.19117647058823528
0.1774193548387097
0.2222222222222222
0.23376623376623376
0.14285714285714285
0.2
0.14285714285714285
0.17333333333333334
0.22972972972972974
0.2
0.26865671641791045
0.2647058823529412
0.2222222222222222
0.15517241379310345
0.10144927536231885
0.26582278481012656
0.2625
0.2222222222222222
0.22388059701492538
0.30434782608695654
0.19480519480519481
0.2753623188405797
0.1951219512195122
0.14925373134328357
0.1917808219178082
0.17391304347826086
0.3380281690140845
0.24193548387096775
0.18840579710144928
0.21428571428571427
0.21176470588235294
0.2
0.23333333333333334
0.2054794520547945
0.2413793103448276
0.15873015873015872
0.20512820512820512
0.12857142857142856
0.2
0.1643835616438356
0.21333333333333335
0.23376623376623376
0.19402985074626866
0.16129032258064516
0.24
0.2
0.2
0.24561403508771928
0.1643835616438356
0.23076923076923078
0.24242424242424243
0.22033898305084745
0.07575757575757576
0.15384615384615385
0.2345679012345679
0.1774193548387097
0.2535211267605634
0.24
0.22388059701492538
0.2028985507246377
0.20588235294117646
0.2459016393442623
0.2
0.24390243902439024
0.18666666666666668
0.2
0.15384615384615385
0.208955223880597
0.18181818181818182
0.20833333333333334
0.16049382716049382
0.24285714285714285
0.26865671641791045
0.21518987341772153
0.20833333333333334
0.21311475409836064
0.2
0.16883116883116883
0.14925373134328357
0.16176470588235295
0.24050632911392406
0.1917808219178082
0.19117647058823528
0.13513513513513514
0.1791044776119403
0.2028985507246377
0.21052631578947367
0.21794871794871795
0.16666666666666666
0.2
0.10666666666666667
0.1518987341772152
0.2702702702702703
0.17307692307692307
0.2702702702702703
0.2153846153846154
0.23880597014925373
0.17391304347826086
0.14942528735632185
0.22077922077922077
0.2602739726027397
0.24285714285714285
0.19718309859154928
0.16666666666666666
0.2222222222222222
0.22666666666666666
0.21875
0.20987654320987653
0.2236842105263158
0.31343283582089554
0.17333333333333334
0.18461538461538463
0.25
0.208955223880597
0.16
0.28
0.2375
0.09523809523809523
0.22058823529411764
0.19444444444444445
0.22058823529411764
0.1506849315068493
0.2191780821917808
0.14754098360655737
0.15789473684210525
0.1791044776119403
0.14925373134328357
0.19117647058823528
0.17391304347826086
0.15873015873015872
0.1
0.18666666666666668
0.18181818181818182
0.11267605633802817
0.24324324324324326
0.14102564102564102
0.2
0.22077922077922077
0.24
0.19117647058823528
0.1
0.16455696202531644
0.15151515151515152
0.21794871794871795
0.2028985507246377
0.20833333333333334
0.17543859649122806
0.2236842105263158
0.1791044776119403
0.23076923076923078
0.125
0.16417910447761194
0.21333333333333335
0.13924050632911392
0.2
0.13846153846153847
0.27848101265822783
0.2328767123287671
0.24324324324324326
0.22972972972972974
0.208955223880597
0.19672131147540983
0.24050632911392406
0.22077922077922077
0.14285714285714285
0.1282051282051282
0.19230769230769232
0.25
0.22535211267605634
0.15151515151515152
0.14285714285714285
0.23809523809523808
0.22535211267605634
0.16901408450704225
0.18823529411764706
0.13333333333333333
0.140625
0.22388059701492538
0.20588235294117646
0.11688311688311688
0.24
0.16666666666666666
0.15
0.19230769230769232
0.2318840579710145
0.2702702702702703
0.2236842105263158
0.2727272727272727
0.2702702702702703
0.22666666666666666
0.2222222222222222
0.17857142857142858
0.30303030303030304
0.2465753424657534
0.1951219512195122
0.25862068965517243
0.1891891891891892
0.16901408450704225
0.22727272727272727
0.2
0.2465753424657534
0.16417910447761194
0.14516129032258066
0.2413793103448276
0.2
0.17391304347826086
0.2112676056338028
0.21052631578947367
0.1875
0.19047619047619047
0.25
0.2542372881355932
0.18181818181818182
0.1375
0.12345679012345678
0.13846153846153847
0.1927710843373494
0.22972972972972974
0.1095890410958904
0.14814814814814814
0.14814814814814814
0.26506024096385544
0.17647058823529413
0.2537313432835821
0.2542372881355932
0.19402985074626866
0.19718309859154928
0.15714285714285714
0.26153846153846155
0.24358974358974358
0.17567567567567569
0.20588235294117646
0.1875
0.2647058823529412
0.171875
0.22727272727272727
0.2463768115942029
0.1527777777777778
0.15853658536585366
0.21333333333333335
0.1643835616438356
0.2153846153846154
0.2318840579710145
0.22807017543859648
0.1518987341772152
0.20512820512820512
0.1038961038961039
0.21052631578947367
0.24675324675324675
0.2564102564102564
0.11940298507462686
0.22666666666666666
0.20270270270270271
0.20689655172413793
0.24324324324324326
0.1791044776119403
0.25806451612903225
0.12
0.21875
0.18840579710144928
0.30985915492957744
0.2702702702702703
0.1527777777777778
0.17721518987341772
0.19736842105263158
0.2222222222222222
0.1
0.1875
0.175
0.2
0.2903225806451613
0.140625
0.25
0.22727272727272727
0.2328767123287671
0.2222222222222222
0.1506849315068493
0.14285714285714285
0.18840579710144928
0.24615384615384617
0.18181818181818182
0.18055555555555555
0.21428571428571427
0.23943661971830985
0.14285714285714285
0.20634920634920634
0.24096385542168675
0.16923076923076924
0.21212121212121213
0.24691358024691357
0.17567567567567569
0.1875
0.2125
0.16883116883116883
0.1864406779661017
0.27631578947368424
0.21518987341772153
0.2222222222222222
0.19696969696969696
0.2054794520547945
0.14285714285714285
0.20270270270270271
0.17105263157894737
0.1791044776119403
0.26582278481012656
0.1917808219178082
0.2
0.16393442622950818
0.20270270270270271
0.16883116883116883
0.1643835616438356
0.1891891891891892
0.18181818181818182
0.15789473684210525
0.1643835616438356
0.21212121212121213
0.23170731707317074
0.2054794520547945
0.1282051282051282
0.20588235294117646
0.1864406779661017
0.2077922077922078
0.2835820895522388
0.18461538461538463
0.19117647058823528
0.1875
0.22950819672131148
0.2028985507246377
0.2638888888888889
0.17333333333333334
0.14285714285714285
0.2535211267605634
0.17391304347826086
0.27692307692307694
0.2345679012345679
0.23809523809523808
0.1625
0.25396825396825395
0.19117647058823528
0.203125
0.21518987341772153
0.20481927710843373
0.19402985074626866
0.22388059701492538
0.18055555555555555
0.2153846153846154
0.21794871794871795
0.140625
0.11428571428571428
0.1896551724137931
0.19117647058823528
0.2571428571428571
0.22857142857142856
0.2647058823529412
0.1746031746031746
0.1791044776119403
0.2537313432835821
0.11290322580645161
0.14516129032258066
0.17567567567567569
0.25333333333333335
0.15492957746478872
0.1780821917808219
0.25
0.175
0.175
0.13043478260869565
0.22857142857142856
0.1506849315068493
0.12121212121212122
0.19444444444444445
0.21505376344086022
0.21333333333333335
0.14705882352941177
0.21518987341772153
0.22641509433962265
0.1839080459770115
0.22535211267605634
0.19047619047619047
0.18840579710144928
0.20634920634920634
0.17333333333333334
0.19117647058823528
0.17647058823529413
0.23529411764705882
0.28378378378378377
0.265625
0.16417910447761194
0.1506849315068493
0.1076923076923077
0.22058823529411764
0.20238095238095238
0.2028985507246377
0.18461538461538463
0.14864864864864866
0.18666666666666668
0.14705882352941177
0.16666666666666666
0.1875
0.15789473684210525
0.18571428571428572
0.14925373134328357
0.1323529411764706
0.15476190476190477
0.12857142857142856
0.2602739726027397
0.12162162162162163
0.2
0.14666666666666667
0.16
0.16417910447761194
0.24705882352941178
0.20270270270270271
0.19402985074626866
0.15789473684210525
0.10666666666666667
0.1746031746031746
0.1875
0.22077922077922077
0.1506849315068493
0.11764705882352941
0.21794871794871795
0.22807017543859648
0.1566265060240964
0.2786885245901639
0.2857142857142857
0.1643835616438356
0.1864406779661017
