0.1056338028169014
0.13028169014084506
0.14788732394366197
0.15140845070422534
0.15492957746478872
0.1056338028169014
0.09859154929577464
0.14084507042253522
0.17253521126760563
0.14788732394366197
0.15140845070422534
0.1443661971830986
0.12323943661971831
0.11971830985915492
0.12323943661971831
0.1619718309859155
0.16549295774647887
0.13028169014084506
0.12323943661971831
0.1443661971830986
0.14084507042253522
0.14084507042253522
0.10211267605633803
0.11619718309859155
0.15492957746478872
0.15492957746478872
0.1056338028169014
0.13380281690140844
0.15140845070422534
0.11971830985915492
0.10211267605633803
0.176056338028169
0.1267605633802817
0.16901408450704225
0.14788732394366197
0.12323943661971831
0.13732394366197184
0.13380281690140844
0.1443661971830986
0.13732394366197184
0.12323943661971831
0.11619718309859155
0.1619718309859155
0.09859154929577464
0.1443661971830986
0.11971830985915492
0.11971830985915492
0.13028169014084506
0.13028169014084506
0.18661971830985916
0.1619718309859155
0.16549295774647887
0.11619718309859155
0.176056338028169
0.11971830985915492
0.15492957746478872
0.11971830985915492
0.14788732394366197
0.09507042253521127
0.14788732394366197
0.15845070422535212
0.13732394366197184
0.1443661971830986
0.13028169014084506
0.176056338028169
0.13732394366197184
0.08450704225352113
0.11971830985915492
0.11971830985915492
0.14084507042253522
0.11971830985915492
0.14084507042253522
0.1056338028169014
0.15845070422535212
0.13028169014084506
0.12323943661971831
0.10211267605633803
0.11267605633802817
0.15492957746478872
0.13028169014084506
0.18309859154929578
0.12323943661971831
0.11971830985915492
0.14084507042253522
0.1267605633802817
0.1267605633802817
0.13380281690140844
0.15140845070422534
0.1443661971830986
0.11619718309859155
0.13732394366197184
0.11267605633802817
0.12323943661971831
0.1619718309859155
0.16901408450704225
0.14084507042253522
0.12323943661971831
0.13732394366197184
0.1443661971830986
0.13732394366197184
0.15140845070422534
0.1443661971830986
0.1267605633802817
0.15492957746478872
0.16901408450704225
0.15492957746478872
0.11619718309859155
0.15140845070422534
0.1056338028169014
0.1443661971830986
0.1267605633802817
0.1443661971830986
0.09507042253521127
0.14788732394366197
0.1619718309859155
0.17253521126760563
0.11619718309859155
0.14788732394366197
0.1267605633802817
0.11619718309859155
0.1267605633802817
0.1267605633802817
0.09859154929577464
0.12323943661971831
0.11619718309859155
0.1267605633802817
0.2112676056338028
0.13732394366197184
0.176056338028169
0.11971830985915492
0.1267605633802817
0.15492957746478872
0.15845070422535212
0.14084507042253522
0.13732394366197184
0.13380281690140844
0.09859154929577464
0.11971830985915492
0.1056338028169014
0.15492957746478872
0.11971830985915492
0.11619718309859155
0.176056338028169
0.13732394366197184
0.16549295774647887
0.176056338028169
0.1267605633802817
0.10915492957746478
0.13732394366197184
0.16549295774647887
0.1443661971830986
0.09154929577464789
0.13732394366197184
0.15845070422535212
0.1795774647887324
0.14788732394366197
0.1267605633802817
0.15492957746478872
0.13380281690140844
0.12323943661971831
0.16901408450704225
0.11267605633802817
0.1619718309859155
0.09154929577464789
0.1795774647887324
0.1795774647887324
0.13380281690140844
0.13732394366197184
0.11619718309859155
0.13380281690140844
0.1443661971830986
0.13380281690140844
0.14788732394366197
0.15845070422535212
0.15140845070422534
0.11619718309859155
0.1443661971830986
0.11971830985915492
0.13380281690140844
0.15492957746478872
0.14788732394366197
0.11619718309859155
0.17253521126760563
0.12323943661971831
0.13732394366197184
0.11971830985915492
0.11971830985915492
0.1267605633802817
0.14788732394366197
0.11971830985915492
0.11619718309859155
0.1267605633802817
0.1267605633802817
0.11267605633802817
0.1443661971830986
0.15140845070422534
0.12323943661971831
0.1267605633802817
0.13380281690140844
0.11971830985915492
0.14084507042253522
0.15845070422535212
0.12323943661971831
0.15845070422535212
0.16901408450704225
0.1619718309859155
0.15845070422535212
0.15492957746478872
0.17253521126760563
0.14084507042253522
0.11267605633802817
0.10915492957746478
0.13732394366197184
0.12323943661971831
0.13028169014084506
0.15140845070422534
0.15492957746478872
0.13732394366197184
0.1443661971830986
0.12323943661971831
0.13028169014084506
0.13380281690140844
0.15845070422535212
0.13028169014084506
0.13732394366197184
0.14084507042253522
0.1443661971830986
0.11267605633802817
0.11267605633802817
0.1443661971830986
0.1443661971830986
0.16901408450704225
0.15492957746478872
0.11267605633802817
0.12323943661971831
0.10915492957746478
0.13732394366197184
0.15845070422535212
0.1267605633802817
0.18309859154929578
0.13380281690140844
0.11267605633802817
0.1619718309859155
0.15140845070422534
0.1056338028169014
0.15140845070422534
0.11971830985915492
0.11267605633802817
0.1619718309859155
0.13380281690140844
0.12323943661971831
0.1267605633802817
0.15492957746478872
0.13028169014084506
0.13380281690140844
0.15845070422535212
0.14788732394366197
0.0880281690140845
0.13380281690140844
0.12323943661971831
0.15140845070422534
0.11619718309859155
0.13380281690140844
0.12323943661971831
0.13380281690140844
0.13380281690140844
0.11619718309859155
0.14788732394366197
0.14084507042253522
0.16549295774647887
0.11619718309859155
0.11619718309859155
0.11619718309859155
0.14788732394366197
0.13028169014084506
0.14084507042253522
0.15845070422535212
0.1443661971830986
0.15492957746478872
0.14788732394366197
0.1267605633802817
0.14084507042253522
0.1936619718309859
0.11971830985915492
0.1619718309859155
0.1443661971830986
0.11619718309859155
0.12323943661971831
0.15140845070422534
0.13028169014084506
0.17253521126760563
0.14788732394366197
0.18309859154929578
0.14084507042253522
0.176056338028169
0.11619718309859155
0.14788732394366197
0.1267605633802817
0.18309859154929578
0.1443661971830986
0.12323943661971831
0.15492957746478872
0.13380281690140844
0.16901408450704225
0.176056338028169
0.176056338028169
0.14084507042253522
0.15845070422535212
0.11619718309859155
0.13028169014084506
0.13028169014084506
0.11971830985915492
0.13028169014084506
0.14084507042253522
0.11619718309859155
0.18661971830985916
0.11619718309859155
0.15492957746478872
0.14084507042253522
0.14084507042253522
0.11267605633802817
0.1443661971830986
0.11971830985915492
0.13028169014084506
0.12323943661971831
0.11619718309859155
0.1443661971830986
0.13028169014084506
0.0880281690140845
0.1443661971830986
0.11971830985915492
0.19718309859154928
0.14788732394366197
0.11619718309859155
0.15140845070422534
0.12323943661971831
0.1267605633802817
0.13380281690140844
0.1267605633802817
0.13380281690140844
0.14084507042253522
0.13028169014084506
0.1443661971830986
0.13732394366197184
0.10915492957746478
0.11971830985915492
0.14788732394366197
0.10915492957746478
0.1267605633802817
0.10915492957746478
0.13028169014084506
0.13028169014084506
0.15845070422535212
0.16549295774647887
0.10915492957746478
0.16549295774647887
0.13028169014084506
0.1267605633802817
0.176056338028169
0.13732394366197184
0.11619718309859155
0.15845070422535212
0.14084507042253522
0.15140845070422534
0.11619718309859155
0.09859154929577464
0.14788732394366197
0.1267605633802817
0.13028169014084506
0.13732394366197184
0.15140845070422534
0.15492957746478872
0.11971830985915492
0.14788732394366197
0.14788732394366197
0.1443661971830986
0.13028169014084506
0.15492957746478872
0.15140845070422534
0.10915492957746478
0.10915492957746478
0.1795774647887324
0.15845070422535212
0.13028169014084506
0.13380281690140844
0.15140845070422534
0.1443661971830986
0.1267605633802817
0.1619718309859155
0.13028169014084506
0.13028169014084506
0.13732394366197184
0.13028169014084506
0.1619718309859155
0.12323943661971831
0.13028169014084506
0.13732394366197184
0.1619718309859155
0.1267605633802817
0.15140845070422534
0.14084507042253522
0.1267605633802817
0.13028169014084506
0.13380281690140844
0.09154929577464789
0.14084507042253522
0.14788732394366197
0.13732394366197184
0.13380281690140844
0.1056338028169014
0.11619718309859155
0.1267605633802817
0.11619718309859155
0.1056338028169014
0.16549295774647887
0.13732394366197184
0.1267605633802817
0.13380281690140844
0.19014084507042253
0.11619718309859155
0.16901408450704225
0.13028169014084506
0.13380281690140844
0.12323943661971831
0.14788732394366197
0.1443661971830986
0.1267605633802817
0.13380281690140844
0.12323943661971831
0.10915492957746478
0.1056338028169014
0.13028169014084506
0.11619718309859155
0.16901408450704225
0.11619718309859155
0.13732394366197184
0.13732394366197184
0.1795774647887324
0.1619718309859155
0.15140845070422534
0.16901408450704225
0.1619718309859155
0.14084507042253522
0.13732394366197184
0.15845070422535212
0.15492957746478872
0.13028169014084506
0.13380281690140844
0.15492957746478872
0.11267605633802817
0.14788732394366197
0.11267605633802817
0.15492957746478872
0.13380281690140844
0.14788732394366197
0.14084507042253522
0.11619718309859155
0.1267605633802817
0.12323943661971831
0.14788732394366197
0.1267605633802817
0.17253521126760563
0.1443661971830986
0.13732394366197184
0.13028169014084506
0.12323943661971831
0.14084507042253522
0.11267605633802817
0.12323943661971831
0.12323943661971831
0.15140845070422534
0.11267605633802817
0.13380281690140844
0.10915492957746478
0.1443661971830986
0.1267605633802817
0.13028169014084506
0.13732394366197184
0.11971830985915492
0.13732394366197184
0.1443661971830986
0.08098591549295775
0.14084507042253522
0.13028169014084506
0.16549295774647887
0.13028169014084506
0.15845070422535212
0.1267605633802817
0.14084507042253522
0.1267605633802817
0.11971830985915492
0.15140845070422534
0.10915492957746478
0.11971830985915492
0.1936619718309859
0.13732394366197184
0.1267605633802817
0.14084507042253522
0.11619718309859155
0.15140845070422534
