0.18927410617551463
0.19389671361502347
0.18982785602503913
0.2
0.20650054171180932
0.19650159018627897
0.19112483117885393
0.2030335861321777
0.19641485275288093
0.19429303091274924
0.20726232394366198
0.20567086730911788
0.19464440966788385
0.212161860049184
0.19224331496223718
0.1891713919882934
0.2
0.21709702660406885
0.20367421922841397
0.20438184663536776
0.19476294386034518
0.2043496271748136
0.20057218309859154
0.1978771177791386
0.1978771177791386
0.20438184663536776
0.19371300265360278
0.18859825620389
0.19204415683288922
0.19285263821736387
0.19511737089201878
0.19476294386034518
0.1994445546518548
0.1994445546518548
0.1896590066716086
0.20571315215235075
0.20176581879335717
0.19944515578318395
0.2
0.19268594020261923
0.19944515578318395
0.1948356807511737
0.21604201480066842
0.20115990057995028
0.20856045363087616
0.2137857447716603
0.19688658265381764
0.19944515578318395
0.2048787570785538
0.194076222038111
0.19301725848046022
0.19086410354015987
0.21014084507042252
0.19890453834115807
0.19398424444974932
0.2099420049710025
0.18890845070422535
0.2024012930039252
0.19735915492957748
0.19502012072434607
0.20504519655244904
0.20175599048838488
0.19349945828819068
0.22607351425626937
0.20571315215235075
0.20944257091846857
0.1969053759174767
0.20571315215235075
0.20115763071580167
0.19890453834115807
0.20706008201105366
0.19429303091274924
0.2024012930039252
0.19248826291079812
0.20238048006347947
0.18948356807511738
0.19138359569179786
0.20795360397680202
0.19695220503347957
0.20956039265898424
0.20432182133899288
0.2005729291000239
0.1964397496087637
0.20874500735757834
0.19028373137374976
0.2
0.1903420523138833
0.20706008201105366
0.19301725848046022
0.1964683624132857
0.20508859609268515
0.19389671361502347
0.19786058120877165
0.2140845070422535
0.19254349627174813
0.20711838599162546
0.2212510356255178
0.19737089201877936
0.20856045363087616
0.19502899751449876
0.19890453834115807
0.19688658265381764
0.21308496138119037
0.19476294386034518
0.19231754161331627
0.2
0.20175599048838488
0.19436619718309858
0.22531128801796285
0.18986697965571206
0.1978771177791386
0.19349945828819068
0.22902262057191636
0.19445028379230606
0.1983793169978777
0.1964683624132857
0.22431806026029594
0.194076222038111
0.20115990057995028
0.19890250594475947
0.2042975803539184
0.1917728593784932
0.20643863179074448
0.20369718309859156
0.1901225535028352
0.19735915492957748
0.21073105298457412
0.20885960926851432
0.20711838599162546
0.20367421922841397
0.21473456121343448
0.20115391142032923
0.2191146881287726
0.19944585546063265
0.2057618437900128
0.20571315215235075
0.1948356807511737
0.2017605633802817
0.20367421922841397
0.19360487247811192
0.18965947584239615
0.20241448692152916
0.1969270166453265
0.2100352112676056
0.2030046948356808
0.20874500735757834
0.19890072140158022
0.19641485275288093
0.1969053759174767
0.19837486457204767
0.19465962441314555
0.19688658265381764
0.19786058120877165
0.1960652805723228
0.2
0.20856045363087616
0.19398032027783138
0.19738430583501007
0.19788732394366199
0.20115990057995028
0.19094567404426557
0.2
0.2199530516431925
0.22774858103846962
0.19445028379230606
0.1955072205384204
0.19695220503347957
0.20700871898054996
0.20758838746766312
0.21776465243071333
0.19464440966788385
0.2
0.20176581879335717
0.19254349627174813
0.19688658265381764
0.19351042966660725
0.20115990057995028
0.20795360397680202
0.1994445546518548
0.210261569416499
0.19944585546063265
0.20874500735757834
0.2174059281059491
0.22151088348271447
0.19554625047582797
0.20057154521330883
0.1978682908260373
0.19890250594475947
0.19837486457204767
0.19838442419221208
0.20706008201105366
0.21473456121343448
0.19055509527754766
0.2
0.21166486096063558
0.21709702660406885
0.1954728370221328
0.1914381022979985
0.20365435858393607
0.20571315215235075
0.19641485275288093
0.19114688128772636
0.19741784037558685
0.20057154521330883
0.1948356807511737
0.21640430820215412
0.1893254262416605
0.19199406968124538
0.20726232394366198
0.20301810865191147
0.1983793169978777
0.22351685872812632
0.2
0.21073105298457412
0.20115763071580167
0.19429303091274924
0.1931338028169014
0.21083972187555713
0.20629660314830156
0.22083735288442985
0.21448692152917503
0.2077379942304429
0.20795360397680202
0.21056338028169014
0.1983793169978777
0.19106514084507042
0.2212510356255178
0.194076222038111
0.20116561437591063
0.2050078247261346
0.19218067022826615
0.20175197526623156
0.19650159018627897
0.21612965464016975
0.19944515578318395
0.1978771177791386
0.210261569416499
0.22218744566162407
0.19554625047582797
0.19839034205231387
0.20057051167766093
0.19785378940308518
0.20508859609268515
0.2049753063837571
0.19091864620559176
0.21946871100017828
0.20175599048838488
0.19235963727570904
0.19173708920187793
0.19838442419221208
0.20650054171180932
0.2017605633802817
0.19360487247811192
0.1898880462260744
0.18985915492957744
0.18986697965571206
0.21267605633802816
0.19351042966660725
0.23825421665797253
0.19944515578318395
0.19464440966788385
0.19193341869398206
0.1955072205384204
0.20795360397680202
0.19063295435262176
0.19737089201877936
0.20864632237871678
0.21809164848244394
0.19839728023312286
0.19890687408030272
0.1965406473931307
0.20057218309859154
0.19429303091274924
0.21014084507042252
0.19530516431924883
0.2
0.1914381022979985
0.19786058120877165
0.1978682908260373
0.19741784037558685
0.19371300265360278
0.20057099352874003
0.21306911234850967
0.2017605633802817
0.20177192185370288
0.19349945828819068
0.19193341869398206
0.20057218309859154
0.19890958655156749
0.2308634415186773
0.19200363471149479
0.19235963727570904
0.19688658265381764
0.19476294386034518
0.2063849765258216
0.19890958655156749
0.1927664753955834
0.2042573623559539
0.19204415683288922
0.19398032027783138
0.20057218309859154
0.19304861426624262
0.20571315215235075
0.19492034172246595
0.1983793169978777
0.19788732394366199
0.1978682908260373
0.20787188886745128
0.22479879275653925
0.20305164319248828
0.22151088348271447
0.19389671361502347
0.2024012930039252
0.19554625047582797
0.19317114810072555
0.19890250594475947
0.2037240391501552
0.1896590066716086
0.194076222038111
0.1994435750304295
0.21308496138119037
0.1916754256884591
0.19436619718309858
0.19336016096579475
0.20301810865191147
0.19193341869398206
0.193854033290653
0.20057051167766093
0.19891277489498393
0.22289868241708316
0.19890958655156749
0.2301484583174724
0.20057099352874003
0.20177192185370288
0.21096307575180814
0.1931338028169014
0.2140383283306396
0.20057154521330883
0.210261569416499
0.2151884278644842
0.19178403755868545
0.21040086673889494
0.2058185176633572
0.19688658265381764
0.1969270166453265
0.19507042253521129
0.207185139824454
0.20367421922841397
0.18870242732993708
0.1978682908260373
0.1893254262416605
0.19351042966660725
0.19650159018627897
0.20650054171180932
0.20711838599162546
0.19738430583501007
0.19006471259992386
0.1969053759174767
0.22902262057191636
0.19944515578318395
0.22651201325600662
0.19837094858306467
0.21180783330117692
0.21843790012804096
0.20571315215235075
0.19890250594475947
0.2
0.19789925996657914
0.2030046948356808
0.20711838599162546
0.19224331496223718
0.22059859154929579
0.2017605633802817
0.1955072205384204
0.19738430583501007
0.19351042966660725
0.20301810865191147
0.21180783330117692
0.20795360397680202
0.20571315215235075
0.20567086730911788
0.19739978331527627
0.1965406473931307
0.21110430700142888
0.19890687408030272
0.19554625047582797
0.21338028169014084
0.21640430820215412
0.20177192185370288
0.19078104993597952
0.19890250594475947
0.217539197448844
0.20236480612067467
0.2043496271748136
0.20175599048838488
0.19641485275288093
0.20899431677786015
0.20795360397680202
0.19476294386034518
0.1964683624132857
0.18985915492957744
0.20176581879335717
0.2017790956263899
0.20726232394366198
0.1948356807511737
0.19094567404426557
0.19187020859333215
0.20560104814936128
0.2042975803539184
0.19476294386034518
0.20504519655244904
0.2416498993963783
0.19523293607800649
0.2030046948356808
0.1948356807511737
0.2063380281690141
0.19086410354015987
0.20238048006347947
0.20795360397680202
0.1917728593784932
0.20780065005417117
0.22593092803395717
0.19890453834115807
0.21110430700142888
0.20238048006347947
0.19595521849042977
0.19554625047582797
0.19889914197830663
0.19454793275783733
0.19114688128772636
0.1983793169978777
0.20787188886745128
0.20177192185370288
0.2005729291000239
0.22478111914731633
0.19890250594475947
0.20864632237871678
0.19445028379230606
0.20116561437591063
0.21682824218035485
0.2057618437900128
0.1964397496087637
0.2199530516431925
0.19650159018627897
0.21197183098591552
0.2219092331768388
0.20969752943892866
0.21096307575180814
0.1983793169978777
0.20726232394366198
0.21612965464016975
0.1969270166453265
0.19036323202372127
0.19360487247811192
0.20508859609268515
0.19890958655156749
0.19944403261675317
0.1969270166453265
0.19454793275783733
0.2201673810981833
0.19139280125195618
0.2
0.20238048006347947
0.21643192488262913
0.19275653923541247
0.19052867932231068
0.2063380281690141
0.19112249253094324
0.1931338028169014
0.21040086673889494
0.21950162513542795
0.19139280125195618
0.19285263821736387
0.20567086730911788
0.19738430583501007
0.21014084507042252
0.19598688018522092
0.2123668842322226
0.23073311664860963
0.19737089201877936
0.19839034205231387
0.19530516431924883
0.19944403261675317
0.2063849765258216
0.19595521849042977
0.207185139824454
0.20115763071580167
0.19089924160346697
0.1964397496087637
0.2080482897384306
0.1974391805377721
0.20567086730911788
0.19086410354015987
0.2
0.2050078247261346
0.20508859609268515
0.20367421922841397
0.20508859609268515
0.20864632237871678
0.19123630672926448
