0.1434977578475336
0.14814814814814814
0.15311004784688997
0.14414414414414414
0.14847161572052403
0.14285714285714288
0.13793103448275862
0.14096916299559473
0.1511111111111111
0.14414414414414414
0.14018691588785048
0.14782608695652175
0.15094339622641512
0.14096916299559473
0.13392857142857142
0.1415929203539823
0.13793103448275862
0.13852813852813853
0.14847161572052403
0.13157894736842105
0.1552511415525114
0.1452991452991453
0.14414414414414414
0.13793103448275862
0.15094339622641512
0.1434977578475336
0.15668202764976957
0.15315315315315317
0.13274336283185842
0.12552301255230125
0.13574660633484162
0.14285714285714288
0.14096916299559473
0.1345291479820628
0.13617021276595745
0.13502109704641352
0.15311004784688997
0.13973799126637554
0.1474654377880184
0.1552511415525114
0.1459227467811159
0.13392857142857142
0.1333333333333333
0.13852813852813853
0.13617021276595745
0.1524663677130045
0.14285714285714288
0.136986301369863
0.1574074074074074
0.13502109704641352
0.136986301369863
0.1391304347826087
0.1588785046728972
0.1511111111111111
0.1497797356828194
0.1459227467811159
0.15023474178403756
0.15165876777251183
0.13973799126637554
0.14035087719298245
0.1234567901234568
0.13333333333333333
0.11814345991561179
0.14545454545454548
0.15668202764976957
0.14222222222222225
0.14096916299559473
0.14218009478672985
0.1345291479820628
0.13513513513513511
0.12875536480686692
0.13513513513513511
0.1391304347826087
0.15458937198067632
0.1474654377880184
0.11864406779661016
0.1345291479820628
0.13617021276595745
0.14953271028037382
0.13675213675213677
0.1373390557939914
0.1511111111111111
0.15384615384615385
0.12820512820512822
0.14222222222222225
0.14814814814814814
0.1559633027522936
0.13617021276595745
0.15384615384615385
0.1333333333333333
0.12820512820512822
0.1504424778761062
0.14096916299559473
0.13761467889908258
0.12875536480686692
0.1497797356828194
0.14782608695652175
0.14847161572052403
0.16267942583732056
0.14096916299559473
0.13973799126637554
0.13157894736842105
0.1276595744680851
0.16037735849056603
0.13973799126637554
0.14814814814814814
0.14678899082568808
0.1434977578475336
0.13973799126637554
0.14545454545454548
0.13278008298755187
0.1524663677130045
0.13574660633484162
0.15454545454545457
0.14479638009049775
0.16748768472906403
0.13513513513513511
0.14166666666666666
0.14414414414414414
0.14479638009049775
0.13043478260869565
0.1523809523809524
0.14414414414414414
0.14096916299559473
0.14035087719298245
0.13636363636363633
0.13574660633484162
0.136986301369863
0.13675213675213677
0.14678899082568808
0.14414414414414414
0.13761467889908258
0.1511111111111111
0.13392857142857142
0.14778325123152708
0.1415929203539823
0.12987012987012989
0.12875536480686692
0.1345291479820628
0.14782608695652175
0.14678899082568808
0.14285714285714285
0.15454545454545457
0.14096916299559473
0.15023474178403756
0.16037735849056603
0.14035087719298245
0.14150943396226415
0.1488372093023256
0.13852813852813853
0.1504424778761062
0.16
0.13973799126637554
0.14912280701754388
0.12844036697247707
0.14545454545454548
0.16113744075829384
0.13215859030837004
0.13973799126637554
0.13445378151260506
0.1574074074074074
0.14718614718614717
0.16037735849056603
0.13761467889908258
0.15668202764976957
0.1415929203539823
0.14545454545454548
0.1434977578475336
0.13333333333333333
0.136986301369863
0.1461187214611872
0.1434977578475336
0.1474654377880184
0.14354066985645933
0.1474654377880184
0.14018691588785048
0.1511111111111111
0.14222222222222225
0.1388888888888889
0.16037735849056603
0.1388888888888889
0.15609756097560978
0.14035087719298245
0.13824884792626727
0.14545454545454548
0.13852813852813853
0.1373390557939914
0.15023474178403756
0.14814814814814814
0.14678899082568808
0.14468085106382977
0.1474654377880184
0.13333333333333333
0.12669683257918551
0.14150943396226415
0.1415929203539823
0.13793103448275862
0.1373390557939914
0.14545454545454548
0.14414414414414414
0.1488372093023256
0.13953488372093023
0.15609756097560978
0.13852813852813853
0.1552511415525114
0.1559633027522936
0.1559633027522936
0.15178571428571427
0.1217391304347826
0.13574660633484162
0.15094339622641512
0.14778325123152708
0.14222222222222225
0.12556053811659193
0.12987012987012989
0.14545454545454548
0.14414414414414414
0.11965811965811965
0.1523809523809524
0.13824884792626727
0.14814814814814814
0.1415929203539823
0.14468085106382977
0.14018691588785048
0.15094339622641512
0.1552511415525114
0.14953271028037382
0.13824884792626727
0.1497797356828194
0.15311004784688997
0.13215859030837004
0.15384615384615385
0.13852813852813853
0.13793103448275862
0.13973799126637554
0.12658227848101264
0.15165876777251183
0.15458937198067632
0.14479638009049775
0.136986301369863
0.13168724279835392
0.13043478260869565
0.13333333333333333
0.15384615384615385
0.14414414414414414
0.14150943396226415
0.13824884792626727
0.1552511415525114
0.12711864406779663
0.15384615384615385
0.13675213675213677
0.14035087719298245
0.1434977578475336
0.1497797356828194
0.16346153846153846
0.13061224489795917
0.1408450704225352
0.13793103448275862
0.13274336283185842
0.13215859030837004
0.1574074074074074
0.14096916299559473
0.16267942583732056
0.15178571428571427
0.17801047120418848
0.14423076923076922
0.14285714285714288
0.14953271028037382
0.13114754098360656
0.13852813852813853
0.13513513513513511
0.15178571428571427
0.14285714285714285
0.13502109704641352
0.1461187214611872
0.1391304347826087
0.13793103448275862
0.15178571428571427
0.12931034482758622
0.15165876777251183
0.14354066985645933
0.1474654377880184
0.1276595744680851
0.14222222222222225
0.13824884792626727
0.14953271028037382
0.14222222222222225
0.13574660633484162
0.15311004784688997
0.14782608695652175
0.14414414414414414
0.14545454545454548
0.14414414414414414
0.15311004784688997
0.1415929203539823
0.1619047619047619
0.13333333333333333
0.1461187214611872
0.14096916299559473
0.13333333333333333
0.12962962962962962
0.1725888324873096
0.13043478260869565
0.13100436681222707
0.1596244131455399
0.13559322033898308
0.1559633027522936
0.14406779661016947
0.1373390557939914
0.1373390557939914
0.13793103448275862
0.1488372093023256
0.13793103448275862
0.13215859030837004
0.14678899082568808
0.12612612612612614
0.14718614718614717
0.14150943396226415
0.14035087719298245
0.13824884792626727
0.13333333333333333
0.13761467889908258
0.13043478260869565
0.13333333333333333
0.14545454545454548
0.15151515151515152
0.14545454545454548
0.16326530612244897
0.15165876777251183
0.1488372093023256
0.15454545454545457
0.14847161572052403
0.1552511415525114
0.14545454545454548
0.13513513513513511
0.13043478260869565
0.14150943396226415
0.14678899082568808
0.13592233009708735
0.13877551020408163
0.13973799126637554
0.14782608695652175
0.14479638009049775
0.1574074074074074
0.1523809523809524
0.1345291479820628
0.1415929203539823
0.13793103448275862
0.15315315315315317
0.14035087719298245
0.15178571428571427
0.13223140495867766
0.13100436681222707
0.13513513513513511
0.14345991561181434
0.1434977578475336
0.14545454545454548
0.15384615384615385
0.15165876777251183
0.16243654822335024
0.15311004784688997
0.14479638009049775
0.14814814814814814
0.1524663677130045
0.13761467889908258
0.15094339622641512
0.1391304347826087
0.13973799126637554
0.14035087719298245
0.1497797356828194
0.13973799126637554
0.14678899082568808
0.13824884792626727
0.1497797356828194
0.1574074074074074
0.13617021276595745
0.13973799126637554
0.1596244131455399
0.1596244131455399
0.1504424778761062
0.1588785046728972
0.14545454545454548
0.1523809523809524
0.12658227848101264
0.1373390557939914
0.1497797356828194
0.14285714285714288
0.1345291479820628
0.1559633027522936
0.15384615384615385
0.14096916299559473
0.13215859030837004
0.13617021276595745
0.14150943396226415
0.12556053811659193
0.12962962962962962
0.1523809523809524
0.15315315315315317
0.1434977578475336
0.1474654377880184
0.14018691588785048
0.15668202764976957
0.12931034482758622
0.13513513513513511
0.1474654377880184
0.14285714285714288
0.12605042016806722
0.13392857142857142
0.14678899082568808
0.14678899082568808
0.13168724279835392
0.1574074074074074
0.13389121338912133
0.14814814814814814
0.14678899082568808
0.14814814814814814
0.13274336283185842
0.14414414414414414
0.13392857142857142
0.14545454545454548
0.13333333333333333
0.1373390557939914
0.1524663677130045
0.1504424778761062
0.13445378151260506
0.14018691588785048
0.15023474178403756
0.14423076923076922
0.1492537313432836
0.13793103448275862
0.1474654377880184
0.15094339622641512
0.12931034482758622
0.1474654377880184
0.1345291479820628
0.1474654377880184
0.1415929203539823
0.12931034482758622
0.14655172413793102
0.15094339622641512
0.15384615384615385
0.13278008298755187
0.14414414414414414
0.13675213675213677
0.13675213675213677
0.13761467889908258
0.14423076923076922
0.13761467889908258
0.14218009478672985
0.14953271028037382
0.14479638009049775
0.12037037037037036
0.14847161572052403
0.1588785046728972
0.13824884792626727
0.15023474178403756
0.13084112149532712
0.14035087719298245
0.1345291479820628
0.1474654377880184
0.13333333333333333
0.14150943396226415
0.1552511415525114
0.1434977578475336
0.1488372093023256
0.16113744075829384
0.15165876777251183
0.1524663677130045
0.14222222222222225
0.1461187214611872
0.1459227467811159
0.13973799126637554
0.14035087719298245
0.1272727272727273
0.14035087719298245
0.14414414414414414
0.14678899082568808
0.1474654377880184
0.1552511415525114
0.14096916299559473
0.16113744075829384
0.16999999999999998
0.12844036697247707
0.14655172413793102
0.14953271028037382
0.14423076923076922
0.1391304347826087
0.1434977578475336
0.14912280701754388
0.14406779661016947
0.15315315315315317
0.14096916299559473
0.13023255813953488
0.15023474178403756
0.12556053811659193
0.14222222222222225
0.16113744075829384
0.1434977578475336
0.16037735849056603
0.13953488372093023
