0.31729016885260214
0.3421016969238588
0.282526947677799
0.28062253385461416
0.2724898200634145
0.33926725785977746
0.32510035924231784
0.32130076733150637
0.27477055713313786
0.28951421277743744
0.270420650943749
0.2842753208772554
0.3206033964792804
0.28774058692017723
0.36023832310192305
0.29444304471525024
0.27803809122494866
0.30543763015560815
0.3093995035940349
0.30901174597624453
0.3055294254149315
0.3205509591601896
0.3230682354319726
0.33447434437675916
0.3303623462898245
0.29122995786804673
0.29774003971174134
0.28181340513773423
0.2859467439732343
0.3112888545934437
0.3157815723801306
0.267527303427602
0.32313568449397734
0.25709507462730274
0.2911498689887032
0.303275569259693
0.3108374039645967
0.318363708495522
0.3131513969638726
0.3274765172631625
0.3277355543892395
0.3286889207738999
0.2857814307446035
0.29499006080304907
0.2924173061302461
0.31591459723768345
0.31448826134212354
0.2968752305681718
0.29518939191896243
0.28598292602183484
0.28923234751706084
0.31049502952139285
0.31753705445931263
0.26834263913681966
0.315634752716716
0.30606542824514815
0.31252684238360584
0.2996215626137796
0.33292423721485864
0.31672422868243805
0.2939006093760766
0.29351325158591346
0.2888717990655578
0.3091483091105557
0.26488070433574057
0.2973106242503082
0.34280332675048597
0.3156994882248027
0.2996501858713073
0.3117336568630597
0.29535155472501984
0.3076815170821126
0.3151623679120127
0.29369558874190377
0.2878916117552529
0.2932012178396079
0.33131997993716517
0.33033098787884746
0.30139608037186516
0.33322731208315404
0.2881206144703241
0.2944520749216203
0.31779543898323226
0.30921600511391556
0.32681206517469075
0.3157957312018208
0.30142478476600343
0.27107130868183626
0.2809650881300635
0.30942375941481354
0.28837964126082727
0.3056003927046772
0.3149444407237193
0.28047978613783353
0.26066485696582214
0.3276361328717297
0.30329121105114115
0.29553439334708886
0.2954325546430252
0.2969546709970354
0.26128142870760956
0.296131814104304
0.3289320274634272
0.2695416038920956
0.29042874118893647
0.30418777388765417
0.3140540870751808
0.2920569548339955
0.34113408383033994
0.297908063358198
0.30776870197958794
0.29608985171348434
0.34486082970735366
0.2952308673080557
0.2853683538533122
0.26701335688230643
0.31088700496630095
0.28555243196537167
0.28430181965917084
0.315332755173711
0.3134303683794804
0.32081290720160904
0.3651692651317372
0.34719691762106414
0.30810523223485237
0.3455610722444285
0.25204642859335
0.29428006884580804
0.3081417323920697
0.33072599685034315
0.3158823159503443
0.33282629098385985
0.27628600783548307
0.32850688906595116
0.29413442878184226
0.3387638384383089
0.31188245751077964
0.30417848637126854
0.3197536382705507
0.29224934227966826
0.36113989707574773
0.33253445727485104
0.3048988742570081
0.2855501131852002
0.29420835998921085
0.28332350243051085
0.3308470335668922
0.338090572272602
0.3062186845055428
0.30037294320409635
0.30047702721103564
0.34136927709897924
0.3292654060565953
0.2732339577886357
0.2833048918847711
0.308048649780518
0.3548722654398464
0.27676219122563267
0.33736014284145044
0.3292570445801809
0.2837873555160647
0.2968870954335961
0.24784099280033922
0.34077487347428304
0.26928461776427687
0.2816954447071743
0.30319843060775964
0.2905210319220132
0.2977401849993584
0.33315965423446814
0.3278678507030198
0.2845586673693108
0.30472302835821286
0.301997743774179
0.30528734629333376
0.3095083676863849
0.28001028554263074
0.3364084458556994
0.3063800892229976
0.33275037638962385
0.2794320089009035
0.3345205567839955
0.28171969795786733
0.304620894881364
0.2813291643447697
0.31574452750241466
0.31708177905569224
0.31441136464157743
0.28714993238050945
0.2811163072568329
0.3205507005224157
0.31739525544312125
0.2959374678842398
0.32452563229951603
0.276233283790029
0.30524957514876916
0.3385935400584335
0.30999330887494764
0.2961783183203397
0.3405824699364931
0.2975243278314733
0.29290207495331144
0.3054994428676455
0.27391573471495273
0.28291792821747386
0.287164232624208
0.2883031780750288
0.2715125528965598
0.28811580891530175
0.29789489300203764
0.31862196078365057
0.315063933988442
0.35543968743198884
0.30502060614747967
0.32558854830975587
0.30831098671455065
0.27822141681747425
0.28397003776106033
0.3102879184573257
0.28252569680777934
0.3237204106024594
0.31269151951155016
0.2975740586484631
0.30670241122460384
0.29467037237483695
0.3074018123944104
0.28345842290151385
0.3198422421607688
0.29182772134471613
0.29184954488366344
0.3531875457072611
0.28910233609820546
0.3062346379776208
0.33414124198686035
0.3406805148715839
0.31100981298846503
0.29810813001472836
0.29907601659270366
0.2962026581885502
0.2863012774817078
0.3066605114306671
0.3222730845848545
0.26533124199370073
0.29723528074671796
0.31843774756198684
0.32517209384713464
0.30825677418993336
0.3396038408550789
0.28313098910850254
0.27675459339543373
0.3320091718912417
0.2882332525118373
0.34471694930647206
0.2810245100185639
0.3208869434195635
0.2864862487903593
0.30095593010688537
0.3284622940466111
0.3064706928829677
0.332800850457623
0.3127999381877444
0.29930324878541864
0.3249104943062131
0.28248926918593553
0.2765312425155587
0.32516010630880027
0.31205719321493286
0.3254010577042434
0.3037359091930367
0.2935036912468248
0.2916608207411706
0.3255572358768038
0.31418725732277075
0.2667146645319244
0.30688931405524705
0.2981276137379979
0.3072000240594148
0.30162447471038756
0.3065694553169075
0.2936223758279314
0.27682107519797877
0.297002975286507
0.30594443288310086
0.3294614574636956
0.2733052368651391
0.29635802451698645
0.312176694010852
0.3005437719343414
0.2944212910239214
0.3067721838133361
0.3152907867596013
0.2869263631646534
0.2747409438260718
0.30785798529554576
0.30135588139573166
0.36149592654693413
0.2988078069303597
0.30215399565126433
0.2766474478535988
0.2913119066928409
0.2854567390177449
0.3039100879721119
0.2832118681011721
0.27976196730740815
0.2814196071271735
0.3084092791348932
0.2842166884276056
0.29647947712317707
0.3387591293701529
0.3007480204129658
0.3522597973199736
0.3443026756735182
0.2974793507020467
0.2944576128578515
0.3096628249394548
0.2708441582560876
0.29334192920538554
0.3254887565558237
0.3133974836537391
0.3290934115725227
0.3292410883307114
0.2859460764477683
0.3174245803344044
0.28424821735061195
0.2912977773556956
0.32768980309188134
0.2997498899705684
0.30884293034453253
0.32734006759678536
0.3383899333009494
0.3072019731419008
0.2475932259183232
0.34855534120191434
0.34390203866537505
0.3021222041981795
0.2994394142383201
0.30864809937262283
0.33380760184421665
0.30386398448536517
0.3059554259162484
0.3128404470909043
0.2873046272337773
0.314960573633456
0.3074796487600443
0.32022767514962064
0.2859685871673716
0.28287844242280236
0.3447744436199741
0.3034848726404505
0.2970818166735058
0.315139394895318
0.30714973367423504
0.2482764745672469
0.2748870055327483
0.31347863527702474
0.25761406182450375
0.30875831245129876
0.294082544771532
0.29433734206866313
0.2954688805607688
0.3241656836486426
0.3164967415109695
0.2865678597335503
0.2983942253216423
0.3205322466652738
0.29671876739896297
0.3134081065283389
0.31008444586474915
0.36304094793345393
0.29788319644629324
0.30777222274452365
0.27946056370263606
0.3177734406174013
0.2563769322001671
0.3050229722159762
0.30068022149199647
0.2852964537617302
0.272536420442582
0.2798175496272663
0.32110743573803774
0.3131144587835626
0.2770167555356179
0.3269425666367537
0.33356632530343333
0.3079174898704542
0.27941037295528304
0.2765988031525471
0.3334149158352198
0.3023533699328852
0.32379303632636713
0.3033233317746082
0.31231093093331225
0.3159445066138967
0.2890445880692869
0.31839801319218686
0.31598128544698817
0.33472701993219117
0.34190704432284125
0.3606353873379303
0.28390207944044527
0.3004844431594338
0.30395310558426825
0.34161383426468916
0.2970873122609652
0.36920390675617537
0.35853043017631303
0.30465987413137996
0.2884801417282106
0.2820498660333651
0.3446521165138916
0.29958006407440463
0.3266061949427549
0.3241691418561634
0.3558670319468243
0.3028833417400066
0.30092467934497297
0.30659971878558484
0.30399660520302174
0.25049591339581073
0.3414960402819637
0.3106689624782904
0.3020017314363999
0.27859979557189574
0.34953647500342405
0.2982767957390259
0.2950965453560047
0.3021908078852556
0.3265235883796627
0.3091626040548358
0.3134759149205487
0.3608789083903936
0.331576809561517
0.29744119277711645
0.2882345206634437
0.3379257333674258
0.3176067963930743
0.29441687732252037
0.2639376376427348
0.2707987835428637
0.2949528349550946
0.286898012702702
0.3250219816537361
0.2756031346660581
0.296501962786522
0.2912055244789017
0.3223638476537689
0.32679954412317036
0.3131020392210636
0.28381451394905566
0.3166068459912507
0.30047067135899225
0.3538069037938005
0.2804474087810767
0.30993657169026567
0.2890410925323117
0.30587257641051313
0.31712301446416374
0.2953132474604623
0.3429777646147358
0.3168554386898299
0.3291747466425986
0.274595390785046
0.2954184578399712
0.3203282192703488
0.3252916159500753
0.31376690462102413
0.3227572791230421
0.3462785995746467
0.3209075494392122
0.35364005125927744
0.29551981296155294
0.32825016152316033
0.2920812738898978
0.3062919087976613
0.28378797568547853
0.2802477261575641
0.3115960343094633
0.30921075373628815
0.3055297289809112
0.30548925462166054
0.2899314469340565
0.35513129007588007
0.33156621197094616
0.3269372413992659
0.27488487616465096
0.31241256102581316
0.27509164073577363
0.2970149669643303
0.2874055392518163
0.30469203186748267
0.29311046312188704
0.3036190515124345
0.33234594502877324
0.36675387539892823
0.26798093835828274
0.3602608904415548
0.28603132937325726
0.30486429959608335
0.32691863875155813
0.32863442875835314
