0.43999999999999995
0.4150943396226415
0.41584158415841577
0.4329896907216495
0.45098039215686275
0.45098039215686275
0.42000000000000004
0.48000000000000004
0.4587155963302752
0.46808510638297873
0.4842105263157894
0.45098039215686275
0.4444444444444444
0.42990654205607476
0.4242424242424242
0.44660194174757284
0.42718446601941745
0.44230769230769235
0.43999999999999995
0.42592592592592593
0.4489795918367347
0.42592592592592593
0.45098039215686275
0.4444444444444445
0.43564356435643564
0.42000000000000004
0.46808510638297873
0.42201834862385323
0.45098039215686275
0.43564356435643564
0.44230769230769235
0.4313725490196078
0.41904761904761906
0.46
0.45098039215686275
0.4313725490196078
0.4742268041237113
0.46464646464646464
0.4489795918367347
0.42857142857142855
0.43999999999999995
0.4313725490196078
0.42718446601941745
0.43999999999999995
0.44660194174757284
0.46
0.43564356435643564
0.411214953271028
0.4705882352941177
0.4489795918367347
0.4752475247524753
0.4339622641509434
0.4554455445544555
0.45098039215686275
0.41904761904761906
0.4554455445544555
0.48484848484848475
0.42990654205607476
0.4742268041237113
0.45360824742268047
0.44036697247706424
0.4444444444444444
0.44859813084112155
0.4554455445544555
0.44036697247706424
0.46
0.4705882352941177
0.4705882352941177
0.4150943396226415
0.4242424242424242
0.48000000000000004
0.46315789473684216
0.4528301886792453
0.4742268041237113
0.45714285714285713
0.47169811320754707
0.4313725490196078
0.46
0.411214953271028
0.43564356435643564
0.411214953271028
0.46
0.4313725490196078
0.4554455445544555
0.4339622641509434
0.45098039215686275
0.4705882352941177
0.4077669902912621
0.4339622641509434
0.45714285714285713
0.4150943396226415
0.44036697247706424
0.47169811320754707
0.42990654205607476
0.47169811320754707
0.44660194174757284
0.4489795918367347
0.44660194174757284
0.4752475247524753
0.45098039215686275
0.4489795918367347
0.45098039215686275
0.44660194174757284
0.40384615384615385
0.4444444444444445
0.43999999999999995
0.4230769230769231
0.41584158415841577
0.46
0.40384615384615385
0.43999999999999995
0.4313725490196078
0.4230769230769231
0.4339622641509434
0.41904761904761906
0.4313725490196078
0.46601941747572817
0.44660194174757284
0.4230769230769231
0.4339622641509434
0.44660194174757284
0.4615384615384615
0.44230769230769235
0.411214953271028
0.4705882352941177
0.46601941747572817
0.43564356435643564
0.44230769230769235
0.46464646464646464
0.40740740740740744
0.4230769230769231
0.4554455445544555
0.45098039215686275
0.43999999999999995
0.45098039215686275
0.43999999999999995
0.4230769230769231
0.46464646464646464
0.42990654205607476
0.4230769230769231
0.49019607843137253
0.4339622641509434
0.43809523809523815
0.4528301886792453
0.44660194174757284
0.44660194174757284
0.45098039215686275
0.4313725490196078
0.43809523809523815
0.4329896907216495
0.44660194174757284
0.46601941747572817
0.45714285714285713
0.42718446601941745
0.43999999999999995
0.4444444444444444
0.48000000000000004
0.46
0.43564356435643564
0.4313725490196078
0.4489795918367347
0.42000000000000004
0.45714285714285713
0.4444444444444444
0.4444444444444445
0.44859813084112155
0.45098039215686275
0.46464646464646464
0.46
0.4554455445544555
0.43564356435643564
0.45098039215686275
0.42857142857142855
0.45098039215686275
0.43809523809523815
0.49019607843137253
0.44660194174757284
0.4554455445544555
0.4339622641509434
0.4807692307692308
0.43999999999999995
0.43564356435643564
0.4489795918367347
0.4528301886792453
0.4615384615384615
0.46601941747572817
0.4313725490196078
0.45098039215686275
0.45714285714285713
0.4615384615384615
0.46601941747572817
0.44230769230769235
0.42000000000000004
0.48484848484848475
0.43999999999999995
0.46
0.4375
0.4554455445544555
0.43809523809523815
0.46601941747572817
0.45098039215686275
0.4554455445544555
0.43999999999999995
0.46
0.411214953271028
0.4444444444444444
0.4615384615384615
0.49504950495049505
0.42990654205607476
0.45098039215686275
0.40366972477064217
0.46
0.43999999999999995
0.4444444444444445
0.43564356435643564
0.46464646464646464
0.4313725490196078
0.4489795918367347
0.4339622641509434
0.43999999999999995
0.46
0.4313725490196078
0.42718446601941745
0.45714285714285713
0.46938775510204084
0.41904761904761906
0.44660194174757284
0.45098039215686275
0.46
0.47169811320754707
0.42592592592592593
0.40740740740740744
0.46
0.46601941747572817
0.45714285714285713
0.43809523809523815
0.45098039215686275
0.42201834862385323
0.45098039215686275
0.46
0.4752475247524753
0.4339622641509434
0.42592592592592593
0.4313725490196078
0.44660194174757284
0.43999999999999995
0.39999999999999997
0.44230769230769235
0.44230769230769235
0.46601941747572817
0.43564356435643564
0.4150943396226415
0.43809523809523815
0.4313725490196078
0.43564356435643564
0.44660194174757284
0.45098039215686275
0.45360824742268047
0.4313725490196078
0.44660194174757284
0.4554455445544555
0.4313725490196078
0.44036697247706424
0.42718446601941745
0.44230769230769235
0.46938775510204084
0.43564356435643564
0.42201834862385323
0.49504950495049505
0.43999999999999995
0.45833333333333337
0.43809523809523815
0.41584158415841577
0.43999999999999995
0.46
0.43999999999999995
0.41584158415841577
0.40740740740740744
0.43564356435643564
0.44230769230769235
0.41904761904761906
0.42592592592592593
0.4339622641509434
0.4444444444444445
0.46938775510204084
0.41904761904761906
0.4077669902912621
0.46601941747572817
0.42990654205607476
0.45833333333333337
0.46464646464646464
0.4842105263157894
0.42990654205607476
0.4313725490196078
0.41584158415841577
0.48000000000000004
0.44660194174757284
0.45714285714285713
0.4230769230769231
0.43809523809523815
0.46601941747572817
0.43564356435643564
0.44660194174757284
0.45098039215686275
0.43809523809523815
0.44036697247706424
0.47619047619047616
0.42718446601941745
0.45098039215686275
0.4489795918367347
0.4752475247524753
0.43809523809523815
0.42718446601941745
0.46601941747572817
0.4313725490196078
0.41904761904761906
0.46464646464646464
0.46938775510204084
0.42592592592592593
0.44230769230769235
0.4489795918367347
0.411764705882353
0.46464646464646464
0.4615384615384615
0.43809523809523815
0.4705882352941177
0.4742268041237113
0.46
0.42718446601941745
0.44660194174757284
0.47169811320754707
0.45360824742268047
0.43809523809523815
0.44660194174757284
0.4339622641509434
0.41904761904761906
0.4313725490196078
0.4230769230769231
0.44660194174757284
0.4313725490196078
0.43999999999999995
0.4807692307692308
0.4230769230769231
0.46601941747572817
0.4528301886792453
0.44859813084112155
0.4554455445544555
0.46938775510204084
0.41584158415841577
0.4489795918367347
0.46
0.4313725490196078
0.46
0.40384615384615385
0.4339622641509434
0.42990654205607476
0.4742268041237113
0.48000000000000004
0.47169811320754707
0.4615384615384615
0.4554455445544555
0.4230769230769231
0.46464646464646464
0.46
0.45833333333333337
0.4313725490196078
0.41584158415841577
0.43564356435643564
0.4313725490196078
0.46601941747572817
0.43564356435643564
0.4554455445544555
0.4242424242424242
0.42201834862385323
0.4230769230769231
0.42990654205607476
0.42990654205607476
0.43564356435643564
0.39999999999999997
0.43809523809523815
0.4444444444444445
0.4554455445544555
0.44660194174757284
0.4313725490196078
0.4489795918367347
0.46
0.4329896907216495
0.44230769230769235
0.4313725490196078
0.47619047619047616
0.46
0.43999999999999995
0.42718446601941745
0.44230769230769235
0.4528301886792453
0.46464646464646464
0.45098039215686275
0.4615384615384615
0.4339622641509434
0.4077669902912621
0.46938775510204084
0.4339622641509434
0.46464646464646464
0.4339622641509434
0.45098039215686275
0.44660194174757284
0.46
0.42857142857142855
0.4339622641509434
0.41584158415841577
0.44660194174757284
0.4554455445544555
0.43999999999999995
0.4313725490196078
0.4554455445544555
0.44230769230769235
0.4554455445544555
0.4230769230769231
0.43564356435643564
0.44660194174757284
0.39999999999999997
0.4742268041237113
0.39622641509433965
0.411764705882353
0.4313725490196078
0.45714285714285713
0.4554455445544555
0.4313725490196078
0.4444444444444445
0.44660194174757284
0.49484536082474223
0.46601941747572817
0.42718446601941745
0.48543689320388345
0.45098039215686275
0.43809523809523815
0.46464646464646464
0.49019607843137253
0.43809523809523815
0.4313725490196078
0.4444444444444445
0.4150943396226415
0.41904761904761906
0.4554455445544555
0.4339622641509434
0.4705882352941177
0.4489795918367347
0.41904761904761906
0.41904761904761906
0.43809523809523815
0.44660194174757284
0.4242424242424242
0.46
0.43636363636363634
0.43564356435643564
0.44230769230769235
0.4150943396226415
0.4313725490196078
0.411764705882353
0.46
0.46938775510204084
0.4752475247524753
0.46
0.43809523809523815
0.4554455445544555
0.42990654205607476
0.4705882352941177
0.4230769230769231
0.4528301886792453
0.4242424242424242
0.4807692307692308
0.40740740740740744
0.43809523809523815
0.4313725490196078
0.4615384615384615
0.44660194174757284
0.44660194174757284
0.46464646464646464
0.42592592592592593
0.46
0.44230769230769235
0.4705882352941177
0.4444444444444445
0.4313725490196078
0.46601941747572817
0.43809523809523815
0.4705882352941177
0.44230769230769235
0.42718446601941745
0.44230769230769235
0.46
0.4554455445544555
0.42857142857142855
0.4791666666666667
0.4528301886792453
0.46464646464646464
0.4242424242424242
0.43809523809523815
0.4705882352941177
0.44230769230769235
