0.09375
0.18840579710144928
0.2647058823529412
0.18181818181818182
0.2
0.18309859154929578
0.20833333333333334
0.20512820512820512
0.14705882352941177
0.2112676056338028
0.18421052631578946
0.19718309859154928
0.21333333333333335
0.10666666666666667
0.17333333333333334
0.20512820512820512
0.1917808219178082
0.15151515151515152
0.2191780821917808
0.23943661971830985
0.22857142857142856
0.2
0.2459016393442623
0.2
0.20238095238095238
0.1875
0.1935483870967742
0.2361111111111111
0.16176470588235295
0.2247191011235955
0.19480519480519481
0.23880597014925373
0.1791044776119403
0.17391304347826086
0.21212121212121213
0.2459016393442623
0.2727272727272727
0.1875
0.21621621621621623
0.19718309859154928
0.21333333333333335
0.2375
0.21739130434782608
0.21666666666666667
0.23076923076923078
0.19718309859154928
0.18032786885245902
0.15
0.19480519480519481
0.18072289156626506
0.1686746987951807
0.14285714285714285
0.19402985074626866
0.225
0.17543859649122806
0.2112676056338028
0.19402985074626866
0.21794871794871795
0.17333333333333334
0.22857142857142856
0.19402985074626866
0.19767441860465115
0.26582278481012656
0.18666666666666668
0.25
0.21052631578947367
0.16666666666666666
0.1917808219178082
0.1875
0.24675324675324675
0.1956521739130435
0.25
0.17647058823529413
0.2236842105263158
0.125
0.19480519480519481
0.16883116883116883
0.22388059701492538
0.18181818181818182
0.13114754098360656
0.1267605633802817
0.21052631578947367
0.2222222222222222
0.22058823529411764
0.13157894736842105
0.18181818181818182
0.15942028985507245
0.189873417721519
0.2318840579710145
0.21951219512195122
0.1917808219178082
0.16666666666666666
0.14864864864864866
0.07142857142857142
0.16176470588235295
0.19444444444444445
0.17142857142857143
0.2608695652173913
0.2857142857142857
0.22666666666666666
0.2318840579710145
0.1927710843373494
0.23636363636363636
0.18461538461538463
0.23376623376623376
0.23333333333333334
0.1891891891891892
0.2597402597402597
0.18840579710144928
0.2328767123287671
0.1875
0.19230769230769232
0.2876712328767123
0.18309859154929578
0.20588235294117646
0.20253164556962025
0.23170731707317074
0.203125
0.18032786885245902
0.25
0.0821917808219178
0.2361111111111111
0.13333333333333333
0.20512820512820512
0.19696969696969696
0.2833333333333333
0.12903225806451613
0.17857142857142858
0.18571428571428572
0.24358974358974358
0.22784810126582278
0.18181818181818182
0.1746031746031746
0.15942028985507245
0.14285714285714285
0.21428571428571427
0.18571428571428572
0.21739130434782608
0.22857142857142856
0.2833333333333333
0.0958904109589041
0.27692307692307694
0.2054794520547945
0.1320754716981132
0.19230769230769232
0.14035087719298245
0.24285714285714285
0.1875
0.19402985074626866
0.17105263157894737
0.1896551724137931
0.23529411764705882
0.15942028985507245
0.24615384615384617
0.22058823529411764
0.2753623188405797
0.140625
0.16666666666666666
0.18571428571428572
0.18055555555555555
0.2682926829268293
0.23376623376623376
0.2638888888888889
0.17543859649122806
0.1875
0.21311475409836064
0.203125
0.20588235294117646
0.2903225806451613
0.2153846153846154
0.23529411764705882
0.171875
0.19117647058823528
0.2916666666666667
0.21875
0.19480519480519481
0.1794871794871795
0.19444444444444445
0.16176470588235295
0.2698412698412698
0.17142857142857143
0.17105263157894737
0.18309859154929578
0.19298245614035087
0.21311475409836064
0.1375
0.2112676056338028
0.2564102564102564
0.23880597014925373
0.234375
0.2714285714285714
0.15384615384615385
0.22972972972972974
0.1388888888888889
0.18840579710144928
0.14545454545454545
0.1780821917808219
0.2839506172839506
0.23214285714285715
0.22727272727272727
0.20967741935483872
0.14492753623188406
0.26229508196721313
0.1780821917808219
0.2236842105263158
0.17647058823529413
0.1891891891891892
0.1625
0.19736842105263158
0.2
0.15873015873015872
0.23529411764705882
0.2
0.203125
0.22950819672131148
0.2
0.24615384615384617
0.21794871794871795
0.18032786885245902
0.21518987341772153
0.19753086419753085
0.19736842105263158
0.171875
0.14492753623188406
0.24285714285714285
0.2727272727272727
0.19444444444444445
0.16
0.26136363636363635
0.17333333333333334
0.25925925925925924
0.1643835616438356
0.13114754098360656
0.2463768115942029
0.189873417721519
0.16666666666666666
0.1935483870967742
0.20270270270270271
0.24242424242424243
0.18666666666666668
0.2112676056338028
0.22807017543859648
0.17647058823529413
0.17721518987341772
0.16666666666666666
0.25675675675675674
0.22950819672131148
0.18309859154929578
0.140625
0.2222222222222222
0.2
0.17105263157894737
0.16470588235294117
0.22666666666666666
0.21428571428571427
0.21176470588235294
0.23943661971830985
0.18867924528301888
0.17105263157894737
0.19402985074626866
0.22058823529411764
0.203125
0.1896551724137931
0.23333333333333334
0.14285714285714285
0.2727272727272727
0.13636363636363635
0.18181818181818182
0.2898550724637681
0.1875
0.2077922077922078
0.18571428571428572
0.21818181818181817
0.20588235294117646
0.18055555555555555
0.21052631578947367
0.2191780821917808
0.19696969696969696
0.1891891891891892
0.19444444444444445
0.16129032258064516
0.25396825396825395
0.234375
0.23684210526315788
0.2054794520547945
0.21666666666666667
0.11864406779661017
0.22784810126582278
0.1780821917808219
0.1917808219178082
0.17721518987341772
0.14285714285714285
0.15151515151515152
0.13333333333333333
0.1724137931034483
0.17721518987341772
0.25333333333333335
0.14102564102564102
0.19718309859154928
0.20238095238095238
0.21428571428571427
0.19718309859154928
0.18181818181818182
0.2318840579710145
0.16853932584269662
0.2647058823529412
0.24675324675324675
0.2289156626506024
0.10606060606060606
0.16049382716049382
0.1780821917808219
0.1527777777777778
0.15625
0.21212121212121213
0.2289156626506024
0.19696969696969696
0.23529411764705882
0.2153846153846154
0.2
0.22727272727272727
0.29333333333333333
0.2535211267605634
0.2413793103448276
0.2
0.2191780821917808
0.19047619047619047
0.16216216216216217
0.17391304347826086
0.13253012048192772
0.1527777777777778
0.25287356321839083
0.18292682926829268
0.1951219512195122
0.2459016393442623
0.1643835616438356
0.15942028985507245
0.19696969696969696
0.24285714285714285
0.19718309859154928
0.26865671641791045
0.14864864864864866
0.2
0.21621621621621623
0.2631578947368421
0.17567567567567569
0.21052631578947367
0.23529411764705882
0.136986301369863
0.1
0.1891891891891892
0.23333333333333334
0.2112676056338028
0.234375
0.20270270270270271
0.25
0.1917808219178082
0.24050632911392406
0.21739130434782608
0.18518518518518517
0.1509433962264151
0.18571428571428572
0.140625
0.265625
0.22058823529411764
0.14102564102564102
0.2236842105263158
0.16923076923076924
0.24675324675324675
0.189873417721519
0.2537313432835821
0.14754098360655737
0.20238095238095238
0.1791044776119403
0.16901408450704225
0.25842696629213485
0.1
0.1111111111111111
0.16417910447761194
0.21818181818181817
0.16176470588235295
0.13114754098360656
0.09230769230769231
0.19047619047619047
0.22727272727272727
0.1791044776119403
0.2361111111111111
0.19696969696969696
0.22784810126582278
0.2459016393442623
0.25333333333333335
0.22077922077922077
0.15
0.125
0.1791044776119403
0.2222222222222222
0.23529411764705882
0.15789473684210525
0.1746031746031746
0.140625
0.15384615384615385
0.2328767123287671
0.25
0.18461538461538463
0.19117647058823528
0.23880597014925373
0.2
0.21052631578947367
0.15555555555555556
0.2222222222222222
0.21739130434782608
0.225
0.2
0.24285714285714285
0.189873417721519
0.15942028985507245
0.265625
0.16
0.25609756097560976
0.22388059701492538
0.18055555555555555
0.2
0.22388059701492538
0.19047619047619047
0.1506849315068493
0.22580645161290322
0.18292682926829268
0.19696969696969696
0.2028985507246377
0.24615384615384617
0.16666666666666666
0.14864864864864866
0.11940298507462686
0.1917808219178082
0.16923076923076924
0.17391304347826086
0.17567567567567569
0.22535211267605634
0.22033898305084745
0.2361111111111111
0.2698412698412698
0.19767441860465115
0.11428571428571428
0.19117647058823528
0.1323529411764706
0.19444444444444445
0.20833333333333334
0.23684210526315788
0.3026315789473684
0.14516129032258066
0.2375
0.1746031746031746
0.2702702702702703
0.203125
0.20270270270270271
0.18823529411764706
0.2727272727272727
0.2318840579710145
0.25806451612903225
0.16455696202531644
0.24242424242424243
0.2608695652173913
0.14925373134328357
0.20270270270270271
0.1891891891891892
0.189873417721519
0.22535211267605634
0.23809523809523808
0.3114754098360656
0.28169014084507044
0.24358974358974358
0.25
0.19230769230769232
0.1935483870967742
0.11666666666666667
0.2926829268292683
0.19736842105263158
0.1875
0.21875
0.17333333333333334
0.24242424242424243
0.17391304347826086
0.30434782608695654
0.22535211267605634
0.22972972972972974
0.25
0.2261904761904762
0.19402985074626866
0.1780821917808219
0.24719101123595505
0.21212121212121213
0.171875
0.2236842105263158
0.11688311688311688
0.08450704225352113
0.21333333333333335
0.16176470588235295
0.27848101265822783
0.15492957746478872
0.27848101265822783
0.1864406779661017
