0.7
0.5813953488372093
0.5869565217391305
0.5208333333333334
0.5625
0.5714285714285714
0.6341463414634146
0.6
0.5777777777777777
0.6486486486486487
0.6486486486486487
0.54
0.5434782608695652
0.5370370370370371
0.7073170731707317
0.6153846153846154
0.5813953488372093
0.5652173913043478
0.6511627906976745
0.54
0.5945945945945946
0.5319148936170213
0.6571428571428571
0.6571428571428571
0.6341463414634146
0.625
0.65
0.5777777777777777
0.6590909090909091
0.6904761904761905
0.6190476190476191
0.6046511627906976
0.6428571428571429
0.5869565217391305
0.625
0.5652173913043478
0.62
0.6046511627906976
0.6111111111111112
0.6923076923076923
0.6153846153846154
0.574468085106383
0.5789473684210527
0.5227272727272727
0.7058823529411765
0.6
0.5526315789473685
0.4782608695652174
0.5227272727272727
0.6190476190476191
0.5952380952380952
0.5208333333333334
0.625
0.5869565217391305
0.52
0.5609756097560976
0.5641025641025641
0.6
0.6857142857142857
0.625
0.6444444444444445
0.5094339622641509
0.5094339622641509
0.5681818181818182
0.5
0.5952380952380952
0.6
0.575
0.56
0.6428571428571429
0.6666666666666666
0.7142857142857143
0.7222222222222222
0.5909090909090909
0.5918367346938775
0.5227272727272727
0.5869565217391305
0.6756756756756757
0.6086956521739131
0.47058823529411764
0.5306122448979592
0.5
0.5306122448979592
0.6
0.4423076923076923
0.6382978723404256
0.6363636363636364
0.5581395348837209
0.5294117647058824
0.5714285714285714
0.5416666666666666
0.48
0.6744186046511628
0.574468085106383
0.6304347826086957
0.627906976744186
0.7317073170731707
0.5490196078431373
0.6410256410256411
0.6875
0.5116279069767442
0.6046511627906976
0.6923076923076923
0.5106382978723404
0.5306122448979592
0.5909090909090909
0.6097560975609756
0.6046511627906976
0.5686274509803921
0.6170212765957447
0.6578947368421053
0.6818181818181818
0.5555555555555556
0.4772727272727273
0.5294117647058824
0.5208333333333334
0.5510204081632653
0.6222222222222222
0.55
0.5957446808510638
0.6222222222222222
0.6904761904761905
0.5625
0.5609756097560976
0.6511627906976745
0.6666666666666666
0.5625
0.5681818181818182
0.627906976744186
0.5333333333333333
0.631578947368421
0.5416666666666666
0.6153846153846154
0.6341463414634146
0.5
0.5853658536585366
0.5849056603773585
0.5813953488372093
0.45098039215686275
0.6511627906976745
0.5357142857142857
0.5227272727272727
0.6
0.5434782608695652
0.5892857142857143
0.6190476190476191
0.675
0.5471698113207547
0.6122448979591837
0.696969696969697
0.6363636363636364
0.6904761904761905
0.6875
0.6363636363636364
0.575
0.6136363636363636
0.675
0.6976744186046512
0.5116279069767442
0.6111111111111112
0.5348837209302325
0.5348837209302325
0.6078431372549019
0.6
0.6585365853658537
0.5294117647058824
0.5641025641025641
0.6097560975609756
0.5365853658536586
0.6341463414634146
0.5490196078431373
0.5918367346938775
0.627906976744186
0.6190476190476191
0.5813953488372093
0.6097560975609756
0.6410256410256411
0.574468085106383
0.5918367346938775
0.5853658536585366
0.6136363636363636
0.6486486486486487
0.631578947368421
0.6428571428571429
0.5555555555555556
0.5106382978723404
0.5957446808510638
0.627906976744186
0.46153846153846156
0.6304347826086957
0.65
0.675
0.6341463414634146
0.56
0.5813953488372093
0.5238095238095238
0.5853658536585366
0.6216216216216216
0.625
0.631578947368421
0.6818181818181818
0.6363636363636364
0.5833333333333334
0.5609756097560976
0.48148148148148145
0.5510204081632653
0.5833333333333334
0.6170212765957447
0.5641025641025641
0.6428571428571429
0.4716981132075472
0.5945945945945946
0.5769230769230769
0.5238095238095238
0.5777777777777777
0.7
0.5348837209302325
0.5833333333333334
0.6428571428571429
0.5405405405405406
0.6153846153846154
0.5208333333333334
0.574468085106383
0.6190476190476191
0.6304347826086957
0.54
0.5
0.6052631578947368
0.6341463414634146
0.5833333333333334
0.5306122448979592
0.5384615384615384
0.625
0.6585365853658537
0.6530612244897959
0.5714285714285714
0.5853658536585366
0.574468085106383
0.56
0.5641025641025641
0.5777777777777777
0.6086956521739131
0.5094339622641509
0.5416666666666666
0.5789473684210527
0.6756756756756757
0.5510204081632653
0.6
0.5952380952380952
0.5625
0.4807692307692308
0.6341463414634146
0.574468085106383
0.6097560975609756
0.5957446808510638
0.6
0.675
0.575
0.6086956521739131
0.6341463414634146
0.625
0.5581395348837209
0.6046511627906976
0.5531914893617021
0.6222222222222222
0.625
0.625
0.5714285714285714
0.574468085106383
0.5909090909090909
0.6410256410256411
0.5306122448979592
0.6304347826086957
0.6170212765957447
0.6666666666666666
0.6
0.6595744680851063
0.6190476190476191
0.48148148148148145
0.5294117647058824
0.6086956521739131
0.5
0.5217391304347826
0.5777777777777777
0.6136363636363636
0.5581395348837209
0.5813953488372093
0.4897959183673469
0.6666666666666666
0.8275862068965517
0.6666666666666666
0.6666666666666666
0.5918367346938775
0.6578947368421053
0.5178571428571429
0.6585365853658537
0.5555555555555556
0.55
0.5510204081632653
0.5510204081632653
0.6744186046511628
0.5909090909090909
0.631578947368421
0.5217391304347826
0.5333333333333333
0.48148148148148145
0.5681818181818182
0.4444444444444444
0.6
0.5531914893617021
0.5897435897435898
0.5869565217391305
0.5319148936170213
0.5714285714285714
0.5714285714285714
0.5555555555555556
0.6585365853658537
0.6136363636363636
0.5434782608695652
0.6458333333333334
0.6190476190476191
0.5853658536585366
0.7045454545454546
0.6274509803921569
0.5365853658536586
0.6764705882352942
0.5555555555555556
0.6097560975609756
0.5813953488372093
0.6285714285714286
0.6097560975609756
0.6666666666666666
0.6190476190476191
0.7575757575757576
0.575
0.6190476190476191
0.625
0.6
0.5526315789473685
0.5609756097560976
0.6052631578947368
0.574468085106383
0.5681818181818182
0.6666666666666666
0.675
0.5952380952380952
0.6666666666666666
0.7222222222222222
0.6
0.5652173913043478
0.6842105263157895
0.5789473684210527
0.6341463414634146
0.5208333333333334
0.6
0.5769230769230769
0.6341463414634146
0.7105263157894737
0.5945945945945946
0.6136363636363636
0.6744186046511628
0.6097560975609756
0.6842105263157895
0.7222222222222222
0.7
0.54
0.5576923076923077
0.7058823529411765
0.5106382978723404
0.5365853658536586
0.6341463414634146
0.5952380952380952
0.55
0.5348837209302325
0.56
0.5957446808510638
0.6666666666666666
0.6046511627906976
0.574468085106383
0.4634146341463415
0.6666666666666666
0.5454545454545454
0.5909090909090909
0.5
0.6857142857142857
0.5227272727272727
0.5918367346938775
0.5681818181818182
0.5777777777777777
0.5777777777777777
0.5789473684210527
0.5625
0.45652173913043476
0.6956521739130435
0.5227272727272727
0.5581395348837209
0.6046511627906976
0.6
0.5102040816326531
0.6744186046511628
0.6744186046511628
0.7073170731707317
0.5909090909090909
0.6
0.6382978723404256
0.6744186046511628
0.65
0.6666666666666666
0.5961538461538461
0.631578947368421
0.6976744186046512
0.6136363636363636
0.6923076923076923
0.5
0.6428571428571429
0.5777777777777777
0.6585365853658537
0.5918367346938775
0.5471698113207547
0.5869565217391305
0.5098039215686274
0.7222222222222222
0.5555555555555556
0.5681818181818182
0.6097560975609756
0.675
0.5897435897435898
0.6170212765957447
0.7027027027027027
0.58
0.6944444444444444
0.5777777777777777
0.52
0.5333333333333333
0.627906976744186
0.6666666666666666
0.6486486486486487
0.5625
0.45454545454545453
0.6111111111111112
0.6136363636363636
0.5416666666666666
0.5769230769230769
0.6153846153846154
0.4583333333333333
0.5957446808510638
0.6170212765957447
0.5714285714285714
0.6
0.6
0.6086956521739131
0.5681818181818182
0.5416666666666666
0.4909090909090909
0.5897435897435898
0.5909090909090909
0.5581395348837209
0.5777777777777777
0.5777777777777777
0.6744186046511628
0.6
0.6111111111111112
0.7142857142857143
0.6097560975609756
0.5476190476190477
0.5
0.5686274509803921
0.6222222222222222
0.6
0.627906976744186
0.6
0.625
0.6046511627906976
0.5454545454545454
0.625
0.58
0.5789473684210527
0.6190476190476191
0.627906976744186
0.6341463414634146
0.6122448979591837
0.6666666666666666
0.6829268292682927
0.64
0.7352941176470589
0.5882352941176471
0.6
0.5952380952380952
0.6818181818181818
0.6041666666666666
0.6521739130434783
0.6046511627906976
0.6410256410256411
0.6410256410256411
0.6764705882352942
0.6216216216216216
0.6428571428571429
0.6666666666666666
0.5681818181818182
0.6097560975609756
