0.3987669881565761
0.4326469872338629
0.41218300457595186
0.43351119053228154
0.36238080975127795
0.4125484984337134
0.3733905480868656
0.39096773035648136
0.40513056044855666
0.3972662505030171
0.3621046536065084
0.3787490235263877
0.3936532515075141
0.41570138633963344
0.4549112168950769
0.4048726133462809
0.3902142590521523
0.430082315982255
0.38336102962716484
0.44433107355987655
0.35701235928023345
0.4005327806167952
0.40416299745981693
0.4230133122796674
0.4080726555890051
0.40161000518122275
0.37142782675098984
0.39444104442204936
0.3547306472645263
0.4157041571570171
0.4761013982326143
0.4614198446887415
0.3906443200321824
0.37338806722208173
0.3684979654079744
0.43437095703838363
0.43360904308319564
0.36421920345474257
0.42076957486036876
0.3692530280974679
0.4188032167210558
0.40095856182305545
0.38737319572077006
0.47027116391898305
0.39411841982148094
0.44220251347011913
0.3508886140746685
0.38746220022182826
0.4436871547970178
0.4311265377128208
0.4571721825621618
0.38276590446026953
0.4107427684483921
0.47153168205732765
0.43185549393421435
0.4317861343417615
0.37945058280242666
0.4243873322374759
0.3761737607225181
0.4340905901587239
0.40107606800663
0.39783059260145753
0.36096759330130257
0.4450359227679252
0.4064866475883355
0.41460634374790145
0.4271436342378601
0.4053888726087202
0.40443226633140034
0.3593608690979936
0.3664020414481322
0.43352165485700556
0.4297402392344463
0.3964679292673072
0.41144539588303713
0.40700038026202406
0.4390015303890461
0.3486411159151491
0.3893087036702067
0.4294485029531238
0.4185651598502989
0.4607557666958101
0.4062659102267633
0.4181390874777137
0.4389563745359412
0.41202396910462885
0.38599720831462564
0.4086579953284578
0.4149971471274793
0.40398977117571894
0.35442478191682636
0.3606386783902336
0.3956838987856796
0.3735644090249796
0.40505154180619746
0.4023130173711345
0.3908750526355727
0.38433751507218783
0.42322074195749243
0.4576911943557413
0.34788524760866135
0.37470905877115085
0.3926831394923486
0.36068607322663254
0.3997512975542257
0.3701667192152514
0.39119801626577433
0.34703912773731366
0.38020081422669705
0.43323829556428184
0.4231700953581953
0.4106756157476369
0.3639393824151529
0.39511304805293485
0.38707116198132496
0.3862859521756726
0.4370324225730083
0.42127079126918343
0.38059877381901325
0.41527979833412426
0.4238791416163074
0.3971194094197943
0.3617817618610554
0.37750878375743563
0.4550825864276568
0.4189030159891322
0.3512908448985015
0.38113409167142204
0.4518027708875971
0.40963791334438726
0.38511685484611774
0.4307662105399975
0.33128077994579064
0.39683780721785555
0.3935417637388255
0.40823335829507745
0.4346619240886692
0.3953172400261139
0.45146294084189176
0.39595169488200155
0.41011444445741196
0.3900319104043159
0.3983892111492324
0.4282111284562022
0.38932030246827476
0.41318721690301197
0.4609662682273614
0.4598811281443831
0.41092763860327997
0.3583835772821682
0.40157520219766774
0.34221049133705056
0.40104022490703634
0.4172268240624455
0.41955006850313714
0.398660429911412
0.40143974001902777
0.4159644413569126
0.4122572086866949
0.4006624875092907
0.4086651011704195
0.39340070915356945
0.3847138250248544
0.4427362752438975
0.40706212800635716
0.4114387499029216
0.3903207918558409
0.4343289165287967
0.39591519524821256
0.37176603641599126
0.44711970300848397
0.38558803236617306
0.43179334984084283
0.47820109392176974
0.3594029409891871
0.41407524929393597
0.3417575614281023
0.39806943307430437
0.4023431563190818
0.40301634587237123
0.4072105783891584
0.3869608697963813
0.4118078120728792
0.4242053808581632
0.34386487154072354
0.368542029523845
0.3765106158863611
0.4443510265999249
0.37600721929199543
0.3855200563954681
0.4075052576666032
0.4039808843080929
0.4337011062944502
0.37380121552518913
0.36323097033981533
0.4515458864574151
0.38704027293721455
0.3833907998990024
0.44459090014618663
0.38900437503360114
0.38257087173201165
0.4129609871183209
0.37522426475657505
0.43042258855677956
0.3382151584046697
0.4013131228823343
0.4040044537156202
0.37143561126668906
0.3992149927061548
0.42905138543420424
0.3972695296779105
0.35422350321845975
0.433563131611386
0.3574017783901737
0.4205652746487123
0.3727016931497217
0.4304612950891204
0.4010512474868035
0.35392022319311583
0.4044383418859224
0.35733192652106516
0.38491118117019135
0.3670119184430296
0.3974035652194086
0.35501042344248523
0.4390127052757226
0.3851433470701219
0.3768384722168898
0.3723862427544072
0.37976497617064625
0.45842569867000094
0.3518801259561976
0.45093486010151895
0.3895649374256407
0.4771634909247934
0.33711596382432685
0.4123175351175002
0.37416282574267035
0.3549877884801825
0.37001366392576235
0.44422406288897626
0.4070395619538346
0.38047828128476907
0.36694364760767567
0.3714603638642381
0.3832559780295751
0.3847482034843603
0.4065452158854332
0.3743541062809176
0.4072840196971508
0.3695505794240198
0.4045818161353481
0.37741523402852256
0.38246449634644236
0.4501177080432164
0.37923488235701686
0.37935286743448804
0.4600719671310376
0.45944019155527416
0.4154875287310221
0.42442811859170193
0.403235944376769
0.422484209461416
0.39709671186898576
0.42899370694696437
0.3786983604773835
0.46421873863988206
0.4249261410712056
0.34834921429004306
0.3844825434572041
0.40206948432486694
0.4562400047497654
0.34613729412329475
0.38288921024072337
0.38199699782363294
0.35697144234118505
0.4311511355672617
0.4211432000840908
0.4139711877957152
0.39852610214692286
0.3652571979415304
0.42611942783354423
0.4381159644312587
0.4494750859683923
0.4557848476480485
0.42147012994063987
0.46960595520612336
0.41992567617778975
0.3909709062032879
0.3690651830251937
0.40065561760257046
0.3744026076181739
0.4047567686418917
0.34850800818508076
0.35811668805569413
0.43821557477762385
0.3331774435314957
0.42541569498911924
0.43594402755691325
0.38507683639955925
0.37578039398032037
0.48061903599782135
0.41549037947223477
0.41830209570356774
0.35057504853663435
0.42665990494580763
0.3642933861557393
0.38878251662692465
0.4205811744521895
0.41275030458626155
0.36331118752667985
0.4476590946763694
0.44587498647736684
0.38143503137809864
0.34894297025175924
0.38567899839116676
0.36625087968151626
0.42814503133748366
0.41657699292419936
0.37019288710450227
0.5021434485895192
0.39119016581205246
0.359655051808437
0.38772010247161376
0.3726132883284868
0.3521100568759654
0.37940456286420016
0.40231339527705
0.37081733178238274
0.38708805393813345
0.3550324658483154
0.4155381435661439
0.36545766059561857
0.4056495059201947
0.4210249159515067
0.38891253579710416
0.4362698379335274
0.3798820148796594
0.40929502787379907
0.41359334313855056
0.3856751278675684
0.42040614587698455
0.38642036009749325
0.3220839564372343
0.4134449667519189
0.3921724198259911
0.4139527246072779
0.44509424630148975
0.3581497430352871
0.4231714047797725
0.39558743198156754
0.4099994142910284
0.4334160986217177
0.3964045763349399
0.38310230943491014
0.3876960289338319
0.4305543444030035
0.4464032173996533
0.4608116540431286
0.3674987534147142
0.3731092851232726
0.34767485575917156
0.4132797069620967
0.4039278241356945
0.457227677788685
0.4365461751717033
0.40604087736872285
0.36988792801083437
0.3358000612314605
0.3787979859680129
0.40962992069409654
0.36732054078600523
0.45546605087566827
0.4211523106002416
0.3256496562948864
0.396008199068437
0.3306097024314876
0.3984610070056607
0.41698268931289506
0.4759194032240745
0.3759807391600245
0.4195526433020014
0.42947162692520735
0.3736501134741784
0.41123551213074894
0.3728189603874272
0.36806326097256403
0.39577046367654356
0.3777110053322045
0.4624169555134648
0.42333066162680955
0.395104583232434
0.35443580398425345
0.383388467578511
0.3602784776393344
0.3656766237307981
0.41735962501455753
0.41916486755680765
0.39551253858102386
0.39835470301616216
0.4125364670845322
0.4102106771765561
0.4349054649275586
0.39796971068838793
0.36932587360610936
0.43421161448829015
0.4078288604269534
0.40737579928172235
0.4150392962473806
0.42909033660342216
0.38124791725919177
0.38364754620623165
0.3871936806876865
0.38468268136377703
0.44385383435309683
0.4257923799293636
0.3176898069064989
0.43262278803670795
0.45629343650781673
0.39013959995667014
0.3543043328917934
0.4202459099033223
0.4071032726713734
0.39147117748915267
0.4322092329528155
0.38134958044803685
0.3790835712643494
0.34909272716736445
0.3640559454625063
0.47751841972105696
0.3360784496884397
0.41165860878448723
0.36337518582949846
0.40945827780706706
0.4587584159024388
0.39912486956786086
0.4136802463068232
0.3734391103633643
0.378115782713474
0.3954658046154457
0.38677318905432356
0.457126998446124
0.372694876465271
0.3762920602039214
0.45197440331738525
0.3879899360069917
0.41404769506599287
0.3414978802452959
0.37261973354233485
0.4465546025026919
0.4769773663711298
0.40056804238112925
0.3756690631092177
0.4131215804535191
0.3574107547061065
0.407119848001983
0.3850162461433594
0.475145230602818
0.44958776019484203
0.37669419946908134
0.3537085963746969
0.3810533339017649
0.3422527805205171
0.4004765561061804
0.4130062014446124
0.4007681795862419
0.43015530394078183
0.38965132645467887
0.45256261765285727
0.41031800688413034
0.35945510606582765
0.4239838448597273
0.420162352078496
0.41890553263667357
0.3915862332377619
0.3945072666684709
0.35058774821131167
0.39745079360607344
0.4627072697305882
0.44816380157755653
0.38711587040494233
0.4645721128115312
0.4011388392494456
0.40646516774325614
0.4088262157027395
0.3934058813665042
0.4312881276993644
0.3748515474779187
0.4475231870003602
0.4178122428830522
0.3753482260325475
0.39760068940997345
0.39461951199495177
0.3411678465205351
0.4281745977497409
0.34390003072878744
0.42135860253816715
0.3764572572234432
0.35534374855024564
0.4048402918973468
