0.7096774193548387
0.7333333333333333
0.6363636363636364
0.6363636363636364
0.6216216216216216
0.6764705882352942
0.8076923076923077
0.5853658536585366
0.7352941176470589
0.6470588235294118
0.5897435897435898
0.6388888888888888
0.6666666666666666
0.7419354838709677
0.7241379310344828
0.696969696969697
0.5789473684210527
0.7419354838709677
0.6875
0.71875
0.6285714285714286
0.6216216216216216
0.696969696969697
0.6666666666666666
0.6875
0.6176470588235294
0.6285714285714286
0.696969696969697
0.6571428571428571
0.5641025641025641
0.71875
0.6875
0.6111111111111112
0.5227272727272727
0.5897435897435898
0.6875
0.6052631578947368
0.696969696969697
0.6111111111111112
0.7241379310344828
0.6470588235294118
0.6875
0.5789473684210527
0.7096774193548387
0.6571428571428571
0.6764705882352942
0.6470588235294118
0.7096774193548387
0.6
0.7096774193548387
0.7272727272727273
0.71875
0.6388888888888888
0.7419354838709677
0.6666666666666666
0.6571428571428571
0.631578947368421
0.7419354838709677
0.6388888888888888
0.6111111111111112
0.6857142857142857
0.6153846153846154
0.75
0.6216216216216216
0.631578947368421
0.6052631578947368
0.7058823529411765
0.75
0.7333333333333333
0.7241379310344828
0.75
0.6666666666666666
0.6857142857142857
0.6052631578947368
0.6486486486486487
0.6756756756756757
0.6666666666666666
0.6764705882352942
0.6111111111111112
0.6666666666666666
0.6470588235294118
0.6388888888888888
0.6666666666666666
0.8518518518518519
0.7419354838709677
0.71875
0.7272727272727273
0.7
0.7419354838709677
0.6486486486486487
0.7096774193548387
0.631578947368421
0.5681818181818182
0.6764705882352942
0.7142857142857143
0.6388888888888888
0.5945945945945946
0.696969696969697
0.6666666666666666
0.6571428571428571
0.6285714285714286
0.6764705882352942
0.6764705882352942
0.6363636363636364
0.6470588235294118
0.6470588235294118
0.7096774193548387
0.6363636363636364
0.696969696969697
0.6176470588235294
0.7333333333333333
0.7333333333333333
0.55
0.696969696969697
0.7586206896551724
0.6875
0.7058823529411765
0.6571428571428571
0.7333333333333333
0.71875
0.8214285714285714
0.631578947368421
0.6388888888888888
0.6111111111111112
0.75
0.75
0.6111111111111112
0.6764705882352942
0.5897435897435898
0.6875
0.6875
0.696969696969697
0.696969696969697
0.6470588235294118
0.6764705882352942
0.6285714285714286
0.7857142857142857
0.6052631578947368
0.696969696969697
0.6666666666666666
0.7142857142857143
0.6571428571428571
0.6388888888888888
0.75
0.6216216216216216
0.7419354838709677
0.71875
0.5789473684210527
0.6764705882352942
0.65625
0.6388888888888888
0.6486486486486487
0.6486486486486487
0.6875
0.7586206896551724
0.6666666666666666
0.631578947368421
0.5897435897435898
0.6666666666666666
0.7096774193548387
0.55
0.7
0.7058823529411765
0.6857142857142857
0.7096774193548387
0.75
0.6216216216216216
0.71875
0.6764705882352942
0.6571428571428571
0.7857142857142857
0.696969696969697
0.6363636363636364
0.71875
0.6052631578947368
0.6756756756756757
0.6388888888888888
0.5897435897435898
0.575
0.6410256410256411
0.6470588235294118
0.6875
0.6285714285714286
0.7272727272727273
0.6
0.5853658536585366
0.6470588235294118
0.7666666666666667
0.631578947368421
0.7272727272727273
0.6857142857142857
0.6216216216216216
0.6774193548387096
0.7058823529411765
0.6111111111111112
0.71875
0.5526315789473685
0.6764705882352942
0.6388888888888888
0.6857142857142857
0.7666666666666667
0.696969696969697
0.5945945945945946
0.6571428571428571
0.55
0.6153846153846154
0.6666666666666666
0.7352941176470589
0.7666666666666667
0.71875
0.6470588235294118
0.696969696969697
0.6666666666666666
0.6285714285714286
0.6875
0.6764705882352942
0.6470588235294118
0.6666666666666666
0.575
0.7333333333333333
0.6216216216216216
0.6875
0.6666666666666666
0.6857142857142857
0.6571428571428571
0.6470588235294118
0.6388888888888888
0.6216216216216216
0.6216216216216216
0.6756756756756757
0.6216216216216216
0.5945945945945946
0.6571428571428571
0.7058823529411765
0.75
0.6764705882352942
0.696969696969697
0.696969696969697
0.5476190476190477
0.71875
0.7272727272727273
0.5476190476190477
0.71875
0.6285714285714286
0.7419354838709677
0.6111111111111112
0.75
0.71875
0.6388888888888888
0.6
0.6285714285714286
0.6666666666666666
0.71875
0.6285714285714286
0.6666666666666666
0.6052631578947368
0.6216216216216216
0.6875
0.6470588235294118
0.6571428571428571
0.6388888888888888
0.7857142857142857
0.7272727272727273
0.7333333333333333
0.8214285714285714
0.6388888888888888
0.7096774193548387
0.71875
0.5952380952380952
0.6666666666666666
0.5945945945945946
0.696969696969697
0.5121951219512195
0.5789473684210527
0.5609756097560976
0.6111111111111112
0.75
0.5789473684210527
0.7333333333333333
0.6764705882352942
0.5945945945945946
0.6388888888888888
0.5897435897435898
0.6666666666666666
0.6764705882352942
0.7857142857142857
0.875
0.6857142857142857
0.575
0.5789473684210527
0.696969696969697
0.6571428571428571
0.4791666666666667
0.6111111111111112
0.5384615384615384
0.6857142857142857
0.6216216216216216
0.7272727272727273
0.7096774193548387
0.6052631578947368
0.6486486486486487
0.7333333333333333
0.6764705882352942
0.6764705882352942
0.5897435897435898
0.6857142857142857
0.6944444444444444
0.6666666666666666
0.6764705882352942
0.7096774193548387
0.6857142857142857
0.8846153846153846
0.6666666666666666
0.6857142857142857
0.6470588235294118
0.5945945945945946
0.696969696969697
0.6571428571428571
0.696969696969697
0.6216216216216216
0.7586206896551724
0.5384615384615384
0.6571428571428571
0.6666666666666666
0.6052631578947368
0.6486486486486487
0.696969696969697
0.6764705882352942
0.5945945945945946
0.6571428571428571
0.7142857142857143
0.6470588235294118
0.6216216216216216
0.696969696969697
0.696969696969697
0.6285714285714286
0.6470588235294118
0.7096774193548387
0.575
0.7586206896551724
0.6285714285714286
0.7142857142857143
0.7857142857142857
0.631578947368421
0.6486486486486487
0.6153846153846154
0.696969696969697
0.575
0.6176470588235294
0.6666666666666666
0.6571428571428571
0.6875
0.7419354838709677
0.5675675675675675
0.5609756097560976
0.6052631578947368
0.6388888888888888
0.7272727272727273
0.8064516129032258
0.6666666666666666
0.6052631578947368
0.5789473684210527
0.6388888888888888
0.8214285714285714
0.6470588235294118
0.7333333333333333
0.6176470588235294
0.6470588235294118
0.5945945945945946
0.6153846153846154
0.6666666666666666
0.6216216216216216
0.5675675675675675
0.7419354838709677
0.5789473684210527
0.71875
0.6052631578947368
0.7096774193548387
0.7241379310344828
0.7419354838709677
0.7096774193548387
0.7666666666666667
0.7666666666666667
0.7333333333333333
0.6875
0.6388888888888888
0.7
0.6764705882352942
0.6285714285714286
0.6578947368421053
0.7666666666666667
0.7333333333333333
0.6666666666666666
0.6216216216216216
0.7741935483870968
0.7419354838709677
0.7666666666666667
0.6486486486486487
0.71875
0.6176470588235294
0.71875
0.6388888888888888
0.6764705882352942
0.575
0.6571428571428571
0.6052631578947368
0.6052631578947368
0.5675675675675675
0.71875
0.6363636363636364
0.6764705882352942
0.6388888888888888
0.6470588235294118
0.6111111111111112
0.71875
0.6764705882352942
0.5111111111111111
0.6875
0.7096774193548387
0.6571428571428571
0.7
0.6764705882352942
0.75
0.5121951219512195
0.6875
0.6486486486486487
0.8214285714285714
0.5641025641025641
0.6470588235294118
0.6571428571428571
0.6666666666666666
0.6857142857142857
0.6875
0.6944444444444444
0.8214285714285714
0.6052631578947368
0.6216216216216216
0.7142857142857143
0.71875
0.6285714285714286
0.6666666666666666
0.7586206896551724
0.55
0.575
0.8214285714285714
0.8571428571428571
0.7333333333333333
0.7096774193548387
0.5945945945945946
0.6571428571428571
0.6388888888888888
0.75
0.6764705882352942
0.7272727272727273
0.6470588235294118
0.6764705882352942
0.6111111111111112
0.7333333333333333
0.65625
0.6764705882352942
0.696969696969697
0.6666666666666666
0.6571428571428571
0.696969696969697
0.6764705882352942
0.6052631578947368
0.75
0.5641025641025641
0.8
0.6176470588235294
0.6944444444444444
0.6875
0.6388888888888888
0.6285714285714286
0.6486486486486487
0.6052631578947368
0.7419354838709677
0.8214285714285714
0.6764705882352942
0.696969696969697
0.696969696969697
0.6857142857142857
0.6285714285714286
0.5789473684210527
0.6486486486486487
0.7419354838709677
0.7058823529411765
0.6571428571428571
0.7333333333333333
0.7666666666666667
0.6388888888888888
0.6571428571428571
0.6363636363636364
0.575
0.5853658536585366
0.6571428571428571
0.6
0.6388888888888888
0.6666666666666666
0.6388888888888888
