0.2745098039215686
0.2
0.16783216783216784
0.19718309859154928
0.15492957746478872
0.2361111111111111
0.2302158273381295
0.15172413793103448
0.2
0.17777777777777778
0.2222222222222222
0.21739130434782608
0.17567567567567566
0.2517482517482518
0.13888888888888887
0.208955223880597
0.11594202898550725
0.19402985074626863
0.2112676056338028
0.2894736842105263
0.21428571428571427
0.20270270270270271
0.21428571428571427
0.1496598639455782
0.17647058823529413
0.2
0.20134228187919462
0.18181818181818182
0.1818181818181818
0.11188811188811189
0.19047619047619044
0.23809523809523808
0.16774193548387098
0.21739130434782608
0.19402985074626863
0.2054794520547945
0.1496598639455782
0.261437908496732
0.1954887218045113
0.174496644295302
0.1751824817518248
0.13986013986013987
0.2285714285714286
0.12949640287769784
0.14388489208633093
0.19736842105263155
0.23684210526315788
0.27586206896551724
0.2318840579710145
0.27814569536423844
0.21897810218978103
0.16901408450704225
0.2602739726027397
0.27536231884057966
0.23357664233576642
0.17931034482758623
0.20143884892086328
0.2482758620689655
0.22535211267605634
0.20270270270270271
0.23943661971830985
0.14184397163120568
0.2112676056338028
0.17218543046357618
0.1384615384615385
0.171875
0.20588235294117646
0.14184397163120568
0.1643835616438356
0.1857142857142857
0.16296296296296295
0.27338129496402874
0.19718309859154928
0.22377622377622378
0.25974025974025977
0.19402985074626863
0.2553191489361702
0.16783216783216784
0.21768707482993196
0.2463768115942029
0.24390243902439027
0.24113475177304963
0.20689655172413796
0.26666666666666666
0.12857142857142856
0.23684210526315788
0.21582733812949642
0.14705882352941177
0.17931034482758623
0.22818791946308722
0.24836601307189543
0.2206896551724138
0.20689655172413796
0.19117647058823528
0.28985507246376807
0.2222222222222222
0.1857142857142857
0.22727272727272727
0.23448275862068968
0.22818791946308722
0.17808219178082194
0.2054794520547945
0.2517482517482518
0.2972972972972973
0.21656050955414013
0.20740740740740743
0.2627737226277372
0.16
0.22695035460992907
0.1751824817518248
0.15942028985507245
0.14598540145985403
0.18705035971223022
0.2608695652173913
0.2463768115942029
0.2127659574468085
0.2285714285714286
0.20833333333333331
0.21428571428571427
0.2727272727272727
0.16176470588235295
0.09599999999999999
0.28571428571428575
0.17105263157894735
0.15151515151515152
0.2635658914728682
0.18055555555555552
0.19444444444444445
0.23437499999999997
0.1276595744680851
0.22077922077922077
0.23287671232876714
0.19858156028368795
0.34074074074074073
0.24999999999999994
0.2222222222222222
0.2206896551724138
0.19444444444444445
0.2318840579710145
0.08333333333333333
0.23225806451612901
0.2518518518518518
0.20289855072463767
0.21212121212121213
0.17218543046357618
0.24113475177304963
0.14598540145985403
0.1884057971014493
0.20289855072463767
0.21739130434782608
0.14814814814814814
0.2993197278911564
0.21333333333333335
0.17777777777777778
0.2448979591836735
0.14864864864864866
0.2127659574468085
0.28750000000000003
0.24460431654676257
0.2
0.21192052980132453
0.21192052980132453
0.16901408450704225
0.12244897959183675
0.18300653594771243
0.20408163265306123
0.17142857142857143
0.18181818181818182
0.12307692307692308
0.16783216783216784
0.23129251700680273
0.18055555555555552
0.19858156028368795
0.2384105960264901
0.14473684210526316
0.2567567567567568
0.22535211267605634
0.15037593984962408
0.21621621621621626
0.20408163265306123
0.17218543046357618
0.15483870967741936
0.20155038759689925
0.11678832116788321
0.15172413793103448
0.15172413793103448
0.10370370370370371
0.1857142857142857
0.136986301369863
0.15789473684210525
0.15942028985507245
0.23287671232876714
0.21476510067114096
0.25
0.15602836879432622
0.22818791946308722
0.16417910447761194
0.2
0.15172413793103448
0.20125786163522016
0.2517482517482518
0.17931034482758623
0.14173228346456693
0.2302158273381295
0.27586206896551724
0.2222222222222222
0.1313868613138686
0.23287671232876714
0.22950819672131148
0.16417910447761194
0.1804511278195489
0.10084033613445378
0.17266187050359713
0.208955223880597
0.20979020979020982
0.16783216783216784
0.2127659574468085
0.2361111111111111
0.1818181818181818
0.2318840579710145
0.1527777777777778
0.208955223880597
0.2
0.2206896551724138
0.18055555555555552
0.22818791946308722
0.2684563758389261
0.17647058823529413
0.20833333333333331
0.22388059701492535
0.2222222222222222
0.19402985074626863
0.26388888888888884
0.2206896551724138
0.24999999999999994
0.12857142857142856
0.12658227848101267
0.23287671232876714
0.18705035971223022
0.1395348837209302
0.16058394160583941
0.16176470588235295
0.2695035460992907
0.1496598639455782
0.1818181818181818
0.30985915492957744
0.15942028985507245
0.19047619047619044
0.2153846153846154
0.16901408450704225
0.17054263565891473
0.16901408450704225
0.14184397163120568
0.17567567567567566
0.18181818181818182
0.1884057971014493
0.17218543046357618
0.21917808219178084
0.2589928057553957
0.196969696969697
0.23448275862068968
0.09160305343511452
0.21739130434782608
0.13986013986013987
0.2151898734177215
0.1818181818181818
0.13636363636363635
0.1884057971014493
0.15942028985507245
0.2318840579710145
0.21875
0.2702702702702703
0.0979020979020979
0.15894039735099336
0.2463768115942029
0.24285714285714285
0.15942028985507245
0.24161073825503357
0.11347517730496454
0.12698412698412698
0.20253164556962025
0.15384615384615385
0.2463768115942029
0.2695035460992907
0.25
0.16216216216216214
0.15714285714285714
0.2535211267605634
0.23622047244094488
0.14473684210526316
0.1804511278195489
0.20437956204379562
0.20833333333333331
0.0875912408759124
0.13636363636363635
0.1818181818181818
0.14634146341463414
0.17808219178082194
0.2517482517482518
0.15068493150684933
0.15942028985507245
0.24113475177304963
0.19718309859154928
0.17647058823529413
0.14492753623188404
0.22058823529411764
0.15384615384615385
0.17266187050359713
0.18300653594771243
0.17142857142857143
0.13333333333333333
0.2361111111111111
0.2
0.16901408450704225
0.23287671232876714
0.2361111111111111
0.22556390977443608
0.2384105960264901
0.16216216216216214
0.18543046357615892
0.16058394160583941
0.16541353383458648
0.19117647058823528
0.1437908496732026
0.24460431654676257
0.2875816993464052
0.22377622377622378
0.1843971631205674
0.18791946308724833
0.22695035460992907
0.24060150375939848
0.27972027972027974
0.15068493150684933
0.20512820512820512
0.18055555555555552
0.15686274509803919
0.24427480916030536
0.2589928057553957
0.13043478260869565
0.15503875968992248
0.1395348837209302
0.13422818791946306
0.2627737226277372
0.2465753424657534
0.14705882352941177
0.19310344827586204
0.1282051282051282
0.1794871794871795
0.24
0.14388489208633093
0.21768707482993196
0.15151515151515152
0.1791044776119403
0.2714285714285714
0.24460431654676257
0.14184397163120568
0.16666666666666666
0.08633093525179857
0.18604651162790697
0.14492753623188404
0.15625
0.23776223776223776
0.18461538461538463
0.16666666666666666
0.24999999999999994
0.21192052980132453
0.171875
0.22972972972972974
0.12244897959183675
0.2647058823529412
0.1276595744680851
0.1791044776119403
0.25373134328358204
0.15999999999999998
0.18421052631578946
0.1843971631205674
0.22695035460992907
0.21897810218978103
0.208955223880597
0.2222222222222222
0.21917808219178084
0.15748031496062992
0.16666666666666666
0.28358208955223885
0.23776223776223776
0.18705035971223022
0.24516129032258066
0.18791946308724833
0.2112676056338028
0.20270270270270271
0.2222222222222222
0.17647058823529413
0.11023622047244094
0.13533834586466165
0.17105263157894735
0.09859154929577464
0.14285714285714288
0.2302158273381295
0.2
0.19444444444444445
0.2706766917293233
0.15686274509803919
0.2054794520547945
0.19199999999999998
0.1496598639455782
0.17808219178082194
0.3065693430656934
0.21333333333333335
0.2465753424657534
0.2482758620689655
0.11764705882352941
0.19858156028368795
0.22058823529411764
0.2763157894736842
0.16666666666666666
0.2361111111111111
0.24324324324324323
0.2482758620689655
0.2222222222222222
0.2112676056338028
0.2222222222222222
0.16901408450704225
0.2448979591836735
0.1679389312977099
0.15151515151515152
0.22695035460992907
0.2112676056338028
0.13533834586466165
0.1679389312977099
0.17266187050359713
0.1857142857142857
0.1322314049586777
0.1437908496732026
0.1804511278195489
0.28368794326241137
0.18543046357615892
0.16417910447761194
0.2318840579710145
0.2206896551724138
0.2448979591836735
0.12307692307692308
0.18309859154929578
0.15748031496062992
0.21374045801526714
0.17333333333333334
0.21428571428571427
0.16666666666666666
0.19310344827586204
0.22666666666666668
0.23129251700680273
0.14285714285714288
0.14084507042253522
0.1958041958041958
0.17333333333333334
0.2608695652173913
0.1313868613138686
0.21582733812949642
0.19858156028368795
0.15827338129496402
0.18320610687022904
0.17647058823529413
0.27096774193548384
0.25165562913907286
0.34285714285714286
0.20143884892086328
0.21768707482993196
0.2318840579710145
0.21917808219178084
0.17054263565891473
0.22666666666666668
0.19117647058823528
0.15999999999999998
0.19718309859154928
0.07575757575757576
0.1804511278195489
0.17266187050359713
0.17777777777777778
0.2
0.24324324324324323
0.2620689655172414
0.2676056338028169
0.18705035971223022
0.24999999999999994
0.2518518518518518
0.1958041958041958
0.24
0.20833333333333331
0.2967741935483871
0.2
0.2714285714285714
0.21582733812949642
0.1702127659574468
0.18055555555555552
0.1843971631205674
0.2748091603053435
0.2
0.2384105960264901
0.19858156028368795
0.2047244094488189
0.1891891891891892
