0.6666666666666666
0.7333333333333333
0.6363636363636364
0.9130434782608695
0.7931034482758621
0.7419354838709677
0.7777777777777778
0.7741935483870968
0.6944444444444444
0.7857142857142857
0.8518518518518519
0.8214285714285714
0.5853658536585366
0.8518518518518519
0.65625
0.8518518518518519
0.7333333333333333
0.6764705882352942
0.7333333333333333
0.6764705882352942
0.7096774193548387
0.7419354838709677
0.7666666666666667
0.8148148148148148
0.6875
0.75
0.6666666666666666
0.7419354838709677
0.7666666666666667
0.7333333333333333
0.7419354838709677
0.6666666666666666
0.7096774193548387
0.7931034482758621
0.71875
0.8148148148148148
0.92
0.7419354838709677
0.7096774193548387
0.6774193548387096
0.7586206896551724
0.6875
0.6111111111111112
0.7096774193548387
0.6764705882352942
0.7419354838709677
0.8461538461538461
0.6875
0.6857142857142857
0.8148148148148148
0.7741935483870968
0.7666666666666667
0.696969696969697
0.696969696969697
0.7333333333333333
0.7931034482758621
0.8571428571428571
0.71875
0.71875
0.6666666666666666
0.7272727272727273
0.8888888888888888
0.75
0.8518518518518519
0.75
0.5897435897435898
0.7272727272727273
0.6857142857142857
0.7333333333333333
0.8076923076923077
0.8
0.7586206896551724
0.7741935483870968
0.71875
0.7741935483870968
0.78125
0.7333333333333333
0.71875
0.7333333333333333
0.7096774193548387
0.6875
0.7931034482758621
0.7333333333333333
0.7419354838709677
0.8518518518518519
0.8214285714285714
0.75
0.75
0.7666666666666667
0.75
0.7096774193548387
0.7741935483870968
0.8620689655172413
0.71875
0.8064516129032258
0.7419354838709677
0.7857142857142857
0.8214285714285714
0.7741935483870968
0.7931034482758621
0.6875
0.7931034482758621
0.696969696969697
0.6774193548387096
0.8148148148148148
0.88
0.7857142857142857
0.6176470588235294
0.7666666666666667
0.6176470588235294
0.6875
0.6666666666666666
0.7333333333333333
0.7931034482758621
0.7333333333333333
0.8461538461538461
0.8571428571428571
0.71875
0.8148148148148148
0.7666666666666667
0.71875
0.8
0.696969696969697
0.6875
0.8275862068965517
0.6486486486486487
0.7857142857142857
0.8214285714285714
0.6764705882352942
0.7333333333333333
0.6875
0.7931034482758621
0.7666666666666667
0.6666666666666666
0.7666666666666667
0.7857142857142857
0.6875
0.92
0.696969696969697
0.7857142857142857
0.6944444444444444
0.8214285714285714
0.7666666666666667
0.8
0.6764705882352942
0.7666666666666667
0.6571428571428571
0.8461538461538461
0.7931034482758621
0.7777777777777778
0.7931034482758621
0.6857142857142857
0.8
0.7586206896551724
0.9166666666666666
0.6666666666666666
0.7272727272727273
0.7931034482758621
0.7333333333333333
0.8148148148148148
0.6875
0.84
0.7741935483870968
0.8
0.6666666666666666
0.7058823529411765
0.7419354838709677
0.7666666666666667
0.696969696969697
0.8214285714285714
0.7333333333333333
0.6764705882352942
0.875
0.696969696969697
0.71875
0.6756756756756757
0.7666666666666667
0.7931034482758621
0.6388888888888888
0.7575757575757576
0.6875
0.8148148148148148
0.7333333333333333
0.8
0.7741935483870968
0.8571428571428571
0.7857142857142857
0.7666666666666667
0.8275862068965517
1.0
0.7058823529411765
0.696969696969697
0.6363636363636364
0.8275862068965517
0.7333333333333333
0.7931034482758621
0.84
0.7931034482758621
0.7419354838709677
0.75
0.6216216216216216
0.696969696969697
0.8461538461538461
0.7419354838709677
0.7096774193548387
0.8
0.6857142857142857
0.8064516129032258
0.71875
0.7419354838709677
0.7857142857142857
0.71875
0.7096774193548387
0.7096774193548387
0.8148148148148148
0.6388888888888888
0.6875
0.7586206896551724
0.7419354838709677
0.6875
0.7931034482758621
0.6111111111111112
0.6875
0.8
0.7931034482758621
0.8461538461538461
0.696969696969697
0.7931034482758621
0.7931034482758621
0.7575757575757576
0.6571428571428571
0.7586206896551724
0.7419354838709677
0.7741935483870968
0.8275862068965517
0.696969696969697
0.6764705882352942
0.7419354838709677
0.71875
0.6388888888888888
0.631578947368421
0.7666666666666667
0.71875
0.6285714285714286
0.71875
0.8461538461538461
0.7777777777777778
0.7666666666666667
0.696969696969697
0.6857142857142857
0.6470588235294118
0.7857142857142857
0.71875
0.7333333333333333
0.6666666666666666
0.71875
0.6764705882352942
0.7857142857142857
0.7586206896551724
0.696969696969697
0.8214285714285714
0.7586206896551724
0.9230769230769231
0.6470588235294118
0.71875
0.7419354838709677
0.6285714285714286
0.7419354838709677
0.8064516129032258
0.7096774193548387
0.6666666666666666
0.71875
0.875
0.6285714285714286
0.6571428571428571
0.7333333333333333
0.65625
0.6875
0.8461538461538461
0.71875
0.7586206896551724
0.7931034482758621
0.7419354838709677
0.7333333333333333
0.6388888888888888
0.7096774193548387
0.6176470588235294
0.7272727272727273
0.7931034482758621
0.7586206896551724
0.8214285714285714
0.696969696969697
0.696969696969697
0.9166666666666666
0.7777777777777778
0.8275862068965517
0.7666666666666667
0.7741935483870968
0.6666666666666666
0.71875
0.7058823529411765
0.6470588235294118
0.71875
0.7666666666666667
0.7419354838709677
0.6857142857142857
0.8064516129032258
0.6285714285714286
0.7419354838709677
0.8148148148148148
0.7741935483870968
0.7666666666666667
0.8148148148148148
0.8
0.8148148148148148
0.7857142857142857
0.6216216216216216
0.6764705882352942
0.71875
0.8214285714285714
0.8148148148148148
0.6363636363636364
0.6571428571428571
0.7741935483870968
0.7666666666666667
0.7272727272727273
0.6571428571428571
0.6764705882352942
0.7333333333333333
0.6388888888888888
0.7352941176470589
0.7096774193548387
0.7419354838709677
0.8214285714285714
0.7931034482758621
0.7333333333333333
0.7586206896551724
0.6111111111111112
0.7666666666666667
0.8148148148148148
0.7333333333333333
0.9259259259259259
0.5945945945945946
0.8
0.75
0.7741935483870968
0.6764705882352942
0.6571428571428571
0.65625
0.8148148148148148
0.8518518518518519
0.7096774193548387
0.7931034482758621
0.7241379310344828
0.7419354838709677
0.6216216216216216
0.6764705882352942
0.7741935483870968
0.78125
0.6857142857142857
0.8214285714285714
0.7096774193548387
0.7666666666666667
0.7419354838709677
0.6875
0.7857142857142857
0.7777777777777778
0.8148148148148148
0.7333333333333333
0.75
0.8461538461538461
0.8518518518518519
0.5833333333333334
0.6388888888888888
0.7857142857142857
0.6216216216216216
0.6216216216216216
0.88
0.6363636363636364
0.7419354838709677
0.7333333333333333
0.7931034482758621
0.7666666666666667
0.6875
0.7586206896551724
0.7666666666666667
0.7241379310344828
0.71875
0.88
0.8333333333333334
0.7666666666666667
0.6666666666666666
0.7586206896551724
0.696969696969697
0.8
0.696969696969697
0.8214285714285714
0.7272727272727273
0.71875
0.7777777777777778
0.7931034482758621
0.8214285714285714
0.7666666666666667
0.8214285714285714
0.7931034482758621
0.71875
0.71875
0.875
0.7666666666666667
0.75
0.71875
0.8214285714285714
0.6285714285714286
0.7586206896551724
0.6764705882352942
0.7666666666666667
0.7931034482758621
0.7333333333333333
0.6285714285714286
0.6571428571428571
0.7777777777777778
0.7931034482758621
0.7
0.7241379310344828
0.6285714285714286
0.7741935483870968
0.7666666666666667
0.7333333333333333
0.8461538461538461
0.71875
0.6857142857142857
0.7272727272727273
0.7096774193548387
0.6578947368421053
0.7931034482758621
0.7666666666666667
0.7666666666666667
0.78125
0.7931034482758621
0.6666666666666666
0.6875
0.7096774193548387
0.6875
0.696969696969697
0.7419354838709677
0.7741935483870968
0.5945945945945946
0.8148148148148148
0.8461538461538461
0.696969696969697
0.6571428571428571
0.8076923076923077
0.7666666666666667
0.7058823529411765
0.7857142857142857
0.7666666666666667
0.5945945945945946
0.8461538461538461
0.7
0.8214285714285714
0.71875
0.7058823529411765
0.696969696969697
0.6571428571428571
0.696969696969697
0.7666666666666667
0.7058823529411765
0.8148148148148148
0.8275862068965517
0.65625
0.6578947368421053
0.6666666666666666
0.7666666666666667
0.7586206896551724
0.8
0.696969696969697
0.696969696969697
0.696969696969697
0.6388888888888888
0.8214285714285714
0.696969696969697
0.631578947368421
0.7586206896551724
0.8148148148148148
0.7741935483870968
0.6764705882352942
0.8275862068965517
0.7419354838709677
0.7857142857142857
0.71875
0.6388888888888888
0.8214285714285714
0.8076923076923077
0.7931034482758621
0.7741935483870968
0.7931034482758621
0.9130434782608695
0.71875
0.7741935483870968
0.7419354838709677
