0.15714285714285714
0.1506849315068493
0.058823529411764705
0.2028985507246377
0.19718309859154928
0.2028985507246377
0.19718309859154928
0.19402985074626866
0.140625
0.2459016393442623
0.14666666666666667
0.2625
0.21428571428571427
0.19718309859154928
0.1388888888888889
0.1686746987951807
0.22077922077922077
0.22413793103448276
0.2222222222222222
0.1891891891891892
0.25
0.14925373134328357
0.17333333333333334
0.19047619047619047
0.2676056338028169
0.1746031746031746
0.24675324675324675
0.18461538461538463
0.25396825396825395
0.18309859154929578
0.2361111111111111
0.21428571428571427
0.11594202898550725
0.26666666666666666
0.1206896551724138
0.2535211267605634
0.22666666666666666
0.18666666666666668
0.24242424242424243
0.16455696202531644
0.18055555555555555
0.2361111111111111
0.18055555555555555
0.15789473684210525
0.15492957746478872
0.2558139534883721
0.18571428571428572
0.2112676056338028
0.13513513513513514
0.2191780821917808
0.19767441860465115
0.26136363636363635
0.24193548387096775
0.15873015873015872
0.28
0.19047619047619047
0.23880597014925373
0.12307692307692308
0.14814814814814814
0.2714285714285714
0.2926829268292683
0.14705882352941177
0.13846153846153847
0.23529411764705882
0.21333333333333335
0.1566265060240964
0.16176470588235295
0.21052631578947367
0.21311475409836064
0.24285714285714285
0.17543859649122806
0.21794871794871795
0.1643835616438356
0.16853932584269662
0.2361111111111111
0.18888888888888888
0.21052631578947367
0.21333333333333335
0.1951219512195122
0.23880597014925373
0.1791044776119403
0.2222222222222222
0.21212121212121213
0.21428571428571427
0.1791044776119403
0.17647058823529413
0.17333333333333334
0.23728813559322035
0.23728813559322035
0.23333333333333334
0.13043478260869565
0.1917808219178082
0.22972972972972974
0.2191780821917808
0.1323529411764706
0.2
0.12345679012345678
0.1917808219178082
0.20224719101123595
0.22727272727272727
0.19318181818181818
0.16666666666666666
0.18333333333333332
0.21666666666666667
0.175
0.23076923076923078
0.2
0.18840579710144928
0.23684210526315788
0.20967741935483872
0.15873015873015872
0.2
0.2112676056338028
0.20588235294117646
0.12987012987012986
0.1774193548387097
0.18181818181818182
0.175
0.17105263157894737
0.25
0.22448979591836735
0.2236842105263158
0.24358974358974358
0.23943661971830985
0.2222222222222222
0.24324324324324326
0.15625
0.14457831325301204
0.2125
0.22972972972972974
0.14864864864864866
0.21739130434782608
0.25
0.17647058823529413
0.25806451612903225
0.18518518518518517
0.24
0.2
0.17391304347826086
0.24
0.2236842105263158
0.19540229885057472
0.2459016393442623
0.2289156626506024
0.15384615384615385
0.30985915492957744
0.15
0.25675675675675674
0.2682926829268293
0.1232876712328767
0.2
0.1780821917808219
0.2153846153846154
0.2631578947368421
0.19753086419753085
0.20212765957446807
0.20253164556962025
0.22857142857142856
0.1951219512195122
0.19718309859154928
0.2
0.29333333333333333
0.1625
0.3108108108108108
0.19230769230769232
0.23333333333333334
0.19718309859154928
0.20588235294117646
0.16923076923076924
0.2619047619047619
0.2465753424657534
0.14814814814814814
0.25
0.24242424242424243
0.19402985074626866
0.1746031746031746
0.21739130434782608
0.2638888888888889
0.11666666666666667
0.2
0.19718309859154928
0.15942028985507245
0.30303030303030304
0.22857142857142856
0.19736842105263158
0.16923076923076924
0.1780821917808219
0.25
0.2413793103448276
0.13114754098360656
0.17333333333333334
0.24615384615384617
0.1875
0.18181818181818182
0.17543859649122806
0.15492957746478872
0.1875
0.21212121212121213
0.25
0.140625
0.20833333333333334
0.13432835820895522
0.18309859154929578
0.2608695652173913
0.21518987341772153
0.2153846153846154
0.175
0.208955223880597
0.16901408450704225
0.19444444444444445
0.20967741935483872
0.1791044776119403
0.18518518518518517
0.1232876712328767
0.25333333333333335
0.2894736842105263
0.14666666666666667
0.1875
0.1527777777777778
0.22950819672131148
0.1724137931034483
0.1375
0.16883116883116883
0.2112676056338028
0.2375
0.15942028985507245
0.13513513513513514
0.22972972972972974
0.22727272727272727
0.21333333333333335
0.2361111111111111
0.1111111111111111
0.1780821917808219
0.2727272727272727
0.18181818181818182
0.208955223880597
0.1774193548387097
0.22580645161290322
0.20689655172413793
0.2
0.2028985507246377
0.11666666666666667
0.11475409836065574
0.23076923076923078
0.16666666666666666
0.23376623376623376
0.2857142857142857
0.18604651162790697
0.25396825396825395
0.15942028985507245
0.14705882352941177
0.2535211267605634
0.2647058823529412
0.24528301886792453
0.2
0.18461538461538463
0.20253164556962025
0.189873417721519
0.22033898305084745
0.15714285714285714
0.19480519480519481
0.18421052631578946
0.15254237288135594
0.20833333333333334
0.1724137931034483
0.20833333333333334
0.16417910447761194
0.21333333333333335
0.2289156626506024
0.22077922077922077
0.3230769230769231
0.2857142857142857
0.20588235294117646
0.26865671641791045
0.27941176470588236
0.21348314606741572
0.21875
0.24242424242424243
0.14285714285714285
0.1724137931034483
0.1044776119402985
0.18181818181818182
0.24285714285714285
0.24615384615384617
0.28169014084507044
0.16393442622950818
0.2804878048780488
0.203125
0.17105263157894737
0.1
0.19696969696969696
0.14864864864864866
0.14473684210526316
0.16666666666666666
0.20588235294117646
0.14864864864864866
0.17567567567567569
0.18604651162790697
0.22857142857142856
0.20588235294117646
0.19718309859154928
0.14492753623188406
0.14864864864864866
0.22784810126582278
0.17105263157894737
0.19047619047619047
0.17333333333333334
0.3108108108108108
0.2631578947368421
0.16129032258064516
0.25925925925925924
0.14492753623188406
0.14084507042253522
0.16666666666666666
0.22857142857142856
0.20253164556962025
0.16470588235294117
0.19444444444444445
0.1527777777777778
0.15053763440860216
0.1625
0.2537313432835821
0.14925373134328357
0.17567567567567569
0.22033898305084745
0.2676056338028169
0.09836065573770492
0.23684210526315788
0.16393442622950818
0.18055555555555555
0.2571428571428571
0.19718309859154928
0.20588235294117646
0.16326530612244897
0.18840579710144928
0.1774193548387097
0.2222222222222222
0.20270270270270271
0.32
0.24675324675324675
0.26666666666666666
0.17721518987341772
0.2465753424657534
0.2
0.25
0.23376623376623376
0.12
0.2571428571428571
0.19480519480519481
0.1927710843373494
0.21428571428571427
0.2328767123287671
0.171875
0.2647058823529412
0.21621621621621623
0.18840579710144928
0.16129032258064516
0.15151515151515152
0.21794871794871795
0.18571428571428572
0.21621621621621623
0.189873417721519
0.16666666666666666
0.0945945945945946
0.13432835820895522
0.1686746987951807
0.2028985507246377
0.19736842105263158
0.21818181818181817
0.24285714285714285
0.1746031746031746
0.20588235294117646
0.2318840579710145
0.2
0.1746031746031746
0.2465753424657534
0.2328767123287671
0.2
0.15
0.18072289156626506
0.208955223880597
0.13636363636363635
0.26865671641791045
0.1780821917808219
0.16981132075471697
0.19047619047619047
0.22727272727272727
0.1794871794871795
0.19230769230769232
0.24675324675324675
0.18666666666666668
0.171875
0.20833333333333334
0.19444444444444445
0.2235294117647059
0.2608695652173913
0.20481927710843373
0.13513513513513514
0.26744186046511625
0.14754098360655737
0.14492753623188406
0.2876712328767123
0.17391304347826086
0.2876712328767123
0.20833333333333334
0.1891891891891892
0.19402985074626866
0.2
0.18181818181818182
0.27419354838709675
0.26666666666666666
0.22972972972972974
0.3389830508474576
0.21311475409836064
0.16883116883116883
0.17105263157894737
0.19402985074626866
0.16666666666666666
0.3114754098360656
0.16666666666666666
0.23333333333333334
0.13846153846153847
0.19047619047619047
0.2361111111111111
0.18055555555555555
0.19718309859154928
0.25757575757575757
0.18571428571428572
0.12698412698412698
0.1875
0.15254237288135594
0.1951219512195122
0.18571428571428572
0.2318840579710145
0.23333333333333334
0.15584415584415584
0.20987654320987653
0.21666666666666667
0.27631578947368424
0.13095238095238096
0.24
0.17142857142857143
0.18181818181818182
0.2702702702702703
0.18421052631578946
0.18840579710144928
0.2028985507246377
0.25806451612903225
0.2903225806451613
0.18292682926829268
0.26153846153846155
0.20512820512820512
0.23076923076923078
0.22727272727272727
0.2465753424657534
0.1643835616438356
0.22077922077922077
0.12857142857142856
0.1518987341772152
0.1891891891891892
0.2898550724637681
0.2535211267605634
0.22784810126582278
0.16923076923076924
0.18309859154929578
0.1506849315068493
0.265625
0.19753086419753085
0.20634920634920634
0.2465753424657534
0.203125
0.23943661971830985
0.1935483870967742
0.16666666666666666
0.24242424242424243
0.19117647058823528
0.22727272727272727
0.19480519480519481
0.1728395061728395
0.2073170731707317
0.15789473684210525
0.21052631578947367
0.3150684931506849
0.21311475409836064
0.18181818181818182
0.2345679012345679
0.19753086419753085
0.23809523809523808
0.21951219512195122
0.18181818181818182
0.20967741935483872
0.15942028985507245
0.2375
0.18055555555555555
0.24242424242424243
0.16417910447761194
0.20689655172413793
0.15517241379310345
0.189873417721519
0.30985915492957744
