0.637571910335251
0.5971533425907558
0.6129240230113073
0.57478674866098
0.5769192620511803
0.5946736758579647
0.6177841698075779
0.6022118627256496
0.5984923626264631
0.6066752628446737
0.6080638762150368
0.6166931164451497
0.6330093235469152
0.5872842689942471
0.6480361039476294
0.6286451100972028
0.6115850029756001
0.6003273160087285
0.6053858361436224
0.6289922634397938
0.6213052965681413
0.615205316405475
0.6355385836143622
0.6203134298750249
0.6058817694901805
0.5872346756595914
0.6250743900019837
0.5964094425709184
0.611337036302321
0.6191231898432851
0.6108411029557627
0.5890696290418567
0.6208589565562388
0.5868379289823447
0.5989882959730212
0.6040964094425708
0.6204126165443364
0.6227930966078159
0.611337036302321
0.6138662963697679
0.6245288633207696
0.6119321563181909
0.5952192025391787
0.6224955365998809
0.6233882166236858
0.619966276532434
0.626115850029756
0.626115850029756
0.6145606030549494
0.5972525292600673
0.5927891291410434
0.6083614362229717
0.6245288633207697
0.6009720293592542
0.6182801031541361
0.6163955564372149
0.6273060900614957
0.5959135092243604
0.6522515373933744
0.6117337829795676
0.5971533425907559
0.6195695298551875
0.6043443761158501
0.6150565364015075
0.5924915691331084
0.585647688950605
0.6359849236262647
0.6337532235667526
0.6040964094425709
0.6091053362428089
0.6033029160880777
0.6181313231501686
0.6334556635588178
0.602658202737552
0.5988395159690537
0.599335449315612
0.6112874429676651
0.5858460622892284
0.6011704026978774
0.6176353898036103
0.6029061694108311
0.6332076968855387
0.5911029557627454
0.6079150962110692
0.6199662765324341
0.6128744296766515
0.6346954969252132
0.5841598889109303
0.5856476889506051
0.6294881967863519
0.6082622495536599
0.5828704622098789
0.631670303511208
0.5975004959333465
0.5951200158698671
0.6260166633604444
0.6260166633604444
0.6116345963102559
0.6357865502876414
0.6162963697679031
0.6086589962309066
0.5961614758976395
0.6516068240428486
0.577563975401706
0.6101467962705813
0.6259670700257886
0.6276532434040866
0.5849533822654235
0.6253223566752628
0.6243304899821465
0.6288434834358262
0.6002777226740725
0.6310255901606824
0.6011704026978774
0.5957647292203927
0.5959631025590161
0.6276532434040865
0.6044931561198175
0.6060801428288038
0.6458292005554453
0.5966078159095418
0.6031045427494544
0.6477881372743503
0.6180817298155128
0.6202142432057132
0.6338524102360643
0.5647688950605039
0.6125272763340608
0.6059809561594922
0.6268101567149374
0.6307776234874034
0.6002033326720889
0.5956407458837533
0.6117337829795676
0.6017159293790916
0.6264134100376909
0.615254909740131
0.6147589763935726
0.6137671097004562
0.6057329894862131
0.6423328704622099
0.622495536599881
0.6168418964491172
0.58202737552073
0.6069728228526086
0.568934735171593
0.619718309859155
0.6307280301527476
0.6248264233287045
0.6186768498313826
0.6293890101170403
0.609948422931958
0.6208093632215831
0.603798849434636
0.5909541757587781
0.5900614957349732
0.6274052767308073
0.5913509224360246
0.6232394366197184
0.6444157905177545
0.6051378694703432
0.6284963300932356
0.5713152152350723
0.6304800634794684
0.5955663558817694
0.6042451894465384
0.5842094822455861
0.5973021225947233
0.6168418964491171
0.6120313429875025
0.6031045427494545
0.6150565364015077
0.6235865899623091
0.6228922832771274
0.6214540765721087
0.6320670501884548
0.6019638960523707
0.6417377504463398
0.6179825431462012
0.5991866693116445
0.5982939892878396
0.6142630430470145
0.5716623685776632
0.618577663162071
0.590656615750843
0.616048403094624
0.6147093830589169
0.6205118032136482
0.6017655227137473
0.6014679627058124
0.6346459035905574
0.6287938901011705
0.6204126165443364
0.62666137671097
0.5973517159293792
0.6144614163856377
0.6332076968855386
0.6409442570918468
0.6199662765324341
0.6255207300138862
0.6282483634199564
0.5872842689942471
0.6192223765125967
0.5783574687561991
0.5890696290418569
0.6020134893870264
0.5894663757191032
0.5999801626661376
0.5939297758381273
0.6298849434635985
0.6299841301329101
0.6120809363221582
0.6236857766316207
0.6154036897440984
0.6176353898036103
0.6181809164848244
0.6026086094028963
0.5964590359055743
0.6234378099583416
0.6063281095020828
0.6371255703233484
0.6180817298155129
0.6063777028367388
0.6047411227930966
0.6125272763340607
0.6268101567149376
0.5767704820472129
0.6259174766911327
0.640051577068042
0.5986411426304304
0.615800436421345
0.5787542154334457
0.6254215433445744
0.6274548700654632
0.6291410434437611
0.634199563578655
0.6198670898631223
0.6017655227137473
0.6002281293394168
0.5885736956952985
0.6307280301527475
0.6346954969252132
0.5948720491965879
0.6161971830985916
0.6177345764729221
0.631670303511208
0.5970541559214442
0.6035508827613568
0.5988891093037098
0.6035012894267009
0.635885736956953
0.6088573695695298
0.6216028565760761
0.610741916286451
0.6346459035905575
0.5999801626661377
0.6112874429676651
0.6487304106328109
0.6122793096607816
0.6503669906764533
0.5914997024399921
0.607121602856576
0.6373239436619718
0.6249256099980163
0.5902102757389408
0.6033525094227336
0.6210573298948622
0.6158500297560009
0.6004265026780401
0.6036004760960126
0.6190240031739735
0.6119817496528467
0.6102459829398929
0.5730013886133705
0.6105931362824837
0.598789922634398
0.5853005356080143
0.6152549097401308
0.6144614163856378
0.5961614758976392
0.6096508629240232
0.5824737155326325
0.5587681015671494
0.622495536599881
0.6177841698075778
0.616643523110494
0.6181313231501686
0.6052370561396548
0.5933842491569133
0.6233882166236858
0.6033525094227334
0.6155524697480659
0.5963102559016069
0.61942074985122
0.589317595715136
0.6298849434635985
0.6136183296964889
0.6064768895060505
0.5954671692124578
0.6075183495338228
0.6094524895853997
0.5974509025986908
0.5865899623090657
0.5896647490577267
0.6085598095615949
0.5750843086689149
0.6016167427097799
0.5858460622892284
0.6229418766117834
0.5972029359254116
0.6238345566355882
0.6196687165244992
0.6055842094822456
0.6063281095020829
0.6368280103154136
0.5991370759769886
0.6296865701249753
0.6109402896250744
0.5921940091251736
0.6187760365006943
0.6522019440587185
0.6113370363023211
0.626958936718905
0.6039476294386036
0.5923427891291411
0.6200654632017457
0.5879785756794288
0.6367288236461021
0.6557230708192818
0.6078655028764134
0.5932354691529458
0.5767704820472128
0.6232890299543742
0.6237849633009324
0.6020630827216822
0.620263836540369
0.5952192025391787
0.6110890696290417
0.5992362626463004
0.6162963697679033
0.6186272564967269
0.6142630430470145
0.6027573894068637
0.6052866494743107
0.6070224161872643
0.6075183495338227
0.6149573497321961
0.6446637571910335
0.6088077762348741
0.6181313231501686
0.6235369966276532
0.6184288831581035
0.5831680222178139
0.5916980757786154
0.6217516365800436
0.5573298948621306
0.6222475699266018
0.6296369767903193
0.6105435429478279
0.6083614362229717
0.6118329696488791
0.6047411227930966
0.6148581630628844
0.6095020829200556
0.618577663162071
0.5977980559412814
0.6107419162864511
0.608807776234874
0.6390597103749257
0.6346954969252132
0.6231402499504066
0.5853005356080143
0.6372247569926602
0.5716127752430074
0.5888216623685776
0.6013191827018449
0.6161971830985916
0.6067248561793295
0.5796964887919063
0.617437016464987
0.617189049791708
0.581233882166237
0.6041460027772266
0.6166931164451498
0.6255207300138862
0.5958143225550486
0.5901606824042849
0.6197679031938108
0.5872842689942472
0.6125768696687165
0.6281491767506447
0.615800436421345
0.6248264233287046
0.6004265026780401
0.6251735766712954
0.6208589565562388
0.6296865701249752
0.6201150565364015
0.6500694306685182
0.6000793493354493
0.6297857567942869
0.6260166633604444
0.6054850228129339
0.6160979964292801
0.6574588375322357
0.631124776829994
0.582572902201944
0.6199166831977783
0.6200158698670899
0.6356873636183298
0.6349930569331481
0.6238841499702441
0.6311743701646498
0.6231402499504067
0.5807379488196786
0.6310255901606825
0.6008728426899425
0.6209085498908947
0.573100575282682
0.6146101963896052
0.6013687760365006
0.6380182503471533
0.5960622892283277
0.6464491172386431
0.6004265026780401
0.6165939297758382
0.6172386431263638
0.6116593929775839
0.604641936123785
0.6252231700059512
0.6370759769886927
0.6084606228922833
0.6183296964887919
0.5949216425312439
0.6246776433247372
0.6179329498115453
0.6208589565562388
0.577018448720492
0.5921444157905177
0.592937909145011
0.6201646498710573
0.5757786153540965
0.5949464391985717
0.6003769093433843
0.5916980757786154
0.606576076175362
0.6147093830589169
0.6009720293592542
0.6170898631223963
0.6408450704225352
0.6038980361039477
0.616345963102559
0.5873834556635589
0.6208093632215831
0.5889704423725453
0.6076671295377901
0.6374231303312834
0.6133703630232096
0.6056338028169014
0.6229418766117834
0.62725649672684
0.5802916088077762
0.6060801428288038
0.6095516762547113
0.6262646300337236
0.6244296766514581
0.617189049791708
0.6502678040071415
0.6294881967863519
0.63057925014878
0.6084854195596111
0.6286947034318587
0.6120313429875024
0.6042451894465383
0.5917972624479269
0.5922436024598293
0.6209085498908946
0.6263142233683793
0.6186272564967269
0.6249256099980163
0.6253223566752628
0.6451596905375918
0.609948422931958
0.6036004760960128
0.5840607022416187
0.6040468161079151
0.6031541360841103
0.6263142233683793
0.6375223170005951
0.6259670700257887
0.6108906962904186
0.6073199761951993
0.6176849831382663
0.636728823646102
0.5819281888514184
0.6190240031739734
0.5880281690140846
0.6296369767903194
0.6267605633802816
0.6074191628645109
