0.13445378151260504
0.125
0.12121212121212122
0.13445378151260504
0.13709677419354838
0.11940298507462686
0.11267605633802817
0.12121212121212122
0.11805555555555555
0.11428571428571428
0.1056338028169014
0.12142857142857143
0.11347517730496454
0.12213740458015267
0.11029411764705882
0.11188811188811189
0.11428571428571428
0.13008130081300814
0.13385826771653545
0.10714285714285714
0.11643835616438356
0.136
0.12213740458015267
0.13114754098360656
0.12307692307692308
0.125
0.12686567164179105
0.125
0.1079136690647482
0.09433962264150944
0.10344827586206896
0.1553398058252427
0.12030075187969924
0.10416666666666667
0.13675213675213677
0.12030075187969924
0.11510791366906475
0.13559322033898305
0.10256410256410256
0.12686567164179105
0.12878787878787878
0.11538461538461539
0.12213740458015267
0.1415929203539823
0.1103448275862069
0.12318840579710146
0.128
0.11904761904761904
0.13076923076923078
0.11428571428571428
0.1171875
0.11594202898550725
0.12781954887218044
0.125
0.136
0.11643835616438356
0.11267605633802817
0.12698412698412698
0.12307692307692308
0.12307692307692308
0.1048951048951049
0.12396694214876033
0.10687022900763359
0.11678832116788321
0.1297709923664122
0.12213740458015267
0.11428571428571428
0.10638297872340426
0.125
0.11194029850746269
0.11194029850746269
0.11363636363636363
0.10884353741496598
0.11594202898550725
0.12121212121212122
0.0979020979020979
0.12605042016806722
0.11428571428571428
0.11764705882352941
0.128
0.13114754098360656
0.13178294573643412
0.1223021582733813
0.10344827586206896
0.11851851851851852
0.11188811188811189
0.13178294573643412
0.12121212121212122
0.12903225806451613
0.10666666666666667
0.11627906976744186
0.12686567164179105
0.10126582278481013
0.125
0.11278195488721804
0.11971830985915492
0.13821138211382114
0.11971830985915492
0.1440677966101695
0.12213740458015267
0.11764705882352941
0.11278195488721804
0.10344827586206896
0.12142857142857143
0.12121212121212122
0.11428571428571428
0.12307692307692308
0.11347517730496454
0.11764705882352941
0.11267605633802817
0.11188811188811189
0.12408759124087591
0.11278195488721804
0.11724137931034483
0.12213740458015267
0.12142857142857143
0.1111111111111111
0.12142857142857143
0.13008130081300814
0.11428571428571428
0.10135135135135136
0.11594202898550725
0.1103448275862069
0.11594202898550725
0.12307692307692308
0.12195121951219512
0.11627906976744186
0.10638297872340426
0.1095890410958904
0.12698412698412698
0.12598425196850394
0.10638297872340426
0.12686567164179105
0.11538461538461539
0.1271186440677966
0.11594202898550725
0.10714285714285714
0.13513513513513514
0.10416666666666667
0.11724137931034483
0.12213740458015267
0.11627906976744186
0.12686567164179105
0.12598425196850394
0.11594202898550725
0.13178294573643412
0.11851851851851852
0.10869565217391304
0.12903225806451613
0.13445378151260504
0.125
0.12121212121212122
0.10884353741496598
0.14166666666666666
0.0958904109589041
0.12213740458015267
0.1111111111111111
0.12605042016806722
0.11347517730496454
0.11851851851851852
0.1223021582733813
0.11724137931034483
0.11971830985915492
0.11627906976744186
0.11409395973154363
0.12698412698412698
0.11267605633802817
0.12903225806451613
0.11194029850746269
0.10869565217391304
0.12213740458015267
0.11188811188811189
0.12121212121212122
0.11450381679389313
0.11851851851851852
0.11627906976744186
0.12686567164179105
0.11428571428571428
0.10869565217391304
0.12056737588652482
0.11278195488721804
0.11267605633802817
0.11678832116788321
0.1111111111111111
0.12121212121212122
0.12403100775193798
0.11678832116788321
0.11347517730496454
0.128
0.12030075187969924
0.125
0.128
0.11538461538461539
0.10606060606060606
0.10638297872340426
0.12030075187969924
0.12030075187969924
0.11678832116788321
0.12698412698412698
0.12598425196850394
0.12121212121212122
0.11811023622047244
0.11678832116788321
0.12030075187969924
0.1259259259259259
0.12318840579710146
0.1328125
0.12781954887218044
0.10071942446043165
0.11627906976744186
0.11594202898550725
0.1111111111111111
0.11764705882352941
0.09271523178807947
0.10416666666666667
0.11267605633802817
0.11851851851851852
0.1111111111111111
0.11851851851851852
0.11450381679389313
0.11940298507462686
0.11851851851851852
0.12318840579710146
0.13392857142857142
0.12030075187969924
0.13385826771653545
0.13445378151260504
0.10714285714285714
0.1259259259259259
0.11428571428571428
0.10948905109489052
0.1223021582733813
0.13333333333333333
0.1103448275862069
0.11267605633802817
0.1111111111111111
0.10884353741496598
0.11267605633802817
0.11678832116788321
0.1048951048951049
0.11428571428571428
0.11029411764705882
0.11278195488721804
0.11678832116788321
0.12213740458015267
0.11811023622047244
0.11450381679389313
0.12781954887218044
0.09933774834437085
0.12318840579710146
0.1322314049586777
0.11764705882352941
0.1095890410958904
0.12781954887218044
0.11971830985915492
0.12213740458015267
0.10948905109489052
0.12213740458015267
0.11904761904761904
0.12605042016806722
0.12408759124087591
0.12403100775193798
0.1440677966101695
0.12878787878787878
0.1328125
0.11450381679389313
0.12698412698412698
0.12213740458015267
0.11940298507462686
0.11188811188811189
0.12931034482758622
0.12142857142857143
0.11904761904761904
0.09937888198757763
0.12698412698412698
0.12903225806451613
0.12213740458015267
0.1223021582733813
0.11278195488721804
0.11188811188811189
0.11538461538461539
0.12030075187969924
0.11450381679389313
0.12598425196850394
0.13274336283185842
0.12121212121212122
0.12213740458015267
0.1056338028169014
0.12213740458015267
0.136
0.10810810810810811
0.12121212121212122
0.12121212121212122
0.1095890410958904
0.12307692307692308
0.12878787878787878
0.11538461538461539
0.13445378151260504
0.11678832116788321
0.11538461538461539
0.09523809523809523
0.11486486486486487
0.10416666666666667
0.1
0.12318840579710146
0.10738255033557047
0.125
0.12781954887218044
0.11678832116788321
0.14035087719298245
0.13008130081300814
0.12903225806451613
0.13675213675213677
0.09740259740259741
0.11940298507462686
0.10852713178294573
0.12781954887218044
0.11538461538461539
0.11510791366906475
0.1079136690647482
0.10869565217391304
0.10344827586206896
0.1
0.12096774193548387
0.11851851851851852
0.12605042016806722
0.10666666666666667
0.1095890410958904
0.11851851851851852
0.11428571428571428
0.1440677966101695
0.13385826771653545
0.13385826771653545
0.11347517730496454
0.12295081967213115
0.12195121951219512
0.1056338028169014
0.12121212121212122
0.1111111111111111
0.11724137931034483
0.10884353741496598
0.11409395973154363
0.11267605633802817
0.11805555555555555
0.1111111111111111
0.11904761904761904
0.12403100775193798
0.10126582278481013
0.136
0.12213740458015267
0.11888111888111888
0.14678899082568808
0.1111111111111111
0.09316770186335403
0.13385826771653545
0.11347517730496454
0.11594202898550725
0.1349206349206349
0.12213740458015267
0.12307692307692308
0.128
0.11764705882352941
0.12403100775193798
0.1440677966101695
0.11278195488721804
0.11851851851851852
0.12030075187969924
0.128
0.11764705882352941
0.1223021582733813
0.11428571428571428
0.13333333333333333
0.11363636363636363
0.13076923076923078
0.12686567164179105
0.11267605633802817
0.11851851851851852
0.12408759124087591
0.11643835616438356
0.11971830985915492
0.14166666666666666
0.10526315789473684
0.11764705882352941
0.11450381679389313
0.11594202898550725
0.14285714285714285
0.11940298507462686
0.11278195488721804
0.12056737588652482
0.13385826771653545
0.10884353741496598
0.11194029850746269
0.12030075187969924
0.1111111111111111
0.11290322580645161
0.11475409836065574
0.13445378151260504
0.14782608695652175
0.11347517730496454
0.1322314049586777
0.10869565217391304
0.12878787878787878
0.12295081967213115
0.10204081632653061
0.128
0.11428571428571428
0.11278195488721804
0.11627906976744186
0.11678832116788321
0.11851851851851852
0.12213740458015267
0.12686567164179105
0.13114754098360656
0.11940298507462686
0.11678832116788321
0.13114754098360656
0.11029411764705882
0.12403100775193798
0.10714285714285714
0.11428571428571428
0.11029411764705882
0.10810810810810811
0.12781954887218044
0.13934426229508196
0.11594202898550725
0.11811023622047244
0.13008130081300814
0.10869565217391304
0.11363636363636363
0.11851851851851852
0.1095890410958904
0.11940298507462686
0.11904761904761904
0.1095890410958904
0.11029411764705882
0.11940298507462686
0.13114754098360656
0.10948905109489052
0.11724137931034483
0.12030075187969924
0.12781954887218044
0.12121212121212122
0.11940298507462686
0.11594202898550725
0.13114754098360656
0.10344827586206896
0.10948905109489052
0.10416666666666667
0.12195121951219512
0.11851851851851852
0.1111111111111111
0.09923664122137404
0.13178294573643412
0.136
0.1111111111111111
0.12698412698412698
0.109375
0.1095890410958904
0.12195121951219512
0.13559322033898305
0.10344827586206896
0.10714285714285714
0.12686567164179105
0.11188811188811189
0.12030075187969924
0.11888111888111888
0.10884353741496598
0.11971830985915492
0.10666666666666667
0.12903225806451613
0.11486486486486487
0.11678832116788321
0.12598425196850394
0.0979020979020979
0.13114754098360656
0.12213740458015267
0.11940298507462686
0.11851851851851852
0.11805555555555555
0.11510791366906475
0.125
0.12686567164179105
0.1
0.13178294573643412
0.11510791366906475
0.10948905109489052
0.1103448275862069
0.11594202898550725
0.1259259259259259
0.11805555555555555
0.13076923076923078
0.11428571428571428
0.09271523178807947
0.10256410256410256
0.10218978102189781
0.11594202898550725
0.1440677966101695
0.11267605633802817
0.12142857142857143
0.11363636363636363
