0.15151515151515152
0.17218543046357618
0.2553191489361702
0.20155038759689925
0.27586206896551724
0.21212121212121213
0.18309859154929578
0.19607843137254902
0.16296296296296295
0.18705035971223022
0.18309859154929578
0.2571428571428571
0.1751824817518248
0.1395348837209302
0.28985507246376807
0.2153846153846154
0.2657342657342657
0.276923076923077
0.20979020979020982
0.15151515151515152
0.19117647058823528
0.21052631578947367
0.2361111111111111
0.20833333333333331
0.19047619047619044
0.16551724137931034
0.17647058823529413
0.23943661971830985
0.2038216560509554
0.2448979591836735
0.19310344827586204
0.15037593984962408
0.16551724137931034
0.208955223880597
0.2285714285714286
0.1818181818181818
0.2285714285714286
0.16417910447761194
0.19718309859154928
0.19310344827586204
0.2302158273381295
0.31724137931034485
0.1958041958041958
0.19117647058823528
0.2318840579710145
0.21621621621621626
0.22972972972972974
0.21917808219178084
0.15602836879432622
0.13333333333333333
0.17931034482758623
0.2602739726027397
0.09859154929577464
0.20437956204379562
0.15714285714285714
0.20588235294117646
0.23448275862068968
0.12857142857142856
0.29370629370629375
0.1925925925925926
0.2302158273381295
0.171875
0.19858156028368795
0.12857142857142856
0.11267605633802817
0.22818791946308722
0.1475409836065574
0.18705035971223022
0.1791044776119403
0.2567567567567568
0.17567567567567566
0.10687022900763357
0.20289855072463767
0.2585034013605442
0.16666666666666666
0.125
0.22972972972972974
0.23703703703703702
0.24
0.20408163265306123
0.1958041958041958
0.2054794520547945
0.16176470588235295
0.208955223880597
0.22077922077922077
0.14705882352941177
0.22556390977443608
0.09929078014184398
0.2556390977443609
0.21052631578947367
0.18978102189781018
0.12857142857142856
0.21428571428571427
0.16666666666666669
0.17777777777777778
0.18055555555555552
0.20833333333333331
0.14084507042253522
0.24516129032258066
0.15942028985507245
0.2535211267605634
0.18055555555555552
0.1496598639455782
0.11510791366906475
0.2482758620689655
0.24460431654676257
0.12413793103448276
0.21897810218978103
0.28169014084507044
0.24
0.15602836879432622
0.1343283582089552
0.18421052631578946
0.2318840579710145
0.2361111111111111
0.130718954248366
0.2448979591836735
0.1313868613138686
0.20833333333333331
0.21917808219178084
0.18978102189781018
0.17142857142857143
0.1679389312977099
0.23225806451612901
0.1843971631205674
0.1958041958041958
0.1739130434782609
0.21739130434782608
0.125
0.24285714285714285
0.2875816993464052
0.2285714285714286
0.23448275862068968
0.1679389312977099
0.21582733812949642
0.20289855072463767
0.2151898734177215
0.14925373134328357
0.23703703703703702
0.23684210526315788
0.20289855072463767
0.11764705882352941
0.208955223880597
0.2448979591836735
0.1935483870967742
0.20979020979020982
0.22556390977443608
0.1142857142857143
0.2
0.16901408450704225
0.1958041958041958
0.19718309859154928
0.24999999999999994
0.18309859154929578
0.13333333333333333
0.16528925619834714
0.2517482517482518
0.2972972972972973
0.24836601307189543
0.1791044776119403
0.19047619047619044
0.2535211267605634
0.22818791946308722
0.17567567567567566
0.17218543046357618
0.18421052631578946
0.19402985074626863
0.32704402515723274
0.1884057971014493
0.16993464052287582
0.15686274509803919
0.17499999999999996
0.1679389312977099
0.1267605633802817
0.24324324324324323
0.29447852760736193
0.2112676056338028
0.1496598639455782
0.1818181818181818
0.140625
0.16666666666666666
0.20740740740740743
0.27777777777777773
0.18791946308724833
0.15384615384615385
0.21739130434782608
0.20270270270270271
0.18705035971223022
0.24285714285714285
0.1643835616438356
0.17687074829931973
0.1476510067114094
0.30666666666666664
0.3150684931506849
0.2535211267605634
0.14473684210526316
0.2222222222222222
0.16216216216216214
0.14925373134328357
0.2222222222222222
0.23728813559322035
0.21917808219178084
0.23776223776223776
0.11940298507462685
0.21052631578947367
0.18604651162790697
0.12903225806451613
0.23943661971830985
0.1679389312977099
0.2206896551724138
0.19736842105263155
0.21476510067114096
0.23776223776223776
0.20740740740740743
0.20588235294117646
0.2222222222222222
0.18309859154929578
0.1751824817518248
0.10687022900763357
0.2331288343558282
0.27536231884057966
0.1818181818181818
0.19178082191780824
0.22818791946308722
0.24999999999999994
0.1843971631205674
0.23943661971830985
0.2236842105263158
0.19607843137254902
0.22727272727272727
0.21052631578947367
0.17142857142857143
0.18309859154929578
0.20408163265306123
0.20134228187919462
0.15172413793103448
0.1857142857142857
0.15827338129496402
0.20143884892086328
0.20588235294117646
0.11267605633802817
0.15714285714285714
0.2318840579710145
0.23529411764705882
0.22058823529411764
0.16901408450704225
0.28048780487804875
0.21621621621621626
0.1843971631205674
0.20408163265306123
0.2236842105263158
0.19858156028368795
0.16176470588235295
0.20270270270270271
0.18705035971223022
0.2
0.2553191489361702
0.1818181818181818
0.18705035971223022
0.18705035971223022
0.1818181818181818
0.2112676056338028
0.2465753424657534
0.20437956204379562
0.1857142857142857
0.1313868613138686
0.20833333333333331
0.2388059701492537
0.19117647058823528
0.19178082191780824
0.16901408450704225
0.1925925925925926
0.14705882352941177
0.25373134328358204
0.21656050955414013
0.19117647058823528
0.18309859154929578
0.16923076923076924
0.17777777777777778
0.1958041958041958
0.18791946308724833
0.1751824817518248
0.2535211267605634
0.23287671232876714
0.2127659574468085
0.18300653594771243
0.15151515151515152
0.21739130434782608
0.24460431654676257
0.20408163265306123
0.21917808219178084
0.18309859154929578
0.14193548387096774
0.27777777777777773
0.3108108108108108
0.21333333333333335
0.1702127659574468
0.20134228187919462
0.15999999999999998
0.24161073825503357
0.25165562913907286
0.14084507042253522
0.15686274509803919
0.2727272727272727
0.1891891891891892
0.18543046357615892
0.22666666666666668
0.18461538461538463
0.273972602739726
0.23076923076923075
0.19108280254777069
0.1527777777777778
0.16551724137931034
0.17931034482758623
0.18055555555555552
0.2054794520547945
0.2138364779874214
0.15384615384615385
0.13793103448275862
0.21052631578947367
0.14492753623188404
0.20289855072463767
0.22666666666666668
0.18978102189781018
0.21739130434782608
0.2585034013605442
0.24060150375939848
0.19607843137254902
0.1142857142857143
0.1791044776119403
0.23287671232876714
0.2993197278911564
0.20915032679738563
0.27338129496402874
0.22516556291390727
0.25806451612903225
0.15267175572519084
0.16993464052287582
0.23448275862068968
0.22377622377622378
0.2112676056338028
0.16417910447761194
0.1610738255033557
0.21768707482993196
0.2535211267605634
0.1857142857142857
0.2517482517482518
0.20408163265306123
0.0875912408759124
0.20270270270270271
0.17777777777777778
0.1739130434782609
0.17647058823529413
0.23437499999999997
0.1751824817518248
0.1857142857142857
0.24060150375939848
0.15942028985507245
0.19117647058823528
0.20270270270270271
0.23448275862068968
0.2
0.15873015873015875
0.16783216783216784
0.18978102189781018
0.16296296296296295
0.09302325581395349
0.2657342657342657
0.1884057971014493
0.1739130434782609
0.2361111111111111
0.18055555555555552
0.2181818181818182
0.2727272727272727
0.1954887218045113
0.13043478260869565
0.17647058823529413
0.144
0.1891891891891892
0.2285714285714286
0.17073170731707316
0.189873417721519
0.20253164556962025
0.21768707482993196
0.27586206896551724
0.21476510067114096
0.18055555555555552
0.16666666666666666
0.26388888888888884
0.13888888888888887
0.17266187050359713
0.2448979591836735
0.2676056338028169
0.11851851851851851
0.19117647058823528
0.2127659574468085
0.17687074829931973
0.1857142857142857
0.17931034482758623
0.27586206896551724
0.20143884892086328
0.1843971631205674
0.136986301369863
0.19718309859154928
0.1702127659574468
0.1343283582089552
0.21621621621621626
0.28187919463087246
0.21582733812949642
0.21621621621621626
0.14173228346456693
0.19402985074626863
0.28776978417266186
0.18320610687022904
0.2
0.12213740458015268
0.21333333333333335
0.15942028985507245
0.22377622377622378
0.196969696969697
0.1610738255033557
0.2285714285714286
0.1323529411764706
0.10852713178294573
0.2
0.19178082191780824
0.17931034482758623
0.208955223880597
0.11678832116788321
0.18055555555555552
0.23287671232876714
0.19858156028368795
0.21333333333333335
0.1751824817518248
0.2608695652173913
0.22377622377622378
0.2038216560509554
0.13986013986013987
0.2676056338028169
0.20645161290322578
0.11188811188811189
0.2518518518518518
0.18181818181818182
0.11347517730496454
0.16666666666666666
0.18309859154929578
0.16176470588235295
0.24836601307189543
0.18978102189781018
0.2567567567567568
0.2077922077922078
0.16541353383458648
0.21768707482993196
0.21052631578947367
0.19117647058823528
0.23943661971830985
0.20740740740740743
0.1739130434782609
0.23255813953488372
0.20270270270270271
0.20437956204379562
0.13533834586466165
0.21476510067114096
0.25
0.21917808219178084
0.15267175572519084
0.16923076923076924
0.18978102189781018
0.2463768115942029
0.19444444444444445
0.22535211267605634
0.20408163265306123
0.1958041958041958
0.140625
0.18421052631578946
0.15602836879432622
0.17333333333333334
0.2533333333333333
0.13043478260869565
0.17266187050359713
0.10606060606060606
0.20437956204379562
0.22818791946308722
0.18666666666666665
0.14705882352941177
0.20134228187919462
0.19867549668874174
0.2695035460992907
0.29411764705882354
0.21374045801526714
0.1323529411764706
0.1679389312977099
0.20689655172413796
0.19736842105263155
0.0851063829787234
0.2
0.128
0.1702127659574468
0.0979020979020979
0.109375
