0.04225352112676056
0.06338028169014084
0.06690140845070422
0.08098591549295775
0.07394366197183098
0.06338028169014084
0.0528169014084507
0.056338028169014086
0.06690140845070422
0.045774647887323945
0.045774647887323945
0.08098591549295775
0.07394366197183098
0.0880281690140845
0.04225352112676056
0.0528169014084507
0.06338028169014084
0.07042253521126761
0.0528169014084507
0.08098591549295775
0.0528169014084507
0.07746478873239436
0.04225352112676056
0.04225352112676056
0.0528169014084507
0.0528169014084507
0.04929577464788732
0.06690140845070422
0.0528169014084507
0.045774647887323945
0.056338028169014086
0.05985915492957746
0.0528169014084507
0.06690140845070422
0.06338028169014084
0.07042253521126761
0.06690140845070422
0.05985915492957746
0.04929577464788732
0.04225352112676056
0.0528169014084507
0.07042253521126761
0.056338028169014086
0.07394366197183098
0.035211267605633804
0.056338028169014086
0.05985915492957746
0.08450704225352113
0.07394366197183098
0.056338028169014086
0.05985915492957746
0.08098591549295775
0.06338028169014084
0.06690140845070422
0.08450704225352113
0.06338028169014084
0.05985915492957746
0.07042253521126761
0.03873239436619718
0.0528169014084507
0.056338028169014086
0.09154929577464789
0.09154929577464789
0.06690140845070422
0.08098591549295775
0.05985915492957746
0.056338028169014086
0.05985915492957746
0.07746478873239436
0.0528169014084507
0.045774647887323945
0.04225352112676056
0.035211267605633804
0.06338028169014084
0.07042253521126761
0.07394366197183098
0.06690140845070422
0.04225352112676056
0.06338028169014084
0.09507042253521127
0.08098591549295775
0.0880281690140845
0.08098591549295775
0.06338028169014084
0.10211267605633803
0.05985915492957746
0.056338028169014086
0.06690140845070422
0.08450704225352113
0.07394366197183098
0.07746478873239436
0.09154929577464789
0.04929577464788732
0.07042253521126761
0.05985915492957746
0.056338028169014086
0.03873239436619718
0.08098591549295775
0.04929577464788732
0.035211267605633804
0.07394366197183098
0.05985915492957746
0.04225352112676056
0.08098591549295775
0.08098591549295775
0.06338028169014084
0.056338028169014086
0.05985915492957746
0.07746478873239436
0.06338028169014084
0.045774647887323945
0.04929577464788732
0.07042253521126761
0.08098591549295775
0.08450704225352113
0.08098591549295775
0.07746478873239436
0.05985915492957746
0.06338028169014084
0.06690140845070422
0.05985915492957746
0.045774647887323945
0.07394366197183098
0.06338028169014084
0.0528169014084507
0.04225352112676056
0.07394366197183098
0.06690140845070422
0.056338028169014086
0.07394366197183098
0.04929577464788732
0.07746478873239436
0.0528169014084507
0.0528169014084507
0.07746478873239436
0.05985915492957746
0.07746478873239436
0.06338028169014084
0.09859154929577464
0.0528169014084507
0.09154929577464789
0.07394366197183098
0.07042253521126761
0.07394366197183098
0.08098591549295775
0.056338028169014086
0.045774647887323945
0.08450704225352113
0.06690140845070422
0.035211267605633804
0.056338028169014086
0.045774647887323945
0.035211267605633804
0.056338028169014086
0.05985915492957746
0.05985915492957746
0.045774647887323945
0.045774647887323945
0.07394366197183098
0.04929577464788732
0.07042253521126761
0.07042253521126761
0.07042253521126761
0.06338028169014084
0.04929577464788732
0.08450704225352113
0.05985915492957746
0.056338028169014086
0.06690140845070422
0.0528169014084507
0.08098591549295775
0.07042253521126761
0.056338028169014086
0.056338028169014086
0.06338028169014084
0.056338028169014086
0.04929577464788732
0.07042253521126761
0.07042253521126761
0.05985915492957746
0.05985915492957746
0.045774647887323945
0.04929577464788732
0.0528169014084507
0.07042253521126761
0.08098591549295775
0.06690140845070422
0.056338028169014086
0.09859154929577464
0.05985915492957746
0.04929577464788732
0.045774647887323945
0.0528169014084507
0.07746478873239436
0.06338028169014084
0.07042253521126761
0.05985915492957746
0.04929577464788732
0.06338028169014084
0.04929577464788732
0.04929577464788732
0.056338028169014086
0.07042253521126761
0.06338028169014084
0.09859154929577464
0.07746478873239436
0.07042253521126761
0.06338028169014084
0.05985915492957746
0.0528169014084507
0.09859154929577464
0.0528169014084507
0.07746478873239436
0.07042253521126761
0.06690140845070422
0.04225352112676056
0.07042253521126761
0.07042253521126761
0.0528169014084507
0.05985915492957746
0.0528169014084507
0.08098591549295775
0.07042253521126761
0.056338028169014086
0.05985915492957746
0.08098591549295775
0.07394366197183098
0.0528169014084507
0.0528169014084507
0.07042253521126761
0.08098591549295775
0.08450704225352113
0.0528169014084507
0.04929577464788732
0.05985915492957746
0.07394366197183098
0.05985915492957746
0.07042253521126761
0.07746478873239436
0.05985915492957746
0.06690140845070422
0.06338028169014084
0.09154929577464789
0.07746478873239436
0.056338028169014086
0.04225352112676056
0.07746478873239436
0.06338028169014084
0.05985915492957746
0.07394366197183098
0.09507042253521127
0.0528169014084507
0.07042253521126761
0.056338028169014086
0.06690140845070422
0.056338028169014086
0.045774647887323945
0.05985915492957746
0.06338028169014084
0.0528169014084507
0.0528169014084507
0.06690140845070422
0.05985915492957746
0.07394366197183098
0.05985915492957746
0.0528169014084507
0.0528169014084507
0.07394366197183098
0.07042253521126761
0.06338028169014084
0.04929577464788732
0.08098591549295775
0.05985915492957746
0.06338028169014084
0.04225352112676056
0.056338028169014086
0.056338028169014086
0.056338028169014086
0.09859154929577464
0.08450704225352113
0.06338028169014084
0.08450704225352113
0.07746478873239436
0.06690140845070422
0.05985915492957746
0.06690140845070422
0.06338028169014084
0.0880281690140845
0.0528169014084507
0.017605633802816902
0.045774647887323945
0.045774647887323945
0.07042253521126761
0.045774647887323945
0.09507042253521127
0.04929577464788732
0.07042253521126761
0.06338028169014084
0.07746478873239436
0.07746478873239436
0.04929577464788732
0.06338028169014084
0.04929577464788732
0.07746478873239436
0.07394366197183098
0.09859154929577464
0.06690140845070422
0.0880281690140845
0.07042253521126761
0.07394366197183098
0.056338028169014086
0.06690140845070422
0.07746478873239436
0.07394366197183098
0.07394366197183098
0.07042253521126761
0.04929577464788732
0.05985915492957746
0.07394366197183098
0.05985915492957746
0.056338028169014086
0.05985915492957746
0.045774647887323945
0.06690140845070422
0.06690140845070422
0.03873239436619718
0.07042253521126761
0.056338028169014086
0.06338028169014084
0.045774647887323945
0.056338028169014086
0.04929577464788732
0.056338028169014086
0.028169014084507043
0.05985915492957746
0.056338028169014086
0.0528169014084507
0.056338028169014086
0.05985915492957746
0.06338028169014084
0.0528169014084507
0.07042253521126761
0.06690140845070422
0.03873239436619718
0.045774647887323945
0.05985915492957746
0.0528169014084507
0.035211267605633804
0.056338028169014086
0.07042253521126761
0.04225352112676056
0.056338028169014086
0.0528169014084507
0.08098591549295775
0.056338028169014086
0.07746478873239436
0.0528169014084507
0.03873239436619718
0.0528169014084507
0.05985915492957746
0.04929577464788732
0.056338028169014086
0.04225352112676056
0.035211267605633804
0.04225352112676056
0.08098591549295775
0.08098591549295775
0.035211267605633804
0.08098591549295775
0.06690140845070422
0.0528169014084507
0.05985915492957746
0.06338028169014084
0.07042253521126761
0.07746478873239436
0.06690140845070422
0.04929577464788732
0.05985915492957746
0.07042253521126761
0.07746478873239436
0.045774647887323945
0.07042253521126761
0.06338028169014084
0.0880281690140845
0.03873239436619718
0.07394366197183098
0.07042253521126761
0.06690140845070422
0.06690140845070422
0.06690140845070422
0.056338028169014086
0.07394366197183098
0.0880281690140845
0.04929577464788732
0.07394366197183098
0.06690140845070422
0.05985915492957746
0.06338028169014084
0.08450704225352113
0.04929577464788732
0.04929577464788732
0.04225352112676056
0.06338028169014084
0.06338028169014084
0.05985915492957746
0.04929577464788732
0.04929577464788732
0.04929577464788732
0.07394366197183098
0.04929577464788732
0.045774647887323945
0.05985915492957746
0.04225352112676056
0.07746478873239436
0.0528169014084507
0.06690140845070422
0.04929577464788732
0.07042253521126761
0.08450704225352113
0.06690140845070422
0.0880281690140845
0.035211267605633804
0.07042253521126761
0.06690140845070422
0.056338028169014086
0.045774647887323945
0.056338028169014086
0.06338028169014084
0.03873239436619718
0.07394366197183098
0.03873239436619718
0.06690140845070422
0.08450704225352113
0.07394366197183098
0.056338028169014086
0.04929577464788732
0.045774647887323945
0.07394366197183098
0.1056338028169014
0.04929577464788732
0.05985915492957746
0.07746478873239436
0.07746478873239436
0.0528169014084507
0.09154929577464789
0.06690140845070422
0.06338028169014084
0.08450704225352113
0.06338028169014084
0.056338028169014086
0.06338028169014084
0.06690140845070422
0.07746478873239436
0.09859154929577464
0.056338028169014086
0.06338028169014084
0.06690140845070422
0.06690140845070422
0.06690140845070422
0.04929577464788732
0.06338028169014084
0.04929577464788732
0.035211267605633804
0.056338028169014086
0.06690140845070422
0.0880281690140845
0.07746478873239436
0.05985915492957746
0.06338028169014084
0.056338028169014086
0.06338028169014084
0.06338028169014084
0.05985915492957746
0.07042253521126761
0.06338028169014084
0.07394366197183098
0.056338028169014086
0.056338028169014086
0.056338028169014086
0.0528169014084507
0.06690140845070422
0.045774647887323945
0.045774647887323945
0.06338028169014084
0.03169014084507042
0.07394366197183098
0.06338028169014084
0.05985915492957746
0.04929577464788732
0.06690140845070422
0.056338028169014086
0.05985915492957746
0.04929577464788732
0.04929577464788732
0.03873239436619718
0.04929577464788732
0.0528169014084507
0.04929577464788732
0.06690140845070422
0.056338028169014086
