0.20116561437591063
0.21308496138119037
0.2017790956263899
0.19166831977782187
0.21166486096063558
0.1931338028169014
0.19154929577464788
0.1994445546518548
0.19523293607800649
0.21180783330117692
0.20438184663536776
0.20706008201105366
0.20657276995305165
0.19698189134808852
0.19417192812044684
0.19464440966788385
0.22414486921529175
0.1994445546518548
0.21166486096063558
0.20432182133899288
0.20969752943892866
0.19071612775243008
0.20432182133899288
0.19436619718309858
0.19304861426624262
0.19890250594475947
0.19890453834115807
0.2
0.20238048006347947
0.19317114810072555
0.19000198373338625
0.19890687408030272
0.2
0.20057218309859154
0.19323943661971832
0.19436619718309858
0.19268388106416276
0.1983793169978777
0.20301810865191147
0.19235963727570904
0.21356873636183296
0.20508859609268515
0.20787188886745128
0.19133261105092092
0.1924360980699009
0.20236480612067467
0.2212510356255178
0.20438184663536776
0.19688658265381764
0.1978682908260373
0.1931338028169014
0.21950162513542795
0.20787188886745128
0.1978682908260373
0.19371300265360278
0.19445028379230606
0.19737089201877936
0.19598688018522092
0.21427230046948356
0.20934025203854706
0.20815930063137444
0.20177192185370288
0.19734879867439936
0.21197183098591552
0.19890250594475947
0.20735259011697305
0.21166486096063558
0.1914381022979985
0.20365435858393607
0.20241448692152916
0.19890958655156749
0.20504519655244904
0.2043496271748136
0.19336016096579475
0.19285263821736387
0.19356136820925554
0.19511737089201878
0.19944515578318395
0.21809164848244394
0.19502012072434607
0.19224331496223718
0.21126760563380284
0.2
0.25903065451532725
0.19944515578318395
0.21267605633802816
0.19737089201877936
0.19559093692590324
0.2
0.21752738654147105
0.19738430583501007
0.20057154521330883
0.20956039265898424
0.20301810865191147
0.20711838599162546
0.19383802816901408
0.19193341869398206
0.1934412444818163
0.21096307575180814
0.21110430700142888
0.21729446446118572
0.19539052496798975
0.23640303358613218
0.20432182133899288
0.21672255756762798
0.2043496271748136
0.19595521849042977
0.1919517102615694
0.1969270166453265
0.2132150930272996
0.20057099352874003
0.19688658265381764
0.20365435858393607
0.19639299209893507
0.2
0.20367421922841397
0.20365435858393607
0.19371300265360278
0.19837094858306467
0.20301810865191147
0.20643863179074448
0.22236703804919067
0.22048655569782333
0.19559093692590324
0.1911818738518065
0.2017605633802817
0.1969053759174767
0.19890453834115807
0.20365435858393607
0.2
0.1983793169978777
0.2030335861321777
0.1969270166453265
0.19688658265381764
0.1936619718309859
0.20711838599162546
0.20432182133899288
0.2139188069594035
0.19112483117885393
0.1969053759174767
0.19123630672926448
0.1978771177791386
0.2084183260482435
0.2005729291000239
0.2057618437900128
0.19738430583501007
0.19154929577464788
0.20508859609268515
0.1978682908260373
0.24853444994290064
0.21286525120874503
0.19371300265360278
0.20362173038229375
0.19436619718309858
0.19061032863849764
0.20706008201105366
0.19398032027783138
0.20365435858393607
0.1955072205384204
0.210261569416499
0.2
0.19476294386034518
0.21166486096063558
0.22593092803395717
0.19187020859333215
0.19598688018522092
0.19735915492957748
0.19890072140158022
0.19198640116561438
0.20115391142032923
0.20057051167766093
0.21543172075933864
0.20571315215235075
0.21752738654147105
0.19323943661971832
0.20363701194508826
0.19688658265381764
0.2189270454185789
0.21286525120874503
0.1978771177791386
0.2050078247261346
0.19154929577464788
0.19166831977782187
0.21809164848244394
0.21096307575180814
0.2080482897384306
0.20427625996945528
0.19507042253521129
0.1969053759174767
0.196023198011599
0.20874500735757834
0.19788732394366199
0.20934025203854706
0.2049753063837571
0.20787188886745128
0.20367421922841397
0.1954728370221328
0.1969053759174767
0.19784776072163318
0.2005729291000239
0.20175197526623156
0.21448692152917503
0.2042975803539184
0.1919517102615694
0.20115763071580167
0.22151088348271447
0.2219092331768388
0.19523293607800649
0.19517102615694165
0.20115990057995028
0.21356873636183296
0.19114688128772636
0.19301725848046022
0.20934025203854706
0.19891277489498393
0.1983793169978777
0.19890958655156749
0.19342723004694837
0.197339593114241
0.19890453834115807
0.21180783330117692
0.19389671361502347
0.19254349627174813
0.20238048006347947
0.20367421922841397
0.1931338028169014
0.2
0.2042975803539184
0.20367421922841397
0.19398032027783138
0.1931338028169014
0.20571315215235075
0.1948356807511737
0.20432182133899288
0.19317114810072555
0.2056338028169014
0.194076222038111
0.2080482897384306
0.19784776072163318
0.207185139824454
0.20700871898054996
0.19890687408030272
0.20367421922841397
0.19839034205231387
0.19469977761304672
0.19336016096579475
0.19837094858306467
0.207185139824454
0.1964683624132857
0.21640430820215412
0.21979444232965362
0.20571315215235075
0.19559093692590324
0.1978682908260373
0.20175599048838488
0.19890453834115807
0.2057618437900128
0.19327897207808253
0.1931338028169014
0.20956039265898424
0.21752738654147105
0.1964397496087637
0.20174842156386597
0.19539052496798975
0.19554625047582797
0.20848505668155273
0.23961267605633804
0.20571315215235075
0.20057051167766093
0.20432182133899288
0.20115763071580167
0.20864632237871678
0.21153911420329205
0.20643863179074448
0.19595521849042977
0.19301725848046022
0.19268388106416276
0.19559093692590324
0.22414486921529175
0.207185139824454
0.19429303091274924
0.20885960926851432
0.18948356807511738
0.20365435858393607
0.20864632237871678
0.19133261105092092
0.2099420049710025
0.20115391142032923
0.207185139824454
0.19511737089201878
0.20176581879335717
0.21473456121343448
0.20504519655244904
0.2198783610755442
0.19738430583501007
0.19944515578318395
0.21612965464016975
0.21338028169014084
0.212161860049184
0.2049753063837571
0.19454793275783733
0.1965872156013001
0.19200363471149479
0.2030046948356808
0.19517102615694165
0.21338028169014084
0.19598688018522092
0.19559093692590324
0.19944585546063265
0.19492034172246595
0.19890958655156749
0.2024012930039252
0.20115990057995028
0.2140845070422535
0.2030046948356808
0.19785378940308518
0.1873084661817056
0.20369718309859156
0.19786058120877165
0.20236480612067467
0.2
0.19554625047582797
0.20427625996945528
0.20057218309859154
0.20177192185370288
0.19595521849042977
0.20237212750185324
0.20115990057995028
0.20711838599162546
0.20115990057995028
0.20726232394366198
0.20969752943892866
0.19890453834115807
0.1955072205384204
0.22478111914731633
0.19193341869398206
0.19301725848046022
0.19944515578318395
0.19544231682228203
0.19530516431924883
0.2259242957746479
0.2157130281690141
0.1927428980663643
0.20567086730911788
0.194076222038111
0.19445028379230606
0.19445028379230606
0.20706008201105366
0.20492148292051157
0.18998435054773083
0.21308496138119037
0.19123630672926448
0.21110430700142888
0.22173038229376257
0.21267605633802816
0.20925056511910972
0.20176581879335717
0.1978682908260373
0.23270735524256653
0.20696312707706915
0.19224331496223718
0.19517102615694165
0.19511737089201878
0.210261569416499
0.19288361749444033
0.19611461874696454
0.20176581879335717
0.22531128801796285
0.196023198011599
0.19554625047582797
0.21267605633802816
0.20441962117532783
0.21110430700142888
0.2017605633802817
0.20934025203854706
0.20309859154929577
0.2
0.21640430820215412
0.19187020859333215
0.19889914197830663
0.19429303091274924
0.1919517102615694
0.19224331496223718
0.19890250594475947
0.18979732050841636
0.21096307575180814
0.19523293607800649
0.1948356807511737
0.19944515578318395
0.2
0.19530516431924883
0.2157130281690141
0.22289868241708316
0.20115990057995028
0.20504519655244904
0.20438184663536776
0.20700871898054996
0.19554625047582797
0.2
0.20567086730911788
0.2239101274312542
0.19224331496223718
0.19788732394366199
0.20115565185987722
0.2133432171979244
0.2
0.2056338028169014
0.2157130281690141
0.19890250594475947
0.1964397496087637
0.19559093692590324
0.19554625047582797
0.1954728370221328
0.20874500735757834
0.1978771177791386
0.2239101274312542
0.20588531187122738
0.20115990057995028
0.2050078247261346
0.1965406473931307
0.2030046948356808
0.2049753063837571
0.19890687408030272
0.1979134063641106
0.20571315215235075
0.19517102615694165
0.19112483117885393
0.19738430583501007
0.20650054171180932
0.19382318004412014
0.20238048006347947
0.19304861426624262
0.19014084507042256
0.19304861426624262
0.20116253073999552
0.20367421922841397
0.20787188886745128
0.20657276995305165
0.1994435750304295
0.194076222038111
0.2005700871898055
0.19695220503347957
0.1914381022979985
0.20116253073999552
0.20057099352874003
0.21166486096063558
0.19741784037558685
0.1978682908260373
0.20057218309859154
0.21308496138119037
0.20238048006347947
0.1956426056338028
0.19445028379230606
0.20176581879335717
0.20115990057995028
0.19224331496223718
0.19641485275288093
0.20432182133899288
0.2043496271748136
0.19738430583501007
0.19034205231388332
0.20956039265898424
0.19530516431924883
0.21040086673889494
0.19738430583501007
0.1978771177791386
0.20369718309859156
0.19476294386034518
0.19049295774647887
0.20643863179074448
0.19517102615694165
0.2056338028169014
0.22301130728030155
0.20116253073999552
0.1916754256884591
0.19734879867439936
0.19944403261675317
0.19398032027783138
0.19398032027783138
0.2042975803539184
0.20057099352874003
0.20560104814936128
0.19049295774647887
0.1905865573185951
0.20369718309859156
0.19112483117885393
0.1978771177791386
0.19139280125195618
0.2
0.1994445546518548
0.19091864620559176
0.19240810717966336
0.19268388106416276
0.19415753781950967
0.1964397496087637
0.2174059281059491
0.20665813060179258
0.1955072205384204
0.19944515578318395
0.20787188886745128
