0.03873239436619718
0.028169014084507043
0.04225352112676056
0.007042253521126761
0.02112676056338028
0.028169014084507043
0.02112676056338028
0.02464788732394366
0.03873239436619718
0.02112676056338028
0.014084507042253521
0.017605633802816902
0.05985915492957746
0.014084507042253521
0.03873239436619718
0.014084507042253521
0.028169014084507043
0.03873239436619718
0.028169014084507043
0.03873239436619718
0.03169014084507042
0.028169014084507043
0.02464788732394366
0.017605633802816902
0.035211267605633804
0.02464788732394366
0.03873239436619718
0.028169014084507043
0.02464788732394366
0.028169014084507043
0.028169014084507043
0.03873239436619718
0.03169014084507042
0.02112676056338028
0.03169014084507042
0.017605633802816902
0.007042253521126761
0.028169014084507043
0.03169014084507042
0.035211267605633804
0.02464788732394366
0.035211267605633804
0.04929577464788732
0.03169014084507042
0.03873239436619718
0.028169014084507043
0.014084507042253521
0.035211267605633804
0.03873239436619718
0.017605633802816902
0.02464788732394366
0.02464788732394366
0.035211267605633804
0.035211267605633804
0.028169014084507043
0.02112676056338028
0.014084507042253521
0.03169014084507042
0.03169014084507042
0.03873239436619718
0.03169014084507042
0.01056338028169014
0.028169014084507043
0.014084507042253521
0.028169014084507043
0.056338028169014086
0.03169014084507042
0.03873239436619718
0.028169014084507043
0.017605633802816902
0.02112676056338028
0.02464788732394366
0.02464788732394366
0.03169014084507042
0.02464788732394366
0.02464788732394366
0.028169014084507043
0.03169014084507042
0.028169014084507043
0.03169014084507042
0.035211267605633804
0.02112676056338028
0.028169014084507043
0.028169014084507043
0.014084507042253521
0.017605633802816902
0.028169014084507043
0.02464788732394366
0.02464788732394366
0.028169014084507043
0.03169014084507042
0.02464788732394366
0.014084507042253521
0.03169014084507042
0.02112676056338028
0.028169014084507043
0.02112676056338028
0.017605633802816902
0.02464788732394366
0.02112676056338028
0.035211267605633804
0.02112676056338028
0.035211267605633804
0.035211267605633804
0.017605633802816902
0.01056338028169014
0.02112676056338028
0.045774647887323945
0.02464788732394366
0.045774647887323945
0.035211267605633804
0.03873239436619718
0.028169014084507043
0.02112676056338028
0.028169014084507043
0.014084507042253521
0.014084507042253521
0.03169014084507042
0.017605633802816902
0.02464788732394366
0.03169014084507042
0.02112676056338028
0.035211267605633804
0.035211267605633804
0.017605633802816902
0.045774647887323945
0.02112676056338028
0.017605633802816902
0.03873239436619718
0.028169014084507043
0.035211267605633804
0.02112676056338028
0.02464788732394366
0.03873239436619718
0.02464788732394366
0.02112676056338028
0.035211267605633804
0.007042253521126761
0.035211267605633804
0.02112676056338028
0.03873239436619718
0.017605633802816902
0.02464788732394366
0.02112676056338028
0.03873239436619718
0.02464788732394366
0.04225352112676056
0.014084507042253521
0.02112676056338028
0.02112676056338028
0.02112676056338028
0.03873239436619718
0.02112676056338028
0.02464788732394366
0.007042253521126761
0.04225352112676056
0.03169014084507042
0.02112676056338028
0.028169014084507043
0.017605633802816902
0.035211267605633804
0.014084507042253521
0.02464788732394366
0.02112676056338028
0.03873239436619718
0.035211267605633804
0.028169014084507043
0.02464788732394366
0.035211267605633804
0.017605633802816902
0.028169014084507043
0.03873239436619718
0.01056338028169014
0.035211267605633804
0.03169014084507042
0.04225352112676056
0.02464788732394366
0.02112676056338028
0.045774647887323945
0.028169014084507043
0.035211267605633804
0.017605633802816902
0.028169014084507043
0.02112676056338028
0.02464788732394366
0.014084507042253521
0.02112676056338028
0.02464788732394366
0.017605633802816902
0.0
0.035211267605633804
0.035211267605633804
0.04225352112676056
0.017605633802816902
0.028169014084507043
0.02112676056338028
0.014084507042253521
0.02112676056338028
0.028169014084507043
0.028169014084507043
0.04929577464788732
0.035211267605633804
0.014084507042253521
0.028169014084507043
0.03169014084507042
0.02112676056338028
0.03873239436619718
0.02112676056338028
0.03169014084507042
0.028169014084507043
0.02112676056338028
0.03169014084507042
0.03169014084507042
0.03169014084507042
0.017605633802816902
0.045774647887323945
0.035211267605633804
0.02464788732394366
0.028169014084507043
0.035211267605633804
0.02112676056338028
0.04929577464788732
0.035211267605633804
0.02112676056338028
0.02112676056338028
0.014084507042253521
0.035211267605633804
0.02112676056338028
0.02112676056338028
0.028169014084507043
0.04225352112676056
0.02464788732394366
0.028169014084507043
0.02464788732394366
0.017605633802816902
0.035211267605633804
0.03873239436619718
0.028169014084507043
0.03169014084507042
0.045774647887323945
0.04929577464788732
0.02464788732394366
0.03169014084507042
0.045774647887323945
0.03169014084507042
0.014084507042253521
0.02112676056338028
0.02464788732394366
0.035211267605633804
0.03873239436619718
0.04225352112676056
0.02112676056338028
0.03169014084507042
0.028169014084507043
0.03873239436619718
0.03169014084507042
0.03873239436619718
0.02112676056338028
0.02464788732394366
0.035211267605633804
0.017605633802816902
0.02464788732394366
0.007042253521126761
0.04225352112676056
0.03169014084507042
0.028169014084507043
0.045774647887323945
0.028169014084507043
0.02112676056338028
0.03169014084507042
0.03873239436619718
0.03169014084507042
0.01056338028169014
0.045774647887323945
0.04225352112676056
0.028169014084507043
0.03873239436619718
0.035211267605633804
0.014084507042253521
0.03169014084507042
0.02464788732394366
0.02112676056338028
0.028169014084507043
0.028169014084507043
0.045774647887323945
0.03169014084507042
0.045774647887323945
0.03169014084507042
0.02112676056338028
0.02464788732394366
0.017605633802816902
0.035211267605633804
0.035211267605633804
0.007042253521126761
0.02112676056338028
0.017605633802816902
0.02464788732394366
0.02464788732394366
0.03873239436619718
0.03169014084507042
0.035211267605633804
0.04225352112676056
0.03169014084507042
0.02464788732394366
0.028169014084507043
0.03873239436619718
0.02112676056338028
0.045774647887323945
0.028169014084507043
0.017605633802816902
0.02464788732394366
0.02464788732394366
0.017605633802816902
0.02112676056338028
0.017605633802816902
0.02112676056338028
0.04929577464788732
0.03873239436619718
0.03169014084507042
0.017605633802816902
0.017605633802816902
0.04225352112676056
0.04225352112676056
0.02464788732394366
0.02464788732394366
0.03169014084507042
0.04225352112676056
0.03873239436619718
0.028169014084507043
0.045774647887323945
0.03169014084507042
0.03169014084507042
0.028169014084507043
0.017605633802816902
0.02112676056338028
0.028169014084507043
0.02464788732394366
0.04929577464788732
0.02464788732394366
0.017605633802816902
0.028169014084507043
0.007042253521126761
0.0528169014084507
0.02112676056338028
0.028169014084507043
0.02464788732394366
0.03873239436619718
0.04225352112676056
0.03873239436619718
0.017605633802816902
0.014084507042253521
0.03169014084507042
0.02112676056338028
0.028169014084507043
0.028169014084507043
0.04929577464788732
0.03873239436619718
0.02464788732394366
0.02464788732394366
0.03873239436619718
0.017605633802816902
0.03169014084507042
0.02464788732394366
0.028169014084507043
0.035211267605633804
0.02112676056338028
0.02112676056338028
0.017605633802816902
0.028169014084507043
0.028169014084507043
0.014084507042253521
0.014084507042253521
0.0528169014084507
0.045774647887323945
0.02112676056338028
0.04929577464788732
0.04929577464788732
0.01056338028169014
0.04225352112676056
0.028169014084507043
0.028169014084507043
0.02112676056338028
0.02464788732394366
0.035211267605633804
0.02464788732394366
0.02464788732394366
0.028169014084507043
0.03169014084507042
0.01056338028169014
0.017605633802816902
0.02464788732394366
0.03873239436619718
0.02464788732394366
0.035211267605633804
0.02112676056338028
0.035211267605633804
0.017605633802816902
0.03169014084507042
0.03169014084507042
0.02112676056338028
0.02112676056338028
0.017605633802816902
0.02464788732394366
0.017605633802816902
0.02112676056338028
0.03169014084507042
0.03169014084507042
0.01056338028169014
0.02464788732394366
0.02464788732394366
0.03169014084507042
0.017605633802816902
0.045774647887323945
0.02464788732394366
0.03873239436619718
0.02464788732394366
0.02112676056338028
0.028169014084507043
0.045774647887323945
0.04225352112676056
0.02112676056338028
0.02112676056338028
0.03169014084507042
0.028169014084507043
0.045774647887323945
0.02464788732394366
0.02464788732394366
0.028169014084507043
0.014084507042253521
0.03169014084507042
0.03873239436619718
0.03169014084507042
0.03169014084507042
0.045774647887323945
0.02112676056338028
0.02464788732394366
0.02464788732394366
0.02464788732394366
0.02112676056338028
0.03873239436619718
0.035211267605633804
0.03169014084507042
0.035211267605633804
0.035211267605633804
0.028169014084507043
0.02464788732394366
0.0528169014084507
0.017605633802816902
0.014084507042253521
0.035211267605633804
0.04225352112676056
0.017605633802816902
0.02464788732394366
0.035211267605633804
0.02112676056338028
0.02464788732394366
0.0528169014084507
0.014084507042253521
0.03169014084507042
0.017605633802816902
0.03169014084507042
0.035211267605633804
0.035211267605633804
0.04225352112676056
0.035211267605633804
0.02464788732394366
0.035211267605633804
0.017605633802816902
0.017605633802816902
0.03873239436619718
0.045774647887323945
0.03873239436619718
0.02464788732394366
0.02464788732394366
0.02112676056338028
0.035211267605633804
0.035211267605633804
0.035211267605633804
0.045774647887323945
0.017605633802816902
0.035211267605633804
0.04929577464788732
0.02464788732394366
0.017605633802816902
0.02464788732394366
0.03873239436619718
0.017605633802816902
0.028169014084507043
0.02112676056338028
0.03169014084507042
0.045774647887323945
0.017605633802816902
0.017605633802816902
0.02112676056338028
0.02464788732394366
0.02112676056338028
0.007042253521126761
0.03169014084507042
0.02464788732394366
0.028169014084507043
