0.15444066712731208
0.15569910985371657
0.15192785507450862
0.14822122174689273
0.13952190720718916
0.15161594678999724
0.1471812326325217
0.1477627856203675
0.14642561282288272
0.1494017269953904
0.1500700289107072
0.14500023999651176
0.15856122147095564
0.1471441777439478
0.14877869768421578
0.14508966129895254
0.14566564518409564
0.15049275339541265
0.15056836938696494
0.15820602357484753
0.17430496948300245
0.1425260950160045
0.14818889287564596
0.14840398390316434
0.17003407783482394
0.15214680607681136
0.14905968690811966
0.1458119528452686
0.14533237365722207
0.13697163048636346
0.15524058709476501
0.15340763736067503
0.15755777874958976
0.14432016860040853
0.14074258558350514
0.14231184497986837
0.15107845420435426
0.16761195407879126
0.16478011889967106
0.16497375700493636
0.15128836846681382
0.1585958406912763
0.1508801075763747
0.14751497147071757
0.14600543588466058
0.14922755988863357
0.14931589697660627
0.14661121033838553
0.15397166102738172
0.15230634292542516
0.1485836659206599
0.14686297036572268
0.14892317596430696
0.151557470503178
0.13973239083735858
0.1476299364163671
0.15370824374654907
0.15224781018795094
0.145009299682548
0.15493118864736827
0.13975271422837787
0.14306309119143776
0.140049969596177
0.15459784668447774
0.14979240516465703
0.15097365767826826
0.14267344088060033
0.14657986549893665
0.14618322117396326
0.15041087130737302
0.144100184257231
0.15460331692511015
0.15099151119387003
0.15763097292692668
0.15340776980845572
0.13998514355026961
0.14732163534915482
0.14007274671324005
0.15779532130127233
0.14135815754014447
0.14604480395474584
0.14834487239138222
0.15223806751763144
0.1430771161684561
0.15326873232249694
0.15098637700951406
0.1544087293453645
0.15503051515228267
0.15366980167886615
0.1491978178862457
0.146586519860969
0.15202846917731527
0.14657984138647948
0.1437547069838439
0.1458656651132867
0.1505472875548583
0.1401642030906078
0.1466141375007471
0.1509362977220911
0.15235728013421063
0.1432307518234955
0.15205149398023377
0.14701622345246695
0.15001375519436258
0.14841898054602742
0.1540603225614106
0.15009398364162332
0.15103701356007568
0.15704464201209684
0.14871193887002723
0.1469454762703032
0.15190832336888693
0.14657615234008087
0.15642073447866367
0.15285588762200109
0.1573297898273952
0.1477138307977896
0.14154145373634278
0.14379133177650136
0.15916497317753064
0.14823504921316435
0.1518078844466431
0.1516256245244469
0.15049485300615129
0.14729138311396345
0.1716935790453702
0.14526222383703016
0.1525515491966556
0.15216920948764376
0.14452857697125435
0.15165121354007305
0.15983124001538435
0.1509056476620499
0.14739096059009127
0.1499925300834252
0.14641031073109642
0.14426821337228474
0.1443673141665934
0.1532896236937582
0.15227049816684105
0.1523742944021507
0.15679094677495103
0.1549846905841709
0.14108366272608558
0.151211927872195
0.1559870133927272
0.14534149390394077
0.16614124655326082
0.15602104258918428
0.15180728529903098
0.1513300433126782
0.15342638718341253
0.15272834629950727
0.1514231410467205
0.15152027784080668
0.1513905284802861
0.15421425645985662
0.14817505379680293
0.14890580467322148
0.1465813318775
0.15456187454714293
0.15497922518128351
0.15270458653692578
0.15090722650453386
0.14992197070210223
0.14944239540587903
0.15009275720704118
0.15125220181718405
0.1508695199162633
0.15567974018461814
0.16609010083306797
0.15501012835888933
0.15008808980973193
0.15783992649776982
0.1535292725872481
0.1498026756171587
0.14404763535542903
0.15348988053360077
0.14738402483416474
0.15951043253332944
0.14982950145258028
0.1571869121059623
0.15336082081690117
0.14489738874425404
0.1479065815508676
0.15137233430185837
0.14779324597338456
0.1544214411420383
0.149144186822112
0.16002791407715977
0.15330863907630324
0.15141671910927776
0.15075902654782208
0.15015334005340317
0.1592239739258095
0.14773242985653398
0.1429687916159977
0.151663833794807
0.1549052831494626
0.149069905426056
0.1523393626711843
0.15905828615157896
0.1592227999519592
0.1443970106664892
0.14794222300661214
0.14867148819606624
0.14392401577944425
0.15399322562118892
0.14524596246605156
0.14550611152159657
0.15327901160086865
0.16289868674925945
0.14337907200729522
0.1479545113843639
0.14742637340338383
0.15024788228767372
0.15186581285337464
0.1442618047447019
0.15894105691427426
0.1466401290241284
0.16058551279643343
0.1474649234982207
0.1493493848318061
0.17030594620648043
0.15591006953017336
0.14995189439287082
0.1521485712215483
0.14730951643765317
0.15750862279746058
0.15820715477301767
0.1454596128084974
0.15434592185051252
0.14740973536518026
0.15023075716881412
0.14960835745691098
0.1384023854995894
0.15397926222992986
0.15297631005485102
0.1599002027264961
0.14689593462669207
0.14484640808336932
0.1434791569956408
0.14454045511802535
0.15362928129414055
0.15039091430005752
0.1528251254038031
0.14679641409661745
0.1544830440669275
0.14460210521047226
0.1474653827687633
0.13963614684140882
0.14855065378415416
0.14645649052853202
0.1433020029288339
0.1561879246180608
0.1411688834533781
0.14935545066292133
0.1483470487474331
0.14627739959831945
0.14172080417819577
0.15097076719478497
0.1490561333135617
0.15987339212168702
0.14649612126701358
0.16149524119743075
0.1578843696395377
0.14890933192661188
0.17111772542195358
0.14625380815490804
0.14554146826669412
0.14391203304874195
0.1518286666715422
0.15087520535193683
0.1403489140869918
0.1562561141026077
0.14865140469552082
0.14661474229852395
0.1545019421263512
0.14265239895059886
0.1520100828737222
0.14461091815519075
0.15446631316464338
0.1465364313315285
0.1530639469251983
0.15217114441639096
0.14748362347151928
0.1473780685295486
0.15537429972410888
0.15675589517810787
0.15214147794973565
0.1509955529627438
0.15602613215313318
0.14920176933130577
0.14927733690907877
0.1442251463482745
0.15496411664592089
0.15111967990990577
0.14687772916592023
0.1515033004469289
0.1507523342338137
0.14639537365994926
0.17348027728598153
0.14946010969616028
0.15121092697129374
0.16624225104300283
0.14199811549406424
0.15324187625270566
0.14129245388912415
0.14611779889085735
0.14372335226778338
0.14229081293458168
0.1623264716464109
0.14571540964824992
0.13841508416731288
0.15291199381144815
0.14904965329700406
0.15227422699476653
0.15352219067543987
0.15223761867235822
0.17451295051118917
0.1503170083582401
0.15252572938142483
0.1388535259948594
0.14695796492581356
0.1463296626883902
0.16460099269872266
0.14664881648465805
0.16321194700518787
0.15034515984985158
0.15715886254277198
0.14797481242254343
0.14629548157391473
0.15176899485418074
0.14767502218696327
0.14723522141086934
0.14598165434952404
0.14737797157280738
0.15998708759043034
0.15288924983381166
0.141341731319207
0.14895321997947242
0.14192108558098482
0.14940533482871127
0.15226684703084942
0.1598781124172984
0.13997552908546085
0.1459998069169343
0.14473148397864655
0.1519544928896941
0.14172246786294387
0.15282453226077908
0.14438578316052528
0.13855635591944238
0.14896293290654772
0.1537460432230662
0.15187502350499454
0.15262065493511556
0.14994747578849252
0.16077113621101732
0.1553389189278912
0.1558017624516143
0.15126379447415544
0.1519834044206607
0.15254953518916836
0.14821003134701655
0.14640892649703682
0.15003044690851225
0.15388804881293833
0.15419892775899838
0.15106120441718918
0.15736118870661256
0.1458325288619046
0.15277412860954626
0.1471990330525454
0.14922663468411543
0.15911870402580247
0.14599160637910974
0.15094023775076076
0.14930547870616265
0.14906966869737182
0.15829076032732864
0.15144988032881676
0.1602504968510268
0.1447565127907474
0.1443443211368018
0.15403480951569687
0.14721360127732647
0.15230999871747852
0.15449793812553686
0.15294980856633045
0.14680192909857226
0.14481675507224884
0.14679493755060705
0.1526416103696964
0.14469278620120726
0.15531194805015447
0.1533395240025727
0.15172321422854657
0.15604243839127305
0.15986172257277603
0.14939729136681468
0.15209958501603904
0.14557352822905634
0.16199085379831119
0.14645131602397193
0.14918715947514533
0.14069817803431744
0.15145778315695926
0.16045037243257695
0.14971842513566447
0.13992356940028086
0.1587188890702767
0.14154471664330284
0.15294813166854526
0.1491993781130904
0.14993701190409156
0.14798638456576357
0.15512932825096037
0.14638419993187063
0.15105495052859225
0.14459973479579916
0.1469818371796058
0.15361440257043696
0.14664828482439687
0.14791969961586515
0.14916425659247623
0.14621316723687813
0.14904294577407998
0.1682064835783154
0.15048471188111967
0.15397514798390557
0.15583551478673327
0.14464520402810163
0.14993430651173734
0.14539375083414408
0.15684578555896017
0.14898527282027452
0.1400545995186872
0.1547804121915732
0.1553118200629895
0.15074043716354943
0.139624103549448
0.15177548187163564
0.14725170024720954
0.14493077081813444
0.1556002018923554
0.15413343774416646
0.1590351102165259
0.1493370604609276
0.16117577566530208
0.14735674482072975
0.14787358163504483
0.1408168888133598
0.15707653341992436
0.14825015621809098
0.15849253488425713
0.14320827416378207
0.14178554848600156
0.14972014563504327
0.15439701267617478
0.16316116722999793
0.1579335532588592
0.14602675197406897
0.1482000541900913
0.15003741912543336
0.15141819338007723
0.15663401469510896
0.15607193427914343
0.14243350614475625
0.15339766226568818
0.1474782974819344
0.14671209449369293
0.1501495784953698
0.14454492855628118
0.14565662485152125
0.15482063307675198
0.14625678109589577
0.1491782598599091
0.14374071878759218
0.14919757867978162
0.1674293341203349
0.1594715361012712
0.15553172119690456
0.1463484913103321
0.15428183268459017
0.1532040576698367
0.14517545600930823
0.14955418895499595
0.146984926970009
0.14787184861434405
0.1524700743334813
0.15524248686115172
0.15050603431261045
0.15020190935869743
0.14858474304547548
0.15004045253930806
0.15412270554123764
0.14784083963254924
0.15768563126742294
0.15456310526310302
