0.5233679050403248
0.5500038832430045
0.4927952377120338
0.5768245904289724
0.5345455565227856
0.5250937655873719
0.5359410908486361
0.5395802735833172
0.5247215206530744
0.5243991711562538
0.5620948047537104
0.5642558672379059
0.5127434445212762
0.5512344530643875
0.5049374027221907
0.5403270985357874
0.5410123578754655
0.5086672870562947
0.5110089929219986
0.4808809199502331
0.521428250562071
0.5412630470860916
0.5422591988715796
0.5602146559160379
0.5152656978704059
0.5326486688879561
0.5105772510863023
0.5246975554052736
0.49351323805353625
0.5018189871650502
0.5302846289975873
0.5154192350492035
0.5240026292364681
0.5452208332149177
0.504977253145216
0.5263264719077793
0.5698605491584732
0.5615475701802605
0.5294441682394866
0.479493660843604
0.542445974450747
0.5233447409984935
0.4802784959680543
0.49428833053151955
0.538431861221685
0.5237154250701241
0.5218631067579429
0.49814872672768523
0.5349377384499331
0.5309615854885218
0.5439801713861043
0.5190555896244345
0.52572785491467
0.5363023761322923
0.5454345991644226
0.5491569014529507
0.5499860831550488
0.5518902343509738
0.5347696038479072
0.5266363398954342
0.5152073851457156
0.5493743107576808
0.5379104998611307
0.5665274553518047
0.5334792396484879
0.4913205486102794
0.5098355901061259
0.5427123784310777
0.5168853283323809
0.5363169140642504
0.5305366754165036
0.5420934376735882
0.5416771816073622
0.5190419875256425
0.5476483131966583
0.5559184969069134
0.5205147840205983
0.5466037586446842
0.5450045842421629
0.5065580654453168
0.5050700526879193
0.5240449865734856
0.5229764366207789
0.5340840298922913
0.5372378064014468
0.562221223919546
0.5323869303775103
0.5474215312750396
0.5527646227314642
0.4995984275602067
0.5227555434555681
0.5389507881937189
0.5815470264138936
0.5287546749198155
0.5469106271311645
0.5430826809481023
0.5296118598393498
0.5726797062015903
0.560554154829874
0.5232891853811334
0.5191411428851229
0.5281463610165076
0.5365167334716108
0.5026798812505338
0.5316149715247178
0.5705940099409424
0.5121645541549884
0.5083126066744192
0.5628438971100531
0.5060196823576203
0.5029668621950613
0.5140737077779174
0.504569059793574
0.5579017302512637
0.5396782549697673
0.5680189496047274
0.5647774457477833
0.4921435344715354
0.539560682605946
0.5644748780918335
0.536925728400532
0.5495641232172208
0.5339408166878656
0.5306298277696999
0.5584081890287549
0.540899041239135
0.5539875883072751
0.5302256821665638
0.4972412795107677
0.5531685381676789
0.5279040090199827
0.5606688792394102
0.5426623703839166
0.507620687369218
0.5301493551899144
0.5160674882317193
0.4901808619148992
0.5632262162223522
0.5374887627858282
0.5628132875625664
0.527234557815259
0.5547514438615948
0.5091439197997099
0.5376688176808878
0.5063473350199007
0.5259095440464178
0.504436175261379
0.5518091311004943
0.5085292522911723
0.5401670736500125
0.550276234264871
0.5267016634802724
0.5193310675134838
0.5495660432621978
0.5711994627368232
0.5360096481868524
0.5286580268151702
0.5343742612183466
0.4889523226782217
0.5605346995694354
0.503078753094941
0.5521328732936192
0.5440616984491539
0.5398792691097841
0.5164723451682921
0.5273765316014957
0.5293195956167956
0.530099521653989
0.5132513871886123
0.5592479726544213
0.5471330551634159
0.5043458588243748
0.5623839360091639
0.5191056287346993
0.5180384426121121
0.5127511060389702
0.5176354141860053
0.5467246038539141
0.5222595916720609
0.5244865181164863
0.5127385132457125
0.5431652988656342
0.5414347752249581
0.5753571154481603
0.5269779073005427
0.5505994338375195
0.5649403220892613
0.5463042535397444
0.5317409511764534
0.5966706782953051
0.5133196272371131
0.5327727590203966
0.49403027676860534
0.5570599093322965
0.5321669588501301
0.5542070668890828
0.5464707090049156
0.5401848741296633
0.5491898448099484
0.5105944924146122
0.45986905805089795
0.5291033663675168
0.5527996230554055
0.5445093847846004
0.5330475872735624
0.5398049602040186
0.52278571206565
0.5436394696025391
0.5333994636651723
0.5218270906818516
0.5127951958341475
0.5034596854306346
0.5092057441757842
0.556565523054929
0.5702984065562762
0.5141797102853809
0.5279492382158626
0.5550668170700155
0.5456209036276418
0.514583773583836
0.5507298624677854
0.5027152288154557
0.5400633302536532
0.5235650985642136
0.5583408014286686
0.5699157093937203
0.5255708473341476
0.551008997173778
0.5254902646493317
0.5247441007241956
0.47720366256849667
0.536409739256434
0.5163788080543463
0.5229037559814413
0.5102972665976656
0.5285626317661521
0.5298811391644604
0.5480008849399063
0.4788227811205102
0.481372841440856
0.5323764941048638
0.5357240264761898
0.5354137182791159
0.49387312230877556
0.5279489107985247
0.5623003278429612
0.5136446376787668
0.5486295677875712
0.5208580635395627
0.5022020094570883
0.5054180589279386
0.5251124557036104
0.5103139161453583
0.5010696153140382
0.5011040215166582
0.5554095118133862
0.49343868779797484
0.5357718321645103
0.5290474317550462
0.5203474685406259
0.5726643082178305
0.5457386517286589
0.5477896176198918
0.5124566444308335
0.5473511302646336
0.5430073096274144
0.5340800725096158
0.5308284442611582
0.5243879397586382
0.553416650900737
0.5251617387832623
0.527077244320066
0.5569394494747384
0.5252007670946748
0.4866633773348098
0.5499154390476062
0.4916524677462684
0.49996704951598814
0.536647320770062
0.538272552631314
0.534543862297489
0.5537152520703807
0.5411448465904589
0.5356199422324052
0.4912866451668973
0.5080696760534507
0.4893029625668317
0.5126482629693704
0.546880971126074
0.544887773918698
0.5591806677977137
0.5028284389651596
0.5057375486322702
0.5715601869134566
0.5691013002896357
0.5653204019883066
0.5620383866453144
0.5587003013950579
0.478004097653401
0.5160376673721245
0.5295616748040095
0.5029819973561406
0.5394205217634365
0.5389071402362117
0.5208050765702689
0.5386319111990141
0.5428726244131975
0.46662693742014977
0.5190749342146335
0.5732174994561133
0.5492915327568136
0.5460526374443456
0.5484010767478382
0.5432657192768012
0.5525433219168668
0.5500503458550764
0.5067545124410966
0.5351125473409124
0.5312863730424338
0.5584885738267269
0.5284019890433986
0.4970457434461403
0.5109111716670932
0.5408224420194044
0.5519975916409198
0.5485225323296404
0.5441568369893652
0.5105281923640831
0.5370870477175751
0.5109815094432375
0.5249318028838672
0.5384024324944092
0.5555126216113588
0.5637501678996166
0.5517725360332209
0.5126270181422359
0.5149197976360356
0.49552329462531197
0.5227698448387801
0.5494385628221541
0.5420571325206573
0.5617224396378161
0.5096761959025717
0.564714480619938
0.536254018443685
0.5335710974371636
0.5277658666671948
0.5091731510036083
0.5265452154947468
0.5599634273375936
0.5547737902036218
0.5167331356090996
0.5575347211542427
0.5244355444354436
0.5627466095795418
0.49582157482813816
0.5323827714233111
0.5277752754230824
0.5517092986660763
0.5088434623783051
0.5474694617923408
0.5452191008925733
0.5411470916422076
0.5325565722486795
0.5254418549304376
0.5326759002565803
0.5314685903151989
0.5481130036678818
0.5125345099068694
0.5165788230634636
0.544536134835033
0.5549136194379996
0.4853226319213801
0.5180324616934033
0.5323281506937839
0.5003277602589699
0.4905127600979904
0.5826709133773786
0.4934029586592142
0.5238735661246573
0.5318678206075814
0.5502264196085044
0.5430528434193264
0.5109755260370369
0.5227903108520722
0.5445521479187467
0.555109647977581
0.5152660505124343
0.5499978952281066
0.5508003622937234
0.5495912107292981
0.5209939873885611
0.5257321756892892
0.4940175266388275
0.5122982230676206
0.5317890596770876
0.5311867344361817
0.5451115313831936
0.5275411826558984
0.4957444506213948
0.5364628521119716
0.5618890131632034
0.5257727645569548
0.5613827404891677
0.5499856133294103
0.5294068671687475
0.5498162990790203
0.5744481358694304
0.5505306618739785
0.5549262127263658
0.5210273732971626
0.523782178185985
0.49976492180352194
0.5374515249422903
0.5255235529986023
0.5175684029904369
0.5533007878763047
0.5056580018942745
0.5194699975219726
0.5157889649758285
0.5687499574813644
0.5544057764590378
0.49608017936980286
0.5544488144191466
0.5091527775231527
0.5432325500692742
0.5368318536878215
0.5499254056105038
0.5304753945511864
0.5172918433815704
0.5053476352494832
0.506367349348685
0.5371730373906403
0.5361897918316534
0.5468347933410047
0.5362591964032055
0.5157276624833772
0.5429769587150007
0.5421667475074676
0.5517613124715252
0.5378508452190497
0.5359640605979402
0.5047173233561931
0.5254703626559224
0.498115328107929
0.530154606656176
0.46932555526464365
0.5377628120910102
0.5046496565978764
0.5455148258997234
0.52358849609126
0.5399946950779646
0.5408605835166778
0.5446801408402326
0.5364776056542602
0.5311134049280355
0.4819290892062834
0.5604908780878305
0.5127858222379507
0.5601253643884678
0.5417122474254833
0.5181325072323997
0.5039681981258534
0.5074637248606884
0.528784248942572
0.49909436671161267
0.5052117629173628
0.5593077828294797
0.5829905780153783
0.5365445261023761
0.5414772426938351
0.5282249888045065
0.5275621428060838
0.5208956007549476
0.5588354886074327
0.5495053376508965
0.5145587443325585
0.5080647471463076
0.5298810581182904
0.5321293454597705
0.5362344474650381
0.5431245348311041
0.5384984383825325
0.5772796754566931
0.5196893638082161
0.5267774361585683
0.5572497797500059
0.5433602441317842
0.5394149762651046
0.5345411493915351
0.5117599785385195
0.5203129405909436
0.5428963840853454
0.5372127652440848
0.5395049651096123
0.5377800697980937
0.5779878827078374
0.5151304173681829
0.5607599566135275
0.5168149546539719
