0.6991668319777822
0.7391886530450307
0.7152350724062686
0.7347748462606626
0.713152152350724
0.6783872247569926
0.6682701844872049
0.6952737552073001
0.7322703828605436
0.6870164649871057
0.6954721285459234
0.7304106328109503
0.7150119024003173
0.7197728625272763
0.6872892283277128
0.687214838325729
0.695025788534021
0.687760365006943
0.682181114858163
0.6837433048998214
0.700034715334259
0.7554800634794684
0.7112924023011307
0.6920501884546717
0.7147391390597104
0.7190785558420948
0.726567149375124
0.7203679825431463
0.707300138861337
0.6880579250148781
0.7133257290220194
0.6796022614560603
0.7284764927593732
0.6969103352509424
0.7151606824042849
0.6971335052568934
0.6661872644316604
0.7179627058123388
0.7121850823249356
0.6855038682801031
0.6776681214044833
0.6847847649275937
0.6639307677048205
0.715135885736957
0.6999603253322755
0.7016960920452291
0.73492362626463
0.6953233485419559
0.7197232691926205
0.6936371751636581
0.6822803015274748
0.6923725451299345
0.7144663757191033
0.7124330489982146
0.7082920055544535
0.699761951993652
0.7031590954175759
0.755306486808173
0.706184288831581
0.7092590755802419
0.7070769688553858
0.6913558817694903
0.6994147986510614
0.7309065661575085
0.7248561793294981
0.6967863519143027
0.6589218409045824
0.7379240230113073
0.7376016663360445
0.7236907359650864
0.6719648879190637
0.7318984328506248
0.7214094425709184
0.7258976393572705
0.7075729022019441
0.6817099781789328
0.7188801825034716
0.7225996826026582
0.7149375123983337
0.7391142630430471
0.6745933346558223
0.6906119817496529
0.6943066851815116
0.6931412418170997
0.7288980361039475
0.7438008331680221
0.679106328109502
0.7163013291013688
0.7158053957548105
0.6895209283872248
0.6919510017853601
0.701993652053164
0.7156318190835151
0.6921493751239833
0.699761951993652
0.7137224756992661
0.684140051577068
0.6970839119222376
0.7178635191430272
0.6969351319182702
0.7094078555842095
0.7138216623685776
0.7264431660384845
0.7035806387621504
0.7131025590160682
0.7338573695695298
0.7033326720888713
0.7166484824439596
0.7194753025193414
0.7431313231501686
0.724880975996826
0.7257488593533029
0.7113419956357866
0.7018200753818686
0.7305842094822456
0.7225500892680023
0.7153590557429081
0.6658649077563976
0.7150119024003174
0.789897837730609
0.7380728030152748
0.7027871454076573
0.7178387224756992
0.7012249553659988
0.7144911723864313
0.7397837730609007
0.7120115056536402
0.715656615750843
0.7188553858361436
0.7378744296766514
0.6653193810751836
0.7255008926800239
0.6650466177345765
0.7222029359254116
0.7336341995635787
0.7005058520134894
0.6910335250942273
0.7077712755405673
0.7294187661178337
0.7030103154136085
0.6927444951398531
0.7174419757984527
0.6917774251140647
0.7161277524300734
0.690264828407062
0.6882067050188455
0.7100277722674073
0.7362626463003372
0.681933148184884
0.7132513390200358
0.7225748859353303
0.7218805792501488
0.715978972426106
0.713176949018052
0.7112924023011307
0.7070025788534021
0.7445447331878596
0.7365602063082721
0.6797758381273556
0.685007934933545
0.6926701051378695
0.7058619321563182
0.7037046220987899
0.6956705018845467
0.7302370561396548
0.7324687561991668
0.6996627653243404
0.7164253124380084
0.687512398333664
0.7241122793096608
0.7133505256893473
0.7131025590160682
0.7155078357468756
0.6973070819281888
0.7036302320968062
0.7034566554255108
0.6826274548700655
0.696141638563777
0.7364610196389605
0.6951497718706606
0.7056635588176948
0.7087383455663558
0.6791807181114858
0.7193513191827019
0.7399325530648682
0.7139952390398732
0.7575381868676849
0.667402301130728
0.7169956357865503
0.703679825431462
0.6965879785756794
0.6906367784169807
0.6393820670501884
0.703952588772069
0.721533425907558
0.7276334060702242
0.730509819480262
0.7146895457250545
0.701993652053164
0.7080440388811744
0.685007934933545
0.7093334655822257
0.7292947827811942
0.7008530053560802
0.7038038087681016
0.6937115651656418
0.681065264828407
0.7278317794088474
0.7016217020432454
0.7134745090259869
0.7257736560206309
0.7398581630628844
0.7205167625471137
0.730237056139655
0.7314768895060504
0.6900664550684388
0.6998363419956358
0.6778664947431066
0.7263439793691728
0.6917774251140646
0.710126958936719
0.659864114263043
0.6894465383852411
0.7223269192620512
0.7383951596905376
0.7080688355485023
0.6966871652449911
0.6931908351517556
0.6902400317397341
0.6698571711961913
0.7070025788534021
0.6787839714342392
0.7062834755008927
0.6802717714739139
0.7193513191827018
0.733807776234874
0.7353203729418767
0.7153094624082523
0.7508926800238047
0.7162021424320572
0.7063826621702043
0.686396548303908
0.7042501487800039
0.6997619519936521
0.7063578655028764
0.711788335647689
0.709259075580242
0.690810355088276
0.6969103352509423
0.7097054155921445
0.7134745090259869
0.7099781789327515
0.7007538186867686
0.7405028764134101
0.6803709581432257
0.7111188256298354
0.690859948422932
0.7010265820273756
0.6874628049990081
0.7083663955564372
0.712085895655624
0.7098046022614561
0.7208639158897044
0.6620462209878992
0.7666633604443562
0.763960523705614
0.7140944257091848
0.6553263241420353
0.7101269589367188
0.690562388414997
0.7007290220194405
0.6929428684784764
0.7220045625867884
0.6859502082920055
0.7148879190636779
0.6835201348938702
0.7267655227137473
0.713747272366594
0.7103749256099979
0.7127802023408054
0.7292203927792105
0.7401309264034914
0.6902152350724062
0.7303114461416386
0.7253521126760564
0.7039277921047411
0.6666088077762349
0.7054899821463996
0.7195000991866694
0.7411475897639357
0.7246826026582027
0.6722872445943264
0.7236659392977585
0.7296419361237849
0.7378000396746678
0.7060355088276136
0.7086143622297163
0.6746925213251338
0.6920005951200159
0.7200952192025393
0.6756843880182503
0.7158797857567942
0.7196488791906368
0.6956952985518747
0.713152152350724
0.7142432057131521
0.761728823646102
0.6832721682205911
0.7022168220591153
0.7504959333465582
0.690016861733783
0.741345963102559
0.7017456853798849
0.7199464391985717
0.7346756595913508
0.7401557230708193
0.7096806189248165
0.71154036897441
0.7050188454671692
0.7129537790121008
0.7144415790517754
0.6722376512596707
0.6702291212061098
0.7222773259273954
0.7396101963896053
0.7438008331680221
0.7169460424518945
0.6720888712557032
0.7143423923824638
0.7112180122991469
0.7094326522515374
0.6990924419757985
0.7457597698869272
0.6814620115056536
0.7190041658401111
0.7116147589763935
0.6974806585994843
0.6478377306090062
0.7030599087482643
0.7386183296964889
0.6979765919460424
0.7106228922832771
0.6267853600476097
0.7356923229517953
0.6871404483237453
0.6885290616941083
0.7204671692124579
0.712879389010117
0.7205663558817694
0.7079696488791907
0.6943562785161674
0.686669311644515
0.7324935528664948
0.7117387423130332
0.7161029557627454
0.6964144019043841
0.7283029160880778
0.6716425312438008
0.7011257686966872
0.6867437016464987
0.7533723467565958
0.6871652449910732
0.7553808768101568
0.690016861733783
0.6980509819480261
0.7100773656020631
0.6924469351319182
0.7420650664550684
0.6868428883158103
0.6945794485221186
0.6935627851616744
0.6976542352707796
0.7067050188454672
0.7181114858163062
0.7123090656615751
0.6898432850624876
0.6871404483237453
0.7658450704225352
0.6945794485221186
0.6906615750843087
0.712904185677445
0.7165492957746479
0.743304899821464
0.7347252529260068
0.7286252727633407
0.7049692521325134
0.7253769093433843
0.6774945447331879
0.7264183693711566
0.7020928387224756
0.745536599880976
0.668245387819877
0.7029607220789525
0.6977534219400912
0.6741469946439198
0.7163261257686967
0.6951249752033327
0.6997371553263241
0.7179379091450109
0.6709234278912914
0.7390398730410632
0.7202439992065066
0.6941083118428883
0.7054899821463996
0.7085647688950605
0.689198571711962
0.7055643721483833
0.7326175362031343
0.6950009918666931
0.7036550287641341
0.7063826621702043
0.6997371553263241
0.6845367982543147
0.7186570124975203
0.7210870858956556
0.7018200753818686
0.7066306288434834
0.6829746082126562
0.6936867684983139
0.7072505455266812
0.6966623685776632
0.6976790319381075
0.6764530847054155
0.6861485816306288
0.7023408053957547
0.6975302519341401
0.7108708589565562
0.7212110692322953
0.6554255108113469
0.6845367982543147
0.6949266018647093
0.6788583614362229
0.7365850029756
0.6850823249355287
0.7231700059512001
0.6927444951398531
0.7275590160682404
0.7132761356873636
0.7001834953382267
0.6966623685776632
0.7261704026978774
0.6783624280896647
0.7227980559412814
0.7143423923824638
0.7018944653838524
0.686098988295973
0.6683445744891886
0.7012497520333267
0.7132265423527078
0.7081680222178139
0.739089466375719
0.7013241420353105
0.7247073993255306
0.730460226145606
0.6932156318190835
0.715706209085499
0.7099781789327515
0.7043245387819878
0.7411723864312636
0.7414203531045427
0.719301725848046
0.7282781194207499
0.6822307081928188
0.686346954969252
0.7094574489188653
0.6987948819678635
0.700059512001587
0.7032830787542155
0.6987452886332077
0.7166980757786153
0.6958688752231701
0.7295675461218013
0.7062834755008927
0.7249553659988097
0.6969351319182702
0.7168716524499108
0.7096806189248165
0.7011257686966872
0.7110444356278516
0.7073993255306487
0.7110692322951795
0.7046468954572507
0.7002578853402103
0.7072753421940091
0.694753025193414
0.7347996429279904
0.7218557825828209
0.7097798055941281
0.7106228922832771
0.6972326919262051
0.6650714144019043
0.7199960325332275
0.6948770085300535
0.7309313628248363
0.7112924023011307
0.7226492759373141
0.735245982939893
0.7069033921840905
0.6999355286649473
0.6841152549097401
