0.7019688553858362
0.7401309264034913
0.7029607220789527
0.7288236461019639
0.7166732791112875
0.7064074588375323
0.7034814520928389
0.7285756794286848
0.7147391390597103
0.7073497321959928
0.7145903590557429
0.7429825431462012
0.7138712557032334
0.7180618924816504
0.7042749454473318
0.7106228922832771
0.720144812537195
0.7043989287839714
0.6982741519539774
0.699241221979766
0.7189793691727832
0.7202687958738347
0.7054403888117438
0.720144812537195
0.7164997024399921
0.6964639952390398
0.6961168418964491
0.7120115056536401
0.694480261852807
0.6915542551081134
0.709854195596112
0.6805445348145209
0.7189793691727833
0.7292451894465384
0.7135488990279707
0.6974558619321563
0.7258728426899426
0.7367089863122396
0.7129289823447729
0.703407062090855
0.7190785558420948
0.6935131918270185
0.6924717317992461
0.7063578655028764
0.7253273160087284
0.6915046617734577
0.7261951993652054
0.7102261456060307
0.7072505455266812
0.7105237056139655
0.7176899424717318
0.6746181313231502
0.7234675659591352
0.7091102955762746
0.7222029359254117
0.7463300932354693
0.723219599285856
0.7160533624280896
0.7115403689744099
0.7142927990478081
0.6999603253322753
0.7064322555048602
0.7384695496925213
0.7390398730410632
0.7029855187462806
0.7057131521523508
0.7104493156119818
0.7202439992065066
0.7230708192818885
0.7098293989287839
0.7161525490974013
0.7079200555445349
0.7020184487204919
0.7167476691132711
0.7165492957746479
0.7346756595913511
0.7194009125173577
0.7212854592342789
0.716797262447927
0.6890993850426504
0.7118875223170007
0.7118131323150169
0.7067050188454671
0.7110196389605237
0.7248809759968261
0.7207895258877207
0.7239882959730214
0.7158053957548106
0.7233187859551677
0.69028962507439
0.7250793493354493
0.7104493156119817
0.7260960126958937
0.7096558222574886
0.7105485022812933
0.7183842491569133
0.7128297956754611
0.729369172783178
0.7271126760563381
0.7068537988494347
0.7180618924816504
0.7252281293394168
0.7279309660781591
0.7276086094028962
0.7371305296568142
0.7237403292997421
0.7041013687760366
0.7120363023209682
0.7425609998016267
0.7146895457250546
0.7008530053560802
0.718508232493553
0.7130281690140846
0.7243354493156121
0.7266167427097799
0.7162021424320572
0.7306338028169015
0.6926701051378695
0.7283773060900616
0.7344524895853999
0.7187066058321763
0.7010265820273756
0.7142184090458242
0.7040269787740527
0.7263439793691728
0.7305594128149177
0.7233435826224954
0.7178139258083713
0.7076968855385838
0.7285508827613569
0.7209383058916882
0.7468508232493553
0.7058371354889904
0.7128545923427891
0.73326224955366
0.7214590359055744
0.6875619916683199
0.7187314024995041
0.7035062487601667
0.7420402697877405
0.7119123189843286
0.7187314024995041
0.7141440190438405
0.7091846855782583
0.7048204721285459
0.7017704820472128
0.7038286054354295
0.7339565562388415
0.6974062685975007
0.7013489387026385
0.7170452291212062
0.7196488791906368
0.71035012894267
0.7051180321364809
0.7154582424122197
0.7291955961118824
0.7298651061297362
0.7057131521523508
0.7058619321563183
0.7219301725848046
0.7141688157111684
0.7091350922436025
0.7032830787542155
0.7208143225550487
0.7155574290815316
0.7119619123189844
0.7213846459035906
0.7082672088871257
0.6944058718508233
0.7457349732195993
0.7130777623487404
0.7069777821860743
0.7146647490577266
0.7083911922237651
0.7081184288831581
0.716251735766713
0.7040021821067249
0.7115155723070821
0.6987948819678635
0.7051676254711368
0.7172188057925014
0.7318240428486411
0.7066802221781394
0.7285012894267011
0.7046220987899227
0.7139456457052172
0.7346508629240232
0.7309313628248363
0.7180370958143226
0.7389654830390795
0.6980757786153541
0.695596111882563
0.7059363221583019
0.7219797659194606
0.7144911723864313
0.7297163261257688
0.7206407458837533
0.7067794088474509
0.71652449910732
0.709259075580242
0.7039029954374133
0.719301725848046
0.7358411029557628
0.7031095020829201
0.7141192223765127
0.7114907756397542
0.7108956556238842
0.7170700257885341
0.7288980361039477
0.7238147193017258
0.711242808966475
0.7081184288831581
0.7086391588970443
0.728228526086094
0.7351467962705813
0.7075233088672883
0.7090359055742907
0.7331630628843484
0.7213102559016069
0.6974806585994842
0.7180122991469947
0.7058619321563181
0.6949266018647094
0.6923725451299345
0.7309313628248365
0.7218061892481651
0.7135241023606429
0.6964144019043841
0.7201200158698671
0.6889754017060107
0.6995883753223566
0.706779408847451
0.697827811942075
0.6988444753025194
0.7056635588176949
0.7049940487998414
0.7371057329894862
0.724633009323547
0.6915046617734577
0.7077464788732395
0.7167228724459432
0.7091102955762745
0.7030847054155921
0.692273358460623
0.7186570124975203
0.7035806387621504
0.7221285459234278
0.728253322753422
0.7106972822852609
0.7082920055544535
0.7275094227335845
0.707300138861337
0.699538781987701
0.7143919857171197
0.7008282086887523
0.7209631025590161
0.6914302717714739
0.7186322158301927
0.7316752628446737
0.7091350922436025
0.7447679031938108
0.715111089069629
0.722649275937314
0.6976542352707796
0.7166484824439595
0.7288484427692918
0.7123338623289031
0.7007042253521127
0.7002578853402103
0.7190041658401111
0.7172188057925014
0.7177147391390597
0.7262447926998611
0.6941579051775442
0.6927692918071812
0.7252281293394167
0.6920997817893276
0.7040517754413806
0.7168220591152549
0.7224756992660186
0.7236411426304304
0.7383703630232096
0.7003818686768499
0.7240130926403492
0.6803957548105534
0.7151110890696292
0.7038781987700853
0.7292699861138665
0.709531838920849
0.7338821662368578
0.7299642927990477
0.6991668319777822
0.7000347153342592
0.7281045427494544
0.7411723864312637
0.723492362626463
0.7243850426502678
0.7342541162467764
0.6862973616345964
0.7148135290616943
0.7167228724459432
0.7126810156714938
0.7074737155326324
0.7189545725054554
0.7085895655623884
0.7221037492561001
0.7440735965086291
0.6878347550089268
0.6825530648680818
0.732146399523904
0.7094326522515373
0.7228476492759373
0.7015969053759175
0.6994395953183894
0.7239139059710374
0.7194505058520136
0.6969599285855981
0.7168964491172387
0.7266167427097799
0.7208143225550486
0.7102757389406863
0.6940339218409046
0.7028119420749851
0.7012001586986709
0.7156070224161873
0.7293939694505059
0.7195000991866694
0.7194257091846856
0.7401805197381471
0.7058867288236461
0.7146895457250545
0.7223269192620512
0.739982146399524
0.7256000793493355
0.7237899226343979
0.7204671692124578
0.7004314620115056
0.687760365006943
0.7004066653441777
0.6987948819678635
0.7113419956357865
0.7189297758381273
0.6983733386232891
0.7354443562785162
0.7157805990874826
0.7116147589763936
0.7005554453481453
0.7147391390597104
0.7046468954572506
0.7319728228526086
0.722946835945249
0.7016960920452292
0.7345020829200556
0.7096310255901606
0.7365602063082722
0.7149127157310058
0.7213350525689347
0.6957200952192024
0.7406764530847053
0.7065066455068439
0.7178139258083714
0.724633009323547
0.707895258877207
0.700059512001587
0.714069629041857
0.7111436222971633
0.7047460821265622
0.716797262447927
0.7096310255901607
0.6984229319579448
0.7085647688950606
0.7414203531045427
0.7116891489783773
0.7249057726641539
0.7140944257091847
0.7050188454671692
0.7010017853600475
0.7437016464987106
0.735270779607221
0.7262199960325333
0.7077712755405674
0.7243354493156119
0.7264927593731403
0.7202687958738345
0.7166484824439595
0.7202439992065067
0.7446191231898432
0.6960176552271377
0.7101269589367191
0.7176899424717318
0.7307329894862131
0.712036302320968
0.719599285855981
0.7026631620710178
0.7119123189843285
0.7080440388811744
0.7055891688157111
0.710672485617933
0.7051180321364808
0.7056139654830391
0.7083415988891093
0.723789922634398
0.7040021821067249
0.7266167427097798
0.7331630628843483
0.7175659591350922
0.7289228327712756
0.7338573695695298
0.7186818091648483
0.7133505256893473
0.701200158698671
0.717367585796469
0.7089367189049792
0.7332126562190041
0.7081928188851419
0.7244098393175957
0.7316008728426899
0.7002578853402103
0.7064818488395159
0.7018448720491965
0.7298155127950804
0.71878099583416
0.6990428486411426
0.73492362626463
0.6998363419956357
0.7218061892481651
0.710647688950605
0.7298651061297362
0.7024895853997223
0.7042997421146598
0.7068042055147788
0.7098789922634399
0.7268647093830589
0.712036302320968
0.704572505455267
0.7219301725848046
0.7081928188851417
0.7281789327514382
0.7015721087085895
0.7402301130728031
0.7107964689545725
0.700605038682801
0.717615552469748
0.7220293592541163
0.7065314421741719
0.7196488791906367
0.7196240825233088
0.7070521721880579
0.6964639952390398
0.7183098591549296
0.7112924023011309
0.7068290021821068
0.7108956556238841
0.7026383654036897
0.7158549890894663
0.712061098988296
0.6801229914699465
0.719351319182702
0.7167228724459432
0.7338325729022019
0.7216822059115255
0.7000347153342592
0.6989932553064868
0.7050932354691529
0.7205415592144416
0.6955217218805793
0.6998363419956358
0.7161277524300734
0.7368329696488792
0.7145159690537592
0.7263191827018448
0.7093582622495537
0.7052420154731204
0.7028863320769688
0.7141440190438405
0.7334606228922833
0.7027623487403294
0.7241866693116445
0.7300882761356873
0.6951001785360048
0.7197728625272763
0.7133753223566753
0.7091598889109303
0.7259720293592541
0.720144812537195
0.7085647688950606
0.6941331085102164
0.7191529458440785
0.7203927792104742
0.7041757587780203
0.7108212656219004
0.6889754017060108
0.7294435627851616
0.70370462209879
0.7037542154334457
0.722128545923428
0.7340061495734973
0.7213102559016069
0.7424122197976593
0.6924469351319184
