0.4313725490196078
0.43564356435643564
0.40384615384615385
0.40384615384615385
0.42592592592592593
0.43809523809523815
0.4329896907216495
0.42857142857142855
0.47619047619047616
0.41904761904761906
0.4181818181818182
0.42990654205607476
0.44859813084112155
0.45098039215686275
0.42000000000000004
0.44230769230769235
0.40366972477064217
0.45098039215686275
0.42718446601941745
0.44660194174757284
0.4150943396226415
0.42592592592592593
0.44230769230769235
0.4230769230769231
0.42718446601941745
0.39999999999999997
0.4150943396226415
0.44230769230769235
0.4339622641509434
0.39999999999999997
0.44660194174757284
0.42718446601941745
0.411214953271028
0.4
0.4181818181818182
0.42718446601941745
0.42201834862385323
0.44230769230769235
0.411214953271028
0.42000000000000004
0.41904761904761906
0.42718446601941745
0.40366972477064217
0.4313725490196078
0.4339622641509434
0.43809523809523815
0.41904761904761906
0.4313725490196078
0.4324324324324324
0.4313725490196078
0.4615384615384615
0.44660194174757284
0.42990654205607476
0.45098039215686275
0.4230769230769231
0.4339622641509434
0.44036697247706424
0.45098039215686275
0.42990654205607476
0.411214953271028
0.4528301886792453
0.43636363636363634
0.46601941747572817
0.42592592592592593
0.44036697247706424
0.42201834862385323
0.45714285714285713
0.46601941747572817
0.43564356435643564
0.42000000000000004
0.46601941747572817
0.4230769230769231
0.4528301886792453
0.42201834862385323
0.4444444444444444
0.4629629629629629
0.4230769230769231
0.43809523809523815
0.411214953271028
0.4230769230769231
0.41904761904761906
0.42990654205607476
0.4230769230769231
0.46938775510204084
0.45098039215686275
0.44660194174757284
0.4615384615384615
0.41584158415841577
0.45098039215686275
0.4444444444444444
0.4313725490196078
0.44036697247706424
0.43478260869565216
0.43809523809523815
0.47169811320754707
0.42990654205607476
0.40740740740740744
0.44230769230769235
0.44859813084112155
0.4339622641509434
0.4150943396226415
0.43809523809523815
0.43809523809523815
0.40384615384615385
0.41904761904761906
0.41904761904761906
0.4313725490196078
0.40384615384615385
0.44230769230769235
0.39999999999999997
0.43564356435643564
0.43564356435643564
0.39639639639639634
0.44230769230769235
0.43999999999999995
0.42718446601941745
0.45714285714285713
0.4339622641509434
0.43564356435643564
0.44660194174757284
0.46464646464646464
0.44036697247706424
0.42990654205607476
0.411214953271028
0.46601941747572817
0.46601941747572817
0.411214953271028
0.43809523809523815
0.4181818181818182
0.42718446601941745
0.42718446601941745
0.44230769230769235
0.44230769230769235
0.41904761904761906
0.43809523809523815
0.4150943396226415
0.4444444444444445
0.42201834862385323
0.44230769230769235
0.4230769230769231
0.47169811320754707
0.4339622641509434
0.42990654205607476
0.46601941747572817
0.42592592592592593
0.45098039215686275
0.44660194174757284
0.40366972477064217
0.43809523809523815
0.4077669902912621
0.42990654205607476
0.4444444444444444
0.4444444444444444
0.42718446601941745
0.43999999999999995
0.44859813084112155
0.44036697247706424
0.4181818181818182
0.4230769230769231
0.4313725490196078
0.39639639639639634
0.41584158415841577
0.45714285714285713
0.4528301886792453
0.4313725490196078
0.46601941747572817
0.42592592592592593
0.44660194174757284
0.43809523809523815
0.4339622641509434
0.4444444444444445
0.44230769230769235
0.40384615384615385
0.44660194174757284
0.42201834862385323
0.4629629629629629
0.42990654205607476
0.4181818181818182
0.41441441441441446
0.4545454545454546
0.41904761904761906
0.42718446601941745
0.4150943396226415
0.4615384615384615
0.4324324324324324
0.42857142857142855
0.41904761904761906
0.4554455445544555
0.44036697247706424
0.4615384615384615
0.4528301886792453
0.42592592592592593
0.411764705882353
0.45714285714285713
0.411214953271028
0.44660194174757284
0.38532110091743127
0.43809523809523815
0.42990654205607476
0.4528301886792453
0.4554455445544555
0.44230769230769235
0.40740740740740744
0.4339622641509434
0.39639639639639634
0.43636363636363634
0.44859813084112155
0.47619047619047616
0.4554455445544555
0.44660194174757284
0.41904761904761906
0.44230769230769235
0.4230769230769231
0.4150943396226415
0.42718446601941745
0.43809523809523815
0.41904761904761906
0.4230769230769231
0.41441441441441446
0.43564356435643564
0.42592592592592593
0.42718446601941745
0.4230769230769231
0.4528301886792453
0.4339622641509434
0.41904761904761906
0.42990654205607476
0.42592592592592593
0.42592592592592593
0.4629629629629629
0.42592592592592593
0.40740740740740744
0.4339622641509434
0.45714285714285713
0.46601941747572817
0.43809523809523815
0.44230769230769235
0.44230769230769235
0.40707964601769914
0.44660194174757284
0.4615384615384615
0.40707964601769914
0.44660194174757284
0.4150943396226415
0.45098039215686275
0.411214953271028
0.4242424242424242
0.44660194174757284
0.42990654205607476
0.4324324324324324
0.4150943396226415
0.4230769230769231
0.44660194174757284
0.4150943396226415
0.4230769230769231
0.42201834862385323
0.42592592592592593
0.42718446601941745
0.41904761904761906
0.4339622641509434
0.42990654205607476
0.4444444444444445
0.4615384615384615
0.43564356435643564
0.46464646464646464
0.42990654205607476
0.4313725490196078
0.44660194174757284
0.44247787610619466
0.4230769230769231
0.40740740740740744
0.44230769230769235
0.375
0.40366972477064217
0.41071428571428575
0.411214953271028
0.4242424242424242
0.40366972477064217
0.43564356435643564
0.43809523809523815
0.40740740740740744
0.42990654205607476
0.4181818181818182
0.4230769230769231
0.43809523809523815
0.4444444444444445
0.4421052631578947
0.4528301886792453
0.41441441441441446
0.40366972477064217
0.44230769230769235
0.4339622641509434
0.38655462184873945
0.411214953271028
0.38181818181818183
0.4528301886792453
0.42592592592592593
0.4615384615384615
0.4313725490196078
0.42201834862385323
0.4444444444444444
0.43564356435643564
0.43809523809523815
0.43809523809523815
0.4181818181818182
0.4528301886792453
0.4672897196261682
0.4230769230769231
0.43809523809523815
0.4313725490196078
0.4528301886792453
0.4742268041237113
0.4230769230769231
0.4528301886792453
0.41904761904761906
0.40740740740740744
0.44230769230769235
0.4339622641509434
0.44230769230769235
0.42592592592592593
0.43999999999999995
0.38181818181818183
0.4339622641509434
0.44859813084112155
0.42201834862385323
0.4444444444444444
0.44230769230769235
0.43809523809523815
0.40740740740740744
0.4339622641509434
0.47169811320754707
0.41904761904761906
0.42592592592592593
0.44230769230769235
0.44230769230769235
0.4150943396226415
0.41904761904761906
0.4313725490196078
0.41441441441441446
0.43999999999999995
0.4150943396226415
0.47169811320754707
0.4444444444444445
0.44036697247706424
0.4444444444444444
0.43636363636363634
0.44230769230769235
0.41441441441441446
0.39999999999999997
0.4230769230769231
0.4339622641509434
0.42718446601941745
0.45098039215686275
0.38888888888888884
0.41071428571428575
0.42201834862385323
0.42990654205607476
0.4615384615384615
0.49019607843137253
0.44859813084112155
0.42201834862385323
0.40366972477064217
0.42990654205607476
0.46464646464646464
0.41904761904761906
0.43564356435643564
0.39999999999999997
0.41904761904761906
0.40740740740740744
0.43636363636363634
0.4230769230769231
0.42592592592592593
0.38888888888888884
0.45098039215686275
0.40366972477064217
0.44660194174757284
0.42201834862385323
0.4313725490196078
0.42000000000000004
0.45098039215686275
0.4313725490196078
0.4554455445544555
0.4554455445544555
0.43564356435643564
0.42718446601941745
0.42990654205607476
0.41584158415841577
0.43809523809523815
0.4150943396226415
0.4587155963302752
0.4554455445544555
0.43564356435643564
0.4230769230769231
0.42592592592592593
0.4705882352941177
0.45098039215686275
0.4554455445544555
0.4444444444444444
0.44660194174757284
0.39999999999999997
0.44660194174757284
0.42990654205607476
0.43809523809523815
0.41441441441441446
0.4339622641509434
0.42201834862385323
0.42201834862385323
0.38888888888888884
0.44660194174757284
0.40384615384615385
0.43809523809523815
0.42990654205607476
0.41904761904761906
0.411214953271028
0.44660194174757284
0.43809523809523815
0.396551724137931
0.42718446601941745
0.4313725490196078
0.4339622641509434
0.41584158415841577
0.43809523809523815
0.4242424242424242
0.375
0.42718446601941745
0.4444444444444444
0.46464646464646464
0.39999999999999997
0.41904761904761906
0.4339622641509434
0.44859813084112155
0.4528301886792453
0.42718446601941745
0.4672897196261682
0.46464646464646464
0.42201834862385323
0.42592592592592593
0.47169811320754707
0.44660194174757284
0.4150943396226415
0.4230769230769231
0.43999999999999995
0.39639639639639634
0.41441441441441446
0.46464646464646464
0.48484848484848475
0.43564356435643564
0.4313725490196078
0.40740740740740744
0.4339622641509434
0.42990654205607476
0.4242424242424242
0.43809523809523815
0.4615384615384615
0.41904761904761906
0.43809523809523815
0.411214953271028
0.43564356435643564
0.4077669902912621
0.43809523809523815
0.44230769230769235
0.44859813084112155
0.4339622641509434
0.44230769230769235
0.43809523809523815
0.42201834862385323
0.46601941747572817
0.39999999999999997
0.4752475247524753
0.39999999999999997
0.4672897196261682
0.42718446601941745
0.42990654205607476
0.4150943396226415
0.4444444444444444
0.42201834862385323
0.45098039215686275
0.46464646464646464
0.43809523809523815
0.44230769230769235
0.44230769230769235
0.4528301886792453
0.4150943396226415
0.40366972477064217
0.4444444444444444
0.45098039215686275
0.45714285714285713
0.4339622641509434
0.43564356435643564
0.4554455445544555
0.42990654205607476
0.4339622641509434
0.40384615384615385
0.41441441441441446
0.42857142857142855
0.4339622641509434
0.39622641509433965
0.42990654205607476
0.44859813084112155
0.42990654205607476
