0.545774647887324
0.5492957746478874
0.5985915492957746
0.5387323943661971
0.545774647887324
0.5492957746478874
0.5492957746478874
0.5211267605633803
0.5316901408450704
0.5598591549295775
0.545774647887324
0.5176056338028169
0.5070422535211268
0.545774647887324
0.5
0.5704225352112676
0.528169014084507
0.5211267605633803
0.5387323943661971
0.5387323943661971
0.6232394366197183
0.4788732394366197
0.5669014084507042
0.5563380281690141
0.5563380281690141
0.5880281690140845
0.5211267605633803
0.5246478873239436
0.5246478873239436
0.5105633802816901
0.5528169014084507
0.545774647887324
0.5845070422535211
0.545774647887324
0.528169014084507
0.5035211267605634
0.5563380281690141
0.5704225352112676
0.6056338028169014
0.5211267605633803
0.545774647887324
0.5704225352112676
0.4753521126760563
0.573943661971831
0.545774647887324
0.5352112676056338
0.49295774647887325
0.573943661971831
0.5704225352112676
0.4507042253521127
0.5492957746478874
0.4964788732394366
0.5563380281690141
0.5880281690140845
0.5176056338028169
0.5352112676056338
0.5211267605633803
0.5563380281690141
0.5211267605633803
0.5387323943661971
0.5140845070422535
0.5352112676056338
0.4964788732394366
0.5985915492957746
0.5915492957746479
0.5422535211267606
0.5528169014084507
0.545774647887324
0.5704225352112676
0.4859154929577465
0.5598591549295775
0.5035211267605634
0.5774647887323944
0.6197183098591549
0.5985915492957746
0.5422535211267606
0.5246478873239436
0.545774647887324
0.528169014084507
0.5246478873239436
0.4823943661971831
0.5176056338028169
0.602112676056338
0.5563380281690141
0.5211267605633803
0.5633802816901409
0.5176056338028169
0.602112676056338
0.5950704225352113
0.5
0.49295774647887325
0.5
0.5316901408450704
0.5563380281690141
0.5246478873239436
0.5422535211267606
0.5598591549295775
0.5176056338028169
0.5633802816901409
0.5528169014084507
0.5
0.5880281690140845
0.49295774647887325
0.5845070422535211
0.5704225352112676
0.5528169014084507
0.5633802816901409
0.5176056338028169
0.5669014084507042
0.5633802816901409
0.5528169014084507
0.5035211267605634
0.528169014084507
0.5598591549295775
0.5704225352112676
0.5704225352112676
0.5176056338028169
0.528169014084507
0.47183098591549294
0.5704225352112676
0.5316901408450704
0.5915492957746479
0.5915492957746479
0.5528169014084507
0.5633802816901409
0.5352112676056338
0.5669014084507042
0.5809859154929577
0.4894366197183099
0.5105633802816901
0.5246478873239436
0.5035211267605634
0.5316901408450704
0.5774647887323944
0.5387323943661971
0.5
0.5246478873239436
0.528169014084507
0.5598591549295775
0.5774647887323944
0.5352112676056338
0.647887323943662
0.5845070422535211
0.5176056338028169
0.6091549295774648
0.5563380281690141
0.5105633802816901
0.5387323943661971
0.5704225352112676
0.5528169014084507
0.5809859154929577
0.5915492957746479
0.545774647887324
0.5211267605633803
0.573943661971831
0.5
0.602112676056338
0.545774647887324
0.4859154929577465
0.5211267605633803
0.545774647887324
0.5528169014084507
0.5492957746478874
0.5316901408450704
0.5633802816901409
0.5246478873239436
0.5598591549295775
0.573943661971831
0.5774647887323944
0.5563380281690141
0.528169014084507
0.5669014084507042
0.5809859154929577
0.5845070422535211
0.5528169014084507
0.5316901408450704
0.5035211267605634
0.528169014084507
0.5492957746478874
0.6126760563380281
0.5563380281690141
0.5985915492957746
0.5176056338028169
0.6197183098591549
0.5422535211267606
0.6232394366197183
0.5246478873239436
0.5176056338028169
0.5422535211267606
0.545774647887324
0.4964788732394366
0.5422535211267606
0.5387323943661971
0.545774647887324
0.5809859154929577
0.49295774647887325
0.5070422535211268
0.5035211267605634
0.573943661971831
0.5316901408450704
0.5704225352112676
0.5880281690140845
0.5880281690140845
0.5105633802816901
0.5528169014084507
0.5352112676056338
0.573943661971831
0.5915492957746479
0.5563380281690141
0.6126760563380281
0.6091549295774648
0.5598591549295775
0.5422535211267606
0.49295774647887325
0.5
0.545774647887324
0.6302816901408451
0.5352112676056338
0.5563380281690141
0.5492957746478874
0.5774647887323944
0.5140845070422535
0.602112676056338
0.573943661971831
0.5809859154929577
0.5563380281690141
0.5633802816901409
0.5352112676056338
0.545774647887324
0.5669014084507042
0.5176056338028169
0.5669014084507042
0.5070422535211268
0.545774647887324
0.573943661971831
0.5422535211267606
0.573943661971831
0.5352112676056338
0.5633802816901409
0.5211267605633803
0.5140845070422535
0.5422535211267606
0.528169014084507
0.5211267605633803
0.5598591549295775
0.5598591549295775
0.5633802816901409
0.573943661971831
0.5633802816901409
0.5492957746478874
0.47183098591549294
0.5492957746478874
0.573943661971831
0.5422535211267606
0.5809859154929577
0.4964788732394366
0.573943661971831
0.5492957746478874
0.5246478873239436
0.4894366197183099
0.5352112676056338
0.528169014084507
0.5598591549295775
0.5774647887323944
0.5633802816901409
0.6091549295774648
0.5598591549295775
0.573943661971831
0.5704225352112676
0.5387323943661971
0.5598591549295775
0.5352112676056338
0.5845070422535211
0.5
0.5211267605633803
0.5352112676056338
0.5387323943661971
0.5563380281690141
0.5140845070422535
0.5492957746478874
0.5387323943661971
0.6056338028169014
0.5
0.5070422535211268
0.5704225352112676
0.5845070422535211
0.5176056338028169
0.5176056338028169
0.5809859154929577
0.5528169014084507
0.5422535211267606
0.5316901408450704
0.4753521126760563
0.5880281690140845
0.5387323943661971
0.5633802816901409
0.5704225352112676
0.545774647887324
0.5633802816901409
0.5387323943661971
0.5035211267605634
0.5915492957746479
0.5211267605633803
0.5246478873239436
0.5633802816901409
0.5704225352112676
0.5422535211267606
0.5035211267605634
0.5352112676056338
0.545774647887324
0.5140845070422535
0.6091549295774648
0.49295774647887325
0.528169014084507
0.4964788732394366
0.5528169014084507
0.5563380281690141
0.5809859154929577
0.5176056338028169
0.5915492957746479
0.5809859154929577
0.5598591549295775
0.4612676056338028
0.4964788732394366
0.528169014084507
0.5915492957746479
0.5140845070422535
0.6232394366197183
0.5316901408450704
0.5387323943661971
0.5070422535211268
0.4823943661971831
0.5105633802816901
0.6056338028169014
0.5105633802816901
0.5035211267605634
0.5598591549295775
0.5422535211267606
0.5704225352112676
0.5176056338028169
0.5176056338028169
0.5105633802816901
0.5246478873239436
0.5809859154929577
0.6091549295774648
0.4964788732394366
0.5387323943661971
0.4859154929577465
0.5528169014084507
0.5985915492957746
0.5492957746478874
0.5035211267605634
0.47183098591549294
0.5563380281690141
0.5880281690140845
0.5422535211267606
0.5598591549295775
0.5880281690140845
0.5774647887323944
0.5774647887323944
0.6232394366197183
0.5704225352112676
0.5492957746478874
0.5704225352112676
0.528169014084507
0.5880281690140845
0.5563380281690141
0.545774647887324
0.5669014084507042
0.5140845070422535
0.528169014084507
0.5669014084507042
0.5809859154929577
0.5176056338028169
0.5809859154929577
0.5492957746478874
0.5211267605633803
0.5070422535211268
0.5598591549295775
0.5352112676056338
0.5704225352112676
0.573943661971831
0.5563380281690141
0.5035211267605634
0.5316901408450704
0.5669014084507042
0.528169014084507
0.5528169014084507
0.5140845070422535
0.5105633802816901
0.6232394366197183
0.5704225352112676
0.5140845070422535
0.5774647887323944
0.5035211267605634
0.5809859154929577
0.602112676056338
0.5950704225352113
0.5704225352112676
0.5704225352112676
0.5809859154929577
0.573943661971831
0.5070422535211268
0.5352112676056338
0.5422535211267606
0.5
0.5211267605633803
0.5070422535211268
0.6056338028169014
0.5211267605633803
0.5246478873239436
0.5669014084507042
0.49295774647887325
0.545774647887324
0.5316901408450704
0.545774647887324
0.5140845070422535
0.4788732394366197
0.5316901408450704
0.5422535211267606
0.5140845070422535
0.5176056338028169
0.5809859154929577
0.5035211267605634
0.5422535211267606
0.5035211267605634
0.5105633802816901
0.573943661971831
0.5915492957746479
0.5528169014084507
0.5704225352112676
0.5528169014084507
0.5105633802816901
0.5528169014084507
0.5070422535211268
0.5316901408450704
0.5598591549295775
0.5422535211267606
0.4612676056338028
0.6161971830985915
0.5633802816901409
0.5035211267605634
0.573943661971831
0.5070422535211268
0.5316901408450704
0.5880281690140845
0.4964788732394366
0.5633802816901409
0.5598591549295775
0.5915492957746479
0.5176056338028169
0.6091549295774648
0.5
0.5492957746478874
0.5669014084507042
0.5915492957746479
0.5669014084507042
0.528169014084507
0.5
0.5915492957746479
0.5422535211267606
0.5669014084507042
0.49295774647887325
0.5211267605633803
0.5387323943661971
0.573943661971831
0.602112676056338
0.5246478873239436
0.5774647887323944
0.5492957746478874
0.5070422535211268
0.5176056338028169
0.5246478873239436
0.5422535211267606
0.5598591549295775
0.5352112676056338
0.5422535211267606
0.528169014084507
0.5845070422535211
0.5492957746478874
0.573943661971831
0.5950704225352113
0.5
0.4859154929577465
0.5880281690140845
0.5598591549295775
0.4612676056338028
0.5704225352112676
0.5492957746478874
0.5246478873239436
0.545774647887324
0.5035211267605634
0.5422535211267606
0.5633802816901409
0.5352112676056338
0.4894366197183099
0.5528169014084507
0.5669014084507042
0.5633802816901409
0.5211267605633803
