0.24390243902439024
0.171875
0.16666666666666666
0.21666666666666667
0.2638888888888889
0.19480519480519481
0.20588235294117646
0.225
0.2
0.1323529411764706
0.16883116883116883
0.16901408450704225
0.17105263157894737
0.18181818181818182
0.328125
0.14754098360655737
0.22857142857142856
0.19230769230769232
0.21739130434782608
0.17647058823529413
0.16129032258064516
0.189873417721519
0.27419354838709675
0.1935483870967742
0.2
0.2
0.2191780821917808
0.18055555555555555
0.14492753623188406
0.1951219512195122
0.1506849315068493
0.21686746987951808
0.2916666666666667
0.1643835616438356
0.22535211267605634
0.24615384615384617
0.20253164556962025
0.17647058823529413
0.08955223880597014
0.2835820895522388
0.16666666666666666
0.19047619047619047
0.1917808219178082
0.1780821917808219
0.25
0.14084507042253522
0.16216216216216217
0.16363636363636364
0.13043478260869565
0.22950819672131148
0.14705882352941177
0.1917808219178082
0.2535211267605634
0.18461538461538463
0.21978021978021978
0.24675324675324675
0.26865671641791045
0.21311475409836064
0.24050632911392406
0.25
0.12222222222222222
0.18666666666666668
0.13157894736842105
0.15384615384615385
0.23880597014925373
0.2545454545454545
0.17142857142857143
0.21818181818181817
0.11940298507462686
0.19230769230769232
0.1694915254237288
0.18571428571428572
0.22388059701492538
0.12962962962962962
0.25
0.20512820512820512
0.15384615384615385
0.1724137931034483
0.18571428571428572
0.2535211267605634
0.18571428571428572
0.2222222222222222
0.2698412698412698
0.11764705882352941
0.16071428571428573
0.2702702702702703
0.18181818181818182
0.171875
0.20512820512820512
0.23333333333333334
0.2
0.28169014084507044
0.23076923076923078
0.18181818181818182
0.16455696202531644
0.26865671641791045
0.2028985507246377
0.1839080459770115
0.2236842105263158
0.22413793103448276
0.2328767123287671
0.15584415584415584
0.16129032258064516
0.13924050632911392
0.2361111111111111
0.24285714285714285
0.19444444444444445
0.22535211267605634
0.21794871794871795
0.15294117647058825
0.18292682926829268
0.18055555555555555
0.13793103448275862
0.14102564102564102
0.12280701754385964
0.17391304347826086
0.1875
0.09859154929577464
0.203125
0.21875
0.15625
0.18309859154929578
0.3108108108108108
0.2537313432835821
0.20588235294117646
0.18666666666666668
0.19480519480519481
0.2191780821917808
0.15942028985507245
0.296875
0.1780821917808219
0.18571428571428572
0.16049382716049382
0.14705882352941177
0.16
0.2222222222222222
0.18032786885245902
0.1935483870967742
0.17567567567567569
0.19230769230769232
0.27631578947368424
0.203125
0.2318840579710145
0.17391304347826086
0.16666666666666666
0.21333333333333335
0.19444444444444445
0.24050632911392406
0.12658227848101267
0.2602739726027397
0.14942528735632185
0.23076923076923078
0.20512820512820512
0.2054794520547945
0.20634920634920634
0.21739130434782608
0.18666666666666668
0.1780821917808219
0.21951219512195122
0.23333333333333334
0.15789473684210525
0.2702702702702703
0.19047619047619047
0.13846153846153847
0.23170731707317074
0.2702702702702703
0.19230769230769232
0.1568627450980392
0.17142857142857143
0.19696969696969696
0.18518518518518517
0.21839080459770116
0.18181818181818182
0.234375
0.20833333333333334
0.125
0.3230769230769231
0.19696969696969696
0.225
0.21052631578947367
0.19230769230769232
0.189873417721519
0.3333333333333333
0.2833333333333333
0.19696969696969696
0.20238095238095238
0.18292682926829268
0.13043478260869565
0.17142857142857143
0.14516129032258066
0.1875
0.14473684210526316
0.2696629213483146
0.2857142857142857
0.13253012048192772
0.2191780821917808
0.2753623188405797
0.22666666666666666
0.23529411764705882
0.2
0.12698412698412698
0.2236842105263158
0.18571428571428572
0.2537313432835821
0.15714285714285714
0.15254237288135594
0.2777777777777778
0.24615384615384617
0.23684210526315788
0.17105263157894737
0.14084507042253522
0.15476190476190477
0.1951219512195122
0.23076923076923078
0.20270270270270271
0.23943661971830985
0.21739130434782608
0.22807017543859648
0.24691358024691357
0.18055555555555555
0.2
0.16455696202531644
0.22666666666666666
0.23333333333333334
0.23076923076923078
0.17073170731707318
0.1375
0.2571428571428571
0.21621621621621623
0.26666666666666666
0.22077922077922077
0.17567567567567569
0.21666666666666667
0.2857142857142857
0.24324324324324326
0.19718309859154928
0.21875
0.15384615384615385
0.2028985507246377
0.22077922077922077
0.18461538461538463
0.14705882352941177
0.15384615384615385
0.16853932584269662
0.16901408450704225
0.2112676056338028
0.16216216216216217
0.25
0.18571428571428572
0.23943661971830985
0.21333333333333335
0.23333333333333334
0.19718309859154928
0.24358974358974358
0.23880597014925373
0.2608695652173913
0.1232876712328767
0.2619047619047619
0.16666666666666666
0.28205128205128205
0.19402985074626866
0.15384615384615385
0.14285714285714285
0.24358974358974358
0.208955223880597
0.1643835616438356
0.19402985074626866
0.25757575757575757
0.19718309859154928
0.29333333333333333
0.2
0.2564102564102564
0.2982456140350877
0.20512820512820512
0.15873015873015872
0.1724137931034483
0.16923076923076924
0.2328767123287671
0.16176470588235295
0.11764705882352941
0.35714285714285715
0.30158730158730157
0.2698412698412698
0.14473684210526316
0.3
0.16666666666666666
0.27692307692307694
0.2
0.12903225806451613
0.25
0.15873015873015872
0.19480519480519481
0.14285714285714285
0.2727272727272727
0.17857142857142858
0.14084507042253522
0.23809523809523808
0.17391304347826086
0.1891891891891892
0.1625
0.24615384615384617
0.2916666666666667
0.14285714285714285
0.18333333333333332
0.22727272727272727
0.3333333333333333
0.23943661971830985
0.23684210526315788
0.2465753424657534
0.16666666666666666
0.19480519480519481
0.21311475409836064
0.20481927710843373
0.2
0.22857142857142856
0.16901408450704225
0.1791044776119403
0.18421052631578946
0.23214285714285715
0.16923076923076924
0.2261904761904762
0.20689655172413793
0.2361111111111111
0.2328767123287671
0.24
0.15151515151515152
0.11594202898550725
0.19736842105263158
0.189873417721519
0.2318840579710145
0.19753086419753085
0.1791044776119403
0.14285714285714285
0.2535211267605634
0.21739130434782608
0.1111111111111111
0.1625
0.19718309859154928
0.19047619047619047
0.2361111111111111
0.21428571428571427
0.24285714285714285
0.1724137931034483
0.21052631578947367
0.14545454545454545
0.12857142857142856
0.24193548387096775
0.23943661971830985
0.24324324324324326
0.15789473684210525
0.16923076923076924
0.20588235294117646
0.2
0.20588235294117646
0.22077922077922077
0.21739130434782608
0.2125
0.22784810126582278
0.24050632911392406
0.2714285714285714
0.17567567567567569
0.15151515151515152
0.23809523809523808
0.2361111111111111
0.23529411764705882
0.19444444444444445
0.25757575757575757
0.21739130434782608
0.21686746987951808
0.22580645161290322
0.140625
0.21348314606741572
0.21739130434782608
0.1095890410958904
0.20833333333333334
0.13043478260869565
0.21052631578947367
0.1791044776119403
0.3064516129032258
0.22058823529411764
0.18181818181818182
0.22580645161290322
0.16883116883116883
0.12658227848101267
0.20588235294117646
0.23529411764705882
0.21428571428571427
0.22580645161290322
0.10810810810810811
0.22388059701492538
0.22972972972972974
0.19753086419753085
0.2375
0.2236842105263158
0.18571428571428572
0.25806451612903225
0.2222222222222222
0.2028985507246377
0.10606060606060606
0.1746031746031746
0.1746031746031746
0.09090909090909091
0.26666666666666666
0.19047619047619047
0.21212121212121213
0.19718309859154928
0.25
0.23529411764705882
0.2153846153846154
0.21212121212121213
0.23333333333333334
0.17391304347826086
0.2463768115942029
0.2463768115942029
0.17857142857142858
0.18666666666666668
0.15625
0.2236842105263158
0.15
0.273972602739726
0.2112676056338028
0.20987654320987653
0.13333333333333333
0.1875
0.19736842105263158
0.2
0.19696969696969696
0.1388888888888889
0.18666666666666668
0.19696969696969696
0.16666666666666666
0.2375
0.2112676056338028
0.21739130434782608
0.21052631578947367
0.21333333333333335
0.203125
0.22535211267605634
0.15584415584415584
0.3220338983050847
0.1927710843373494
0.2564102564102564
0.23809523809523808
0.2608695652173913
0.125
0.18666666666666668
0.25333333333333335
0.19117647058823528
0.22666666666666666
0.15492957746478872
0.16666666666666666
0.23076923076923078
0.1323529411764706
0.1917808219178082
0.14705882352941177
0.28125
0.2222222222222222
0.2
0.21428571428571427
0.19402985074626866
0.12962962962962962
0.15384615384615385
0.10606060606060606
0.2236842105263158
0.19718309859154928
0.14754098360655737
0.2112676056338028
0.1791044776119403
0.23076923076923078
0.15384615384615385
0.15492957746478872
0.24324324324324326
0.2876712328767123
0.14285714285714285
0.23809523809523808
0.2236842105263158
0.17721518987341772
0.23333333333333334
0.27380952380952384
0.15625
0.1388888888888889
0.125
0.2753623188405797
0.2073170731707317
0.22388059701492538
0.2857142857142857
0.2676056338028169
0.17567567567567569
0.2
0.2
0.17391304347826086
0.20833333333333334
0.22388059701492538
0.18840579710144928
0.1791044776119403
0.21333333333333335
0.18666666666666668
0.21311475409836064
0.15151515151515152
0.2289156626506024
