0.5531914893617021
0.6097560975609756
0.5490196078431373
0.5306122448979592
0.675
0.5434782608695652
0.5641025641025641
0.5510204081632653
0.5111111111111111
0.5208333333333334
0.5434782608695652
0.6341463414634146
0.47058823529411764
0.6410256410256411
0.4666666666666667
0.5094339622641509
0.5625
0.5
0.5319148936170213
0.48148148148148145
0.5384615384615384
0.627906976744186
0.6511627906976745
0.52
0.6190476190476191
0.5952380952380952
0.5084745762711864
0.5714285714285714
0.5384615384615384
0.48148148148148145
0.5306122448979592
0.5
0.574468085106383
0.5319148936170213
0.5454545454545454
0.49056603773584906
0.5
0.5918367346938775
0.5384615384615384
0.5319148936170213
0.40384615384615385
0.43859649122807015
0.48936170212765956
0.625
0.47058823529411764
0.5319148936170213
0.5434782608695652
0.5681818181818182
0.5384615384615384
0.5208333333333334
0.5625
0.47058823529411764
0.5
0.5094339622641509
0.5652173913043478
0.5869565217391305
0.5714285714285714
0.5714285714285714
0.5490196078431373
0.5094339622641509
0.5490196078431373
0.5681818181818182
0.56
0.6341463414634146
0.5434782608695652
0.5777777777777777
0.5686274509803921
0.64
0.5106382978723404
0.6444444444444445
0.4782608695652174
0.5384615384615384
0.46153846153846156
0.5957446808510638
0.48936170212765956
0.5416666666666666
0.5510204081632653
0.5625
0.5686274509803921
0.5185185185185185
0.4827586206896552
0.5416666666666666
0.5272727272727272
0.4489795918367347
0.5531914893617021
0.5510204081632653
0.5777777777777777
0.55
0.5833333333333334
0.5106382978723404
0.48
0.5909090909090909
0.6097560975609756
0.5454545454545454
0.4807692307692308
0.5208333333333334
0.5714285714285714
0.5869565217391305
0.5869565217391305
0.5217391304347826
0.6222222222222222
0.54
0.5576923076923077
0.6
0.5555555555555556
0.5185185185185185
0.42857142857142855
0.5581395348837209
0.5
0.6037735849056604
0.5
0.5208333333333334
0.5714285714285714
0.5217391304347826
0.5416666666666666
0.6428571428571429
0.5909090909090909
0.5102040816326531
0.5
0.631578947368421
0.5681818181818182
0.49019607843137253
0.5581395348837209
0.5813953488372093
0.58
0.6666666666666666
0.6486486486486487
0.5
0.47540983606557374
0.5714285714285714
0.4339622641509434
0.5208333333333334
0.5283018867924528
0.6585365853658537
0.5625
0.5106382978723404
0.5535714285714286
0.6046511627906976
0.5098039215686274
0.5813953488372093
0.5490196078431373
0.46551724137931033
0.48
0.5769230769230769
0.5217391304347826
0.5909090909090909
0.56
0.6382978723404256
0.5777777777777777
0.5833333333333334
0.5510204081632653
0.5283018867924528
0.5272727272727272
0.6122448979591837
0.6097560975609756
0.52
0.6595744680851063
0.5714285714285714
0.5
0.5306122448979592
0.5
0.44680851063829785
0.509090909090909
0.52
0.6590909090909091
0.6222222222222222
0.4489795918367347
0.5609756097560976
0.5098039215686274
0.5476190476190477
0.5853658536585366
0.6052631578947368
0.5909090909090909
0.5
0.5
0.4642857142857143
0.425531914893617
0.5098039215686274
0.5208333333333334
0.509090909090909
0.4716981132075472
0.5714285714285714
0.54
0.6
0.6
0.6086956521739131
0.5106382978723404
0.5
0.5909090909090909
0.6410256410256411
0.5625
0.5319148936170213
0.423728813559322
0.5217391304347826
0.5918367346938775
0.6041666666666666
0.54
0.5208333333333334
0.5652173913043478
0.5
0.5087719298245614
0.5416666666666666
0.5714285714285714
0.5111111111111111
0.5853658536585366
0.5333333333333333
0.6136363636363636
0.6341463414634146
0.5416666666666666
0.5652173913043478
0.5
0.631578947368421
0.5777777777777777
0.5102040816326531
0.52
0.5294117647058824
0.6428571428571429
0.5348837209302325
0.6153846153846154
0.4318181818181818
0.4791666666666667
0.5686274509803921
0.5333333333333333
0.58
0.625
0.5227272727272727
0.4745762711864407
0.5306122448979592
0.5185185185185185
0.6078431372549019
0.5
0.6428571428571429
0.5897435897435898
0.5094339622641509
0.5098039215686274
0.5333333333333333
0.52
0.6
0.5306122448979592
0.4727272727272727
0.6046511627906976
0.5714285714285714
0.49056603773584906
0.5
0.5
0.5531914893617021
0.6428571428571429
0.5102040816326531
0.5102040816326531
0.4727272727272727
0.5084745762711864
0.5769230769230769
0.5652173913043478
0.5833333333333334
0.5294117647058824
0.56
0.5
0.58
0.6097560975609756
0.4909090909090909
0.6190476190476191
0.6222222222222222
0.6444444444444445
0.56
0.7
0.6170212765957447
0.5853658536585366
0.4909090909090909
0.5714285714285714
0.5217391304347826
0.5111111111111111
0.5102040816326531
0.5510204081632653
0.4807692307692308
0.4782608695652174
0.5434782608695652
0.4909090909090909
0.43859649122807015
0.6222222222222222
0.5384615384615384
0.6
0.5918367346938775
0.5370370370370371
0.5652173913043478
0.5098039215686274
0.49019607843137253
0.4126984126984127
0.5094339622641509
0.5454545454545454
0.5833333333333334
0.6428571428571429
0.5416666666666666
0.6170212765957447
0.6046511627906976
0.5476190476190477
0.5609756097560976
0.5306122448979592
0.5476190476190477
0.5185185185185185
0.5238095238095238
0.5208333333333334
0.5283018867924528
0.5416666666666666
0.5178571428571429
0.5686274509803921
0.5434782608695652
0.5813953488372093
0.4807692307692308
0.43859649122807015
0.5833333333333334
0.5
0.5636363636363636
0.5952380952380952
0.5897435897435898
0.6666666666666666
0.5192307692307693
0.5208333333333334
0.5909090909090909
0.4782608695652174
0.627906976744186
0.6444444444444445
0.48214285714285715
0.5098039215686274
0.5319148936170213
0.6122448979591837
0.5957446808510638
0.5116279069767442
0.5087719298245614
0.6
0.5384615384615384
0.5217391304347826
0.49019607843137253
0.6046511627906976
0.5576923076923077
0.5531914893617021
0.5510204081632653
0.5581395348837209
0.4339622641509434
0.5555555555555556
0.5384615384615384
0.46296296296296297
0.5416666666666666
0.4423076923076923
0.6046511627906976
0.574468085106383
0.4909090909090909
0.5476190476190477
0.5
0.4807692307692308
0.6216216216216216
0.6052631578947368
0.574468085106383
0.5102040816326531
0.5454545454545454
0.5531914893617021
0.46296296296296297
0.5660377358490566
0.5
0.5869565217391305
0.5227272727272727
0.625
0.5283018867924528
0.5490196078431373
0.48
0.5106382978723404
0.5555555555555556
0.5531914893617021
0.5961538461538461
0.5555555555555556
0.5106382978723404
0.5098039215686274
0.5111111111111111
0.5272727272727272
0.43548387096774194
0.55
0.43859649122807015
0.5098039215686274
0.7142857142857143
0.5319148936170213
0.48
0.48148148148148145
0.5714285714285714
0.6304347826086957
0.6041666666666666
0.56
0.5306122448979592
0.5581395348837209
0.49056603773584906
0.625
0.625
0.6666666666666666
0.5
0.4888888888888889
0.627906976744186
0.5384615384615384
0.5681818181818182
0.5714285714285714
0.4888888888888889
0.5833333333333334
0.47058823529411764
0.5
0.5952380952380952
0.5490196078431373
0.4791666666666667
0.5
0.43636363636363634
0.5813953488372093
0.625
0.52
0.5306122448979592
0.46153846153846156
0.5531914893617021
0.5
0.5454545454545454
0.5416666666666666
0.5490196078431373
0.48936170212765956
0.47058823529411764
0.5094339622641509
0.5111111111111111
0.5531914893617021
0.5510204081632653
0.5185185185185185
0.5
0.5106382978723404
0.54
0.5945945945945946
0.5957446808510638
0.5094339622641509
0.5185185185185185
0.58
0.44642857142857145
0.5098039215686274
0.4897959183673469
0.5121951219512195
0.46938775510204084
0.6086956521739131
0.4339622641509434
0.5227272727272727
0.627906976744186
0.5510204081632653
0.5319148936170213
0.5208333333333334
0.47540983606557374
0.5333333333333333
0.5957446808510638
0.5098039215686274
0.6
0.5869565217391305
0.5535714285714286
0.5306122448979592
0.6046511627906976
0.6037735849056604
0.575
0.5681818181818182
0.5434782608695652
0.5106382978723404
0.5172413793103449
0.5217391304347826
0.5555555555555556
0.5434782608695652
0.5957446808510638
0.5294117647058824
0.4909090909090909
0.5102040816326531
0.509090909090909
0.5625
0.5853658536585366
0.5681818181818182
0.6153846153846154
0.5625
0.6222222222222222
0.5681818181818182
0.5370370370370371
0.575
0.5319148936170213
0.58
0.5294117647058824
0.5
0.6170212765957447
0.5813953488372093
0.6511627906976745
0.5
0.5416666666666666
0.5869565217391305
0.58
0.5434782608695652
0.5641025641025641
0.627906976744186
0.5348837209302325
0.5
0.5531914893617021
0.6666666666666666
0.5084745762711864
0.5416666666666666
0.6666666666666666
0.717948717948718
0.4897959183673469
0.6122448979591837
0.5813953488372093
