0.4225352112676056
0.4859154929577465
0.4084507042253521
0.30633802816901406
0.4225352112676056
0.397887323943662
0.4154929577464789
0.4471830985915493
0.3626760563380282
0.4788732394366197
0.39436619718309857
0.41901408450704225
0.45422535211267606
0.4084507042253521
0.4647887323943662
0.4225352112676056
0.49295774647887325
0.45422535211267606
0.41901408450704225
0.4647887323943662
0.5105633802816901
0.3908450704225352
0.397887323943662
0.3873239436619718
0.39436619718309857
0.3873239436619718
0.4154929577464789
0.4295774647887324
0.3485915492957746
0.5246478873239436
0.4859154929577465
0.38380281690140844
0.41901408450704225
0.41901408450704225
0.41901408450704225
0.5035211267605634
0.4507042253521127
0.2887323943661972
0.4788732394366197
0.4225352112676056
0.38380281690140844
0.4471830985915493
0.43309859154929575
0.36619718309859156
0.43661971830985913
0.3626760563380282
0.4084507042253521
0.4859154929577465
0.3732394366197183
0.40492957746478875
0.44366197183098594
0.4225352112676056
0.41901408450704225
0.3732394366197183
0.41901408450704225
0.45422535211267606
0.43661971830985913
0.4119718309859155
0.40492957746478875
0.4014084507042254
0.43661971830985913
0.41901408450704225
0.46830985915492956
0.4225352112676056
0.3274647887323944
0.3873239436619718
0.4788732394366197
0.40492957746478875
0.49295774647887325
0.43309859154929575
0.4647887323943662
0.3873239436619718
0.4084507042253521
0.46830985915492956
0.47183098591549294
0.45774647887323944
0.352112676056338
0.4647887323943662
0.4225352112676056
0.4119718309859155
0.4014084507042254
0.4014084507042254
0.44014084507042256
0.4295774647887324
0.397887323943662
0.4507042253521127
0.43661971830985913
0.44366197183098594
0.44366197183098594
0.45774647887323944
0.40492957746478875
0.4612676056338028
0.5105633802816901
0.4119718309859155
0.4295774647887324
0.4471830985915493
0.36971830985915494
0.40492957746478875
0.41901408450704225
0.3908450704225352
0.38028169014084506
0.352112676056338
0.5140845070422535
0.46830985915492956
0.4295774647887324
0.38380281690140844
0.4823943661971831
0.4647887323943662
0.4859154929577465
0.46830985915492956
0.4647887323943662
0.41901408450704225
0.43309859154929575
0.426056338028169
0.4753521126760563
0.4084507042253521
0.4084507042253521
0.4084507042253521
0.36619718309859156
0.3908450704225352
0.397887323943662
0.4647887323943662
0.4788732394366197
0.3873239436619718
0.4119718309859155
0.36619718309859156
0.4014084507042254
0.4295774647887324
0.397887323943662
0.4084507042253521
0.4471830985915493
0.5140845070422535
0.5
0.352112676056338
0.4507042253521127
0.4612676056338028
0.4507042253521127
0.3415492957746479
0.5598591549295775
0.4507042253521127
0.34507042253521125
0.47183098591549294
0.40492957746478875
0.426056338028169
0.44014084507042256
0.426056338028169
0.4225352112676056
0.45422535211267606
0.3732394366197183
0.3908450704225352
0.4084507042253521
0.36619718309859156
0.4507042253521127
0.35563380281690143
0.49295774647887325
0.47183098591549294
0.44014084507042256
0.4295774647887324
0.5035211267605634
0.4225352112676056
0.4154929577464789
0.4119718309859155
0.46830985915492956
0.397887323943662
0.5035211267605634
0.40492957746478875
0.46830985915492956
0.3626760563380282
0.36971830985915494
0.4788732394366197
0.397887323943662
0.5035211267605634
0.41901408450704225
0.4471830985915493
0.41901408450704225
0.44014084507042256
0.47183098591549294
0.44014084507042256
0.47183098591549294
0.40492957746478875
0.46830985915492956
0.4507042253521127
0.4154929577464789
0.4295774647887324
0.41901408450704225
0.4154929577464789
0.44014084507042256
0.33098591549295775
0.4507042253521127
0.4507042253521127
0.4647887323943662
0.3591549295774648
0.43309859154929575
0.45422535211267606
0.4225352112676056
0.43661971830985913
0.45774647887323944
0.397887323943662
0.39436619718309857
0.46830985915492956
0.4753521126760563
0.45774647887323944
0.38380281690140844
0.3908450704225352
0.4295774647887324
0.4507042253521127
0.397887323943662
0.426056338028169
0.4964788732394366
0.4612676056338028
0.5316901408450704
0.38028169014084506
0.4753521126760563
0.4154929577464789
0.4295774647887324
0.4507042253521127
0.5
0.4788732394366197
0.426056338028169
0.3873239436619718
0.4964788732394366
0.4084507042253521
0.4295774647887324
0.3626760563380282
0.4507042253521127
0.3485915492957746
0.3274647887323944
0.426056338028169
0.46830985915492956
0.44014084507042256
0.4084507042253521
0.35563380281690143
0.4507042253521127
0.44366197183098594
0.45774647887323944
0.4612676056338028
0.397887323943662
0.44014084507042256
0.426056338028169
0.44366197183098594
0.5105633802816901
0.3345070422535211
0.426056338028169
0.4084507042253521
0.4295774647887324
0.5387323943661971
0.4225352112676056
0.44366197183098594
0.5
0.38380281690140844
0.4295774647887324
0.426056338028169
0.4894366197183099
0.4507042253521127
0.4154929577464789
0.3873239436619718
0.4507042253521127
0.4753521126760563
0.3873239436619718
0.3873239436619718
0.47183098591549294
0.45422535211267606
0.397887323943662
0.3732394366197183
0.3908450704225352
0.3732394366197183
0.4295774647887324
0.44014084507042256
0.4647887323943662
0.49295774647887325
0.36971830985915494
0.4507042253521127
0.3626760563380282
0.4647887323943662
0.3415492957746479
0.426056338028169
0.41901408450704225
0.34507042253521125
0.3591549295774648
0.40492957746478875
0.4295774647887324
0.4295774647887324
0.4295774647887324
0.4471830985915493
0.36971830985915494
0.4119718309859155
0.4295774647887324
0.45774647887323944
0.39436619718309857
0.36971830985915494
0.5070422535211268
0.4154929577464789
0.4471830985915493
0.426056338028169
0.4119718309859155
0.41901408450704225
0.4471830985915493
0.40492957746478875
0.4295774647887324
0.43661971830985913
0.44014084507042256
0.45774647887323944
0.4647887323943662
0.44014084507042256
0.5105633802816901
0.4014084507042254
0.35563380281690143
0.3626760563380282
0.4507042253521127
0.4295774647887324
0.5105633802816901
0.35563380281690143
0.43661971830985913
0.4753521126760563
0.4471830985915493
0.3767605633802817
0.49295774647887325
0.41901408450704225
0.4154929577464789
0.44366197183098594
0.4014084507042254
0.4823943661971831
0.44366197183098594
0.4295774647887324
0.4471830985915493
0.35563380281690143
0.4084507042253521
0.5528169014084507
0.43309859154929575
0.47183098591549294
0.38380281690140844
0.39436619718309857
0.36971830985915494
0.36971830985915494
0.4471830985915493
0.36619718309859156
0.38028169014084506
0.4154929577464789
0.35563380281690143
0.47183098591549294
0.44366197183098594
0.4859154929577465
0.45774647887323944
0.39436619718309857
0.4154929577464789
0.426056338028169
0.4084507042253521
0.4295774647887324
0.43309859154929575
0.45422535211267606
0.4894366197183099
0.3274647887323944
0.47183098591549294
0.4471830985915493
0.45422535211267606
0.4964788732394366
0.4823943661971831
0.4084507042253521
0.4507042253521127
0.4964788732394366
0.4823943661971831
0.5070422535211268
0.44366197183098594
0.3626760563380282
0.41901408450704225
0.44366197183098594
0.3767605633802817
0.43661971830985913
0.45422535211267606
0.4295774647887324
0.4471830985915493
0.4823943661971831
0.3732394366197183
0.4225352112676056
0.44366197183098594
0.43661971830985913
0.43309859154929575
0.3908450704225352
0.426056338028169
0.426056338028169
0.4119718309859155
0.4894366197183099
0.4612676056338028
0.4295774647887324
0.4225352112676056
0.38380281690140844
0.44014084507042256
0.45422535211267606
0.45774647887323944
0.45774647887323944
0.3908450704225352
0.45422535211267606
0.4964788732394366
0.4507042253521127
0.38028169014084506
0.36619718309859156
0.38380281690140844
0.4119718309859155
0.4471830985915493
0.36619718309859156
0.47183098591549294
0.43661971830985913
0.3274647887323944
0.4471830985915493
0.4295774647887324
0.41901408450704225
0.5
0.3591549295774648
0.4894366197183099
0.4154929577464789
0.352112676056338
0.33098591549295775
0.43661971830985913
0.4507042253521127
0.40492957746478875
0.4612676056338028
0.49295774647887325
0.3485915492957746
0.4612676056338028
0.45774647887323944
0.4507042253521127
0.4154929577464789
0.4119718309859155
0.44014084507042256
0.44366197183098594
0.44366197183098594
0.3732394366197183
0.38380281690140844
0.4471830985915493
0.4507042253521127
0.4753521126760563
0.3908450704225352
0.4753521126760563
0.4225352112676056
0.4084507042253521
0.4647887323943662
0.3873239436619718
0.44014084507042256
0.4225352112676056
0.41901408450704225
0.3873239436619718
0.4154929577464789
0.46830985915492956
0.4014084507042254
0.36619718309859156
0.4612676056338028
0.4225352112676056
0.4084507042253521
0.43661971830985913
0.4507042253521127
0.426056338028169
0.4471830985915493
0.44366197183098594
0.4014084507042254
0.3732394366197183
0.4119718309859155
0.3345070422535211
0.4154929577464789
0.4119718309859155
0.3626760563380282
0.39436619718309857
0.4612676056338028
0.3908450704225352
0.4753521126760563
0.43661971830985913
0.3908450704225352
0.45774647887323944
0.44014084507042256
0.43309859154929575
0.45774647887323944
0.4612676056338028
0.4964788732394366
0.397887323943662
0.49295774647887325
0.397887323943662
0.4295774647887324
0.46830985915492956
0.426056338028169
0.426056338028169
0.4119718309859155
0.426056338028169
0.43661971830985913
0.43661971830985913
0.4647887323943662
0.3626760563380282
0.4295774647887324
0.44014084507042256
0.36619718309859156
0.38028169014084506
0.4894366197183099
0.4295774647887324
0.4823943661971831
0.4471830985915493
0.4507042253521127
0.4894366197183099
0.4823943661971831
0.4859154929577465
0.43309859154929575
0.5
0.4507042253521127
