0.45422535211267606
0.4507042253521127
0.4014084507042254
0.4612676056338028
0.45422535211267606
0.4507042253521127
0.4507042253521127
0.4788732394366197
0.46830985915492956
0.44014084507042256
0.45422535211267606
0.4823943661971831
0.49295774647887325
0.45422535211267606
0.5
0.4295774647887324
0.47183098591549294
0.4788732394366197
0.4612676056338028
0.4612676056338028
0.3767605633802817
0.5211267605633803
0.43309859154929575
0.44366197183098594
0.44366197183098594
0.4119718309859155
0.4788732394366197
0.4753521126760563
0.4753521126760563
0.4894366197183099
0.4471830985915493
0.45422535211267606
0.4154929577464789
0.45422535211267606
0.47183098591549294
0.4964788732394366
0.44366197183098594
0.4295774647887324
0.39436619718309857
0.4788732394366197
0.45422535211267606
0.4295774647887324
0.5246478873239436
0.426056338028169
0.45422535211267606
0.4647887323943662
0.5070422535211268
0.426056338028169
0.4295774647887324
0.5492957746478874
0.4507042253521127
0.5035211267605634
0.44366197183098594
0.4119718309859155
0.4823943661971831
0.4647887323943662
0.4788732394366197
0.44366197183098594
0.4788732394366197
0.4612676056338028
0.4859154929577465
0.4647887323943662
0.5035211267605634
0.4014084507042254
0.4084507042253521
0.45774647887323944
0.4471830985915493
0.45422535211267606
0.4295774647887324
0.5140845070422535
0.44014084507042256
0.4964788732394366
0.4225352112676056
0.38028169014084506
0.4014084507042254
0.45774647887323944
0.4753521126760563
0.45422535211267606
0.47183098591549294
0.4753521126760563
0.5176056338028169
0.4823943661971831
0.397887323943662
0.44366197183098594
0.4788732394366197
0.43661971830985913
0.4823943661971831
0.397887323943662
0.40492957746478875
0.5
0.5070422535211268
0.5
0.46830985915492956
0.44366197183098594
0.4753521126760563
0.45774647887323944
0.44014084507042256
0.4823943661971831
0.43661971830985913
0.4471830985915493
0.5
0.4119718309859155
0.5070422535211268
0.4154929577464789
0.4295774647887324
0.4471830985915493
0.43661971830985913
0.4823943661971831
0.43309859154929575
0.43661971830985913
0.4471830985915493
0.4964788732394366
0.47183098591549294
0.44014084507042256
0.4295774647887324
0.4295774647887324
0.4823943661971831
0.47183098591549294
0.528169014084507
0.4295774647887324
0.46830985915492956
0.4084507042253521
0.4084507042253521
0.4471830985915493
0.43661971830985913
0.4647887323943662
0.43309859154929575
0.41901408450704225
0.5105633802816901
0.4894366197183099
0.4753521126760563
0.4964788732394366
0.46830985915492956
0.4225352112676056
0.4612676056338028
0.5
0.4753521126760563
0.47183098591549294
0.44014084507042256
0.4225352112676056
0.4647887323943662
0.352112676056338
0.4154929577464789
0.4823943661971831
0.3908450704225352
0.44366197183098594
0.4894366197183099
0.4612676056338028
0.4295774647887324
0.4471830985915493
0.41901408450704225
0.4084507042253521
0.45422535211267606
0.4788732394366197
0.426056338028169
0.5
0.397887323943662
0.45422535211267606
0.5140845070422535
0.4788732394366197
0.45422535211267606
0.4471830985915493
0.4507042253521127
0.46830985915492956
0.43661971830985913
0.4753521126760563
0.44014084507042256
0.426056338028169
0.4225352112676056
0.44366197183098594
0.47183098591549294
0.43309859154929575
0.41901408450704225
0.4154929577464789
0.4471830985915493
0.46830985915492956
0.4964788732394366
0.47183098591549294
0.4507042253521127
0.3873239436619718
0.44366197183098594
0.4014084507042254
0.4823943661971831
0.38028169014084506
0.45774647887323944
0.3767605633802817
0.4753521126760563
0.4823943661971831
0.45774647887323944
0.45422535211267606
0.5035211267605634
0.45774647887323944
0.4612676056338028
0.45422535211267606
0.41901408450704225
0.5070422535211268
0.49295774647887325
0.4964788732394366
0.426056338028169
0.46830985915492956
0.4295774647887324
0.4119718309859155
0.4119718309859155
0.4894366197183099
0.4471830985915493
0.4647887323943662
0.426056338028169
0.4084507042253521
0.44366197183098594
0.3873239436619718
0.3908450704225352
0.44014084507042256
0.45774647887323944
0.5070422535211268
0.5
0.45422535211267606
0.36971830985915494
0.4647887323943662
0.44366197183098594
0.4507042253521127
0.4225352112676056
0.4859154929577465
0.397887323943662
0.426056338028169
0.41901408450704225
0.44366197183098594
0.43661971830985913
0.4647887323943662
0.45422535211267606
0.43309859154929575
0.4823943661971831
0.43309859154929575
0.49295774647887325
0.45422535211267606
0.426056338028169
0.45774647887323944
0.426056338028169
0.4647887323943662
0.43661971830985913
0.4788732394366197
0.4859154929577465
0.45774647887323944
0.47183098591549294
0.4788732394366197
0.44014084507042256
0.44014084507042256
0.43661971830985913
0.426056338028169
0.43661971830985913
0.4507042253521127
0.528169014084507
0.4507042253521127
0.426056338028169
0.45774647887323944
0.41901408450704225
0.5035211267605634
0.426056338028169
0.4507042253521127
0.4753521126760563
0.5105633802816901
0.4647887323943662
0.47183098591549294
0.44014084507042256
0.4225352112676056
0.43661971830985913
0.3908450704225352
0.44014084507042256
0.426056338028169
0.4295774647887324
0.4612676056338028
0.44014084507042256
0.4647887323943662
0.4154929577464789
0.5
0.4788732394366197
0.4647887323943662
0.4612676056338028
0.44366197183098594
0.4859154929577465
0.4507042253521127
0.4612676056338028
0.39436619718309857
0.5
0.49295774647887325
0.4295774647887324
0.4154929577464789
0.4823943661971831
0.4823943661971831
0.41901408450704225
0.4471830985915493
0.45774647887323944
0.46830985915492956
0.5246478873239436
0.4119718309859155
0.4612676056338028
0.43661971830985913
0.4295774647887324
0.45422535211267606
0.43661971830985913
0.4612676056338028
0.4964788732394366
0.4084507042253521
0.4788732394366197
0.4753521126760563
0.43661971830985913
0.4295774647887324
0.45774647887323944
0.4964788732394366
0.4647887323943662
0.45422535211267606
0.4859154929577465
0.3908450704225352
0.5070422535211268
0.47183098591549294
0.5035211267605634
0.4471830985915493
0.44366197183098594
0.41901408450704225
0.4823943661971831
0.4084507042253521
0.41901408450704225
0.44014084507042256
0.5387323943661971
0.5035211267605634
0.47183098591549294
0.4084507042253521
0.4859154929577465
0.3767605633802817
0.46830985915492956
0.4612676056338028
0.49295774647887325
0.5176056338028169
0.4894366197183099
0.39436619718309857
0.4894366197183099
0.4964788732394366
0.44014084507042256
0.45774647887323944
0.4295774647887324
0.4823943661971831
0.4823943661971831
0.4894366197183099
0.4753521126760563
0.41901408450704225
0.3908450704225352
0.5035211267605634
0.4612676056338028
0.5140845070422535
0.4471830985915493
0.4014084507042254
0.4507042253521127
0.4964788732394366
0.528169014084507
0.44366197183098594
0.4119718309859155
0.45774647887323944
0.44014084507042256
0.4119718309859155
0.4225352112676056
0.4225352112676056
0.3767605633802817
0.4295774647887324
0.4507042253521127
0.4295774647887324
0.47183098591549294
0.4119718309859155
0.44366197183098594
0.45422535211267606
0.43309859154929575
0.4859154929577465
0.47183098591549294
0.43309859154929575
0.41901408450704225
0.4823943661971831
0.41901408450704225
0.4507042253521127
0.4788732394366197
0.49295774647887325
0.44014084507042256
0.4647887323943662
0.4295774647887324
0.426056338028169
0.44366197183098594
0.4964788732394366
0.46830985915492956
0.43309859154929575
0.47183098591549294
0.4471830985915493
0.4859154929577465
0.4894366197183099
0.3767605633802817
0.4295774647887324
0.4859154929577465
0.4225352112676056
0.4964788732394366
0.41901408450704225
0.397887323943662
0.40492957746478875
0.4295774647887324
0.4295774647887324
0.41901408450704225
0.426056338028169
0.49295774647887325
0.4647887323943662
0.45774647887323944
0.5
0.4788732394366197
0.49295774647887325
0.39436619718309857
0.4788732394366197
0.4753521126760563
0.43309859154929575
0.5070422535211268
0.45422535211267606
0.46830985915492956
0.45422535211267606
0.4859154929577465
0.5211267605633803
0.46830985915492956
0.45774647887323944
0.4859154929577465
0.4823943661971831
0.41901408450704225
0.4964788732394366
0.45774647887323944
0.4964788732394366
0.4894366197183099
0.426056338028169
0.4084507042253521
0.4471830985915493
0.4295774647887324
0.4471830985915493
0.4894366197183099
0.4471830985915493
0.49295774647887325
0.46830985915492956
0.44014084507042256
0.45774647887323944
0.5387323943661971
0.38380281690140844
0.43661971830985913
0.4964788732394366
0.426056338028169
0.49295774647887325
0.46830985915492956
0.4119718309859155
0.5035211267605634
0.43661971830985913
0.44014084507042256
0.4084507042253521
0.4823943661971831
0.3908450704225352
0.5
0.4507042253521127
0.43309859154929575
0.4084507042253521
0.43309859154929575
0.47183098591549294
0.5
0.4084507042253521
0.45774647887323944
0.43309859154929575
0.5070422535211268
0.4788732394366197
0.4612676056338028
0.426056338028169
0.397887323943662
0.4753521126760563
0.4225352112676056
0.4507042253521127
0.49295774647887325
0.4823943661971831
0.4753521126760563
0.45774647887323944
0.44014084507042256
0.4647887323943662
0.45774647887323944
0.47183098591549294
0.4154929577464789
0.4507042253521127
0.426056338028169
0.40492957746478875
0.5
0.5140845070422535
0.4119718309859155
0.44014084507042256
0.5387323943661971
0.4295774647887324
0.4507042253521127
0.4753521126760563
0.45422535211267606
0.4964788732394366
0.45774647887323944
0.43661971830985913
0.4647887323943662
0.5105633802816901
0.4471830985915493
0.43309859154929575
0.43661971830985913
0.4788732394366197
