0.1729318065186359
0.15331900158527112
0.15632554186733275
0.16296964598149483
0.15780336753136892
0.16250042530725484
0.1516419219725525
0.18105399766674746
0.16818401168376135
0.15110961042808846
0.15156270718380097
0.1523350401201229
0.16278827813309915
0.15482100834765428
0.15651622700650117
0.15420411712971954
0.15162691090091335
0.16092116182253363
0.17381910233143508
0.15092150730045878
0.14975980794895247
0.16386255286782347
0.15686259096085275
0.1663629873370811
0.15700337151853425
0.1616471064351025
0.16175526910836793
0.15570581823188093
0.16110384337399866
0.14397628469106794
0.15339961259175572
0.16236976535850076
0.16273977674934342
0.14900315636344086
0.16322620828227213
0.16110629556447711
0.15686247735493009
0.1634455115559056
0.14571717946584425
0.15903929740435072
0.16304515000805536
0.17436157345260328
0.15727052544532047
0.1633114498929886
0.15186829046090392
0.16586763085210107
0.16394619689077244
0.1582162153766173
0.17230201603053566
0.16256167487160128
0.16424083024662223
0.154623350488094
0.1608710516891299
0.16031196498628675
0.15858948351410052
0.15810594777146647
0.15637754894436817
0.1642770099633281
0.1590020206362039
0.15827295386348045
0.14655200524477288
0.1544193890319005
0.1489283855478355
0.15464396134562455
0.15857419419776886
0.15740888336130937
0.15363002042139712
0.1660861731494161
0.15736129944145577
0.16408533533711947
0.15113975187913048
0.15490807884542585
0.15629853211469052
0.15578747053929481
0.15436215286402877
0.15038384495590823
0.1654553994171709
0.14438934225093616
0.1750034788655651
0.1598870276655345
0.15947719499134405
0.17467699504678086
0.14946907046057098
0.1512858235605089
0.1608180885836747
0.14840094216902092
0.16101262375187658
0.15732963180127632
0.15709953665219673
0.1533686612654572
0.15633766534360546
0.1630261999766843
0.14368100696548514
0.16111045571925764
0.15338579681924663
0.15656741634424298
0.15866460312039227
0.15986857302459934
0.1688816304914321
0.1529095309591127
0.15662738638654433
0.16265633612992583
0.15237729187711316
0.15336421149452673
0.1679464819583551
0.15097884585326307
0.17513387676479986
0.14896962830434907
0.15397079063558328
0.15207586464514705
0.15288096956974007
0.15840751030261185
0.1610625164287714
0.14996389394086176
0.1551927052652105
0.1590051904144252
0.1561394317968491
0.15616688579839466
0.16227845277452937
0.16038610992170216
0.14910597383078986
0.15304076244466924
0.15415595931704937
0.17801803107957614
0.1613944794144036
0.17659011290634258
0.16287036371164154
0.15300554409727388
0.14899063581723093
0.15091081983311774
0.1581164981547949
0.16099136429235616
0.1575107766041201
0.15672829396323584
0.16082562456018223
0.15564550118210774
0.1540953963156933
0.17706449626327503
0.15190383904125865
0.16290613490755845
0.15972716681714388
0.1543903074130628
0.15308501002387304
0.15656355583428694
0.15624294308240064
0.1691305918489851
0.1535366807343146
0.15106598141811353
0.1652008251745961
0.168311255226635
0.1563903315073743
0.15968756429269612
0.15354063198108275
0.16774123081747933
0.15444877186565803
0.16121886949204733
0.15964262840072824
0.16077336599509884
0.15808472113015262
0.16334131562745643
0.15732888572245038
0.15446917229246812
0.15265736939510144
0.15505233111051364
0.15125945962048018
0.15981456987978127
0.15432472606238865
0.17063123272368172
0.16342274062942913
0.15537088942449434
0.1603888920267194
0.15448627756518843
0.1540145170026445
0.15428649840729677
0.15768733930268838
0.15727002082490663
0.15613996161225685
0.1582050900658645
0.15288055727238814
0.15573948532272436
0.1702554301228274
0.15405636532373418
0.1521592323931198
0.14438036129461468
0.15741027325022725
0.16342636616955858
0.1582163108612346
0.158637972906632
0.1603204496542865
0.15777563231782793
0.1635300284693626
0.16529243852889197
0.15658202268485966
0.16170992456134292
0.16056764094746992
0.16175312419911642
0.15717995760651599
0.1607424269659845
0.15704011181971736
0.1689826676301936
0.16666001394680713
0.16030057892773056
0.16796983933265874
0.15157642344166075
0.15369858390652208
0.15403939201686578
0.15750436292467074
0.1618772664770856
0.14662434441134048
0.15149767499667616
0.15404086809038509
0.15912523177600313
0.1568069315806353
0.14513755177413834
0.14979854165119874
0.14788804627995722
0.15352499664694993
0.16615662438653825
0.16264309241886074
0.15261244691045264
0.15634385041074092
0.15643630603458983
0.16182923326991905
0.16520511093035012
0.15531040071486046
0.17406954549938997
0.16678740548638687
0.15280075832053736
0.15689887307209333
0.15079631861229081
0.16348701661128778
0.163659059677219
0.1649195916596867
0.15603780136800127
0.16238223804352658
0.15150286593084505
0.15429900133455315
0.151265267553207
0.1617291417943915
0.15578691854675925
0.15607840672458012
0.15975001628986432
0.14813033821255772
0.16459281235031087
0.16094177679714028
0.15056086388788867
0.14707414404073227
0.15712812812455207
0.14683410054471133
0.15560211675501234
0.16328574012011693
0.15044107985676888
0.15429900759190024
0.14920870563853167
0.1587329891796932
0.16374970491988378
0.15879194091212612
0.15621349024573944
0.15587768892815784
0.16711841694975102
0.15605123702115653
0.15884940716823376
0.16730934537057007
0.15064730869567783
0.15395933453536792
0.15938450501103174
0.1511979411774283
0.16515677021359854
0.16258175774565545
0.16209739245709215
0.15837761542554366
0.15330261506967494
0.16091266396445375
0.1487148466463371
0.17373008104856574
0.16658661902121477
0.16013060822532757
0.15769024457072295
0.15563150573580659
0.15483015080907686
0.1507342781007784
0.15648658756196526
0.15434028827914992
0.16362086861034605
0.18489672092784187
0.1570073602856485
0.16852832770742238
0.1558081869851319
0.1535400524668044
0.1686685807001772
0.15402044265574286
0.1602632265390307
0.15483583471903958
0.15032334337241535
0.15595135062562154
0.162582530159061
0.15385936171586714
0.16683994370154426
0.15747191349125267
0.15166510100896136
0.1532965759095286
0.16898983246109048
0.15402352676594305
0.14767092506747634
0.15432210517691008
0.14708485688238665
0.15837133944025583
0.15573568086804668
0.15369138730612947
0.16835790089438415
0.16928425161379415
0.16188037602888128
0.1697749202193246
0.14526560143582018
0.1747637602270763
0.16015541770064187
0.15672805100353102
0.15616841944894186
0.16180729452248457
0.16086862368926585
0.15504298158261398
0.15289964277831664
0.1516900824613205
0.15832138441908206
0.16699677096003263
0.16612622847858138
0.15574510225990723
0.15390859834191972
0.15291453817199857
0.1541478730394268
0.16507015816607107
0.16162002317795135
0.1660408045159464
0.15171983060866795
0.1608262000732442
0.16322288630159665
0.1513421207830491
0.16333666437563749
0.15614442282438656
0.15162399807861876
0.1584724577183797
0.14558696981673167
0.15743746599265013
0.15592984042891533
0.15601480108937588
0.15499834004349336
0.16056138591895908
0.15149714591082453
0.17157672085294415
0.15854441632114044
0.15125389918642798
0.17872567755592667
0.15277842872323874
0.14552385269225887
0.1701725539004051
0.1521667930308142
0.15964627740198156
0.16204834961722228
0.16534906855082326
0.16195989773536903
0.15534646157658807
0.16399274991656684
0.1598288132616224
0.17046105289255536
0.15768755016757563
0.15172396899050758
0.16080816785726565
0.15925899924400688
0.16572736362614132
0.15841131747124215
0.1603802958937418
0.15894552531237982
0.15448064901135808
0.15734176761938046
0.15841268042111975
0.15433389112794405
0.15686055390477893
0.16158454672288078
0.14918192050641854
0.15175450595583542
0.1829727871066782
0.148428884025891
0.1537431591293143
0.16385323466082258
0.1516521350748801
0.16898927236359457
0.15612551828759455
0.15261990775302994
0.1556574235440656
0.16473196442933605
0.15066327580401753
0.15741595036363618
0.15831278751122715
0.15216033211287744
0.1507756737625889
0.16152906722269056
0.16403609362861138
0.17018456868963305
0.15689785935256775
0.16503640040556963
0.1502760226384618
0.15764844467493386
0.16153359908232273
0.15175954257626212
0.15904763225500387
0.1601612437298973
0.14916481029008377
0.17113364703884615
0.15477225015389195
0.1608902646573953
0.1590208819447645
0.16725411789732583
0.16455406168009468
0.16010383662249023
0.1560423271453967
0.1592446655647691
0.1591649524580926
0.15954818963723794
0.15162768864228116
0.14790695452148153
0.1565535197027375
0.14853820971680853
0.16183268898386335
0.16883582172037814
0.15383473103568812
0.15714803655793075
0.16293680089296886
0.15438256911642267
0.15628113893683176
0.15885764859248597
0.15505665226785353
0.15735083462345853
0.15632499106204212
0.15007686283647814
0.15705174715321074
0.15713272533429518
0.16622549455533703
0.15035497353373595
0.15415956175010725
0.16876894969661818
0.1516892505863767
0.1565756194261525
0.16116834969862745
0.15070336107000248
0.166012517685668
0.15082478660214252
0.1559621921457743
0.1574462666981269
0.15014471532851104
0.1536505697253031
0.1600432676223058
0.15957678952650745
0.16119076115686537
0.16495437897491252
0.15820330467334537
0.15701567326394453
0.16807459792531546
0.15259398643037647
0.15612179881089733
0.1657558809935987
0.16306874277346084
0.15080416293389146
0.15997322990711113
0.15709804672085853
0.15563960658091458
0.15571829387782243
0.1532068911867691
0.1562865376249116
0.15002887298406997
0.17229257443742474
0.152864515846008
0.1556815131970184
0.1698952805182007
0.14590354768523806
0.15955833917928364
0.15041234262736153
0.1570455975613428
0.16519044584883524
0.15219748054854254
0.15977817857383342
0.15500575568601066
0.15715311242078303
0.1466136132394954
0.15619347099516456
0.1560253283415928
0.1502971464453174
0.15238019196809732
0.16440945514396568
0.15573020077667127
0.15487118547434667
0.1616728264829046
0.15771836957511554
0.14411730907700537
0.14741691945811772
0.15026348798998138
0.15711584900636014
0.16123185322288258
0.15641780079615475
0.15784507193486938
0.15853449634308853
