0.20183486238532108
0.2735042735042735
0.2564102564102564
0.2654867256637168
0.21666666666666667
0.2616822429906542
0.25925925925925924
0.29310344827586204
0.25806451612903225
0.18867924528301885
0.23728813559322035
0.22413793103448276
0.3684210526315789
0.2162162162162162
0.21153846153846154
0.23931623931623933
0.17857142857142855
0.23636363636363636
0.32727272727272727
0.2857142857142857
0.2545454545454545
0.2456140350877193
0.2912621359223301
0.21153846153846154
0.22429906542056077
0.29310344827586204
0.22018348623853212
0.2935779816513761
0.31578947368421056
0.23214285714285715
0.23214285714285715
0.22608695652173913
0.21238938053097345
0.14545454545454545
0.18691588785046728
0.2807017543859649
0.3076923076923077
0.19230769230769232
0.27272727272727276
0.22608695652173913
0.2568807339449541
0.2222222222222222
0.23728813559322035
0.3177570093457944
0.26890756302521013
0.2068965517241379
0.24299065420560745
0.24299065420560745
0.25925925925925924
0.23931623931623933
0.21666666666666667
0.26666666666666666
0.20183486238532108
0.22033898305084745
0.23853211009174313
0.22413793103448276
0.20754716981132074
0.20869565217391303
0.25225225225225223
0.3
0.2413793103448276
0.17475728155339806
0.24761904761904763
0.3304347826086957
0.22033898305084745
0.2413793103448276
0.28037383177570097
0.27272727272727276
0.21428571428571427
0.25
0.2222222222222222
0.26890756302521013
0.25
0.23636363636363636
0.2456140350877193
0.23529411764705885
0.22857142857142856
0.24074074074074076
0.18518518518518517
0.21782178217821782
0.25806451612903225
0.19819819819819817
0.2631578947368421
0.19999999999999998
0.2654867256637168
0.2162162162162162
0.3076923076923077
0.2608695652173913
0.30088495575221236
0.26415094339622647
0.2162162162162162
0.27272727272727276
0.22857142857142856
0.3
0.18333333333333332
0.3140495867768595
0.2654867256637168
0.21238938053097345
0.23728813559322035
0.2586206896551724
0.18803418803418806
0.16666666666666666
0.17475728155339806
0.26890756302521013
0.23140495867768596
0.25
0.2777777777777778
0.22641509433962265
0.2631578947368421
0.2586206896551724
0.2956521739130435
0.2162162162162162
0.2568807339449541
0.1904761904761905
0.23423423423423423
0.28571428571428575
0.2222222222222222
0.14953271028037382
0.23636363636363636
0.18867924528301885
0.20202020202020204
0.33928571428571425
0.24761904761904763
0.24299065420560745
0.22429906542056077
0.23214285714285715
0.208955223880597
0.27272727272727276
0.25
0.23300970873786409
0.288135593220339
0.22018348623853212
0.247787610619469
0.3090909090909091
0.2413793103448276
0.2831858407079646
0.23853211009174313
0.2935779816513761
0.24761904761904763
0.2809917355371901
0.28865979381443296
0.22857142857142856
0.21818181818181817
0.2434782608695652
0.23636363636363636
0.2601626016260163
0.2654867256637168
0.3243243243243243
0.18333333333333332
0.3247863247863248
0.23214285714285715
0.34862385321100914
0.23762376237623764
0.23255813953488372
0.19834710743801653
0.27027027027027034
0.3
0.25210084033613445
0.23008849557522124
0.2830188679245283
0.18644067796610167
0.2616822429906542
0.2222222222222222
0.22641509433962265
0.17094017094017094
0.21138211382113822
0.26785714285714285
0.24074074074074076
0.2545454545454545
0.2777777777777778
0.3063063063063063
0.2456140350877193
0.22018348623853212
0.29310344827586204
0.21052631578947367
0.18518518518518517
0.29059829059829057
0.25
0.27027027027027034
0.23636363636363636
0.2222222222222222
0.26415094339622647
0.19298245614035084
0.3119266055045872
0.20370370370370372
0.23636363636363636
0.23423423423423423
0.1904761904761905
0.18518518518518517
0.3076923076923077
0.3177570093457944
0.18867924528301885
0.22608695652173913
0.1836734693877551
0.1308411214953271
0.24074074074074076
0.2524271844660194
0.26785714285714285
0.25225225225225223
0.20952380952380953
0.17857142857142855
0.23423423423423423
0.3076923076923077
0.26785714285714285
0.20183486238532108
0.2564102564102564
0.24193548387096772
0.19298245614035084
0.19130434782608693
0.23214285714285715
0.27027027027027034
0.19607843137254904
0.3333333333333333
0.26415094339622647
0.2631578947368421
0.3119266055045872
0.2068965517241379
0.24999999999999994
0.2631578947368421
0.2882882882882883
0.24000000000000002
0.24074074074074076
0.22608695652173913
0.2777777777777778
0.25
0.26666666666666666
0.18867924528301885
0.2568807339449541
0.27027027027027034
0.24528301886792453
0.23636363636363636
0.2519685039370078
0.29310344827586204
0.18518518518518517
0.2568807339449541
0.28037383177570097
0.26229508196721313
0.2735042735042735
0.2777777777777778
0.19834710743801653
0.22429906542056077
0.2156862745098039
0.10344827586206895
0.18518518518518517
0.30476190476190473
0.3305785123966943
0.2586206896551724
0.28846153846153844
0.2280701754385965
0.23853211009174313
0.24761904761904763
0.1946902654867257
0.2222222222222222
0.2162162162162162
0.19801980198019803
0.14545454545454545
0.205607476635514
0.2752293577981651
0.2545454545454545
0.30476190476190473
0.22033898305084745
0.22857142857142856
0.3760683760683761
0.20370370370370372
0.22641509433962265
0.2162162162162162
0.2857142857142857
0.25210084033613445
0.23853211009174313
0.2786885245901639
0.31932773109243695
0.22641509433962265
0.24074074074074076
0.2162162162162162
0.2033898305084746
0.19230769230769232
0.2962962962962963
0.2545454545454545
0.23214285714285715
0.2752293577981651
0.23853211009174313
0.25225225225225223
0.2
0.25
0.20869565217391303
0.23636363636363636
0.23853211009174313
0.20512820512820512
0.23008849557522124
0.1818181818181818
0.2654867256637168
0.2758620689655173
0.2033898305084746
0.205607476635514
0.23728813559322035
0.22018348623853212
0.205607476635514
0.23214285714285715
0.24427480916030536
0.22950819672131148
0.205607476635514
0.2586206896551724
0.21818181818181817
0.22033898305084745
0.21487603305785127
0.2564102564102564
0.29310344827586204
0.247787610619469
0.24299065420560745
0.21818181818181817
0.21153846153846154
0.28037383177570097
0.2935779816513761
0.22413793103448276
0.3333333333333333
0.2184873949579832
0.21052631578947367
0.17142857142857143
0.2777777777777778
0.2654867256637168
0.2616822429906542
0.2456140350877193
0.22641509433962265
0.2782608695652174
0.2434782608695652
0.2857142857142857
0.24528301886792453
0.25225225225225223
0.23300970873786409
0.2280701754385965
0.2831858407079646
0.23008849557522124
0.31666666666666665
0.19801980198019803
0.19999999999999998
0.3304347826086957
0.2752293577981651
0.2654867256637168
0.23636363636363636
0.18803418803418806
0.3243243243243243
0.20370370370370372
0.21428571428571427
0.3130434782608696
0.2807017543859649
0.27027027027027034
0.19607843137254904
0.21999999999999997
0.2631578947368421
0.2542372881355932
0.2752293577981651
0.2882882882882883
0.2950819672131148
0.2545454545454545
0.29411764705882354
0.22399999999999998
0.23636363636363636
0.2807017543859649
0.12280701754385966
0.2833333333333333
0.24528301886792453
0.19999999999999998
0.27272727272727276
0.21238938053097345
0.25925925925925924
0.2752293577981651
0.33027522935779813
0.2222222222222222
0.2912621359223301
0.25925925925925924
0.2545454545454545
0.20754716981132074
0.21359223300970873
0.23008849557522124
0.2786885245901639
0.30357142857142855
0.17391304347826086
0.23423423423423423
0.22018348623853212
0.32692307692307687
0.23529411764705885
0.2096774193548387
0.19607843137254904
0.31932773109243695
0.27272727272727276
0.21428571428571427
0.23008849557522124
0.28037383177570097
0.2524271844660194
0.20370370370370372
0.21153846153846154
0.29906542056074764
0.27027027027027034
0.30357142857142855
0.2758620689655173
0.2586206896551724
0.22857142857142856
0.27118644067796616
0.24074074074074076
0.23008849557522124
0.24074074074074076
0.2434782608695652
0.20869565217391303
0.25225225225225223
0.28865979381443296
0.29906542056074764
0.2857142857142857
0.23636363636363636
0.21238938053097345
0.26785714285714285
0.2545454545454545
0.24528301886792453
0.27118644067796616
0.21782178217821782
0.2280701754385965
0.2162162162162162
0.21428571428571427
0.16822429906542055
0.16949152542372883
0.24528301886792453
0.27272727272727276
0.22018348623853212
0.17142857142857143
0.2692307692307692
0.25210084033613445
0.19642857142857142
0.21428571428571427
0.24528301886792453
0.3243243243243243
0.21818181818181817
0.24299065420560745
0.24528301886792453
0.23214285714285715
0.205607476635514
0.26785714285714285
0.22641509433962265
0.2608695652173913
0.2758620689655173
0.17241379310344826
0.2568807339449541
0.22950819672131148
0.2033898305084746
0.27027027027027034
0.19130434782608693
0.18644067796610167
0.22429906542056077
0.25
0.26415094339622647
0.21238938053097345
0.24528301886792453
0.20370370370370372
0.24242424242424238
0.26785714285714285
0.23008849557522124
0.3025210084033613
0.2434782608695652
0.24299065420560745
0.2692307692307692
0.3130434782608696
0.23636363636363636
0.27184466019417475
0.20634920634920634
0.27027027027027034
0.2413793103448276
0.2564102564102564
0.2545454545454545
0.2857142857142857
0.29411764705882354
0.2735042735042735
0.26666666666666666
0.20512820512820512
0.28571428571428575
0.3214285714285714
0.26785714285714285
0.16949152542372883
0.24074074074074076
0.19819819819819817
0.23529411764705885
0.2777777777777778
0.24761904761904763
0.16981132075471697
0.28846153846153844
0.13592233009708737
0.2758620689655173
0.26666666666666666
0.26415094339622647
0.19130434782608693
0.2758620689655173
0.205607476635514
0.21052631578947367
0.2831858407079646
0.21238938053097345
0.2882882882882883
0.27184466019417475
0.1592920353982301
0.23853211009174313
0.23809523809523808
0.25225225225225223
0.2616822429906542
0.21052631578947367
