0.14658246023586627
0.14398425948168614
0.1590911361754177
0.14166863965285248
0.144124504320104
0.14241737701712576
0.1443447643202968
0.14868848566306184
0.13902462875375918
0.14706236105391696
0.14574641141323666
0.1432447073461101
0.14514431235823758
0.14280376596462477
0.14105282916740233
0.14974606126797907
0.1448971988233724
0.1460212106351359
0.14068834313095896
0.14725806749743336
0.14607037791557526
0.13823579879322306
0.1426714373757232
0.1447227838671846
0.14496041860614484
0.15013383869316824
0.14635241604107735
0.13852239425415877
0.14271906172514254
0.13872408914856035
0.15304490551936753
0.14368748996477548
0.1461938025415648
0.14628447540084166
0.14724163136719437
0.14401742630263226
0.14607165460267696
0.15088590674241362
0.15626191148938764
0.14335090395791314
0.14574922666304754
0.14060476736855657
0.13917173163838403
0.14909229137907534
0.1383622326840436
0.14406969731455038
0.13802205345036758
0.1559694431341295
0.14458994058103777
0.13870107401745993
0.14104247655883415
0.1394705429292119
0.14308786994028885
0.15158202798432938
0.14059266861734704
0.14831448374772874
0.14060551399991472
0.1432195621728061
0.1466124974879581
0.14785827136706417
0.15049870327266726
0.14608378128398197
0.14385762086866263
0.1468751177400454
0.14860958231362417
0.14538178092275134
0.14890282567514987
0.14374201417340746
0.14671556231154473
0.1400934085619985
0.14690424815356878
0.14326165294343224
0.14822027596587248
0.14639164673404767
0.1480241047047777
0.14106845550652725
0.1444079326176438
0.14410866919300896
0.14849527929389988
0.14000528049674038
0.13917789435237188
0.14254329542039393
0.15323520315785777
0.14382270923634835
0.143200109432824
0.15272674763745436
0.14090873619458816
0.15709507836715003
0.16008827518077035
0.13700572074148834
0.14468753347021474
0.13797860127370637
0.14266025507127886
0.14777219049403914
0.13960255270072747
0.1414271617229807
0.14825671908248655
0.14407017372546171
0.1417645301780263
0.14597872622909974
0.14113272997137954
0.14687485683421012
0.13946761329371155
0.14740990536482448
0.1540077960946572
0.14511010275372557
0.15118553121524697
0.14415528725656399
0.14632244243790815
0.1467925968342041
0.14217444246507346
0.14213158002586393
0.15154481417820112
0.14347572868146954
0.14863327001633808
0.14638189302555865
0.1393196324296896
0.14790446422971087
0.14109946113558064
0.15529793569656106
0.14779375844076437
0.15119616663531513
0.15026607678115356
0.1465565866187811
0.14891020693641402
0.14938728910530683
0.13943637018783017
0.14387808437389862
0.14055882185628937
0.14533583300519545
0.14068128397398694
0.15350065429162527
0.14228482251594232
0.15088519914163653
0.14657367967625318
0.14422631811671643
0.14352152107899174
0.13984131374369185
0.14546675044330915
0.1445653602537097
0.15101351294088203
0.15146795953531456
0.14806385783480924
0.14194003750481884
0.14977766894069924
0.14451828121058555
0.14570477060472672
0.14876005026229597
0.1455318582430666
0.1485132503507497
0.14955242998898463
0.15180817338067343
0.14576679917399754
0.13919540636601985
0.14684295738482087
0.14478573900994524
0.14502949709096852
0.14097695388929718
0.13852055302502336
0.14885305206342522
0.14879348080469398
0.14358827857065198
0.14185463478314037
0.14197197735962652
0.14177431878713834
0.14117865639132346
0.15161220744439574
0.14548313366789312
0.15267303606836272
0.15057722108134486
0.13710650793013454
0.15015461887426013
0.14789386907283772
0.15365732097055718
0.1454848322876168
0.14996672593426566
0.14283638650744399
0.14611786361032242
0.1491308093258141
0.15004016510464588
0.14615849143680526
0.14754400483143065
0.14267356288093977
0.1491698588767376
0.14784108531254456
0.1447291139992059
0.14577443242723
0.1380543828482322
0.14582919752655277
0.1456448190479811
0.14210481525307483
0.14444936269306102
0.14282408419648013
0.14640746061465987
0.1549063261224549
0.14205212164177147
0.13699847967150836
0.1481076551658793
0.1474341464177313
0.1372500711924785
0.1466740652011296
0.14287671452184242
0.1470628152308462
0.14339085576080046
0.14316558325246848
0.14312205536300276
0.14512372124808928
0.14853233371061828
0.1462749942981872
0.15262739544266982
0.14889353206755904
0.1484805363215221
0.14219389952855108
0.1413540969920917
0.1368942675936145
0.14640604218994308
0.15207819982062615
0.15362846034845629
0.14863960537957857
0.14488260549161977
0.1506199922437386
0.13904870331383987
0.14822126064609786
0.145363804347131
0.1459083145543335
0.1440108258966237
0.14594722299527696
0.1463557473021299
0.140798984844275
0.14751923619916021
0.1457306043727942
0.14734620923641487
0.14738288665314292
0.1380883095486442
0.15060538973294121
0.1415874599804448
0.1546581242808498
0.14362497750586722
0.15012739345580253
0.14447832821462916
0.14181820462651215
0.14480158193682854
0.14292803357076234
0.1462840010797134
0.14443562786231134
0.14551094762018094
0.15302695841170638
0.14804229305047292
0.14578652645452006
0.14148543733529179
0.13918333993280296
0.14590488614801084
0.14853908306270217
0.14395788467150336
0.15272756266635443
0.14104617727098892
0.14255516059553275
0.14880500041956812
0.14352182288169604
0.14179908439224026
0.13926726895956026
0.1437264605343489
0.1450670992656553
0.14951768025075177
0.147596608980812
0.15516343273041797
0.14548622787930623
0.1406672506959101
0.1472152931081144
0.13820380576354008
0.15676607510549287
0.14563433145133228
0.14588705674082791
0.14185099194378573
0.14415115882809507
0.14129051987680138
0.14742710134848466
0.1472422456014996
0.14218176383648023
0.15210207540394413
0.14067396303538543
0.15359326791460232
0.13919177266777336
0.1465835348343013
0.14779551845630848
0.15138205565818955
0.14439333361267342
0.14516945363215955
0.14959819473043606
0.14454382377587627
0.1495373974288382
0.14265176208550803
0.14039260241081541
0.14747592649359367
0.1438797418057801
0.14401966164857652
0.14637462596002368
0.14257005960494373
0.15352339820236666
0.14697093763155003
0.14381045913110008
0.14992460019406817
0.14550230487976262
0.1429499531594314
0.1464712034615205
0.1438136622362891
0.14419761694620375
0.14118656187393017
0.14315642353470906
0.1444493894449997
0.14169483369009095
0.1512191426122301
0.14138660438046252
0.14427544862587474
0.1416719948175534
0.14755795504181263
0.14656780081261966
0.14939840466754556
0.14296302477208517
0.14807699865608442
0.14843357047238281
0.1424035052666203
0.13781929664410825
0.13865960855078657
0.1501595479928677
0.14408552382448583
0.1444542570466078
0.15016599704980385
0.1445915650330589
0.14547730461786967
0.14217388671132022
0.14233644377637827
0.15114528142078607
0.14484980340007644
0.14495787772825336
0.1402563173523017
0.14539082612968596
0.1466548305738146
0.14563457753777037
0.14406889356856764
0.14761903357018585
0.1428658952897223
0.13652650585649972
0.14791862717287232
0.15155686084313796
0.1398997154903757
0.14327582017418194
0.14230313185230054
0.1452636710020316
0.15372564220429308
0.14069174596224368
0.14251284823395066
0.14302719473659428
0.1435842585264562
0.1477560803596998
0.1501761878571185
0.1438506162994091
0.14398245779824148
0.14421763216253908
0.14051568904699901
0.15791787458780943
0.15630713270806265
0.14036652268466593
0.1511744679122919
0.14335263789561753
0.14919672845678486
0.14835082690357726
0.1464692332748216
0.1451643412127233
0.1416338587777235
0.14365965265474462
0.14682444609569428
0.14184633286252454
0.14643969943906962
0.15127738104585123
0.14686910165811703
0.14729875222325065
0.14442852616443225
0.1448874032492245
0.14228752796904381
0.1454557559477391
0.14937834653037066
0.14467477973222664
0.1411941283388935
0.14646116585036853
0.14776829371947028
0.14366096778575962
0.1586776807569843
0.15142857099467635
0.14479084519646546
0.15362992378755766
0.14431733753084267
0.1430037950968379
0.15662432266441767
0.13701284365546548
0.16096241836623518
0.1514160961984205
0.14710616758795667
0.15236236852783833
0.1491756285666312
0.14874801674575955
0.15070048554530147
0.14266630237790187
0.14483032567279797
0.1480369790718274
0.14268977543855918
0.14001318283500566
0.1431794311216066
0.15052787780595944
0.1409349952694758
0.142407934889513
0.1502137890551929
0.1397248997918481
0.14811561232030748
0.14707351885152328
0.14230375742158588
0.14230981079980168
0.15438191117826575
0.14544956006672874
0.1405824938536021
0.14063015533553727
0.14415974746359783
0.14713801497965837
0.14655083456922602
0.14632951397796534
0.14433664101530977
0.14349433281377005
0.14720001405879996
0.15904469904592705
0.14884781277759468
0.14948477030384152
0.14626292965958884
0.1422070181272111
0.14936023307219834
0.1433979149895005
0.1435479377778432
0.1496497609794713
0.14422575078036518
0.1388359200956111
0.15725891241247525
0.142527322486425
0.14154540338538665
0.14629829551175622
0.1449680681131223
0.15040356175697284
0.1639038289023869
0.13945637215497428
0.14496840386588375
0.14715723808385614
0.14635283440646385
0.1413589212049594
0.14617072164811143
0.14428003961254598
0.14815358544866114
0.1453421896383994
0.15198400477908172
0.14569185601265222
0.14677201869993567
0.1449537327893555
0.15001166340005997
0.142560746295171
0.15064324975647686
0.1407433881587643
0.1501618547563853
0.14351557423506547
0.15231247145008114
0.1442552462732918
0.14075609272841616
0.15402960870864435
0.14915891964708514
0.14252134209470227
0.14353918358964168
0.14625251827346525
0.14131051918991064
0.14045623417983183
0.14952549312003827
0.1521094386484195
0.14565816652044275
0.15331196971684027
0.14655401043794236
0.14671485896536487
0.14887732714886995
0.1533701058183774
0.14248899831663409
0.14408966987625205
0.15139586626610033
0.13833768390560228
0.14266963428706325
0.14552351097814753
0.1416577085066138
0.14750524504311388
0.13942938664277954
0.14431225275945767
0.14712965632766675
0.15107986857936012
0.143750435040371
0.1494544311751238
0.1419592776987226
0.1496033484921498
0.14624896758669037
