0.2735042735042735
0.25806451612903225
0.24806201550387594
0.24615384615384617
0.25757575757575757
0.2735042735042735
0.2782608695652174
0.2519685039370078
0.2481751824817518
0.24806201550387594
0.23255813953488372
0.2635658914728682
0.26229508196721313
0.2644628099173554
0.24793388429752067
0.24060150375939848
0.2388059701492537
0.25806451612903225
0.2764227642276423
0.23622047244094488
0.265625
0.265625
0.2758620689655173
0.26666666666666666
0.24427480916030536
0.24427480916030536
0.288135593220339
0.2698412698412698
0.23255813953488372
0.24999999999999994
0.2608695652173913
0.23357664233576642
0.2601626016260163
0.22388059701492535
0.24806201550387594
0.26229508196721313
0.25396825396825395
0.256
0.25
0.2677165354330709
0.2764227642276423
0.25210084033613445
0.24060150375939848
0.2782608695652174
0.25
0.2786885245901639
0.2644628099173554
0.24390243902439024
0.272
0.2285714285714286
0.22727272727272727
0.2388059701492537
0.2809917355371901
0.2463768115942029
0.2786885245901639
0.25757575757575757
0.2644628099173554
0.24806201550387594
0.2807017543859649
0.24806201550387594
0.22900763358778625
0.24
0.2222222222222222
0.25806451612903225
0.2463768115942029
0.25396825396825395
0.2882882882882883
0.24999999999999994
0.24999999999999994
0.23809523809523808
0.24999999999999994
0.23809523809523808
0.2735042735042735
0.24242424242424243
0.25806451612903225
0.23333333333333334
0.2608695652173913
0.26890756302521013
0.24427480916030536
0.25806451612903225
0.2302158273381295
0.2764227642276423
0.2786885245901639
0.23809523809523808
0.2601626016260163
0.2601626016260163
0.2698412698412698
0.24615384615384617
0.25
0.26666666666666666
0.24
0.2833333333333333
0.26229508196721313
0.22727272727272727
0.22388059701492535
0.265625
0.2764227642276423
0.2677165354330709
0.2635658914728682
0.25396825396825395
0.24615384615384617
0.23622047244094488
0.24590163934426232
0.25757575757575757
0.23703703703703702
0.24427480916030536
0.26666666666666666
0.24615384615384617
0.2735042735042735
0.25
0.2601626016260163
0.2635658914728682
0.2654867256637168
0.26153846153846155
0.24060150375939848
0.2481751824817518
0.25210084033613445
0.26153846153846155
0.2601626016260163
0.26666666666666666
0.24590163934426232
0.2601626016260163
0.2782608695652174
0.26229508196721313
0.26666666666666666
0.24590163934426232
0.2054794520547945
0.24
0.23357664233576642
0.2644628099173554
0.2601626016260163
0.23076923076923075
0.2556390977443609
0.23809523809523808
0.24
0.256
0.2631578947368421
0.24999999999999994
0.2586206896551724
0.25757575757575757
0.2644628099173554
0.25210084033613445
0.2463768115942029
0.25396825396825395
0.2388059701492537
0.2463768115942029
0.2601626016260163
0.2564102564102564
0.25396825396825395
0.2388059701492537
0.2635658914728682
0.2831858407079646
0.25396825396825395
0.2556390977443609
0.20588235294117646
0.24806201550387594
0.27419354838709675
0.23076923076923075
0.256
0.26229508196721313
0.25
0.2833333333333333
0.25373134328358204
0.26785714285714285
0.24460431654676257
0.2318840579710145
0.256
0.25396825396825395
0.25210084033613445
0.24193548387096772
0.25
0.256
0.24806201550387594
0.22900763358778625
0.24615384615384617
0.25210084033613445
0.2635658914728682
0.2644628099173554
0.24193548387096772
0.25757575757575757
0.23437499999999997
0.26666666666666666
0.23529411764705882
0.24793388429752067
0.25396825396825395
0.2644628099173554
0.2644628099173554
0.2601626016260163
0.24806201550387594
0.2644628099173554
0.2809917355371901
0.2601626016260163
0.24590163934426232
0.23931623931623933
0.23622047244094488
0.24615384615384617
0.26229508196721313
0.2601626016260163
0.256
0.2644628099173554
0.2519685039370078
0.22900763358778625
0.26229508196721313
0.24242424242424243
0.25
0.25373134328358204
0.2556390977443609
0.25757575757575757
0.208955223880597
0.23809523809523808
0.26890756302521013
0.2564102564102564
0.25396825396825395
0.23333333333333334
0.24390243902439024
0.24615384615384617
0.24427480916030536
0.2258064516129032
0.25
0.24793388429752067
0.25806451612903225
0.256
0.2556390977443609
0.24390243902439024
0.25396825396825395
0.265625
0.25
0.2542372881355932
0.2833333333333333
0.25
0.23622047244094488
0.25
0.24427480916030536
0.26890756302521013
0.26229508196721313
0.2564102564102564
0.25396825396825395
0.24242424242424243
0.2601626016260163
0.21739130434782608
0.256
0.2542372881355932
0.22727272727272727
0.24615384615384617
0.2735042735042735
0.23255813953488372
0.24999999999999994
0.2833333333333333
0.22727272727272727
0.2698412698412698
0.26229508196721313
0.2601626016260163
0.24427480916030536
0.272
0.2698412698412698
0.24242424242424243
0.23437499999999997
0.2857142857142857
0.24193548387096772
0.24793388429752067
0.25954198473282436
0.26666666666666666
0.2698412698412698
0.2764227642276423
0.2698412698412698
0.24193548387096772
0.26666666666666666
0.24806201550387594
0.2519685039370078
0.2388059701492537
0.25210084033613445
0.2809917355371901
0.25210084033613445
0.24806201550387594
0.25806451612903225
0.2519685039370078
0.24242424242424243
0.2635658914728682
0.23076923076923075
0.24806201550387594
0.24590163934426232
0.2519685039370078
0.2127659574468085
0.2644628099173554
0.22727272727272727
0.25
0.26666666666666666
0.24793388429752067
0.24615384615384617
0.272
0.23529411764705882
0.24806201550387594
0.2302158273381295
0.2519685039370078
0.23357664233576642
0.2809917355371901
0.23437499999999997
0.2601626016260163
0.2302158273381295
0.23622047244094488
0.23333333333333334
0.25757575757575757
0.24193548387096772
0.22388059701492535
0.2463768115942029
0.23357664233576642
0.265625
0.2556390977443609
0.26666666666666666
0.25806451612903225
0.25806451612903225
0.2644628099173554
0.25806451612903225
0.23809523809523808
0.26666666666666666
0.20289855072463767
0.2809917355371901
0.23076923076923075
0.2519685039370078
0.23809523809523808
0.2542372881355932
0.23622047244094488
0.24999999999999994
0.24390243902439024
0.26229508196721313
0.25210084033613445
0.25
0.25806451612903225
0.2857142857142857
0.25
0.2786885245901639
0.2361111111111111
0.26153846153846155
0.26666666666666666
0.23255813953488372
0.24793388429752067
0.24590163934426232
0.256
0.23140495867768596
0.2698412698412698
0.2519685039370078
0.272
0.25
0.2677165354330709
0.27118644067796616
0.24999999999999994
0.24806201550387594
0.27118644067796616
0.27419354838709675
0.27118644067796616
0.272
0.25806451612903225
0.22900763358778625
0.22556390977443608
0.28571428571428575
0.2388059701492537
0.25806451612903225
0.27419354838709675
0.23357664233576642
0.25396825396825395
0.26666666666666666
0.24242424242424243
0.2519685039370078
0.25954198473282436
0.25210084033613445
0.2782608695652174
0.24806201550387594
0.2601626016260163
0.25806451612903225
0.2677165354330709
0.24615384615384617
0.24427480916030536
0.24999999999999994
0.26153846153846155
0.26153846153846155
0.25
0.25806451612903225
0.25757575757575757
0.25954198473282436
0.28571428571428575
0.28571428571428575
0.2318840579710145
0.24242424242424243
0.24390243902439024
0.256
0.25954198473282436
0.25
0.24590163934426232
0.25373134328358204
0.272
0.25806451612903225
0.24
0.25806451612903225
0.22727272727272727
0.23333333333333334
0.22950819672131148
0.25396825396825395
0.25373134328358204
0.2601626016260163
0.24615384615384617
0.23809523809523808
0.27419354838709675
0.24390243902439024
0.24193548387096772
0.2831858407079646
0.2519685039370078
0.23437499999999997
0.24
0.256
0.2735042735042735
0.26666666666666666
0.27419354838709675
0.26666666666666666
0.2735042735042735
0.2388059701492537
0.25396825396825395
0.24590163934426232
0.256
0.21428571428571427
0.26666666666666666
0.22388059701492535
0.25806451612903225
0.2698412698412698
0.2764227642276423
0.24806201550387594
0.23622047244094488
0.2601626016260163
0.24193548387096772
0.24793388429752067
0.27118644067796616
0.2735042735042735
0.25806451612903225
0.25210084033613445
0.23703703703703702
0.25210084033613445
0.25396825396825395
0.25396825396825395
0.21897810218978103
0.25373134328358204
0.24615384615384617
0.25
0.24060150375939848
0.2519685039370078
0.25396825396825395
0.24242424242424243
0.23076923076923075
0.24390243902439024
0.24193548387096772
0.23076923076923075
0.26890756302521013
0.24806201550387594
0.22413793103448276
0.25757575757575757
0.2698412698412698
0.23437499999999997
0.2519685039370078
0.23728813559322035
0.2601626016260163
0.24793388429752067
0.24806201550387594
0.24590163934426232
0.2222222222222222
0.2635658914728682
0.25396825396825395
0.25806451612903225
0.2764227642276423
0.2519685039370078
0.2833333333333333
0.26229508196721313
0.26229508196721313
0.25954198473282436
0.26890756302521013
0.256
0.2413793103448276
0.25
0.2601626016260163
0.25806451612903225
0.25396825396825395
0.2786885245901639
0.25396825396825395
0.2635658914728682
0.3063063063063063
0.22399999999999998
0.272
0.2388059701492537
0.24390243902439024
0.24242424242424243
0.2601626016260163
0.265625
0.27419354838709675
0.2786885245901639
0.24615384615384617
0.2413793103448276
0.2644628099173554
0.2
0.25396825396825395
0.27419354838709675
0.2519685039370078
0.2809917355371901
0.23255813953488372
