0.6338028169014085
0.647887323943662
0.6056338028169014
0.6338028169014085
0.6197183098591549
0.647887323943662
0.6901408450704225
0.6197183098591549
0.676056338028169
0.647887323943662
0.647887323943662
0.6338028169014085
0.6619718309859155
0.647887323943662
0.704225352112676
0.6197183098591549
0.6197183098591549
0.647887323943662
0.647887323943662
0.6338028169014085
0.6056338028169014
0.6197183098591549
0.6056338028169014
0.6338028169014085
0.6338028169014085
0.647887323943662
0.5774647887323944
0.6056338028169014
0.6056338028169014
0.6338028169014085
0.6338028169014085
0.6338028169014085
0.6197183098591549
0.647887323943662
0.6619718309859155
0.6338028169014085
0.5774647887323944
0.5915492957746479
0.704225352112676
0.647887323943662
0.704225352112676
0.647887323943662
0.676056338028169
0.5774647887323944
0.6619718309859155
0.647887323943662
0.647887323943662
0.647887323943662
0.6056338028169014
0.647887323943662
0.6197183098591549
0.6619718309859155
0.6901408450704225
0.6197183098591549
0.6338028169014085
0.6197183098591549
0.6056338028169014
0.6056338028169014
0.6056338028169014
0.6197183098591549
0.6056338028169014
0.647887323943662
0.6056338028169014
0.6338028169014085
0.647887323943662
0.6338028169014085
0.5915492957746479
0.5492957746478874
0.6619718309859155
0.5915492957746479
0.6901408450704225
0.6056338028169014
0.6619718309859155
0.6056338028169014
0.676056338028169
0.6338028169014085
0.6197183098591549
0.6197183098591549
0.5915492957746479
0.6056338028169014
0.6056338028169014
0.6338028169014085
0.5915492957746479
0.6901408450704225
0.6338028169014085
0.6197183098591549
0.6338028169014085
0.6901408450704225
0.6056338028169014
0.6619718309859155
0.6619718309859155
0.6338028169014085
0.647887323943662
0.5774647887323944
0.647887323943662
0.647887323943662
0.6056338028169014
0.6197183098591549
0.6197183098591549
0.6619718309859155
0.6056338028169014
0.6197183098591549
0.5915492957746479
0.6197183098591549
0.647887323943662
0.6056338028169014
0.6619718309859155
0.6619718309859155
0.6619718309859155
0.5492957746478874
0.6338028169014085
0.647887323943662
0.6056338028169014
0.6619718309859155
0.6338028169014085
0.6197183098591549
0.6338028169014085
0.647887323943662
0.647887323943662
0.6619718309859155
0.647887323943662
0.647887323943662
0.6619718309859155
0.647887323943662
0.5915492957746479
0.6338028169014085
0.6619718309859155
0.7183098591549296
0.5915492957746479
0.6619718309859155
0.676056338028169
0.647887323943662
0.6056338028169014
0.6197183098591549
0.6197183098591549
0.6619718309859155
0.5633802816901409
0.6338028169014085
0.6338028169014085
0.647887323943662
0.6056338028169014
0.6197183098591549
0.6619718309859155
0.5774647887323944
0.6619718309859155
0.6338028169014085
0.6056338028169014
0.5774647887323944
0.6338028169014085
0.6056338028169014
0.6197183098591549
0.6056338028169014
0.5915492957746479
0.5774647887323944
0.647887323943662
0.6338028169014085
0.5633802816901409
0.6056338028169014
0.6056338028169014
0.6338028169014085
0.5774647887323944
0.704225352112676
0.6056338028169014
0.6338028169014085
0.5915492957746479
0.6056338028169014
0.6901408450704225
0.676056338028169
0.6338028169014085
0.676056338028169
0.6619718309859155
0.676056338028169
0.6338028169014085
0.6197183098591549
0.676056338028169
0.6338028169014085
0.7183098591549296
0.6338028169014085
0.647887323943662
0.6056338028169014
0.647887323943662
0.6056338028169014
0.6197183098591549
0.5774647887323944
0.6197183098591549
0.6056338028169014
0.6619718309859155
0.6197183098591549
0.6338028169014085
0.647887323943662
0.6197183098591549
0.647887323943662
0.647887323943662
0.6619718309859155
0.5915492957746479
0.5915492957746479
0.6197183098591549
0.647887323943662
0.6338028169014085
0.647887323943662
0.5915492957746479
0.6338028169014085
0.6619718309859155
0.676056338028169
0.6619718309859155
0.6619718309859155
0.6197183098591549
0.6338028169014085
0.6338028169014085
0.6338028169014085
0.6901408450704225
0.6619718309859155
0.6338028169014085
0.647887323943662
0.6338028169014085
0.6197183098591549
0.6197183098591549
0.676056338028169
0.6619718309859155
0.7323943661971831
0.676056338028169
0.5915492957746479
0.6619718309859155
0.5915492957746479
0.5774647887323944
0.676056338028169
0.6056338028169014
0.6338028169014085
0.6056338028169014
0.5633802816901409
0.6197183098591549
0.6197183098591549
0.676056338028169
0.6197183098591549
0.6338028169014085
0.6619718309859155
0.6338028169014085
0.5774647887323944
0.6338028169014085
0.6338028169014085
0.6338028169014085
0.6056338028169014
0.6338028169014085
0.5492957746478874
0.6619718309859155
0.6338028169014085
0.6197183098591549
0.647887323943662
0.647887323943662
0.6338028169014085
0.5774647887323944
0.5774647887323944
0.6338028169014085
0.6056338028169014
0.6197183098591549
0.6056338028169014
0.5633802816901409
0.5915492957746479
0.647887323943662
0.6197183098591549
0.6338028169014085
0.6056338028169014
0.5915492957746479
0.6056338028169014
0.6056338028169014
0.5915492957746479
0.6619718309859155
0.6197183098591549
0.6056338028169014
0.6619718309859155
0.676056338028169
0.647887323943662
0.6197183098591549
0.647887323943662
0.6901408450704225
0.647887323943662
0.6197183098591549
0.647887323943662
0.6056338028169014
0.6056338028169014
0.6197183098591549
0.5915492957746479
0.5915492957746479
0.6338028169014085
0.6338028169014085
0.647887323943662
0.6338028169014085
0.6197183098591549
0.6619718309859155
0.6056338028169014
0.6197183098591549
0.6338028169014085
0.5915492957746479
0.6338028169014085
0.676056338028169
0.676056338028169
0.6338028169014085
0.676056338028169
0.6056338028169014
0.6901408450704225
0.647887323943662
0.6056338028169014
0.6338028169014085
0.5915492957746479
0.5915492957746479
0.647887323943662
0.647887323943662
0.647887323943662
0.647887323943662
0.6056338028169014
0.6901408450704225
0.5633802816901409
0.647887323943662
0.676056338028169
0.6056338028169014
0.6197183098591549
0.647887323943662
0.6338028169014085
0.6901408450704225
0.6197183098591549
0.5915492957746479
0.6197183098591549
0.6338028169014085
0.647887323943662
0.5774647887323944
0.6056338028169014
0.6901408450704225
0.5915492957746479
0.6619718309859155
0.6056338028169014
0.6619718309859155
0.647887323943662
0.6338028169014085
0.5915492957746479
0.6338028169014085
0.6197183098591549
0.6619718309859155
0.676056338028169
0.647887323943662
0.6056338028169014
0.647887323943662
0.6338028169014085
0.676056338028169
0.6338028169014085
0.6197183098591549
0.6197183098591549
0.676056338028169
0.647887323943662
0.647887323943662
0.676056338028169
0.676056338028169
0.6197183098591549
0.647887323943662
0.6619718309859155
0.6338028169014085
0.647887323943662
0.5774647887323944
0.6338028169014085
0.6197183098591549
0.676056338028169
0.647887323943662
0.6056338028169014
0.6056338028169014
0.6619718309859155
0.6619718309859155
0.647887323943662
0.6338028169014085
0.5633802816901409
0.647887323943662
0.6619718309859155
0.6338028169014085
0.676056338028169
0.5915492957746479
0.6197183098591549
0.6901408450704225
0.647887323943662
0.6338028169014085
0.5774647887323944
0.647887323943662
0.6619718309859155
0.6338028169014085
0.6056338028169014
0.5915492957746479
0.5915492957746479
0.6056338028169014
0.6338028169014085
0.6619718309859155
0.6338028169014085
0.5774647887323944
0.647887323943662
0.6056338028169014
0.6619718309859155
0.6901408450704225
0.6197183098591549
0.6056338028169014
0.647887323943662
0.6619718309859155
0.6901408450704225
0.6056338028169014
0.6619718309859155
0.6338028169014085
0.647887323943662
0.6056338028169014
0.676056338028169
0.676056338028169
0.6619718309859155
0.647887323943662
0.5774647887323944
0.6338028169014085
0.6338028169014085
0.6619718309859155
0.6338028169014085
0.6619718309859155
0.6619718309859155
0.6338028169014085
0.6056338028169014
0.676056338028169
0.6619718309859155
0.6197183098591549
0.676056338028169
0.6338028169014085
0.6197183098591549
0.6056338028169014
0.6338028169014085
0.6619718309859155
0.6197183098591549
0.6901408450704225
0.6056338028169014
0.6197183098591549
0.6056338028169014
0.5915492957746479
0.647887323943662
0.6338028169014085
0.6619718309859155
0.704225352112676
0.676056338028169
0.6056338028169014
0.676056338028169
0.676056338028169
0.6197183098591549
0.6197183098591549
0.647887323943662
0.647887323943662
0.5915492957746479
0.6619718309859155
0.6056338028169014
0.6338028169014085
0.6197183098591549
0.6197183098591549
0.5633802816901409
0.6338028169014085
0.6338028169014085
0.5492957746478874
0.676056338028169
0.647887323943662
0.647887323943662
0.6619718309859155
0.5774647887323944
0.6619718309859155
0.647887323943662
0.647887323943662
0.6056338028169014
0.6197183098591549
0.6197183098591549
0.647887323943662
0.6056338028169014
0.6197183098591549
0.6619718309859155
0.647887323943662
0.6619718309859155
0.6197183098591549
0.6056338028169014
0.647887323943662
0.5915492957746479
0.676056338028169
0.647887323943662
0.5915492957746479
0.6197183098591549
0.5774647887323944
0.5915492957746479
0.647887323943662
0.6056338028169014
0.6619718309859155
0.6338028169014085
0.6197183098591549
0.5915492957746479
0.647887323943662
0.6901408450704225
0.6197183098591549
0.676056338028169
0.6619718309859155
0.6338028169014085
0.6056338028169014
0.5774647887323944
0.6338028169014085
0.6338028169014085
0.6056338028169014
0.6619718309859155
0.5774647887323944
0.647887323943662
