0.09774436090225563
0.09803921568627451
0.1076923076923077
0.13861386138613863
0.1044776119402985
0.10317460317460317
0.11278195488721804
0.08633093525179857
0.13445378151260504
0.12258064516129032
0.1111111111111111
0.125
0.07857142857142857
0.1076923076923077
0.07692307692307693
0.08396946564885496
0.10828025477707007
0.0851063829787234
0.13768115942028986
0.0896551724137931
0.09937888198757763
0.112
0.07377049180327869
0.12698412698412698
0.11811023622047244
0.13385826771653545
0.09230769230769231
0.10948905109489052
0.12389380530973451
0.08588957055214724
0.09803921568627451
0.11382113821138211
0.13138686131386862
0.10526315789473684
0.048
0.10625
0.09219858156028368
0.18
0.10526315789473684
0.1044776119402985
0.09166666666666666
0.08633093525179857
0.10869565217391304
0.14049586776859505
0.10144927536231885
0.13445378151260504
0.08661417322834646
0.09803921568627451
0.1092436974789916
0.13533834586466165
0.1
0.1044776119402985
0.11851851851851852
0.14516129032258066
0.09848484848484848
0.07857142857142857
0.0948905109489051
0.10687022900763359
0.07258064516129033
0.1297709923664122
0.08148148148148149
0.0916030534351145
0.10738255033557047
0.09090909090909091
0.0970873786407767
0.14728682170542637
0.09933774834437085
0.10852713178294573
0.0967741935483871
0.10869565217391304
0.07042253521126761
0.13385826771653545
0.09375
0.08904109589041095
0.08843537414965986
0.06474820143884892
0.10714285714285714
0.08333333333333333
0.08396946564885496
0.07874015748031496
0.10236220472440945
0.109375
0.07407407407407407
0.08270676691729323
0.11023622047244094
0.07246376811594203
0.07462686567164178
0.09352517985611511
0.08695652173913043
0.1095890410958904
0.10852713178294573
0.09027777777777778
0.046052631578947366
0.07142857142857142
0.08270676691729323
0.09929078014184398
0.16
0.0873015873015873
0.0916030534351145
0.10483870967741936
0.09243697478991597
0.07407407407407407
0.08176100628930817
0.10738255033557047
0.07575757575757576
0.11382113821138211
0.06164383561643835
0.11409395973154363
0.09210526315789473
0.06993006993006994
0.0896551724137931
0.11194029850746269
0.10218978102189781
0.09701492537313433
0.10596026490066225
0.12781954887218044
0.11450381679389313
0.12121212121212122
0.12605042016806722
0.09016393442622951
0.10317460317460317
0.10204081632653061
0.09333333333333334
0.12
0.12030075187969924
0.16129032258064516
0.10236220472440945
0.08955223880597014
0.10317460317460317
0.07936507936507936
0.07971014492753623
0.0641025641025641
0.09554140127388536
0.12280701754385964
0.07246376811594203
0.10273972602739725
0.09219858156028368
0.1415929203539823
0.08092485549132948
0.07913669064748201
0.10909090909090909
0.10666666666666667
0.10852713178294573
0.09701492537313433
0.09420289855072464
0.1597222222222222
0.1044776119402985
0.12244897959183673
0.12396694214876033
0.11904761904761904
0.1076923076923077
0.10344827586206896
0.1111111111111111
0.10619469026548672
0.06666666666666667
0.0821917808219178
0.09420289855072464
0.0962962962962963
0.11728395061728394
0.1366906474820144
0.10606060606060606
0.10687022900763359
0.11920529801324503
0.10317460317460317
0.08917197452229299
0.1015625
0.10135135135135136
0.1557377049180328
0.11764705882352941
0.0684931506849315
0.13076923076923078
0.08333333333333333
0.09848484848484848
0.09285714285714286
0.09848484848484848
0.09420289855072464
0.08843537414965986
0.10071942446043165
0.12418300653594772
0.0873015873015873
0.08904109589041095
0.07913669064748201
0.09923664122137404
0.0962962962962963
0.11194029850746269
0.09230769230769231
0.11971830985915492
0.12149532710280374
0.1111111111111111
0.08571428571428572
0.13157894736842105
0.1282051282051282
0.12142857142857143
0.0979020979020979
0.1111111111111111
0.0948905109489051
0.10344827586206896
0.07377049180327869
0.08943089430894309
0.10135135135135136
0.08783783783783784
0.09722222222222222
0.11382113821138211
0.11904761904761904
0.0962962962962963
0.09219858156028368
0.11023622047244094
0.11029411764705882
0.09032258064516129
0.07092198581560284
0.09036144578313253
0.0847457627118644
0.12337662337662338
0.09230769230769231
0.0962962962962963
0.1048951048951049
0.09554140127388536
0.08108108108108109
0.11029411764705882
0.11290322580645161
0.053691275167785234
0.12121212121212122
0.1223021582733813
0.09649122807017543
0.07913669064748201
0.12389380530973451
0.1388888888888889
0.09701492537313433
0.09523809523809523
0.06716417910447761
0.07936507936507936
0.12173913043478261
0.09859154929577464
0.09352517985611511
0.1095890410958904
0.10273972602739725
0.08130081300813008
0.06716417910447761
0.07633587786259542
0.08695652173913043
0.07643312101910828
0.13636363636363635
0.1037037037037037
0.08661417322834646
0.1223021582733813
0.1
0.1044776119402985
0.07352941176470588
0.1125
0.09166666666666666
0.12857142857142856
0.09701492537313433
0.07333333333333333
0.07913669064748201
0.1386861313868613
0.09090909090909091
0.09859154929577464
0.08783783783783784
0.12
0.11290322580645161
0.08843537414965986
0.0851063829787234
0.096
0.14516129032258066
0.09016393442622951
0.12396694214876033
0.10948905109489052
0.10071942446043165
0.10810810810810811
0.06666666666666667
0.11016949152542373
0.06569343065693431
0.09649122807017543
0.0958904109589041
0.1565217391304348
0.09022556390977443
0.11194029850746269
0.10909090909090909
0.10526315789473684
0.12213740458015267
0.1347517730496454
0.10294117647058823
0.0962962962962963
0.08633093525179857
0.10256410256410256
0.12030075187969924
0.11594202898550725
0.10344827586206896
0.125
0.10256410256410256
0.12195121951219512
0.09923664122137404
0.072992700729927
0.09022556390977443
0.11363636363636363
0.0703125
0.07971014492753623
0.0873015873015873
0.10948905109489052
0.1079136690647482
0.10714285714285714
0.09722222222222222
0.12
0.08088235294117647
0.09937888198757763
0.08064516129032258
0.10619469026548672
0.11965811965811966
0.1111111111111111
0.10294117647058823
0.08227848101265822
0.1440677966101695
0.08823529411764706
0.10596026490066225
0.07971014492753623
0.13008130081300814
0.08496732026143791
0.10526315789473684
0.10606060606060606
0.10638297872340426
0.10236220472440945
0.09271523178807947
0.10638297872340426
0.11594202898550725
0.07971014492753623
0.13675213675213677
0.09375
0.07647058823529412
0.08208955223880597
0.06293706293706294
0.1484375
0.104
0.125
0.125
0.07971014492753623
0.14049586776859505
0.12195121951219512
0.11278195488721804
0.08181818181818182
0.10067114093959731
0.11267605633802817
0.061224489795918366
0.12751677852348994
0.1111111111111111
0.09923664122137404
0.09022556390977443
0.07936507936507936
0.12857142857142856
0.12142857142857143
0.09154929577464789
0.09740259740259741
0.1388888888888889
0.0821917808219178
0.11188811188811189
0.07194244604316546
0.08441558441558442
0.10457516339869281
0.10077519379844961
0.09219858156028368
0.0784313725490196
0.08666666666666667
0.08860759493670886
0.1
0.1271186440677966
0.10526315789473684
0.08029197080291971
0.13709677419354838
0.0948905109489051
0.06521739130434782
0.10948905109489052
0.11188811188811189
0.09271523178807947
0.13821138211382114
0.11764705882352941
0.10638297872340426
0.11428571428571428
0.10869565217391304
0.112
0.11029411764705882
0.09022556390977443
0.12030075187969924
0.09740259740259741
0.07092198581560284
0.10294117647058823
0.07692307692307693
0.12096774193548387
0.1258741258741259
0.0979020979020979
0.08450704225352113
0.09722222222222222
0.11904761904761904
0.0979020979020979
0.06
0.1048951048951049
0.0847457627118644
0.13333333333333333
0.08403361344537816
0.09302325581395349
0.08633093525179857
0.10344827586206896
0.08843537414965986
0.0948905109489051
0.1388888888888889
0.13013698630136986
0.10294117647058823
0.125
0.1069182389937107
0.13559322033898305
0.10897435897435898
0.11940298507462686
0.15966386554621848
0.09615384615384616
0.13286713286713286
0.09219858156028368
0.0873015873015873
0.08391608391608392
0.08496732026143791
0.08333333333333333
0.11486486486486487
0.1095890410958904
0.07913669064748201
0.09230769230769231
0.1
0.10071942446043165
0.10638297872340426
0.1
0.1016949152542373
0.12096774193548387
0.09285714285714286
0.1048951048951049
0.09395973154362416
0.11904761904761904
0.08163265306122448
0.1044776119402985
0.07936507936507936
0.0958904109589041
0.10569105691056911
0.08759124087591241
0.1044776119402985
0.11851851851851852
0.09836065573770492
0.08527131782945736
0.09523809523809523
0.11627906976744186
0.11864406779661017
0.10884353741496598
0.09774436090225563
0.13432835820895522
0.13286713286713286
0.13513513513513514
0.11678832116788321
0.12413793103448276
0.08695652173913043
0.10236220472440945
0.1092436974789916
0.10687022900763359
0.10377358490566038
0.078125
0.12686567164179105
0.1271186440677966
0.08943089430894309
0.10273972602739725
0.112
0.07534246575342465
0.07462686567164178
0.12598425196850394
0.09722222222222222
0.09420289855072464
0.061068702290076333
0.09090909090909091
0.08391608391608392
0.0784313725490196
0.10317460317460317
0.09090909090909091
0.12403100775193798
0.08270676691729323
0.11333333333333333
0.09022556390977443
0.09701492537313433
0.12030075187969924
0.07633587786259542
0.08823529411764706
0.11428571428571428
0.11409395973154363
0.11965811965811966
0.08955223880597014
0.08759124087591241
0.15447154471544716
0.11475409836065574
0.08552631578947369
0.10294117647058823
0.09271523178807947
0.1056338028169014
0.08571428571428572
0.08552631578947369
0.09868421052631579
0.08609271523178808
0.11510791366906475
0.0718954248366013
0.1048951048951049
