0.16842105263157894
0.16080402010050251
0.15763546798029557
0.16842105263157894
0.17435897435897435
0.15609756097560978
0.15023474178403756
0.15763546798029557
0.15813953488372093
0.15165876777251183
0.1408450704225352
0.16113744075829384
0.15094339622641512
0.1584158415841584
0.14492753623188406
0.14953271028037382
0.15165876777251183
0.16494845360824742
0.1717171717171717
0.14218009478672985
0.15668202764976957
0.173469387755102
0.1584158415841584
0.16580310880829016
0.15920398009950248
0.16080402010050251
0.16585365853658537
0.16425120772946858
0.14285714285714285
0.13043478260869565
0.1388888888888889
0.1839080459770115
0.15686274509803919
0.13953488372093023
0.17021276595744683
0.15686274509803919
0.1523809523809524
0.1693121693121693
0.14096916299559473
0.16585365853658537
0.16748768472906403
0.1492537313432836
0.1584158415841584
0.17391304347826086
0.14814814814814814
0.16267942583732056
0.16326530612244897
0.15228426395939088
0.1691542288557214
0.15165876777251183
0.1507537688442211
0.15311004784688997
0.16666666666666666
0.16425120772946858
0.173469387755102
0.15668202764976957
0.15023474178403756
0.16243654822335024
0.15920398009950248
0.15920398009950248
0.14018691588785048
0.15625000000000003
0.13861386138613863
0.15384615384615385
0.1683168316831683
0.1584158415841584
0.15165876777251183
0.14150943396226415
0.15706806282722513
0.14634146341463417
0.14634146341463417
0.14778325123152708
0.14678899082568808
0.15311004784688997
0.15763546798029557
0.13084112149532712
0.15789473684210525
0.15165876777251183
0.15458937198067632
0.16326530612244897
0.16580310880829016
0.16999999999999998
0.1619047619047619
0.1388888888888889
0.15533980582524273
0.14953271028037382
0.16999999999999998
0.15763546798029557
0.16410256410256407
0.14479638009049775
0.15
0.16585365853658537
0.13973799126637554
0.15706806282722513
0.14705882352941174
0.1596244131455399
0.1752577319587629
0.1596244131455399
0.1798941798941799
0.1584158415841584
0.15458937198067632
0.14705882352941174
0.1388888888888889
0.16113744075829384
0.15763546798029557
0.15165876777251183
0.15920398009950248
0.15094339622641512
0.15458937198067632
0.15023474178403756
0.14953271028037382
0.16346153846153846
0.14705882352941174
0.1574074074074074
0.1584158415841584
0.16113744075829384
0.14563106796116504
0.16113744075829384
0.16494845360824742
0.15165876777251183
0.136986301369863
0.15311004784688997
0.14814814814814814
0.15311004784688997
0.15920398009950248
0.15463917525773196
0.15
0.14150943396226415
0.1474654377880184
0.16243654822335024
0.1616161616161616
0.14150943396226415
0.16585365853658537
0.1492537313432836
0.15873015873015872
0.15311004784688997
0.14218009478672985
0.16483516483516486
0.13953488372093023
0.1574074074074074
0.1584158415841584
0.15
0.16585365853658537
0.1616161616161616
0.15311004784688997
0.16999999999999998
0.15533980582524273
0.14354066985645933
0.16410256410256407
0.16842105263157894
0.16425120772946858
0.15763546798029557
0.14678899082568808
0.17801047120418848
0.12903225806451613
0.1584158415841584
0.15178571428571427
0.15789473684210525
0.15094339622641512
0.15533980582524273
0.1619047619047619
0.1574074074074074
0.1596244131455399
0.15
0.15454545454545457
0.16243654822335024
0.15023474178403756
0.16410256410256407
0.14634146341463417
0.14354066985645933
0.1584158415841584
0.14953271028037382
0.15763546798029557
0.1485148514851485
0.15533980582524273
0.15
0.16585365853658537
0.15165876777251183
0.14354066985645933
0.16037735849056603
0.14705882352941174
0.15023474178403756
0.15384615384615385
0.14563106796116504
0.15763546798029557
0.16
0.15384615384615385
0.15094339622641512
0.16326530612244897
0.15686274509803919
0.16425120772946858
0.16326530612244897
0.1492537313432836
0.13793103448275865
0.14150943396226415
0.15686274509803919
0.15686274509803919
0.15384615384615385
0.16243654822335024
0.1616161616161616
0.15763546798029557
0.15151515151515152
0.15384615384615385
0.15686274509803919
0.16504854368932037
0.16267942583732056
0.17085427135678388
0.16666666666666666
0.13333333333333333
0.15
0.15311004784688997
0.14563106796116504
0.15458937198067632
0.12612612612612614
0.13953488372093023
0.15023474178403756
0.15533980582524273
0.14213197969543145
0.15533980582524273
0.1485148514851485
0.15609756097560978
0.15533980582524273
0.16267942583732056
0.16393442622950818
0.15686274509803919
0.1717171717171717
0.16842105263157894
0.14218009478672985
0.16504854368932037
0.15165876777251183
0.14423076923076922
0.1619047619047619
0.1675392670157068
0.14814814814814814
0.15023474178403756
0.14563106796116504
0.14678899082568808
0.15023474178403756
0.15384615384615385
0.14018691588785048
0.15165876777251183
0.14492753623188406
0.14705882352941174
0.15384615384615385
0.1584158415841584
0.15151515151515152
0.1485148514851485
0.16666666666666666
0.13513513513513511
0.16267942583732056
0.16666666666666666
0.15458937198067632
0.1474654377880184
0.16666666666666666
0.1596244131455399
0.1584158415841584
0.14423076923076922
0.1584158415841584
0.15228426395939088
0.15789473684210525
0.16346153846153846
0.16
0.1798941798941799
0.16748768472906403
0.17085427135678388
0.1485148514851485
0.16243654822335024
0.1584158415841584
0.15609756097560978
0.14953271028037382
0.160427807486631
0.16113744075829384
0.15228426395939088
0.13793103448275862
0.16243654822335024
0.16410256410256407
0.1584158415841584
0.1619047619047619
0.14705882352941174
0.14953271028037382
0.1492537313432836
0.15686274509803919
0.1485148514851485
0.1616161616161616
0.16304347826086957
0.15763546798029557
0.1584158415841584
0.1408450704225352
0.1584158415841584
0.173469387755102
0.1461187214611872
0.15763546798029557
0.15763546798029557
0.1474654377880184
0.15920398009950248
0.16748768472906403
0.1492537313432836
0.16842105263157894
0.15384615384615385
0.1492537313432836
0.12844036697247707
0.1552511415525114
0.13953488372093023
0.13574660633484162
0.16267942583732056
0.14545454545454548
0.16425120772946858
0.16666666666666666
0.15384615384615385
0.17297297297297295
0.16494845360824742
0.16410256410256407
0.17021276595744683
0.13333333333333333
0.15609756097560978
0.13999999999999999
0.16666666666666666
0.1492537313432836
0.1523809523809524
0.14285714285714285
0.14354066985645933
0.1388888888888889
0.13574660633484162
0.15384615384615385
0.15533980582524273
0.15789473684210525
0.14479638009049775
0.1474654377880184
0.15533980582524273
0.15165876777251183
0.1798941798941799
0.1717171717171717
0.1717171717171717
0.15094339622641512
0.15544041450777205
0.15463917525773196
0.1408450704225352
0.15763546798029557
0.14213197969543145
0.1574074074074074
0.14678899082568808
0.15454545454545457
0.15023474178403756
0.15813953488372093
0.1488372093023256
0.15228426395939088
0.16
0.13973799126637554
0.173469387755102
0.1584158415841584
0.1588785046728972
0.17777777777777778
0.14563106796116504
0.12931034482758622
0.1717171717171717
0.15094339622641512
0.15311004784688997
0.1725888324873096
0.1584158415841584
0.15920398009950248
0.16326530612244897
0.15458937198067632
0.16
0.1798941798941799
0.14705882352941174
0.15533980582524273
0.15686274509803919
0.16326530612244897
0.15458937198067632
0.1619047619047619
0.15165876777251183
0.1675392670157068
0.14778325123152708
0.1691542288557214
0.16585365853658537
0.15023474178403756
0.15533980582524273
0.16346153846153846
0.15668202764976957
0.1596244131455399
0.17801047120418848
0.1434977578475336
0.15458937198067632
0.1485148514851485
0.15311004784688997
0.17894736842105263
0.15609756097560978
0.14705882352941174
0.16037735849056603
0.1717171717171717
0.14678899082568808
0.14634146341463417
0.15686274509803919
0.14563106796116504
0.1435897435897436
0.1450777202072539
0.16842105263157894
0.1827956989247312
0.15094339622641512
0.16666666666666666
0.14354066985645933
0.16748768472906403
0.15544041450777205
0.13761467889908258
0.16326530612244897
0.15165876777251183
0.14705882352941174
0.15
0.15384615384615385
0.15533980582524273
0.1584158415841584
0.16585365853658537
0.16580310880829016
0.15609756097560978
0.15384615384615385
0.16580310880829016
0.14492753623188406
0.16
0.14218009478672985
0.15165876777251183
0.14492753623188406
0.1461187214611872
0.16666666666666666
0.1761658031088083
0.15311004784688997
0.15151515151515152
0.16494845360824742
0.14354066985645933
0.14778325123152708
0.15533980582524273
0.1474654377880184
0.15609756097560978
0.15228426395939088
0.1474654377880184
0.14492753623188406
0.15609756097560978
0.16580310880829016
0.14423076923076922
0.1574074074074074
0.15686274509803919
0.16666666666666666
0.15763546798029557
0.15609756097560978
0.15311004784688997
0.16580310880829016
0.1388888888888889
0.14423076923076922
0.13953488372093023
0.15463917525773196
0.15533980582524273
0.1488372093023256
0.1287128712871287
0.16999999999999998
0.173469387755102
0.14563106796116504
0.16243654822335024
0.1407035175879397
0.1474654377880184
0.15463917525773196
0.1693121693121693
0.1388888888888889
0.14218009478672985
0.16585365853658537
0.14953271028037382
0.15686274509803919
0.1588785046728972
0.14678899082568808
0.1596244131455399
0.14479638009049775
0.16410256410256407
0.1552511415525114
0.15384615384615385
0.1616161616161616
0.13084112149532712
0.16580310880829016
0.1584158415841584
0.15609756097560978
0.15533980582524273
0.15813953488372093
0.1523809523809524
0.16425120772946858
0.16585365853658537
0.13270142180094788
0.16999999999999998
0.1523809523809524
0.14423076923076922
0.14814814814814814
0.15311004784688997
0.16504854368932037
0.15813953488372093
0.1691542288557214
0.15165876777251183
0.12612612612612614
0.14096916299559473
0.1346153846153846
0.15311004784688997
0.1798941798941799
0.15023474178403756
0.16113744075829384
0.14778325123152708
