0.5865837600719817
0.523642753392962
0.5665129610149753
0.5677842060137919
0.5808910068960422
0.5865226560505495
0.571267453485585
0.5985003372929397
0.5721327598887729
0.6251266184979697
0.6228788671902108
0.5663481464468144
0.5313472497932441
0.5394996841880116
0.6021754902584162
0.5505993879089777
0.5473720215333286
0.5536896251573871
0.5886125120619502
0.5622230727039345
0.5991421405908068
0.555873740390435
0.5686462477008346
0.5863756897391736
0.5713715882618555
0.5737312903953133
0.6188072551721632
0.540836027086122
0.5605518152571212
0.5745820004620326
0.5565933844360599
0.5705419249515595
0.5228616119107737
0.5529083363928872
0.5616449057382354
0.5669310259319296
0.5823906589814446
0.5809729131050017
0.6140978102297348
0.5773527679439747
0.5812612600098356
0.5480121287338464
0.5768107972247244
0.5650236788444436
0.5905226197714617
0.5736756879510296
0.5799327536126777
0.5468320600176572
0.5678686974228017
0.5818088197986335
0.5931132363170079
0.5304601675001945
0.595684176029006
0.589025696997041
0.5566646150375557
0.5856566193454352
0.6007167940406581
0.5554758923655176
0.6097703813659721
0.5827070856164338
0.5715193884355826
0.49251817847801993
0.5658680278186051
0.570528999238175
0.5136772928310054
0.5712312414378309
0.5744642411089262
0.5988819110553993
0.5494019710727518
0.5662928587262495
0.5911754611721663
0.6206284474209294
0.5637817238663897
0.5993978168836085
0.5734340631859549
0.507507795156387
0.5583906452930295
0.6038722666182769
0.5291944153845412
0.5675542597740214
0.5302422690448504
0.5779179843615947
0.529782513515664
0.5531431763697824
0.5582481374230053
0.5725766508105982
0.5845120980986304
0.5657134581036936
0.523571306055574
0.5337787807906308
0.5682240580349411
0.5243468286681388
0.5865938516481389
0.5460581652645975
0.5480120930045201
0.5813547156851688
0.6142471962558579
0.5451039200551475
0.595711163271229
0.597933139703232
0.5842028836290225
0.5722076494392755
0.576114569645285
0.5317204836935248
0.5453742026425895
0.5806118894497658
0.560805919957182
0.5662218952111538
0.5957144177018446
0.5434516191832132
0.5969226659450649
0.5946025484980276
0.5695446592604592
0.5505103277393308
0.5482937522273178
0.5702197877350007
0.5802000428302685
0.5697334154274503
0.5407854924902018
0.5763379753446827
0.5782726054630625
0.5617123559718118
0.569309122831364
0.5434975031571841
0.6030923768617065
0.5852275480570021
0.5813409726050868
0.558463895945145
0.5863899616876586
0.5188894247397414
0.5733234610859816
0.5647007284841119
0.552014200098152
0.5609122041774546
0.5801470425409042
0.5611117504872969
0.5552089037616772
0.5807214858127699
0.5353215480564855
0.5718639068243521
0.5896535036199962
0.5743182619775711
0.5430844459656557
0.5469337415899672
0.5358142667137886
0.5743716822877618
0.5772247721184587
0.5121216013938445
0.5651998226743736
0.5749297228534616
0.5879021277331097
0.5755956497946704
0.5458716304822431
0.56321694750881
0.575901543268474
0.5661788310172913
0.6157837863427151
0.590619863177989
0.5790138321085434
0.5591043546792935
0.5415101769541251
0.5694007518848767
0.5616371937288053
0.5436620525711445
0.5794086584925776
0.5563146778526881
0.5862138196130355
0.5935547991514561
0.5954640946610653
0.5793863501320549
0.5465564208645923
0.5532602245886702
0.59306861637152
0.5386579317272797
0.543350269969326
0.5893749743813608
0.5676848612878727
0.5858236030949219
0.5472736362249526
0.5762514578363128
0.5865961882812168
0.5819828935722114
0.6179722376413278
0.5736283468809521
0.5799586870687985
0.5479437907642876
0.5684206560604157
0.5825706152141837
0.5440159855053309
0.5826688810597337
0.5904582980666885
0.5844294298842434
0.5698542710816689
0.601902501680119
0.574072102626276
0.5929730116218913
0.596215889823937
0.5796244043746337
0.5829795381253887
0.5529449815539698
0.5940283281945674
0.5781156013232156
0.5557384699105617
0.5862851394093238
0.5404706440985946
0.5823659728721778
0.5619732692574024
0.6066713172534213
0.5690351719125115
0.5747079099993071
0.5129037563205017
0.6060357594428267
0.5844072023317299
0.5486793328396082
0.5670241445006586
0.5970408620765739
0.5571787057653793
0.5761009155953931
0.5497315362400044
0.5557468630998076
0.5765137504317177
0.5964043381182681
0.5512533710919932
0.5831935708028777
0.5805703183139782
0.5444572323838565
0.5579005820432561
0.5373910905522739
0.5749401513439004
0.5065171928991489
0.5564600761693506
0.5528147641418935
0.583651219366381
0.5977451203957591
0.5357400683427016
0.5389465086693754
0.5727657628775288
0.5258093463801239
0.5757670206667309
0.5809640405771035
0.5877848168586816
0.5718605648228597
0.5398643338805097
0.5649999908169011
0.5670192022846746
0.5883432543496859
0.5305587375290644
0.5280590399319101
0.5774566751621795
0.5671425059502425
0.5771799788412622
0.553100269644841
0.5547957332049005
0.583046263773841
0.5841333151553317
0.5543520459021531
0.5868430197124157
0.5936773431316067
0.5861822266543076
0.5495342140052126
0.6034960003375037
0.5645678052586138
0.5503487659187307
0.562550135038635
0.5887092355686656
0.5948014873555417
0.5651745222499909
0.508859688920106
0.6030165405450478
0.5775407697646323
0.6096111154322088
0.5441281178632259
0.5664340738937628
0.5795601260341285
0.5799195952406858
0.6018115613009307
0.5400690258285341
0.47531945505077955
0.5742642781142273
0.5138881944766079
0.5535420335429027
0.5596851964030055
0.539196754302383
0.5730098652142801
0.6086816555892243
0.5544777991759977
0.5470004651839377
0.5778492744188068
0.5485302490747452
0.6017797622655822
0.6014125788210058
0.6015974960232815
0.5585477140249351
0.5903480588505137
0.5555758391750841
0.6147909903227108
0.5793982132522876
0.5432062250769977
0.5329613213725123
0.551172937116704
0.5579579467847322
0.5783346686056811
0.5650072930667229
0.5592827712030091
0.4931443773746015
0.566954744387069
0.583589563211007
0.5070271030182663
0.5599403677957959
0.5937155849267025
0.5706208201305547
0.5543649971896436
0.567050103891423
0.5562464196323654
0.5577972366124788
0.5074144158483815
0.6026087656179627
0.6144639986521555
0.5467877384760824
0.5122600628969285
0.601671963344609
0.5418186412764828
0.5955978570617344
0.536620563945599
0.5645503809500931
0.5984331945872963
0.595546159460983
0.5908052496993575
0.5766796887977106
0.5527121704405615
0.5597335152872689
0.5877153509832601
0.5855662663525262
0.6087519726276845
0.5604225784090138
0.5630329971782602
0.5572936160898219
0.5619128945907869
0.5798307475883113
0.5687230489971397
0.572478702110304
0.5610557247922303
0.5450334194665077
0.6020013084253468
0.5388067576691195
0.5397681238317195
0.576561500967804
0.5826487948739496
0.5917685852349519
0.5912155648395189
0.5895352808136672
0.5647651767375286
0.5622677910866094
0.5459758401689844
0.569264541733857
0.5690693696753432
0.5892126716569883
0.6086955593930123
0.5940549083992367
0.5807318520700683
0.5908683470422343
0.5492378554386238
0.5985257408885879
0.606213839824909
0.6032043217073908
0.5363170220480978
0.5637087038924434
0.5832242320829899
0.5564512867099767
0.5445195712989469
0.5627253017647815
0.5748500901148818
0.6072256122858521
0.5160158518730281
0.5561604368990434
0.5661409330809082
0.5583417645463813
0.5702896441407705
0.5326713354161838
0.5553200947204627
0.5863557245058034
0.5681343943634702
0.5363123443377016
0.5415926537590293
0.6045074985891445
0.5667483543085359
0.560475009422312
0.5742069548372191
0.5611018943279589
0.5900652760327889
0.5676310787036898
0.5752193539061263
0.5580317823798856
0.5767828289525239
0.55548729025289
0.5838253662927294
0.5793918432403573
0.5772839049752809
0.5724649793552463
0.5429192555420216
0.6016392921394831
0.564166915152779
0.5817578045829359
0.5709898855172956
0.5995019261033563
0.5938069726356722
0.5881209048810817
0.5739925426707161
0.5417684899346138
0.5555016541671774
0.5930641772363993
0.5862841482602416
0.5726169971854027
0.5437829601679837
0.5440612499446853
0.5680301421570033
0.583639890264285
0.5715104616265644
0.5499816348522082
0.5525703412072551
0.5368594097456987
0.6042742636959749
0.5188764464570695
0.5478087377659935
0.5580990317169773
0.5878299630930057
0.5916604156508389
0.5673758375990818
0.5984005876078957
0.5371480483132917
0.632485097563601
0.5573855346022611
0.5793335665054871
0.5600154844501132
0.5791611437024066
0.556273477836671
0.5900464996830561
0.6183678094674455
0.5465219372292842
0.5620374547195004
0.6009338884409453
0.5368607220892533
0.55645125561552
0.5857500627132421
0.556918738414083
0.593417740962103
0.6122379505208423
0.5201410884109119
0.5359887437509083
0.5752520820918635
0.536646350844402
0.549812685026263
0.581087119569137
0.5160602631867727
0.5247738210084302
0.5892212248358761
0.5414700295951176
0.5763443812889945
0.5913346790246711
0.5900134862012285
0.6033814874396237
0.5830818252040358
0.5862002041351311
0.5687669142995493
0.5420022658629448
0.5623730030104326
0.5640925235150516
0.575428124957983
0.5581131101790042
0.5763837792218209
0.5557870812685769
0.5603601612830645
0.5151918705791397
0.5632981322520139
0.5500950043843432
0.5580686245651022
0.5637447613261254
0.5849384695788605
0.5267595863574295
0.5698894729316522
0.5736253811814059
0.5920516331836005
0.5763780236965765
0.5735483690725198
0.5506576013534966
0.5739459550297741
0.5749254006962998
0.5475970453403516
0.5471047952150869
0.532432376322733
0.5889202159878395
0.5859004155047614
0.5770816093592395
0.6294740826954395
0.5494260977910049
0.5836869747016623
0.5724936495905112
0.5412813300227595
0.5922617652230284
0.5867547538328632
