0.10526315789473684
0.1103448275862069
0.11594202898550725
0.10596026490066225
0.10759493670886076
0.10457516339869281
0.09937888198757763
0.10256410256410256
0.11038961038961038
0.10596026490066225
0.1048951048951049
0.1069182389937107
0.11347517730496454
0.10256410256410256
0.09803921568627451
0.1032258064516129
0.09937888198757763
0.1
0.10759493670886076
0.09554140127388536
0.11486486486486487
0.10429447852760736
0.10596026490066225
0.09937888198757763
0.11347517730496454
0.10526315789473684
0.11643835616438356
0.11258278145695365
0.0967741935483871
0.08928571428571429
0.1
0.10457516339869281
0.10256410256410256
0.09868421052631579
0.0975609756097561
0.0963855421686747
0.11594202898550725
0.10126582278481013
0.1095890410958904
0.11486486486486487
0.10493827160493827
0.09803921568627451
0.09467455621301775
0.1
0.0975609756097561
0.1118421052631579
0.10457516339869281
0.10135135135135136
0.11724137931034483
0.0963855421686747
0.10135135135135136
0.10062893081761007
0.11888111888111888
0.11038961038961038
0.10897435897435898
0.10493827160493827
0.11267605633802817
0.11428571428571428
0.10126582278481013
0.10191082802547771
0.0872093023255814
0.09740259740259741
0.08433734939759036
0.10738255033557047
0.11643835616438356
0.1038961038961039
0.10256410256410256
0.10714285714285714
0.09868421052631579
0.09933774834437085
0.09259259259259259
0.09933774834437085
0.10062893081761007
0.11764705882352941
0.1095890410958904
0.08484848484848485
0.09868421052631579
0.0975609756097561
0.11188811188811189
0.09815950920245399
0.09876543209876543
0.11038961038961038
0.11333333333333333
0.09202453987730061
0.1038961038961039
0.1103448275862069
0.11564625850340136
0.0975609756097561
0.11678832116788321
0.09467455621301775
0.09202453987730061
0.10967741935483871
0.10256410256410256
0.10204081632653061
0.09259259259259259
0.10897435897435898
0.1069182389937107
0.10759493670886076
0.12318840579710146
0.10256410256410256
0.10126582278481013
0.09554140127388536
0.09146341463414634
0.12056737588652482
0.10126582278481013
0.1103448275862069
0.10884353741496598
0.10526315789473684
0.10126582278481013
0.10738255033557047
0.09411764705882353
0.1118421052631579
0.1
0.11409395973154363
0.10666666666666667
0.12878787878787878
0.09933774834437085
0.10059171597633136
0.10596026490066225
0.10666666666666667
0.09433962264150944
0.11510791366906475
0.10596026490066225
0.10256410256410256
0.10191082802547771
0.10067114093959731
0.1
0.10135135135135136
0.09815950920245399
0.10884353741496598
0.10596026490066225
0.10204081632653061
0.11038961038961038
0.09803921568627451
0.11363636363636363
0.1032258064516129
0.09375
0.09259259259259259
0.09868421052631579
0.1069182389937107
0.10884353741496598
0.1079136690647482
0.11409395973154363
0.10256410256410256
0.11267605633802817
0.12056737588652482
0.10191082802547771
0.10638297872340426
0.1111111111111111
0.1
0.10967741935483871
0.12403100775193798
0.10126582278481013
0.10828025477707007
0.09523809523809523
0.10738255033557047
0.12142857142857143
0.09615384615384616
0.10126582278481013
0.09580838323353294
0.11724137931034483
0.10625
0.12056737588652482
0.10204081632653061
0.11643835616438356
0.1032258064516129
0.10738255033557047
0.10526315789473684
0.09740259740259741
0.10135135135135136
0.10810810810810811
0.10526315789473684
0.1095890410958904
0.10869565217391304
0.1095890410958904
0.1048951048951049
0.11038961038961038
0.1038961038961039
0.10344827586206896
0.12056737588652482
0.10344827586206896
0.11940298507462686
0.10191082802547771
0.10273972602739725
0.10738255033557047
0.1
0.09876543209876543
0.11267605633802817
0.1103448275862069
0.10884353741496598
0.10365853658536585
0.1095890410958904
0.09740259740259741
0.09333333333333334
0.10638297872340426
0.1032258064516129
0.09937888198757763
0.09876543209876543
0.10738255033557047
0.10596026490066225
0.1111111111111111
0.10416666666666667
0.11940298507462686
0.1
0.11486486486486487
0.11564625850340136
0.11564625850340136
0.1111111111111111
0.0880503144654088
0.1
0.11347517730496454
0.11363636363636363
0.1038961038961039
0.09210526315789473
0.09375
0.10738255033557047
0.10596026490066225
0.08588957055214724
0.11510791366906475
0.10273972602739725
0.1103448275862069
0.1032258064516129
0.10365853658536585
0.1048951048951049
0.11347517730496454
0.11486486486486487
0.11188811188811189
0.10273972602739725
0.10897435897435898
0.11594202898550725
0.09615384615384616
0.11333333333333333
0.1
0.09937888198757763
0.10126582278481013
0.09036144578313253
0.11428571428571428
0.11764705882352941
0.10666666666666667
0.10135135135135136
0.09302325581395349
0.09433962264150944
0.09740259740259741
0.11678832116788321
0.10596026490066225
0.10638297872340426
0.10273972602739725
0.11486486486486487
0.09090909090909091
0.11333333333333333
0.09815950920245399
0.10191082802547771
0.10526315789473684
0.10897435897435898
0.12408759124087591
0.09195402298850575
0.1056338028169014
0.09937888198757763
0.0967741935483871
0.09615384615384616
0.11724137931034483
0.10256410256410256
0.12318840579710146
0.1111111111111111
0.14166666666666666
0.10948905109489052
0.10457516339869281
0.11188811188811189
0.09248554913294797
0.1
0.09933774834437085
0.1111111111111111
0.1079136690647482
0.0963855421686747
0.10810810810810811
0.10062893081761007
0.09937888198757763
0.1111111111111111
0.09316770186335403
0.11428571428571428
0.10869565217391304
0.1095890410958904
0.09146341463414634
0.1038961038961039
0.10273972602739725
0.11188811188811189
0.1038961038961039
0.1
0.11594202898550725
0.1069182389937107
0.10596026490066225
0.10738255033557047
0.10596026490066225
0.11594202898550725
0.1032258064516129
0.1223021582733813
0.09740259740259741
0.10810810810810811
0.10256410256410256
0.09740259740259741
0.09655172413793103
0.1349206349206349
0.09433962264150944
0.0949367088607595
0.11971830985915492
0.09696969696969697
0.11564625850340136
0.10303030303030303
0.09876543209876543
0.09876543209876543
0.09937888198757763
0.1111111111111111
0.09937888198757763
0.09615384615384616
0.10884353741496598
0.09271523178807947
0.10625
0.10638297872340426
0.10191082802547771
0.10273972602739725
0.09740259740259741
0.10204081632653061
0.09433962264150944
0.09740259740259741
0.10738255033557047
0.11811023622047244
0.10738255033557047
0.128
0.11428571428571428
0.1111111111111111
0.11409395973154363
0.10759493670886076
0.11486486486486487
0.10738255033557047
0.09933774834437085
0.09433962264150944
0.10638297872340426
0.10884353741496598
0.1037037037037037
0.09770114942528736
0.10126582278481013
0.1069182389937107
0.10666666666666667
0.11724137931034483
0.11510791366906475
0.09868421052631579
0.1032258064516129
0.09937888198757763
0.11258278145695365
0.10191082802547771
0.1111111111111111
0.0935672514619883
0.0949367088607595
0.09933774834437085
0.10240963855421686
0.10526315789473684
0.10738255033557047
0.11333333333333333
0.11428571428571428
0.12698412698412698
0.11594202898550725
0.10666666666666667
0.1103448275862069
0.1118421052631579
0.10204081632653061
0.11347517730496454
0.10062893081761007
0.10126582278481013
0.10191082802547771
0.10897435897435898
0.10126582278481013
0.10884353741496598
0.10273972602739725
0.10897435897435898
0.11724137931034483
0.0975609756097561
0.10126582278481013
0.11971830985915492
0.11971830985915492
0.10967741935483871
0.11888111888111888
0.10738255033557047
0.11510791366906475
0.09036144578313253
0.09876543209876543
0.10897435897435898
0.10457516339869281
0.09868421052631579
0.11564625850340136
0.11333333333333333
0.10256410256410256
0.09615384615384616
0.0975609756097561
0.10638297872340426
0.09210526315789473
0.09655172413793103
0.11510791366906475
0.11258278145695365
0.10526315789473684
0.1095890410958904
0.1048951048951049
0.11643835616438356
0.09316770186335403
0.09933774834437085
0.1095890410958904
0.10457516339869281
0.08982035928143713
0.09803921568627451
0.10884353741496598
0.10884353741496598
0.09302325581395349
0.11724137931034483
0.09523809523809523
0.1103448275862069
0.10884353741496598
0.1103448275862069
0.0967741935483871
0.10596026490066225
0.09803921568627451
0.10738255033557047
0.09740259740259741
0.09876543209876543
0.1118421052631579
0.10967741935483871
0.09580838323353294
0.1048951048951049
0.11267605633802817
0.10948905109489052
0.11538461538461539
0.09937888198757763
0.1095890410958904
0.11347517730496454
0.09316770186335403
0.1095890410958904
0.09868421052631579
0.1095890410958904
0.1032258064516129
0.09316770186335403
0.10559006211180125
0.11347517730496454
0.11333333333333333
0.09411764705882353
0.10596026490066225
0.09815950920245399
0.09815950920245399
0.10204081632653061
0.10948905109489052
0.10204081632653061
0.10714285714285714
0.11188811188811189
0.10666666666666667
0.0896551724137931
0.10759493670886076
0.11888111888111888
0.10273972602739725
0.11267605633802817
0.0979020979020979
0.10191082802547771
0.09868421052631579
0.1095890410958904
0.09740259740259741
0.10638297872340426
0.11486486486486487
0.10526315789473684
0.1111111111111111
0.12142857142857143
0.11428571428571428
0.1118421052631579
0.1038961038961039
0.10810810810810811
0.10493827160493827
0.10126582278481013
0.10191082802547771
0.09395973154362416
0.10191082802547771
0.10596026490066225
0.10884353741496598
0.1095890410958904
0.11486486486486487
0.10256410256410256
0.12142857142857143
0.13178294573643412
0.09523809523809523
0.10559006211180125
0.11188811188811189
0.10948905109489052
0.10062893081761007
0.10526315789473684
0.10828025477707007
0.10303030303030303
0.11258278145695365
0.10256410256410256
0.09722222222222222
0.11267605633802817
0.09210526315789473
0.1038961038961039
0.12142857142857143
0.10526315789473684
0.12056737588652482
0.10416666666666667
