0.6201063347079794
0.615437752318242
0.6548064486144546
0.5716285522178767
0.6480442762491826
0.5955035156898042
0.651127517874493
0.6746389136407561
0.6463073074464352
0.690122266797947
0.6117700105889133
0.61552229155782
0.6732979075587988
0.6155624399735153
0.6645238099374763
0.5822182884532495
0.5867115909189217
0.6658098865364435
0.6592156492037443
0.6145553869655617
0.6212229529603555
0.6593315413364983
0.5680730926875768
0.5440178241166976
0.6894133233599687
0.5938909833959682
0.6081576141475641
0.6036241836445958
0.6701013097101307
0.709352128966489
0.6169331809716242
0.5591017061911734
0.619701037984676
0.6143518583102505
0.6273433423578139
0.6877102589565787
0.6556711898312473
0.6366108719371508
0.5980570977621895
0.639470899875487
0.6288401809011727
0.5274275153570532
0.6235313531617442
0.7005871166539019
0.6739991448189242
0.6510155522930139
0.5860653376616088
0.6621040956556186
0.712930896710405
0.6099591593534399
0.5987028251036421
0.6251337446200548
0.6747514738250497
0.6053426315284297
0.6173514160500472
0.6204806130472501
0.6005380392532335
0.5601414592881322
0.642032801363203
0.5097433801217481
0.6633976388612556
0.6417275557032228
0.5276206934130602
0.6754265889110677
0.646829937050013
0.618256168026158
0.579012519980388
0.6283969580798442
0.6750998962944725
0.6202550695218927
0.7125996001736603
0.6539590962380752
0.6526962286932783
0.6524941134359621
0.6280398593360916
0.596624360357843
0.6286829382461283
0.5979284499744979
0.63095424173183
0.6826369394112041
0.6831844237666407
0.7448244940654056
0.6345609227115776
0.7013292935483636
0.643989447319115
0.6636424437062484
0.5716322904938114
0.7317592473989896
0.5982868280150813
0.6028525332845394
0.6064915999441555
0.6018277881326011
0.6871159665793319
0.6944612611928004
0.6405389821133757
0.6803460235755462
0.6648822150217542
0.6635837705268172
0.6122256138921214
0.6549287761344217
0.648767282834135
0.6515643406014342
0.5991129060711252
0.5465396306300178
0.648290602104219
0.6421545046488748
0.5971976484471194
0.6489794830772466
0.6459083536290009
0.6546853953238565
0.6849097004549128
0.6983346786743119
0.557662537495007
0.6526853200023179
0.552483894996021
0.6415977443125331
0.6339414694956446
0.6413954971547696
0.6565535976959687
0.531364058874462
0.5422931521570535
0.6697810856518063
0.6376760331183572
0.6632754312041094
0.5926209048251737
0.6212881381478299
0.6576913901336997
0.6810027817503773
0.6278257376559764
0.6843012957754744
0.6121271546884036
0.6740476838551145
0.6557468444604637
0.5664723596222823
0.6948113204616708
0.6032915942874096
0.6310277833054678
0.6467484407574065
0.6953871584652346
0.6635066595093692
0.6043272699692553
0.685455339922423
0.6566112593069293
0.6144128973079721
0.5989761054511906
0.5251114636211861
0.6096684390884418
0.6325244697576229
0.5623534385376325
0.6659780598276014
0.7215089497500027
0.6338811056754119
0.575134980808773
0.6893295493232487
0.5386970302503268
0.64612264424955
0.6498191079365375
0.5292311139505501
0.6305567374243771
0.6852533625983921
0.6136084324620814
0.663240464790122
0.5871458710054089
0.5965756509468297
0.6141953003313879
0.6906551027095937
0.669322942819273
0.5853495654506324
0.657811044000356
0.5973292345097654
0.6996136796283547
0.6627528015769197
0.6476803634590736
0.5954130214221035
0.5482772259225532
0.5976252444711908
0.6242431885381091
0.7161020561998691
0.6142968929874488
0.6863988459890141
0.6563095107846216
0.6195037107953489
0.6199180961143818
0.5500325278144843
0.5911858729886942
0.6296981528585308
0.6570616481793343
0.6894667243520651
0.6224944096819431
0.679329138376364
0.612715406943596
0.6394480333715544
0.6398095026302798
0.6168384495676353
0.6948636456866738
0.6590505884821622
0.6246086837691798
0.7262941291915682
0.6259572448513564
0.6672256997439721
0.6713903899899889
0.5374988039169986
0.6663832862301682
0.5610746234823553
0.6186366456934294
0.4888522688872119
0.6318536190006054
0.6301944730054275
0.6583963539518699
0.5797925681226683
0.701400470437882
0.5344442386002382
0.6389654243682067
0.6722495430921814
0.6542749023822099
0.7185464795351315
0.5837366722180256
0.691439449956035
0.6384354155572588
0.6893493318482152
0.582686195015903
0.7707085049866043
0.6440266674189392
0.6702529738062603
0.7370094084768423
0.6430058121156973
0.6738527455571857
0.4764747311795048
0.5826659862452573
0.6004495939370821
0.6072631001542601
0.6600616993815495
0.7011229940659498
0.5635167886690347
0.6759559294613029
0.6596285288566429
0.64054310010265
0.5681225889639089
0.6527597846796747
0.5277167061682285
0.6348185778631237
0.6395895595839702
0.6385561520543883
0.6498734977890349
0.6588326540524749
0.5552215669664381
0.6518962989112836
0.6786873077232067
0.6197166922243428
0.6387498201858143
0.6787303824983419
0.7199815648671465
0.6555802166700256
0.656197599114471
0.6049231131804551
0.58970340179491
0.5953551051759826
0.6022932453729568
0.6297671145762765
0.6501675913015093
0.667966334536296
0.6825891012606629
0.5257744935320599
0.6659096682769403
0.644521208196531
0.6287266170446956
0.6643277655151406
0.5727637837470375
0.5771823941963764
0.675526456677502
0.6212082718524206
0.643816992689352
0.6510467165401276
0.6312713991366694
0.6061590862669426
0.6197478845661233
0.684073382480965
0.646231256411446
0.5703557861253983
0.6338242496162797
0.6768780249183877
0.615035574035259
0.6842337716322511
0.6682637365421565
0.6084802574007057
0.63930782930651
0.6651670320038476
0.6444188007437125
0.6323635078411214
0.6502141810397165
0.6170064103799499
0.6711401680286402
0.6833728532595438
0.689820909529221
0.637350617923224
0.6744950726185851
0.6469155453839766
0.5362849316623273
0.6456868242471858
0.7004319130822073
0.6852350606590272
0.6806503786584825
0.6990696151110057
0.6922199415568958
0.6313779181150807
0.6167545999707551
0.6701634540558381
0.7246001790468614
0.7006245322115905
0.6220833387501891
0.7146648097567931
0.6368593902807753
0.5818498699825598
0.6459082470341734
0.688873958342669
0.6785411401402569
0.6442932970870313
0.6422823924215239
0.6489529490842505
0.6794709865639474
0.6033210644472815
0.6558420864374511
0.5870964192468549
0.5757189189797022
0.610544575549934
0.5083682372837177
0.6330255590683357
0.6709164702464846
0.6743823277148492
0.6598436923039179
0.6202955486224729
0.6567363141472068
0.5969359680221229
0.6365798033211192
0.7394309342018729
0.6515956660427474
0.6295106805330745
0.7113472296123994
0.660062425918381
0.7218176615738335
0.6996548327515101
0.6201119120461988
0.679633365020719
0.5952428465586013
0.7037005406717269
0.5792106503341397
0.5801027018709182
0.6925008596010891
0.6304670178755326
0.6775446499557719
0.7143471850198
0.6071230895025178
0.6082350034692433
0.6233040482985831
0.6874751591395853
0.6619041470541148
0.6248851598020004
0.5934594133673586
0.65547465679418
0.6380782966216703
0.6614102932939143
0.6550416831256977
0.6452594916446828
0.6783128901782753
0.5696518330209216
0.6291758805593228
0.6533878883389803
0.5218305098733257
0.6338428896037144
0.643946428931286
0.5440756105147366
0.6649159580147108
0.6332883226896217
0.7163478106263419
0.6401170485325041
0.6458268266181721
0.6700417949114702
0.6404685299602825
0.5815286870364538
0.6857753868218955
0.5679564536497472
0.6847211593540344
0.6692744653920624
0.6371641584401836
0.6498002843353053
0.7099160139796924
0.6925649957304347
0.6117588062385373
0.5980279089514009
0.6143832052102335
0.6360867214792761
0.6738684997006547
0.6946958110634691
0.7120682437633455
0.6714284114418875
0.6912934788051002
0.666679428441826
0.6787360253266382
0.6381124100278406
0.6081508040623064
0.655170050233403
0.6130737985214368
0.589161853996303
0.6192224230372535
0.7464807142796197
0.622120855687993
0.597793056959411
0.626207056714546
0.7269702902204946
0.612624556996343
0.6519016278095158
0.6245321183914815
0.6671139660677506
0.6929869883235499
0.6662064016826581
0.6412255622322862
0.6776474047222742
0.6467688167444717
0.6664310870121308
0.6677371842353182
0.6934052884390819
0.7182639383572605
0.6759270019716592
0.7231440182762573
0.6951392736586609
0.555753408453501
0.5990329870665911
0.6252334193623003
0.648357722413581
0.6319255941927837
0.5935182605468843
0.599613241928206
0.5739750766145081
0.6649070920238209
0.6523957192629221
0.6296056183535241
0.7082120173410537
0.5522520429966892
0.6254181217619443
0.5839575551647074
0.674683577916301
0.5774044437145278
0.5798313023666675
0.6936619039698938
0.7044303134876932
0.5299006626954434
0.7123240520799012
0.6456834073059265
0.6668977258903246
0.6195678600059906
0.5990006141310237
0.6691280736439903
0.6719350751594512
0.7174582632271032
0.5639122435198489
0.629356503907034
0.6830379277748092
0.659210090944292
0.5887319643953363
0.6564705451906803
0.622857841292313
0.620217273258577
0.7048047102412561
0.6826094976913587
0.6180193722322138
0.6717289001311116
0.6275017593718613
0.6308573866249367
0.6294844900812626
0.5949058092810058
0.6854330417677921
0.701101861887369
0.7542549808757011
0.47489689902627485
0.5881081736736486
0.6878048694403899
0.6410019167891161
0.5876490282346247
0.6488823059049865
0.6011904062049575
0.7190754347568563
0.5934635821622127
0.5786586641190472
0.5875725111410154
0.5435410348361129
0.7274895593965712
0.5941103867766157
0.6727644591225976
0.6345917585186474
0.685058984256828
0.6102116457297739
0.584993580496965
0.7068677044678168
0.6414573728197116
0.6465605847259872
0.6690418970221311
0.5718701672097868
0.6703252197571039
0.5959320492882515
0.6001047509714798
