0.34146341463414637
0.3684210526315789
0.11764705882352941
0.1142857142857143
0.11764705882352941
0.1212121212121212
0.23529411764705882
0.5
0.0606060606060606
0.2857142857142857
0.2777777777777778
0.125
0.17647058823529416
0.17647058823529416
0.18181818181818182
0.32432432432432434
0.30769230769230765
0.32432432432432434
0.29268292682926833
0.2285714285714286
0.17142857142857143
0.17647058823529416
0.1212121212121212
0.125
0.18181818181818182
0.17647058823529416
0.41025641025641024
0.3
0.17647058823529416
0.0606060606060606
0.33333333333333337
0.41860465116279066
0.18181818181818182
0.3
0.43902439024390244
0.11764705882352941
0.4210526315789474
0.31578947368421056
0.31578947368421056
0.3684210526315789
0.18181818181818182
0.3684210526315789
0.0625
0.32432432432432434
0.32432432432432434
0.2857142857142857
0.32432432432432434
0.1212121212121212
0.2222222222222222
0.1142857142857143
0.2222222222222222
0.2285714285714286
0.2702702702702703
0.2777777777777778
0.11764705882352941
0.11764705882352941
0.45000000000000007
0.1212121212121212
0.11764705882352941
0.1212121212121212
0.33333333333333337
0.2857142857142857
0.32432432432432434
0.2631578947368421
0.17142857142857143
0.31578947368421056
0.0625
0.2285714285714286
0.47619047619047616
0.35897435897435903
0.32432432432432434
0.30769230769230765
0.125
0.5217391304347827
0.0625
0.17647058823529416
0.0625
0.30769230769230765
0.16666666666666669
0.35
0.2702702702702703
0.2777777777777778
0.41025641025641024
0.2222222222222222
0.2105263157894737
0.37837837837837834
0.2222222222222222
0.4
0.3684210526315789
0.2285714285714286
0.32432432432432434
0.125
0.2285714285714286
0.1212121212121212
0.2702702702702703
0.2777777777777778
0.2702702702702703
0.2285714285714286
0.2285714285714286
0.2222222222222222
0.23529411764705882
0.21621621621621623
0.2222222222222222
0.35897435897435903
0.1212121212121212
0.21621621621621623
0.17647058823529416
0.17142857142857143
0.2702702702702703
0.1212121212121212
0.2702702702702703
0.17647058823529416
0.2702702702702703
0.2631578947368421
0.1142857142857143
0.1212121212121212
0.31578947368421056
0.2285714285714286
0.2285714285714286
0.4210526315789474
0.2285714285714286
0.23529411764705882
0.45000000000000007
0.2285714285714286
0.2222222222222222
0.3
0.37837837837837834
0.2702702702702703
0.2285714285714286
0.1212121212121212
0.2702702702702703
0.17647058823529416
0.06451612903225806
0.125
0.17647058823529416
0.2222222222222222
0.30769230769230765
0.2285714285714286
0.2777777777777778
0.2702702702702703
0.2777777777777778
0.37837837837837834
0.17142857142857143
0.17142857142857143
0.2564102564102564
0.23529411764705882
0.16666666666666669
0.17647058823529416
0.2105263157894737
0.3684210526315789
0.2285714285714286
0.32432432432432434
0.32432432432432434
0.41025641025641024
0.2777777777777778
0.2222222222222222
0.2222222222222222
0.23529411764705882
0.2857142857142857
0.2777777777777778
0.31578947368421056
0.2285714285714286
0.31578947368421056
0.2222222222222222
0.2285714285714286
0.23529411764705882
0.2857142857142857
0.2285714285714286
0.2439024390243902
0.0
0.2564102564102564
0.2857142857142857
0.18181818181818182
0.11764705882352941
0.35897435897435903
0.2285714285714286
0.16216216216216217
0.18181818181818182
0.2857142857142857
0.34146341463414637
0.1212121212121212
0.41025641025641024
0.31578947368421056
0.125
0.17647058823529416
0.33333333333333337
0.1142857142857143
0.2857142857142857
0.2222222222222222
0.18181818181818182
0.32432432432432434
0.2285714285714286
0.30769230769230765
0.31578947368421056
0.2285714285714286
0.32432432432432434
0.0
0.1212121212121212
0.21621621621621623
0.32432432432432434
0.37837837837837834
0.31578947368421056
0.1212121212121212
0.4
0.17647058823529416
0.16666666666666669
0.125
0.11764705882352941
0.11764705882352941
0.2857142857142857
0.0625
0.2777777777777778
0.30769230769230765
0.2222222222222222
0.18181818181818182
0.33333333333333337
0.23529411764705882
0.2285714285714286
0.2857142857142857
0.33333333333333337
0.125
0.2777777777777778
0.2857142857142857
0.0
0.2857142857142857
0.30769230769230765
0.21621621621621623
0.2857142857142857
0.2857142857142857
0.2631578947368421
0.21621621621621623
0.41025641025641024
0.37837837837837834
0.0
0.2285714285714286
0.125
0.2702702702702703
0.2222222222222222
0.32432432432432434
0.21621621621621623
0.2857142857142857
0.17647058823529416
0.32432432432432434
0.2777777777777778
0.3
0.11764705882352941
0.0625
0.18181818181818182
0.30769230769230765
0.058823529411764705
0.32432432432432434
0.1142857142857143
0.21621621621621623
0.3684210526315789
0.2702702702702703
0.2222222222222222
0.06451612903225806
0.18181818181818182
0.125
0.33333333333333337
0.16666666666666669
0.33333333333333337
0.32432432432432434
0.2285714285714286
0.0625
0.125
0.32432432432432434
0.37209302325581395
0.4285714285714285
0.2777777777777778
0.2222222222222222
0.2285714285714286
0.2702702702702703
0.2285714285714286
0.16666666666666669
0.16666666666666669
0.2702702702702703
0.06451612903225806
0.32432432432432434
0.2285714285714286
0.18181818181818182
0.1212121212121212
0.32432432432432434
0.23529411764705882
0.17142857142857143
0.30769230769230765
0.17647058823529416
0.17647058823529416
0.2857142857142857
0.1212121212121212
0.4651162790697674
0.23529411764705882
0.18181818181818182
0.3684210526315789
0.2702702702702703
0.1142857142857143
0.11764705882352941
0.2702702702702703
0.2857142857142857
0.2702702702702703
0.23529411764705882
0.31578947368421056
0.2857142857142857
0.37837837837837834
0.06451612903225806
0.125
0.33333333333333337
0.3
0.3684210526315789
0.125
0.0625
0.2702702702702703
0.2702702702702703
0.23529411764705882
0.4
0.2631578947368421
0.16666666666666669
0.32432432432432434
0.2857142857142857
0.20512820512820512
0.2285714285714286
0.41025641025641024
0.2631578947368421
0.16216216216216217
0.43902439024390244
0.3684210526315789
0.17647058823529416
0.2285714285714286
0.2222222222222222
0.23529411764705882
0.5
0.2564102564102564
0.0625
0.41025641025641024
0.2285714285714286
0.2857142857142857
0.06451612903225806
0.1212121212121212
0.31578947368421056
0.31578947368421056
0.2222222222222222
0.30769230769230765
0.17647058823529416
0.17142857142857143
0.41025641025641024
0.2857142857142857
0.23529411764705882
0.23529411764705882
0.17142857142857143
0.17647058823529416
0.4
0.17647058823529416
0.2222222222222222
0.21621621621621623
0.2777777777777778
0.35897435897435903
0.3684210526315789
0.11764705882352941
0.33333333333333337
0.2777777777777778
0.1212121212121212
0.2777777777777778
0.2702702702702703
0.11764705882352941
0.41025641025641024
0.2777777777777778
0.33333333333333337
0.0625
0.23529411764705882
0.18181818181818182
0.16216216216216217
0.2777777777777778
0.2702702702702703
0.2285714285714286
0.43902439024390244
0.2285714285714286
0.23529411764705882
0.10810810810810811
0.2702702702702703
0.06451612903225806
0.2631578947368421
0.2285714285714286
0.18181818181818182
0.4210526315789474
0.37837837837837834
0.06451612903225806
0.17647058823529416
0.18181818181818182
0.17142857142857143
0.34146341463414637
0.2857142857142857
0.1212121212121212
0.0606060606060606
0.37837837837837834
0.06451612903225806
0.4
0.32432432432432434
0.45000000000000007
0.17142857142857143
0.4878048780487804
0.18181818181818182
0.17647058823529416
0.2777777777777778
0.2222222222222222
0.33333333333333337
0.17142857142857143
0.21621621621621623
0.2857142857142857
0.2222222222222222
0.2857142857142857
0.31578947368421056
0.16666666666666669
0.18181818181818182
0.23529411764705882
0.2285714285714286
0.2285714285714286
0.17647058823529416
0.21621621621621623
0.4210526315789474
0.31578947368421056
0.0606060606060606
0.2777777777777778
0.4
0.2285714285714286
0.2285714285714286
0.32432432432432434
0.2285714285714286
0.2631578947368421
0.2857142857142857
0.058823529411764705
0.3902439024390244
0.2564102564102564
0.2777777777777778
0.2702702702702703
0.31578947368421056
0.18181818181818182
0.32432432432432434
0.3684210526315789
0.2777777777777778
0.31578947368421056
0.41025641025641024
0.2702702702702703
0.2222222222222222
0.18181818181818182
0.16666666666666669
0.2702702702702703
0.17647058823529416
0.06451612903225806
0.4210526315789474
0.125
0.23529411764705882
0.33333333333333337
0.1212121212121212
0.2702702702702703
0.5116279069767441
0.2857142857142857
0.0625
0.2222222222222222
0.21621621621621623
0.18181818181818182
0.18181818181818182
0.37837837837837834
0.2285714285714286
0.2857142857142857
0.23529411764705882
0.2857142857142857
0.33333333333333337
0.4210526315789474
0.2631578947368421
0.31578947368421056
0.33333333333333337
0.30769230769230765
0.18181818181818182
0.35897435897435903
0.16666666666666669
0.23529411764705882
0.16666666666666669
0.2777777777777778
0.11764705882352941
0.2702702702702703
0.17142857142857143
0.5116279069767441
0.4285714285714285
0.2777777777777778
0.2777777777777778
0.33333333333333337
0.2222222222222222
0.43902439024390244
0.2702702702702703
0.33333333333333337
0.32432432432432434
0.2777777777777778
0.0606060606060606
0.17647058823529416
0.4878048780487804
0.0
0.33333333333333337
0.33333333333333337
0.2285714285714286
0.2702702702702703
