0.15384615384615383
0.2413793103448276
0.2105263157894737
0.1923076923076923
0.17142857142857143
0.2580645161290323
0.28070175438596495
0.15384615384615383
0.17543859649122806
0.10000000000000002
0.2758620689655172
0.2105263157894737
0.06557377049180328
0.14545454545454545
0.15625
0.23333333333333334
0.2105263157894737
0.14285714285714288
0.09523809523809525
0.22641509433962265
0.32786885245901637
0.18867924528301885
0.26229508196721313
0.16949152542372883
0.14035087719298248
0.2413793103448276
0.16666666666666666
0.3103448275862069
0.3225806451612903
0.25
0.2105263157894737
0.10169491525423728
0.26666666666666666
0.14285714285714288
0.2456140350877193
0.0851063829787234
0.21212121212121213
0.17543859649122806
0.3
0.25
0.26229508196721313
0.15873015873015872
0.20338983050847456
0.1379310344827586
0.2545454545454545
0.13333333333333333
0.2727272727272727
0.29411764705882354
0.07272727272727272
0.09523809523809525
0.2909090909090909
0.26229508196721313
0.16949152542372883
0.14285714285714288
0.19354838709677422
0.12244897959183673
0.3508771929824561
0.16666666666666666
0.28571428571428575
0.16
0.15873015873015872
0.22580645161290322
0.25
0.19444444444444445
0.3050847457627119
0.16666666666666666
0.29032258064516125
0.09677419354838711
0.20000000000000004
0.14035087719298248
0.22222222222222224
0.2424242424242424
0.3333333333333333
0.15094339622641512
0.29032258064516125
0.09836065573770492
0.16666666666666666
0.2711864406779661
0.06666666666666667
0.26666666666666666
0.07142857142857144
0.15384615384615383
0.1212121212121212
0.11111111111111112
0.3103448275862069
0.21212121212121213
0.28571428571428564
0.1379310344827586
0.14925373134328357
0.11594202898550725
0.253968253968254
0.2424242424242424
0.15873015873015872
0.2711864406779661
0.1971830985915493
0.21212121212121213
0.2105263157894737
0.2545454545454545
0.16666666666666666
0.18867924528301885
0.11320754716981132
0.20338983050847456
0.29411764705882354
0.20289855072463772
0.19354838709677422
0.20000000000000004
0.22950819672131148
0.17241379310344826
0.23333333333333334
0.2105263157894737
0.26666666666666666
0.2153846153846154
0.2153846153846154
0.24615384615384614
0.22950819672131148
0.20689655172413796
0.18867924528301885
0.14545454545454545
0.1851851851851852
0.26666666666666666
0.125
0.33898305084745767
0.19672131147540983
0.16393442622950818
0.125
0.06779661016949153
0.1090909090909091
0.23880597014925373
0.2545454545454545
0.21212121212121213
0.2105263157894737
0.13333333333333333
0.19444444444444445
0.22580645161290322
0.19672131147540983
0.29032258064516125
0.2424242424242424
0.14285714285714288
0.28070175438596495
0.1379310344827586
0.18750000000000003
0.1515151515151515
0.21428571428571427
0.24
0.16393442622950818
0.22580645161290322
0.21874999999999997
0.3492063492063492
0.11764705882352941
0.13559322033898305
0.2769230769230769
0.3333333333333333
0.19672131147540983
0.03773584905660378
0.10344827586206898
0.07017543859649124
0.15094339622641512
0.21428571428571427
0.2456140350877193
0.1818181818181818
0.2456140350877193
0.15873015873015872
0.09523809523809525
0.2424242424242424
0.17241379310344826
0.17543859649122806
0.16393442622950818
0.24615384615384614
0.14285714285714288
0.31746031746031744
0.2898550724637681
0.2413793103448276
0.3384615384615384
0.253968253968254
0.2909090909090909
0.22580645161290322
0.18867924528301885
0.21874999999999997
0.13559322033898305
0.20338983050847456
0.17647058823529413
0.23529411764705882
0.24615384615384614
0.3050847457627119
0.13114754098360656
0.16666666666666666
0.17857142857142855
0.14492753623188406
0.2105263157894737
0.25
0.18461538461538463
0.17647058823529413
0.14285714285714288
0.13333333333333333
0.22222222222222224
0.10000000000000002
0.253968253968254
0.22222222222222224
0.28571428571428564
0.25
0.14545454545454545
0.2456140350877193
0.16666666666666666
0.16666666666666666
0.31884057971014496
0.13559322033898305
0.21621621621621623
0.2571428571428572
0.27027027027027023
0.20000000000000004
0.3333333333333333
0.1851851851851852
0.23728813559322037
0.2580645161290323
0.1212121212121212
0.1818181818181818
0.08333333333333334
0.22950819672131148
0.2580645161290323
0.08695652173913045
0.16949152542372883
0.17857142857142855
0.28571428571428575
0.15384615384615383
0.33962264150943394
0.12903225806451615
0.23333333333333334
0.13333333333333333
0.03508771929824562
0.07142857142857144
0.13333333333333333
0.19354838709677422
0.20689655172413796
0.208955223880597
0.19607843137254902
0.21212121212121213
0.13114754098360656
0.18867924528301885
0.29508196721311475
0.36923076923076925
0.17543859649122806
0.18750000000000003
0.2711864406779661
0.126984126984127
0.16393442622950818
0.17391304347826086
0.14035087719298248
0.037037037037037035
0.33898305084745767
0.1791044776119403
0.22580645161290322
0.15873015873015872
0.3103448275862069
0.23333333333333334
0.13333333333333333
0.2769230769230769
0.14035087719298248
0.22222222222222224
0.1379310344827586
0.20338983050847456
0.1379310344827586
0.3225806451612903
0.2711864406779661
0.14035087719298248
0.2153846153846154
0.3492063492063492
0.3225806451612903
0.16216216216216214
0.1971830985915493
0.1923076923076923
0.14285714285714288
0.13043478260869568
0.14285714285714288
0.20338983050847456
0.21428571428571427
0.13333333333333333
0.126984126984127
0.20338983050847456
0.2285714285714286
0.20689655172413796
0.2413793103448276
0.2545454545454545
0.1851851851851852
0.2424242424242424
0.253968253968254
0.19354838709677422
0.14035087719298248
0.22950819672131148
0.22580645161290322
0.1851851851851852
0.2711864406779661
0.20338983050847456
0.2909090909090909
0.13559322033898305
0.21874999999999997
0.1090909090909091
0.10169491525423728
0.19672131147540983
0.1818181818181818
0.0816326530612245
0.17241379310344826
0.19672131147540983
0.07692307692307691
0.10526315789473685
0.2413793103448276
0.2105263157894737
0.22222222222222224
0.13333333333333333
0.28571428571428564
0.18750000000000003
0.11940298507462686
0.25
0.10526315789473685
0.22950819672131148
0.13114754098360656
0.20338983050847456
0.20338983050847456
0.18867924528301885
0.16129032258064516
0.14925373134328357
0.14545454545454545
0.2181818181818182
0.09836065573770492
0.26229508196721313
0.31746031746031744
0.20338983050847456
0.126984126984127
0.20000000000000004
0.14035087719298248
0.15094339622641512
0.26666666666666666
0.2413793103448276
0.2769230769230769
0.2413793103448276
0.15384615384615383
0.10344827586206898
0.3225806451612903
0.23333333333333334
0.19354838709677422
0.0634920634920635
0.29508196721311475
0.0909090909090909
0.125
0.15384615384615383
0.29032258064516125
0.3272727272727273
0.1212121212121212
0.18750000000000003
0.29850746268656714
0.15625
0.26229508196721313
0.07272727272727272
0.17543859649122806
0.23333333333333334
0.20689655172413796
0.23728813559322037
0.1904761904761905
0.23728813559322037
0.15384615384615383
0.11538461538461538
0.26666666666666666
0.2758620689655172
0.14035087719298248
0.14814814814814814
0.18750000000000003
0.14285714285714288
0.2456140350877193
0.16949152542372883
0.14035087719298248
0.2413793103448276
0.2898550724637681
0.17543859649122806
0.19444444444444445
0.21874999999999997
0.2580645161290323
0.13114754098360656
0.26865671641791045
0.0689655172413793
0.28070175438596495
0.1090909090909091
0.2769230769230769
0.2181818181818182
0.26229508196721313
0.1904761904761905
0.1923076923076923
0.22950819672131148
0.18750000000000003
0.19354838709677422
0.0784313725490196
0.10000000000000002
0.24615384615384614
0.31884057971014496
0.17857142857142855
0.19354838709677422
0.16949152542372883
0.2318840579710145
0.16949152542372883
0.20289855072463772
0.22580645161290322
0.1818181818181818
0.32142857142857145
0.20338983050847456
0.21874999999999997
0.07407407407407407
0.23333333333333334
0.22580645161290322
0.1818181818181818
0.2545454545454545
0.2545454545454545
0.21212121212121213
0.2580645161290323
0.2153846153846154
0.2769230769230769
0.21428571428571427
0.28571428571428564
0.125
0.15384615384615383
0.17241379310344826
0.2424242424242424
0.1379310344827586
0.23333333333333334
0.16949152542372883
0.3225806451612903
0.13559322033898305
0.23333333333333334
0.2711864406779661
0.1379310344827586
0.16666666666666666
0.19672131147540983
0.1515151515151515
0.13114754098360656
0.16949152542372883
0.16666666666666666
0.2105263157894737
0.28571428571428564
0.12903225806451615
0.2424242424242424
0.0606060606060606
0.21428571428571427
0.2909090909090909
0.2545454545454545
0.1090909090909091
0.2285714285714286
0.22580645161290322
0.20588235294117646
0.253968253968254
0.16949152542372883
0.28070175438596495
0.2413793103448276
0.15094339622641512
0.17241379310344826
0.09836065573770492
0.03448275862068965
0.12307692307692307
0.09230769230769231
0.20689655172413796
0.18461538461538463
0.17857142857142855
0.23728813559322037
0.18461538461538463
0.18867924528301885
0.22580645161290322
0.2040816326530612
0.15873015873015872
0.23728813559322037
0.2535211267605634
0.20689655172413796
0.1379310344827586
0.24615384615384614
0.23333333333333334
0.28571428571428564
0.2413793103448276
0.2727272727272727
0.16129032258064516
0.19672131147540983
0.10000000000000002
0.21874999999999997
0.3125
0.10000000000000002
0.25
0.25
0.3
0.2580645161290323
0.20338983050847456
0.1818181818181818
0.10000000000000002
0.29032258064516125
0.19354838709677422
0.09836065573770492
0.29850746268656714
0.23728813559322037
0.21428571428571427
0.22950819672131148
0.2456140350877193
0.17777777777777776
0.11764705882352941
0.21874999999999997
0.1568627450980392
0.23728813559322037
0.28571428571428575
