0.5777777777777778
0.2777777777777778
0.47619047619047616
0.47826086956521735
0.4878048780487804
0.4
0.5531914893617021
0.5238095238095238
0.5116279069767441
0.5909090909090909
0.4
0.5333333333333333
0.5957446808510638
0.32432432432432434
0.5
0.5531914893617021
0.4545454545454545
0.43902439024390244
0.5652173913043479
0.5581395348837209
0.5116279069767441
0.5581395348837209
0.4651162790697674
0.3809523809523809
0.31578947368421056
0.5
0.5777777777777778
0.41025641025641024
0.5957446808510638
0.5714285714285715
0.4285714285714285
0.47826086956521735
0.4
0.5116279069767441
0.4
0.4878048780487804
0.5116279069767441
0.4878048780487804
0.5116279069767441
0.5454545454545455
0.4878048780487804
0.41860465116279066
0.4
0.41025641025641024
0.5777777777777778
0.4651162790697674
0.5
0.5777777777777778
0.5581395348837209
0.5833333333333334
0.3902439024390244
0.4
0.4878048780487804
0.5106382978723405
0.5238095238095238
0.4285714285714285
0.5454545454545455
0.4545454545454545
0.5116279069767441
0.4444444444444444
0.47619047619047616
0.43902439024390244
0.4545454545454545
0.5777777777777778
0.5957446808510638
0.4651162790697674
0.4285714285714285
0.5833333333333334
0.5365853658536585
0.5116279069767441
0.5581395348837209
0.5957446808510638
0.5581395348837209
0.5217391304347827
0.5
0.4888888888888889
0.41025641025641024
0.5217391304347827
0.41860465116279066
0.5777777777777778
0.5454545454545455
0.5777777777777778
0.43902439024390244
0.4878048780487804
0.4285714285714285
0.41025641025641024
0.4651162790697674
0.5
0.45000000000000007
0.5116279069767441
0.41025641025641024
0.5333333333333333
0.37837837837837834
0.4878048780487804
0.43902439024390244
0.5581395348837209
0.5333333333333333
0.5777777777777778
0.47619047619047616
0.4878048780487804
0.5238095238095238
0.5333333333333333
0.5
0.4545454545454545
0.5238095238095238
0.5116279069767441
0.3902439024390244
0.47619047619047616
0.5777777777777778
0.5238095238095238
0.4615384615384615
0.5454545454545455
0.3902439024390244
0.5238095238095238
0.4888888888888889
0.5957446808510638
0.5106382978723405
0.5777777777777778
0.47619047619047616
0.5217391304347827
0.5106382978723405
0.5454545454545455
0.5116279069767441
0.5909090909090909
0.4651162790697674
0.6122448979591837
0.4878048780487804
0.5116279069767441
0.5116279069767441
0.33333333333333337
0.4285714285714285
0.5777777777777778
0.5531914893617021
0.5333333333333333
0.6046511627906976
0.4651162790697674
0.5777777777777778
0.5581395348837209
0.5454545454545455
0.6046511627906976
0.5238095238095238
0.5714285714285715
0.5217391304347827
0.5
0.5333333333333333
0.4545454545454545
0.4285714285714285
0.5454545454545455
0.608695652173913
0.5116279069767441
0.6046511627906976
0.4878048780487804
0.47826086956521735
0.5714285714285715
0.4888888888888889
0.608695652173913
0.5714285714285715
0.48
0.4878048780487804
0.5714285714285715
0.47619047619047616
0.5116279069767441
0.5217391304347827
0.47619047619047616
0.5652173913043479
0.5957446808510638
0.43902439024390244
0.4444444444444444
0.47619047619047616
0.4285714285714285
0.608695652173913
0.5116279069767441
0.37837837837837834
0.5454545454545455
0.5490196078431373
0.5333333333333333
0.5
0.5581395348837209
0.45000000000000007
0.5
0.5454545454545455
0.5217391304347827
0.4545454545454545
0.4090909090909091
0.4651162790697674
0.5116279069767441
0.5581395348837209
0.5238095238095238
0.41025641025641024
0.5581395348837209
0.5333333333333333
0.5238095238095238
0.5238095238095238
0.4545454545454545
0.6
0.43902439024390244
0.5833333333333334
0.5454545454545455
0.4888888888888889
0.5909090909090909
0.5909090909090909
0.4651162790697674
0.5238095238095238
0.5106382978723405
0.5217391304347827
0.4545454545454545
0.5454545454545455
0.35897435897435903
0.5581395348837209
0.47619047619047616
0.5581395348837209
0.4888888888888889
0.4
0.5581395348837209
0.5777777777777778
0.5365853658536585
0.4545454545454545
0.5777777777777778
0.5116279069767441
0.5714285714285715
0.5
0.5238095238095238
0.5909090909090909
0.5454545454545455
0.6222222222222223
0.5531914893617021
0.5116279069767441
0.4444444444444444
0.47619047619047616
0.5333333333333333
0.5333333333333333
0.608695652173913
0.6046511627906976
0.4090909090909091
0.5454545454545455
0.5116279069767441
0.4210526315789474
0.35897435897435903
0.5909090909090909
0.45833333333333326
0.5
0.5116279069767441
0.5
0.4878048780487804
0.5365853658536585
0.3809523809523809
0.5333333333333333
0.5116279069767441
0.5333333333333333
0.4285714285714285
0.5531914893617021
0.5238095238095238
0.5777777777777778
0.5365853658536585
0.47826086956521735
0.56
0.43902439024390244
0.4545454545454545
0.5
0.4878048780487804
0.6046511627906976
0.5365853658536585
0.41860465116279066
0.4878048780487804
0.5365853658536585
0.5
0.5365853658536585
0.5333333333333333
0.6122448979591837
0.37837837837837834
0.5116279069767441
0.45000000000000007
0.41025641025641024
0.4545454545454545
0.4878048780487804
0.5454545454545455
0.5238095238095238
0.5116279069767441
0.3902439024390244
0.5
0.5714285714285715
0.5116279069767441
0.5652173913043479
0.5581395348837209
0.4878048780487804
0.5116279069767441
0.47619047619047616
0.3684210526315789
0.5777777777777778
0.5116279069767441
0.5116279069767441
0.5238095238095238
0.5454545454545455
0.4651162790697674
0.5714285714285714
0.5116279069767441
0.5217391304347827
0.4090909090909091
0.5581395348837209
0.5
0.5777777777777778
0.4651162790697674
0.5116279069767441
0.5116279069767441
0.5909090909090909
0.43902439024390244
0.5909090909090909
0.4615384615384615
0.5714285714285715
0.5333333333333333
0.5238095238095238
0.6122448979591837
0.5714285714285714
0.43902439024390244
0.5365853658536585
0.5652173913043479
0.5238095238095238
0.45000000000000007
0.47619047619047616
0.5581395348837209
0.4545454545454545
0.5
0.41860465116279066
0.41860465116279066
0.45000000000000007
0.4888888888888889
0.43902439024390244
0.5909090909090909
0.5957446808510638
0.5333333333333333
0.5
0.5238095238095238
0.5652173913043479
0.5416666666666666
0.5365853658536585
0.5238095238095238
0.5
0.4878048780487804
0.5909090909090909
0.6222222222222223
0.5365853658536585
0.4444444444444444
0.4615384615384615
0.5106382978723405
0.5909090909090909
0.5652173913043479
0.6122448979591837
0.5714285714285715
0.47619047619047616
0.45000000000000007
0.6808510638297872
0.5652173913043479
0.5238095238095238
0.5714285714285715
0.6382978723404256
0.4878048780487804
0.5777777777777778
0.4651162790697674
0.5333333333333333
0.5454545454545455
0.5116279069767441
0.4615384615384615
0.5777777777777778
0.5365853658536585
0.47826086956521735
0.45000000000000007
0.5454545454545455
0.3809523809523809
0.5454545454545455
0.41025641025641024
0.4897959183673469
0.5714285714285715
0.5116279069767441
0.4878048780487804
0.4888888888888889
0.5833333333333334
0.5454545454545455
0.5365853658536585
0.47619047619047616
0.5365853658536585
0.5199999999999999
0.6666666666666666
0.625
0.6222222222222223
0.5116279069767441
0.6046511627906976
0.5365853658536585
0.5333333333333333
0.47619047619047616
0.5777777777777778
0.47619047619047616
0.5581395348837209
0.608695652173913
0.6046511627906976
0.5777777777777778
0.5238095238095238
0.5531914893617021
0.5365853658536585
0.5116279069767441
0.5333333333333333
0.5454545454545455
0.5238095238095238
0.47619047619047616
0.4
0.6222222222222223
0.43902439024390244
0.4545454545454545
0.5116279069767441
0.5714285714285715
0.5238095238095238
0.5777777777777778
0.4
0.5777777777777778
0.5777777777777778
0.43902439024390244
0.4615384615384615
0.4878048780487804
0.5116279069767441
0.45000000000000007
0.5365853658536585
0.5909090909090909
0.6666666666666666
0.5777777777777778
0.608695652173913
0.5238095238095238
0.5106382978723405
0.41025641025641024
0.5333333333333333
0.47619047619047616
0.653061224489796
0.608695652173913
0.5333333333333333
0.5454545454545455
0.5116279069767441
0.5238095238095238
0.5652173913043479
0.5581395348837209
0.4651162790697674
0.4285714285714285
0.4888888888888889
0.5777777777777778
0.46808510638297873
0.5106382978723405
0.6521739130434783
0.5238095238095238
0.4545454545454545
0.5777777777777778
0.5
0.5116279069767441
0.4651162790697674
0.5238095238095238
0.45000000000000007
0.5365853658536585
0.6222222222222223
0.47826086956521735
0.4090909090909091
0.5365853658536585
0.4615384615384615
0.4888888888888889
0.5581395348837209
0.5333333333333333
0.3902439024390244
0.6363636363636364
0.6363636363636364
0.47619047619047616
0.5714285714285715
0.45000000000000007
0.5217391304347827
0.5833333333333334
0.5238095238095238
0.6046511627906976
0.6046511627906976
0.5714285714285715
0.42553191489361697
0.5116279069767441
0.5581395348837209
0.47619047619047616
0.5106382978723405
0.5
0.47826086956521735
0.5714285714285715
0.5217391304347827
0.6
0.3809523809523809
0.47826086956521735
0.5365853658536585
0.4888888888888889
0.41025641025641024
0.5116279069767441
0.47619047619047616
0.6122448979591837
0.43902439024390244
0.5833333333333334
0.5777777777777778
0.4878048780487804
0.4888888888888889
0.3902439024390244
0.45000000000000007
0.5454545454545455
0.43478260869565216
