0.19354838709677422
0.19672131147540983
0.22222222222222224
0.1904761904761905
0.06557377049180328
0.17543859649122806
0.36666666666666664
0.21428571428571427
0.26415094339622636
0.15384615384615383
0.2711864406779661
0.15094339622641512
0.1818181818181818
0.13559322033898305
0.13333333333333333
0.16129032258064516
0.2153846153846154
0.20338983050847456
0.22641509433962265
0.11111111111111112
0.253968253968254
0.12903225806451615
0.16129032258064516
0.25
0.2105263157894737
0.17543859649122806
0.2153846153846154
0.17543859649122806
0.15625
0.2413793103448276
0.1818181818181818
0.10526315789473685
0.2105263157894737
0.1515151515151515
0.16129032258064516
0.19354838709677422
0.21212121212121213
0.0689655172413793
0.20689655172413796
0.21874999999999997
0.16666666666666666
0.2916666666666667
0.14035087719298248
0.2456140350877193
0.17241379310344826
0.29411764705882354
0.2456140350877193
0.12307692307692307
0.22222222222222224
0.16393442622950818
0.1851851851851852
0.2456140350877193
0.10526315789473685
0.28070175438596495
0.1818181818181818
0.30769230769230765
0.22950819672131148
0.13559322033898305
0.25
0.26415094339622636
0.26666666666666666
0.24
0.2181818181818182
0.17543859649122806
0.1379310344827586
0.380952380952381
0.20000000000000004
0.2580645161290323
0.3125
0.2105263157894737
0.22641509433962265
0.18750000000000003
0.3333333333333333
0.21874999999999997
0.26229508196721313
0.2727272727272727
0.23684210526315788
0.21874999999999997
0.23333333333333334
0.16949152542372883
0.17241379310344826
0.26666666666666666
0.1904761904761905
0.22535211267605634
0.2
0.15873015873015872
0.16666666666666666
0.19607843137254902
0.22580645161290322
0.2424242424242424
0.16393442622950818
0.10526315789473685
0.07142857142857144
0.2769230769230769
0.3125
0.3728813559322034
0.16393442622950818
0.23880597014925373
0.1379310344827586
0.1515151515151515
0.3055555555555555
0.25
0.15384615384615383
0.09523809523809525
0.2105263157894737
0.1379310344827586
0.19354838709677422
0.2
0.29508196721311475
0.23333333333333334
0.22222222222222224
0.19354838709677422
0.20689655172413796
0.15384615384615383
0.15625
0.26666666666666666
0.2413793103448276
0.22950819672131148
0.07142857142857144
0.19672131147540983
0.26415094339622636
0.11111111111111112
0.2153846153846154
0.21874999999999997
0.3050847457627119
0.13559322033898305
0.23728813559322037
0.20338983050847456
0.3384615384615384
0.28571428571428575
0.11594202898550725
0.26666666666666666
0.23728813559322037
0.19672131147540983
0.16666666666666666
0.23880597014925373
0.1904761904761905
0.31746031746031744
0.14285714285714288
0.18461538461538463
0.17857142857142855
0.13559322033898305
0.163265306122449
0.26666666666666666
0.18750000000000003
0.2413793103448276
0.2758620689655172
0.14035087719298248
0.13114754098360656
0.19672131147540983
0.13043478260869568
0.11538461538461538
0.2727272727272727
0.3
0.10526315789473685
0.3125
0.29032258064516125
0.10526315789473685
0.22580645161290322
0.13559322033898305
0.16393442622950818
0.18867924528301885
0.2424242424242424
0.3
0.26229508196721313
0.22950819672131148
0.10344827586206898
0.3142857142857143
0.25
0.06779661016949153
0.21428571428571427
0.17543859649122806
0.13559322033898305
0.16666666666666666
0.27450980392156865
0.21428571428571427
0.2647058823529412
0.3103448275862069
0.10714285714285714
0.25
0.2456140350877193
0.2318840579710145
0.20000000000000004
0.09836065573770492
0.19672131147540983
0.1818181818181818
0.22222222222222224
0.08
0.208955223880597
0.13559322033898305
0.16393442622950818
0.29411764705882354
0.06779661016949153
0.1818181818181818
0.09836065573770492
0.19354838709677422
0.2413793103448276
0.2769230769230769
0.17241379310344826
0.26865671641791045
0.3125
0.125
0.32786885245901637
0.28070175438596495
0.1515151515151515
0.19354838709677422
0.2711864406779661
0.32876712328767127
0.2456140350877193
0.25
0.2105263157894737
0.24
0.10714285714285714
0.17241379310344826
0.14285714285714288
0.17543859649122806
0.12307692307692307
0.20000000000000004
0.21874999999999997
0.19672131147540983
0.17241379310344826
0.10714285714285714
0.12903225806451615
0.09523809523809525
0.253968253968254
0.09836065573770492
0.26229508196721313
0.16901408450704225
0.22950819672131148
0.13114754098360656
0.3571428571428571
0.2153846153846154
0.2153846153846154
0.25
0.16666666666666666
0.2153846153846154
0.17543859649122806
0.0689655172413793
0.2181818181818182
0.125
0.3
0.14545454545454545
0.12903225806451615
0.23333333333333334
0.20689655172413796
0.1851851851851852
0.09523809523809525
0.15873015873015872
0.10169491525423728
0.20000000000000004
0.09677419354838711
0.19672131147540983
0.21212121212121213
0.10714285714285714
0.0784313725490196
0.22580645161290322
0.2545454545454545
0.26666666666666666
0.25
0.20338983050847456
0.26229508196721313
0.22580645161290322
0.22580645161290322
0.11267605633802817
0.11111111111111112
0.20000000000000004
0.12903225806451615
0.03571428571428572
0.037037037037037035
0.2105263157894737
0.16393442622950818
0.20338983050847456
0.07692307692307691
0.15094339622641512
0.22222222222222224
0.16949152542372883
0.24615384615384614
0.26666666666666666
0.1904761904761905
0.10714285714285714
0.14035087719298248
0.18867924528301885
0.1851851851851852
0.06779661016949153
0.126984126984127
0.18461538461538463
0.2
0.18461538461538463
0.03636363636363636
0.2424242424242424
0.09677419354838711
0.18867924528301885
0.3157894736842105
0.13559322033898305
0.2758620689655172
0.14035087719298248
0.13114754098360656
0.09836065573770492
0.15384615384615383
0.17857142857142855
0.14545454545454545
0.0784313725490196
0.14285714285714288
0.2580645161290323
0.22222222222222224
0.20338983050847456
0.18750000000000003
0.19354838709677422
0.19354838709677422
0.125
0.2727272727272727
0.1923076923076923
0.24615384615384614
0.09230769230769231
0.21874999999999997
0.23333333333333334
0.20689655172413796
0.1791044776119403
0.22580645161290322
0.0689655172413793
0.273972602739726
0.15384615384615383
0.2711864406779661
0.1923076923076923
0.10526315789473685
0.20588235294117646
0.29508196721311475
0.303030303030303
0.2105263157894737
0.13559322033898305
0.2580645161290323
0.13333333333333333
0.26666666666666666
0.25
0.21212121212121213
0.1791044776119403
0.11538461538461538
0.32786885245901637
0.2769230769230769
0.3492063492063492
0.16666666666666666
0.2962962962962963
0.18750000000000003
0.25
0.22222222222222224
0.2
0.2424242424242424
0.22580645161290322
0.13114754098360656
0.16129032258064516
0.14814814814814814
0.21874999999999997
0.3333333333333333
0.2413793103448276
0.11320754716981132
0.25
0.20289855072463772
0.2711864406779661
0.16129032258064516
0.06451612903225808
0.15625
0.13114754098360656
0.26415094339622636
0.07547169811320756
0.28571428571428575
0.1212121212121212
0.1904761904761905
0.17543859649122806
0.26865671641791045
0.2413793103448276
0.24615384615384614
0.34782608695652173
0.08955223880597014
0.07407407407407407
0.21428571428571427
0.17543859649122806
0.33333333333333326
0.29032258064516125
0.12903225806451615
0.26229508196721313
0.14285714285714288
0.18461538461538463
0.1212121212121212
0.36923076923076925
0.2424242424242424
0.32142857142857145
0.17543859649122806
0.28571428571428575
0.25
0.28571428571428575
0.10526315789473685
0.126984126984127
0.10526315789473685
0.2153846153846154
0.1904761904761905
0.20338983050847456
0.16666666666666666
0.163265306122449
0.2727272727272727
0.23728813559322037
0.16949152542372883
0.17857142857142855
0.14545454545454545
0.23333333333333334
0.14035087719298248
0.31884057971014496
0.19444444444444445
0.2413793103448276
0.10526315789473685
0.11594202898550725
0.23728813559322037
0.1904761904761905
0.1851851851851852
0.2711864406779661
0.23529411764705882
0.4
0.23333333333333334
0.14285714285714288
0.14285714285714288
0.15094339622641512
0.1212121212121212
0.2181818181818182
0.1090909090909091
0.20338983050847456
0.22950819672131148
0.14814814814814814
0.19354838709677422
0.16666666666666666
0.17543859649122806
0.21428571428571427
0.19672131147540983
0.17142857142857143
0.28571428571428564
0.09836065573770492
0.22222222222222224
0.11111111111111112
0.23728813559322037
0.33962264150943394
0.126984126984127
0.2647058823529412
0.1851851851851852
0.3103448275862069
0.23880597014925373
0.2711864406779661
0.13559322033898305
0.13114754098360656
0.3571428571428571
0.1379310344827586
0.38709677419354843
0.29032258064516125
0.22222222222222224
0.20689655172413796
0.12903225806451615
0.3
0.09677419354838711
0.16
0.1379310344827586
0.20000000000000004
0.09523809523809525
0.09375000000000001
0.19354838709677422
0.14705882352941177
0.3448275862068965
0.21428571428571427
0.37500000000000006
0.19672131147540983
0.2580645161290323
0.11764705882352941
0.23333333333333334
0.32142857142857145
0.18867924528301885
0.06666666666666667
0.16949152542372883
0.2758620689655172
0.25
0.18461538461538463
0.19672131147540983
0.25
0.30769230769230765
0.25
0.14705882352941177
0.380952380952381
0.253968253968254
0.17543859649122806
0.1904761904761905
0.07142857142857144
0.23728813559322037
0.15625
0.28571428571428575
0.22950819672131148
0.18461538461538463
0.126984126984127
0.2580645161290323
0.28125
0.09375000000000001
0.16
0.07692307692307691
0.3125
0.20000000000000004
0.3492063492063492
