0.4387571439400558
0.5110805174532658
0.5879683298235048
0.5528985928790211
0.553629456996143
0.5605857191508242
0.5292831131903715
0.4742773357788038
0.4530542633319321
0.5701838064020057
0.5476259176731813
0.433225017691357
0.6099190433981732
0.4091350052984408
0.5961491600953165
0.5229065737573245
0.5601528071412147
0.5456334399173696
0.5127977893117225
0.5123995461378394
0.5574266541973824
0.5218910714113252
0.5066891728903646
0.5224534369901025
0.5213984743646447
0.5565190594644134
0.5400808509769817
0.5833674736738338
0.5892640048388847
0.5124625180207749
0.5725998157159184
0.5972436733412638
0.548270384228471
0.5591737904803216
0.5391930216418059
0.5147141553596055
0.4989933946611117
0.5072347645939898
0.5301092784278065
0.5831228830507612
0.5362887861768438
0.5376511653038106
0.5342153406781679
0.5681991177475804
0.5338698387092594
0.4877143039168834
0.554551615712215
0.6099635331790045
0.5428990603339097
0.5670720172016178
0.5871182761849265
0.46376687277398615
0.49116298226162575
0.5234760563954929
0.5644660977739411
0.5811195901374752
0.5620831072905974
0.5736624227803674
0.5452578084884566
0.5355565583072842
0.561924256388944
0.5089255744142942
0.5245801615531911
0.5793024697524839
0.5724326110849127
0.5752042135989095
0.5941342487631728
0.5293626278125466
0.5296950947560334
0.5297735332819797
0.4568569485401037
0.603715326145699
0.594212958367563
0.5899507137648514
0.5809150058957879
0.43315998413034673
0.5531153682550071
0.5406499903373988
0.544373305015079
0.5700226410977712
0.5584362730905934
0.5642248548002974
0.5259451245056787
0.4271135280824867
0.55637382021384
0.5887031387990544
0.5358964371270312
0.6027839273949984
0.612961344449734
0.5731221034918814
0.4904497895497251
0.5904940676177204
0.5750786169108479
0.5681773659202758
0.5651325303010979
0.5848526866422004
0.5609474306674366
0.5284776474541623
0.5395851943166217
0.5361613557828906
0.5397016440385353
0.5256066883367067
0.49766995723207563
0.519847874825377
0.5460383647187488
0.6118071253875044
0.5752500100147077
0.5488575717269975
0.6212492792630366
0.528682060869157
0.5463484604606581
0.5132898020357063
0.44269433739389547
0.3918974748872767
0.5814074072403894
0.5473428309055481
0.4969680165753395
0.46954141758568746
0.5549316505527323
0.45930832935828725
0.43783586034875643
0.4840792950684484
0.538586262920487
0.5769160553320675
0.5115881165232375
0.53634041946353
0.6077091367716622
0.5326175872752388
0.5748673169610179
0.5459349219581433
0.5407531754823561
0.581423262118804
0.6292126979007497
0.5338021637184371
0.595606652156381
0.6229749724638517
0.4213905054506247
0.5320833544563697
0.5157282281076494
0.4524984105356118
0.4748167658584407
0.5608996212897202
0.5707037842626478
0.5550563671340847
0.6507226994267115
0.5392598294892668
0.6892333346978035
0.5612107784049103
0.5461986688087187
0.5869311772108232
0.5534687437660355
0.5145659676227249
0.5580115591635167
0.5177467198507021
0.5797889746175122
0.4792313361513793
0.6186304407387535
0.5307320151969729
0.4918929399016001
0.42858176868547293
0.5438757908721862
0.47100811286015865
0.4970975863573269
0.580139357263899
0.5086592215204815
0.6243911077572214
0.5349118320501822
0.5239947444720137
0.6129605291888076
0.529293554969435
0.5558091087780787
0.539723075533816
0.5210696176373039
0.5171713104122052
0.5742641696275039
0.5900095108700363
0.5273866733926434
0.5379611787444358
0.5901595916934809
0.5085315850721196
0.6151955218582993
0.4824989791392284
0.5736121481377444
0.5229077247215803
0.4488343315000686
0.4918933532990024
0.432949063790201
0.532677349432831
0.53651430391889
0.3829978223515056
0.5420773834865827
0.634343186551853
0.536866944991026
0.5947201118723454
0.5054073322468198
0.5942901258912906
0.5371130603573468
0.561896973908547
0.5907753900907805
0.514971582409355
0.638479691256143
0.5131282475927674
0.5948573013130242
0.6228397919187947
0.5460430441718791
0.5667482914610426
0.5274604757836513
0.6113343658583892
0.5462238074841732
0.5966832744815203
0.6211570682980023
0.5435280425182246
0.49630481328983034
0.5796611893853847
0.5598026683247049
0.5349483656808944
0.5232290561907874
0.4300004586418692
0.5322369870320126
0.45507309740598223
0.592506262408224
0.597466921528226
0.4805049961164766
0.5839636996300609
0.4989080831938446
0.5704250844272898
0.48932446681963027
0.6083035913483923
0.6011590738508392
0.6032214983623178
0.5609234177826241
0.5147320589083996
0.5410013798453277
0.5378287039561277
0.584982065141675
0.5500276135596005
0.554130058858789
0.5095742091363611
0.5926436817747611
0.5063841884927507
0.4799523864765659
0.5238102355926344
0.46637071841875455
0.4775405936971804
0.5602742652446183
0.5087594219197316
0.5252461598289527
0.5912016856077208
0.6040341023947828
0.48028529332087766
0.5216892249564995
0.5937083894763808
0.5228202198118419
0.5425464510094822
0.5406586897839809
0.5693403696599066
0.5386382342612922
0.572320611439609
0.5647258642643788
0.41034793685493476
0.6057035752372284
0.5190237644362455
0.5227862786912655
0.5239610324020653
0.48362814915433405
0.5024461287715148
0.5687139797692983
0.47182790247423084
0.6020771401462356
0.4078101263554048
0.4893487063337852
0.5078849733021463
0.41544682443863856
0.49761550872110205
0.5255901192795102
0.5974264853692989
0.6078981635149792
0.5901095861731362
0.5480984600707468
0.5680820988205004
0.6313185458094515
0.5262622267628496
0.6392714134280305
0.5846705443200175
0.5159468084187502
0.47793466182883837
0.5285967082505542
0.6229145087247266
0.5797473614759997
0.5308723804648408
0.5962336813140737
0.4867133109728565
0.5296512112460718
0.5726025642037318
0.633171108977394
0.5568225622545002
0.6202921425589375
0.5140516044219435
0.5365028630318416
0.5726991650946229
0.4813575878095665
0.48412540011029825
0.5454265702732652
0.493547869030515
0.5861811231841185
0.6013292190732888
0.6270895008729669
0.48409429923908454
0.4312392426646119
0.5862117640011055
0.4846477557761999
0.45367026764773566
0.519437712910326
0.5019530355578942
0.6320571203163801
0.5622131788327025
0.6081305751625921
0.5797287630001571
0.6000403233673899
0.49233434387996383
0.5639987011193147
0.4949379220149297
0.4854835499233972
0.4526956987040547
0.5546895206529215
0.5577709644386079
0.5049114393934633
0.5616384157169625
0.6608846588452946
0.6338927934596458
0.5766182175578056
0.561809361839687
0.5488872910340641
0.5974969139854047
0.6162671857121879
0.5117285839480481
0.5131758275520844
0.5582664992850234
0.5497732914046355
0.5663194614084814
0.5149683902977098
0.682149372905339
0.48746841847024375
0.5380085832403156
0.45888790950282926
0.5156505401467919
0.5666656414986916
0.521691848203835
0.5195327899945532
0.5669914370940001
0.527521463055408
0.5783913784039211
0.555327113670479
0.5426346377411194
0.5444118622107434
0.5008946694525643
0.5773861290920388
0.6058176026643418
0.4976620072620941
0.5611612616930205
0.5510992807314437
0.51670495581439
0.5424303685881847
0.5222004721306599
0.6318031465753434
0.5854596631018643
0.4999957983774467
0.5804938898088734
0.48586358585791134
0.4911050491098274
0.490503776464003
0.531257896757374
0.50464011346722
0.4967230634555335
0.5494227218052065
0.5870785897644335
0.5661578468774072
0.5893222245343823
0.6197460175529769
0.4997241751513467
0.48532503651641745
0.5942332729766946
0.4656093264954579
0.581148256342312
0.4903680799531078
0.5425591063626236
0.5556207906757433
0.4914148445905892
0.4760750828052529
0.5732418086253215
0.5279685761328214
0.5303276721803799
0.48759586930318993
0.566610129695569
0.5621256227740914
0.5009864058046346
0.5527056485029181
0.5072630155011352
0.46264442683649093
0.5512792707015015
0.46047953565370064
0.6016799214174062
0.5370216005830181
0.5959938998324682
0.5537040326536294
0.5475503421493714
0.5519506663248765
0.5794873812651582
0.5437746891080668
0.5849013562703008
0.4620715397381361
0.5509662209009085
0.6086165292402128
0.45225963952018033
0.5810880613617386
0.6150523299443209
0.5451001769707221
0.48862516508573256
0.4895634307270075
0.5493498238298371
0.538996060768931
0.5898817396597631
0.4674503214742179
0.5386982533333589
0.4472882945081549
0.5961772913617196
0.5430362458479863
0.5051409706461781
0.5532316943993009
0.6001592271208956
0.5392455981803772
0.4803672863652927
0.615713008881575
0.450399771155331
0.5736150829280519
0.5597003020137344
0.6127630089307327
0.4361380984738418
0.577439100990827
0.5137790335025869
0.6439604105527423
0.5560299202285474
0.46010119754918943
0.5680037336146492
0.4877182371769442
0.5084909947675348
0.5771512107274621
0.6339405175663577
0.5296898695552759
0.4863066726804918
0.5418502412520028
0.563517325671785
0.5053799224997186
0.51530653004245
0.5452743183584214
0.4969360199917255
0.5479772221650125
0.5324780387432986
0.5767299506350579
0.5998161192289064
0.5055820395056622
0.5639051454482201
0.5587888780487271
0.6111001064513952
0.500760884852711
0.5640545538106885
0.5030723181772635
0.5932386350185516
0.5745839369141286
0.5461030561272129
0.5065344641005535
0.4779412285600534
0.568903744224749
0.5832823653701285
0.48307153762918176
0.6005661560174888
0.6440746872856964
0.586578801983503
0.5219467279021853
0.5247121333751711
0.6819935042604669
0.42622858983517675
0.540963993750545
0.5844249965899163
0.5336245433845128
0.5239699637878327
0.41886300933207843
0.6195133480148889
0.4204808677750228
0.5788575454022464
0.5609604562741812
0.590683275230013
0.5600433672603469
0.43032168096083656
0.5382673429258514
0.5652150328407505
0.5354557601513874
0.519511667499039
0.4942861220466688
0.44135133065570714
