0.40924441602592865
0.41908984417565653
0.5527137366042216
0.4897212195788898
0.4681272825738797
0.48392737217211046
0.500115876555505
0.4380978409659482
0.44610906900011144
0.5654318887652221
0.48506367982245174
0.37009188342521676
0.5358399470899471
0.42402148533727485
0.5121442165617925
0.4842882127097614
0.48734365418451076
0.6042081242030052
0.45189995189995186
0.5424755244755245
0.5116723648732531
0.4719001670843776
0.4738388278388278
0.5216575067890858
0.5412415141074073
0.5184240211456662
0.5400738415024129
0.49463411502231375
0.5097452662740232
0.4248570648829528
0.5007199680725656
0.4810548593120091
0.5456349206349206
0.4810054639674163
0.48687887340770275
0.48565999033551305
0.42271893651740544
0.4352619251517359
0.5320423533581429
0.5428058062229266
0.4943423395499834
0.49592734063322297
0.5029982395312583
0.48335727531870243
0.5013245099855347
0.44157548489481263
0.5149956237887272
0.523467562124645
0.4029767184035476
0.5946072890372082
0.5067435230630235
0.41897429121624463
0.47738016904201086
0.480101118461569
0.5118802736599272
0.5021715709071435
0.5740917345917347
0.5439988987832691
0.526953316984163
0.5097413632119514
0.5253213523547867
0.45116971611339574
0.4532082082082082
0.573193145357905
0.5285916117288666
0.46196649443213017
0.5520930540735012
0.476592614128111
0.47288135602403436
0.39295774906271574
0.4881434541105748
0.5366129236123038
0.5914212681355716
0.47407326288686924
0.5178465357941061
0.3920793483679331
0.5446685045712079
0.4928942516323205
0.5879931511611737
0.5791828400191272
0.5473592224768695
0.40620974324154874
0.44106319257262655
0.4343144922236994
0.5376217083900808
0.5218273633404631
0.45761195894998713
0.5762411546786547
0.5372379397689956
0.6093639715728894
0.4274291826461144
0.5900736059248795
0.5118324916924237
0.5059631262063203
0.5428296945956212
0.4995993384549723
0.5392179234893004
0.48534948364862585
0.5368060033865452
0.5105671958235949
0.5449649073359083
0.5493076572789687
0.49029598616460546
0.4816509159380902
0.4228550474867943
0.5794965550322693
0.4998796373858898
0.5012148716132432
0.6182257566994409
0.4984393329592436
0.42995161469799154
0.5440625570011535
0.4233516056828345
0.39949381772911186
0.4917327956823755
0.45062208994542896
0.4644145716411348
0.465218516243361
0.45795390582624623
0.5719404356492687
0.39729211930489994
0.4698452982588366
0.6436484548091373
0.5479412692570588
0.5422303342353555
0.46786887745378314
0.5231449589058285
0.39996194019496956
0.550230276546066
0.5427667185385571
0.4775193263954517
0.514171648049002
0.6469943322478365
0.5766274808746371
0.5490582695387962
0.5721766681172622
0.3769064871189237
0.4939479929467141
0.5120126458816803
0.459314988075748
0.3536396596068271
0.5071576419937076
0.4988758872724717
0.5133487871490967
0.501748866213152
0.4715580715580716
0.6136712715389185
0.45101951445044375
0.4333821234128766
0.5157847074952339
0.5222424458361599
0.47529931586412694
0.5333758208758208
0.5610102917138579
0.5263290347426745
0.4754643664319311
0.5836753585920252
0.554251040707181
0.5266659516659518
0.43064255346763086
0.4925877825877826
0.39581935211306596
0.4605028814122133
0.5007242285431528
0.4875712513591701
0.6254175394497975
0.5262862842599685
0.4377447899006336
0.5635011738529341
0.5051360111994523
0.5604164937643437
0.49830988129639997
0.4608394045976857
0.45335846853348183
0.5810729847494553
0.5303372819519329
0.4798236522710576
0.5127514372106824
0.5045633073327248
0.48465647837959663
0.4906225622562256
0.3995663086888561
0.5436075433118047
0.5181243628950051
0.44708889361875953
0.48283387901752317
0.45730293664079746
0.4803602508192048
0.4791073106753002
0.4286286690889366
0.43359032844345835
0.5998181927387294
0.47681687821222707
0.5588972431077694
0.5333684852003318
0.5300275160569279
0.4741177650168627
0.47171361797564393
0.5502040425814413
0.4540375325157934
0.6355495384859711
0.478924935106332
0.5271230728687275
0.5713487819370172
0.5692845916805309
0.55427059712774
0.44307772293066416
0.5709373080695579
0.46833881917046216
0.5657630997089856
0.5645808401478937
0.5580798619085113
0.45964700012558624
0.5798974375141207
0.5243838686179982
0.5329910353710088
0.4906571044728939
0.40837645794560135
0.5772660672660672
0.4835542332875179
0.546958605664488
0.5262490528843684
0.5203360683575644
0.581205376657131
0.5718165406110611
0.4841204229439524
0.435217883418223
0.5069318395070316
0.47059278549040406
0.5149115782449116
0.5066243058365276
0.44894698599929983
0.538816760640717
0.4385023798484561
0.5194355681454482
0.44590903619072625
0.5219687841927971
0.46224717328284287
0.5664883795118348
0.4486132676780984
0.5174348675298974
0.4800554719260871
0.5675335250718224
0.5094042994042993
0.5109703245666588
0.5169167832394133
0.49457909431786795
0.4718355938048061
0.5782553934977072
0.48823865153789614
0.5086122215876642
0.6044401417829409
0.4092223230651375
0.5101330752556676
0.4941856845319665
0.42282460334672434
0.49994301994301993
0.567799083853725
0.5046432833759945
0.41531351541749245
0.5752079061289588
0.5400839906567461
0.5153912892982377
0.4638308676602688
0.4525774105662166
0.5103728019517493
0.5387679292060514
0.4307368817863254
0.4900662572721396
0.3660100600323614
0.42448443069627906
0.4360751383119804
0.42749763993864753
0.394488110979339
0.51703216374269
0.5720027237268617
0.5842670509902687
0.5337673839847753
0.4939561972898156
0.5230462413798471
0.5586860274595511
0.6009196397857388
0.5335214224765417
0.47251439918106586
0.5376276657852704
0.5393658316699114
0.47735639564481136
0.536347875922344
0.5405432205041402
0.4798620781022097
0.5250928901991276
0.43205615916400225
0.5148500060849459
0.5111692723265406
0.5330521847433612
0.5218288699620574
0.5723724439150287
0.4982410953160771
0.4371132375435563
0.5262114044885856
0.4305639820157542
0.39631514364026704
0.4842822120532698
0.4870100523711295
0.5237052793949345
0.5827456104854258
0.44061175585334933
0.504878013089588
0.3747769149098605
0.5152193732193732
0.4307519931049342
0.4455952848686619
0.4787966622749231
0.44672273422273423
0.6322104542130339
0.49436760603346797
0.44454145758140373
0.5575377978502979
0.5627619767729077
0.42564804562721226
0.47883976138755824
0.38698414699009687
0.5916479925303455
0.43943894462857624
0.581277849601379
0.5009699983816134
0.5120413436616553
0.5322872479383044
0.48747620765477906
0.6333403720462544
0.49883671846929045
0.5068263512700133
0.41452661064425766
0.5135295355515944
0.4904370434333266
0.4623043332876869
0.5191522171522172
0.4173097433966999
0.4811552271815566
0.5562035418285418
0.493972636402524
0.639140201694713
0.42461496801722365
0.4877963673682291
0.4509556226696454
0.4857846027846028
0.5218766514456169
0.4718827463827464
0.5171243851727723
0.4516358986100129
0.40513681946012775
0.5933793910755801
0.4779129546473413
0.4681778241840356
0.4881631734278793
0.44715342796596236
0.5192573641021284
0.4628734228734229
0.4356566902615013
0.5508352078637917
0.4516677253204048
0.48345941788832014
0.5012733569112879
0.45937649826377114
0.5548997256759813
0.4894431838846732
0.4555597103275122
0.5434229662676867
0.42584953734984476
0.48813955088439626
0.42517145552859836
0.527320449684358
0.47836065877952116
0.4707319202607908
0.4810641403684882
0.499146110056926
0.511767912400596
0.5450648711901909
0.5398134298081415
0.4663008056758057
0.466602059744761
0.556494708994709
0.4733140933140933
0.5538301509788216
0.34862022570679624
0.4888509151667047
0.48113363952872973
0.4756662240438836
0.48873141533518893
0.5486885672159739
0.4320194304983193
0.5289798731734215
0.41467911806018193
0.5214971082899955
0.41628413613497295
0.5005499147892657
0.49392034617909486
0.47268307625469624
0.36259077259077266
0.5039634833313213
0.4465974309312318
0.529035645473351
0.42830104011301495
0.516653758567672
0.49651638281829913
0.4898840390458322
0.46835840070965273
0.5152519927622514
0.6203005510284921
0.5274813056856074
0.473857129139696
0.508268646865811
0.6003763204234197
0.4907110022453887
0.5446186805340633
0.5450277351083803
0.4807811011044094
0.43745484103567384
0.4591607193332271
0.5962606837606838
0.4992418769752969
0.5423349222800283
0.4315678502785675
0.4900766517433185
0.5153133226534761
0.4684507518625166
0.5042224233081887
0.49357163207163207
0.5450251101555449
0.47807274424921486
0.5012154183928378
0.38125052635687096
0.5109755587143647
0.42146482126324536
0.5212691912400563
0.47396147180034653
0.5240569419084331
0.3924386514511503
0.5831632855162268
0.4822887985181042
0.5451778103845792
0.5783910000015406
0.38175481037230224
0.5154938280065055
0.4858662806177626
0.4653231346329604
0.5441993354380557
0.4718724251460971
0.4851496601704082
0.4754301078956278
0.515916344544371
0.5813815383439843
0.5668062895362769
0.5021238668113932
0.5026361272204735
0.5545173397286073
0.5458726945569051
0.46528937611763077
0.4929424065368565
0.5584777013286436
0.4101761280061681
0.5013492483450673
0.4971215307742103
0.5201766208995501
0.5125610888561971
0.4775431236921503
0.5044352134793312
0.6048464280817221
0.555385057665247
0.4694208434382034
0.47339652985398606
0.49565221053751624
0.4906402175038329
0.49451190148558566
0.4018725069698438
0.5148751493678244
0.577816498385265
0.5198910784039337
0.4949595035618556
0.5345779104408686
0.5880396217216417
0.3852369232960269
0.47105316807862896
0.5307232190365732
0.48734554806895236
0.5055123383464343
0.4405555555555556
0.594822619816535
0.45847807307255106
0.5585321036475004
0.4898451628886411
0.4866383863472905
0.43042068407650563
0.46562683438155134
0.5160995469267882
0.47375037778503126
0.40151013080925474
0.4330975320034556
0.4469390134262498
0.388037365980141
